0.767937;
0.25972;
0.137466;
2.52603;
0.0729236;
1.90229;
1.67885;
0.0601438;
0.0470786;
0.0396102;
0.694696;
0.0851997;
0.0725099;
0.0604691;
0.517458;
0.0396195;
0.36398;
0.281814;
0.0361137;
0.048555;
0.0743097;
0.0345552;
0.0883608;
0.0494665;
0.0667282;
0.0548828;
0.0817266;
0.119283;
0.0577286;
0.0591;
0.334759;
0.122479;
0.10462;
0.089323;
0.0960333;
0.0382431;
0.333398;
0.168833;
0.303919;
0.0508784;
0.0740485;
0.14749;
0.0833191;
0.106291;
0.0678944;
0.0304402;
0.140419;
0.0430513;
0.0252648;
0.128037;
0.404604;
0.329837;
0.123125;
0.0318301;
0.354125;
0.0668743;
