1001.28;
1.24376;
11.1593;
1.37962;
0.697939;
0.213064;
1.84196;
0.214386;
0.828937;
3.09818;
2.87477;
0.218636;
5.66874;
13.7506;
13.0929;
1.21423;
1.06229;
0.589432;
0.683426;
0.476488;
1.28303;
0.837438;
0.863899;
2.13612;
4.74956;
0.731311;
0.853859;
22.4273;
0.719749;
7.29269;
0.27997;
12.66;
0.615678;
0.44836;
0.848912;
4.43135;
2.66403;
1.01651;
0.295221;
0.662235;
0.442945;
1.18779;
0.786472;
0.989422;
4.61653;
0.791649;
1.38272;
0.655153;
3.63267;
17.5639;
1.77211;
1.48433;
4.90043;
0.321285;
0.952158;
2.35021;
3.47191;
4.13597;
5.36848;
24.9696;
1.84939;
8.32259;
11.3554;
0.626452;
4.1976;
0.885523;
0.40427;
1.6707;
12.2819;
0.401421;
0.897398;
0.6146;
0.376506;
18.7662;
18.8464;
1.9089;
9.53071;
2.34407;
1.03149;
3.04732;
2.38537;
0.384363;
0.384009;
0.977764;
0.952331;
0.381947;
1.84252;
8.80676;
0.378645;
3.03852;
3.45125;
1.0024;
0.513143;
17.721;
0.558803;
5.14581;
0.948554;
0.553549;
0.823306;
11.001;
0.543664;
2.84554;
3.46043;
0.891074;
0.537553;
7.37565;
0.881519;
0.531878;
1.42283;
2.83245;
0.88292;
14.3867;
0.516468;
2.44898;
3.69158;
1.03816;
9.89332;
0.88346;
0.535308;
0.860711;
3.36655;
0.495239;
2.74164;
0.323198;
4.75789;
0.851615;
0.804358;
0.487677;
9.75337;
11.8877;
1.0182;
1.01753;
0.846472;
0.302211;
3.0759;
1.14675;
7.69334;
0.431053;
3.24795;
12.0146;
0.513091;
5.12906;
0.422555;
4.89716;
2.45478;
0.922712;
0.784617;
0.504111;
37.7365;
9.03162;
1.73169;
0.480632;
1.25822;
1.6586;
25.2638;
0.603003;
2.28832;
0.390602;
12.1343;
2.10439;
9.27654;
0.639717;
2.68125;
3.04996;
0.750847;
0.686075;
2.04365;
1.11484;
2.25504;
12.5649;
1.55051;
0.369881;
4.16099;
1.21366;
6.10955;
0.550935;
0.440996;
9.32237;
1.19905;
0.375584;
1.08228;
2.80841;
2.53645;
0.531688;
0.780357;
3.29752;
7.63371;
7.40806;
0.830949;
0.682768;
0.828179;
1.29119;
3.24013;
1.1283;
0.673603;
0.196388;
0.356306;
1.43352;
0.821813;
3.22716;
0.419083;
7.93548;
0.190845;
3.02779;
0.33363;
1.38216;
0.805426;
2.95713;
0.792815;
0.410891;
7.96893;
0.467125;
2.16755;
4.48789;
0.32361;
1.33231;
0.513908;
0.683199;
0.921777;
2.08559;
9.65555;
2.023;
2.61365;
4.81414;
0.171759;
8.64738;
3.05397;
1.84945;
0.306662;
14.0971;
2.22689;
2.27943;
0.416771;
3.31411;
6.81617;
0.708237;
0.36954;
0.532136;
0.368297;
0.307168;
0.456902;
0.509905;
4.81269;
1.00825;
6.06924;
3.85676;
0.360549;
2.91014;
1.05016;
0.951212;
0.36028;
0.376272;
0.135722;
0.548346;
0.628419;
0.358786;
2.05696;
0.134159;
0.544492;
1.40972;
4.34788;
0.490985;
0.490528;
0.553546;
1.88375;
0.678532;
0.262556;
1.55132;
2.61003;
0.9103;
2.6765;
2.37515;
0.280712;
7.86815;
5.56309;
0.498058;
0.498282;
0.336938;
2.49451;
0.272867;
0.33523;
0.271995;
0.450453;
0.488787;
0.510359;
0.771305;
0.649203;
2.07831;
11.4166;
0.234602;
0.289884;
13.7845;
0.228203;
2.8191;
0.585278;
0.415655;
0.312609;
2.60136;
0.449601;
1.65821;
2.37733;
0.379603;
0.405364;
0.269366;
0.266641;
1.55779;
3.27264;
1.18688;
4.3371;
0.21336;
0.21291;
0.294793;
0.447102;
2.90371;
0.306234;
0.381649;
0.380745;
4.1015;
4.85327;
2.58108;
4.47219;
1.07251;
0.0663035;
18.4119;
0.22295;
3.33925;
0.548625;
6.96258;
2.20165;
13.8288;
5.96257;
0.263105;
0.05024;
0.589752;
0.3592;
1.93445;
4.05107;
0.25773;
8.25919;
0.667152;
0.486734;
0.300032;
0.250803;
0.424527;
1.70658;
0.207263;
0.243289;
0.812946;
0.565531;
8.57316;
0.0346101;
0.439592;
0.201736;
1.37816;
2.47685;
0.998685;
0.959801;
0.956459;
5.67007;
0.470076;
0.318736;
1.70639;
0.158157;
0.671173;
0.191338;
0.463529;
0.397007;
0.142846;
0.240091;
4.68515;
1.87927;
0.269408;
0.895089;
7.03887;
0.425983;
0.742362;
0.010483;
0.242237;
8.13904;
0.250434;
1.96894;
4.39494;
13.4906;
0.221245;
0.705213;
1.43033;
0.790694;
0.432754;
3.34813;
0.769632;
0.218395;
0.889499;
5.774;
5.14375;
0.951375;
1.00925;
0.506611;
0.445464;
0.141305;
3.68185;
5.23922;
0.24878;
1.03553;
3.35649;
0.155024;
0.453367;
0.239456;
0.210034;
0.32746;
1.61845;
0.123052;
0.967547;
1.30946;
7.65097;
4.2003;
0.505318;
0.197375;
5.29685;
5.52599;
0.639135;
3.92252;
0.476844;
2.37072;
1.72813;
2.97728;
5.50703;
5.29896;
-0.0297426;
0.148345;
0.168095;
1.05627;
2.75547;
0.894266;
3.29866;
0.256866;
0.386983;
1.03787;
0.0962501;
0.4029;
0.501499;
0.122245;
0.419946;
-0.0343611;
0.162699;
4.12576;
4.25452;
0.821227;
0.182802;
1.07542;
3.56834;
2.67906;
0.251482;
0.11912;
1.81163;
0.115911;
4.14116;
0.0661859;
0.178571;
0.528312;
0.329498;
2.3961;
0.512508;
0.902466;
0.17091;
0.563323;
0.107756;
0.333287;
1.94367;
0.665065;
-0.0466564;
-0.0467596;
0.183553;
0.351525;
3.08232;
4.16883;
0.291962;
5.01696;
2.57767;
2.82291;
0.212025;
1.15394;
0.0755911;
1.29069;
1.43044;
0.0606254;
1.08528;
0.300166;
0.329288;
2.06377;
0.73953;
0.264231;
0.573616;
0.321235;
1.02636;
1.48015;
0.258077;
0.227649;
0.237711;
1.15687;
3.70415;
0.873525;
0.140845;
2.45715;
0.139156;
0.117172;
0.42944;
0.254051;
1.85832;
0.259254;
1.68679;
0.159497;
0.494136;
0.185236;
0.132324;
0.221026;
0.377883;
0.24243;
-0.0578137;
1.94493;
0.237369;
2.17701;
0.226618;
0.330702;
4.15504;
0.180612;
1.39699;
0.0826062;
1.69905;
0.214793;
1.27895;
1.43808;
2.505;
-0.0954094;
0.127491;
0.0772941;
1.28079;
0.0594678;
1.66061;
-0.0983169;
0.0461053;
0.0455099;
0.053383;
0.0184088;
1.22142;
0.225985;
0.0442241;
0.0529059;
0.0909837;
0.131892;
0.00668716;
0.677388;
0.105116;
0.655896;
2.20761;
0.918625;
1.22441;
0.22772;
0.144826;
0.100082;
1.55285;
0.0929568;
0.0287089;
0.0596094;
1.14538;
0.0966487;
0.0231815;
0.0229587;
1.60776;
-0.115712;
0.420038;
0.0911076;
0.991791;
0.0772968;
0.0150603;
0.0206787;
-0.0553714;
0.0488649;
-0.0217464;
0.680853;
0.0865209;
0.0179698;
0.129644;
0.00963764;
0.390488;
0.730498;
0.0464873;
-0.0960764;
1.13269;
-0.120521;
0.0785659;
0.0792085;
1.18002;
0.340865;
0.378117;
0.696534;
1.02211;
0.142586;
-0.00582112;
0.124885;
0.216287;
0.310687;
-0.0151233;
0.0172883;
0.132981;
0.0521163;
0.106091;
0.541751;
0.130915;
-0.017022;
-0.025172;
0.25856;
-0.0548579;
0.0600724;
-0.124945;
0.271267;
0.0317912;
-0.202364;
0.0566062;
0.265701;
0.0319626;
-0.121755;
0.00616715;
-0.118366;
-0.0582345;
-0.0972432;
-0.0950015;
-0.178517;
0.0826686;
-0.0624772;
-0.133431;
-0.0626064;
-0.043317;
-0.0604316;
-0.142625;
0.105534;
-0.159234;
-0.0766483;
-0.0676484;
0.0461479;
-0.157444;
-0.234542;
-0.0758463;
-0.0240202;
0.0667709;
0.0993789;
-0.100049;
-0.101858;
-0.0675722;
-0.0664211;
-0.0849223;
-0.469654;
-0.0566278;
0.0556483;
-0.350441;
0.0391819;
0.0394018;
-0.154584;
-0.0363819;
-0.131576;
0.057814;
-0.243319;
0.056432;
-0.0639823;
-0.122097;
-0.109649;
-0.0572596;
-0.064038;
-0.126155;
0.0476494;
-0.450816;
-0.405398;
-0.0840078;
-0.0367556;
-0.149847;
0.0306203;
-0.0445643;
-0.191495;
-0.367948;
-0.11585;
-0.866614;
-1.26572;
-0.246202;
-0.451303;
-0.276339;
-0.224198;
-0.162603;
0.0251248;
-0.158369;
-1.29016;
0.0131126;
0.0240306;
-0.594857;
-0.293548;
-0.207625;
-0.278179;
-1.00839;
-0.188618;
-0.102136;
-0.505327;
-0.163483;
-0.157796;
0.0162516;
-0.0787804;
-0.077015;
-0.0804392;
-0.470781;
-0.653434;
-0.577672;
-0.251224;
-0.0488328;
-0.575674;
-0.0695551;
-0.157462;
0.0209707;
-0.123812;
-0.793715;
-0.842007;
-0.369554;
-0.158717;
-0.406253;
-0.351066;
-0.238069;
0.0207874;
0.019832;
-0.159274;
-0.188935;
0.0193721;
-0.143521;
0.0206945;
-0.0837919;
-0.310991;
-0.193991;
-0.369789;
-0.128407;
-1.08998;
0.0211902;
-0.328447;
-0.734994;
-0.199263;
0.0207012;
-0.0732485;
-0.726899;
-0.134913;
-0.428536;
-0.380496;
-0.282185;
0.0146887;
-0.881765;
-0.256731;
-0.693627;
0.0148389;
-1.76949;
-1.55321;
-0.529611;
-2.05459;
-0.769049;
-1.94314;
-2.47813;
-1.08704;
-1.08635;
-0.843798;
-0.197447;
-0.615288;
-1.95225;
-0.0343812;
-0.210861;
-0.918948;
-0.227618;
-0.168389;
-0.793668;
-2.28097;
-0.330535;
-0.0807622;
-0.105069;
-0.172771;
-2.07944;
-0.0563551;
-0.175359;
-1.1078;
-0.279314;
-0.728709;
-0.434651;
-0.42447;
-1.50166;
-0.178576;
-0.889211;
-1.08071;
-0.404055;
-0.227013;
-0.0857156;
-1.29978;
-0.333911;
-0.162526;
-1.17672;
-0.902933;
-0.178482;
-0.288953;
-0.329318;
-0.0871812;
-0.0157224;
-0.180947;
-0.130945;
-0.0768441;
-0.245777;
-0.510364;
-0.99982;
-0.714659;
-0.476147;
-0.191612;
-0.332449;
-1.54611;
-0.857809;
-0.671891;
-0.30378;
-0.992154;
-0.572163;
-0.192478;
-0.468642;
-0.87131;
-0.518624;
-1.35595;
-0.439061;
-0.343164;
-2.83965;
-0.357903;
-1.3657;
-0.847801;
-0.277737;
-0.35512;
-0.331528;
-2.27861;
-0.021954;
-0.862257;
-0.209231;
-0.190954;
-0.191822;
-0.38131;
-1.06116;
-0.213754;
-2.00165;
-0.0253392;
-0.975043;
-0.705069;
-0.123938;
-0.812083;
-0.0283705;
-0.0933411;
-2.11926;
-0.0289501;
-0.028343;
-0.271016;
-0.221022;
-1.97825;
-0.606776;
-0.991722;
-0.0827028;
-0.201166;
-3.24096;
-0.215549;
-1.19413;
-1.2636;
-0.134589;
-0.284064;
-0.54506;
-1.24732;
-0.101838;
-2.64652;
-2.68984;
-0.0326462;
-0.676113;
-0.77332;
-0.212;
-1.21217;
-0.332301;
-0.250704;
-0.425644;
-1.99177;
-0.0342702;
-1.13375;
-1.10201;
-1.43361;
-1.27559;
-0.310107;
-0.253035;
-0.218168;
-0.102523;
-0.0391279;
-0.554835;
-1.54467;
-3.32304;
-1.66703;
-0.0324446;
-0.931605;
-1.70246;
-0.0952407;
-1.22549;
-1.74619;
-0.263966;
-0.311064;
-0.227362;
-0.221005;
-1.73104;
-0.263172;
-1.63244;
-0.809484;
-2.59921;
-0.402329;
-0.810003;
-0.377345;
-0.391192;
-0.221605;
-0.42396;
-0.352816;
-1.64381;
-0.281035;
-1.38;
-3.07911;
-2.62003;
-3.27612;
-1.95813;
-2.00359;
-0.0371183;
-0.795356;
-0.0984905;
-1.36252;
-1.4072;
-2.7969;
-0.479299;
-0.900778;
-0.0421755;
-1.0608;
-1.66347;
-0.261671;
-0.796825;
-1.3474;
-2.08077;
-0.238966;
-1.376;
-0.261079;
-0.876063;
-0.114581;
-1.82608;
-0.479445;
-0.67783;
-2.09962;
-0.147139;
-1.54154;
-0.114058;
-1.50822;
-2.94124;
-0.876181;
-0.410783;
-0.79722;
-0.98446;
-0.775342;
-2.46457;
-3.90736;
-0.24263;
-0.568868;
-2.32378;
-0.908355;
-2.07797;
-1.52893;
-1.61331;
-0.673633;
-0.237846;
-3.29263;
-1.51147;
-2.51594;
-1.94754;
-0.507431;
-0.244825;
-2.24611;
-0.0409889;
-1.08891;
-2.03357;
-5.61054;
-1.60573;
-0.637381;
-1.60957;
-0.890399;
-0.918065;
-0.308821;
-2.71376;
-0.111465;
-1.24405;
-1.59566;
-1.17024;
-3.09368;
-0.0451556;
-0.853139;
-0.969884;
-0.9737;
-0.257865;
-0.260198;
-1.67478;
-2.26433;
-3.00876;
-0.246881;
-2.66141;
-0.850034;
-0.0452477;
-0.35882;
-1.22494;
-0.842347;
-1.84842;
-1.03133;
-0.495013;
-0.243915;
-0.411964;
-2.65757;
-2.43923;
-1.42995;
-0.500431;
-0.323207;
-0.413722;
-2.10597;
-4.21139;
-2.49293;
-3.21591;
-0.243742;
-0.849126;
-2.21273;
-0.241226;
-1.98305;
-5.88883;
-0.0467524;
-0.662512;
-0.116625;
-0.37246;
-0.114936;
-1.40643;
-0.111715;
-0.402448;
-1.84016;
-0.385188;
-0.107854;
-2.18109;
-0.486258;
-0.312155;
-1.28384;
-3.27491;
-2.23728;
-0.941272;
-0.103454;
-0.871863;
-0.0991228;
-0.784111;
-2.12006;
-1.2384;
-0.237965;
-2.0813;
-0.0361329;
-1.75664;
-2.82432;
-1.80397;
-0.309675;
-0.494115;
-0.494827;
-0.110981;
-1.26155;
-0.846553;
-0.265103;
-1.40895;
-2.59805;
-2.58241;
-0.821083;
-0.948207;
-2.10369;
-0.206576;
-0.992243;
-1.2056;
-1.57339;
-0.966159;
-1.32462;
-1.70764;
-2.06343;
-2.78825;
-0.724684;
-0.71623;
-0.248264;
-0.621917;
-0.353421;
-0.0490801;
-0.310562;
-0.123307;
-0.693929;
-0.840013;
-0.284646;
-0.883097;
-0.853006;
-0.956513;
-0.124633;
-1.72597;
-0.895771;
-0.963261;
-1.05779;
-0.910077;
-1.06337;
-0.24517;
-0.325107;
-0.282909;
-4.80062;
-0.129425;
-3.48902;
-1.61069;
-1.58897;
-1.17548;
-0.905376;
-0.173188;
-2.12169;
-0.258864;
-0.947493;
-3.19206;
-2.49279;
-1.76025;
-1.5033;
-1.72011;
-1.4137;
-0.167001;
-0.304315;
-1.99;
-3.2982;
-2.69497;
-0.568105;
-0.276562;
-0.0639727;
-1.12935;
-0.157545;
-0.15753;
-1.10046;
-1.15031;
-0.158499;
-1.17059;
-0.156739;
-0.15632;
-1.12602;
-1.85072;
-0.354217;
-1.06357;
-2.29054;
-0.357416;
-4.33784;
-0.363683;
-0.158853;
-2.64149;
-1.33708;
-1.07371;
-0.37618;
-1.08687;
-1.14551;
-1.73054;
-1.10415;
-3.54137;
-0.0940085;
-0.580625;
-0.355952;
-0.914546;
-0.385957;
-0.297633;
-1.32074;
-2.53163;
-0.357303;
-1.79291;
-1.74345;
-1.49025;
-1.0971;
-2.14701;
-1.1789;
-3.75351;
-1.72705;
-1.96951;
-1.20289;
-1.32827;
-1.69753;
-1.67543;
-1.79704;
-2.12034;
-0.649907;
-1.2451;
-3.68182;
-1.12113;
-2.28174;
-1.42762;
-2.06661;
-2.14151;
-1.27161;
-1.2418;
-2.04163;
-0.457292;
-2.00287;
-3.0617;
-3.36461;
-1.97744;
-2.2972;
-0.652365;
-0.669234;
-3.7805;
-2.66625;
-1.11298;
-1.50915;
-2.916;
-0.398042;
-0.911153;
-2.56397;
-1.99284;
-2.59564;
-1.36451;
-2.46843;
-3.63058;
-4.01552;
-4.61034;
-0.448491;
-2.28467;
-2.85329;
-6.56836;
-0.102352;
-4.41669;
-1.18352;
-2.93207;
-3.83283;
-1.82201;
-1.6685;
-1.79652;
-2.13544;
-1.72612;
-2.16634;
-2.15688;
-0.45906;
-2.17988;
-0.2402;
-2.747;
-2.31858;
-0.504083;
-0.45849;
-2.02171;
-5.25649;
-0.246486;
-2.23539;
-3.32665;
-0.481491;
-1.82716;
-2.37652;
-0.244801;
-0.351684;
-2.05232;
-2.54228;
-3.02657;
-1.90398;
-3.62934;
-0.468513;
-0.364931;
-2.21912;
-0.249607;
-1.59098;
-3.03466;
-2.26168;
-2.26435;
-2.25898;
-1.48418;
-0.48562;
-2.62482;
-1.03752;
-2.89886;
-2.50864;
-2.29577;
-0.541829;
-2.28031;
-0.254129;
-0.37143;
-1.78471;
-1.57417;
-1.5431;
-1.48731;
-2.9982;
-6.84067;
-2.56437;
-2.06313;
-0.756759;
-2.44544;
-3.16552;
-2.96352;
-4.91578;
-2.392;
-2.08406;
-2.72086;
-1.62225;
-2.40245;
-1.58036;
-2.4222;
-1.74747;
-0.517625;
-1.46895;
-3.20392;
-3.22068;
-2.46418;
-3.33087;
-1.91999;
-1.90931;
-2.53084;
-2.80784;
-3.21388;
-2.58755;
-0.528827;
-2.58949;
