26.7307;
20.6378;
15.4545;
22.4524;
25.4257;
23.936;
16.5455;
25.3346;
18.7704;
33.3543;
28.3853;
20.3594;
13.3418;
16.6962;
16.3792;
22.6773;
15.8965;
32.715;
31.681;
23.1797;
25.6115;
36.5008;
27.5318;
26.2742;
16.4945;
23.2017;
18.7899;
22.5394;
23.2881;
29.761;
19.8132;
20.1314;
29.2723;
20.1924;
22.8118;
24.3135;
21.2636;
29.5691;
24.2531;
26.9559;
26.7472;
34.3043;
17.4658;
24.1336;
28.034;
17.4615;
37.8637;
22.7705;
28.8287;
36.2804;
23.4069;
19.119;
17.627;
12.3637;
22.9155;
19.2057;
36.8552;
34.7119;
29.325;
17.8781;
26.5045;
22.9269;
19.2759;
24.1735;
20.3317;
23.2173;
16.846;
21.6231;
19.7441;
31.5176;
41.0418;
28.4844;
18.2915;
22.6147;
25.5672;
26.9777;
25.6332;
24.4341;
28.5274;
22.5977;
22.2672;
15.8055;
30.0478;
22.2445;
30.3875;
21.0767;
27.9172;
22.0925;
31.3497;
31.3463;
23.8413;
25.8634;
20.7088;
32.3873;
25.3467;
27.8963;
27.0828;
23.7194;
38.3888;
22.5247;
20.8108;
26.5632;
23.0217;
27.1384;
24.129;
34.4299;
34.1317;
25.7715;
20.9426;
28.4301;
27.2654;
18.4924;
26.1369;
28.5815;
25.0221;
21.7882;
27.8565;
20.8075;
25.1972;
28.2043;
20.7042;
32.1822;
37.0797;
29.4618;
28.125;
30.5204;
27.3117;
27.3132;
19.6529;
23.4518;
37.4581;
23.1748;
33.6476;
30.7154;
31.3156;
16.3774;
40.9408;
23.8908;
31.0969;
18.8188;
24.9837;
25.1871;
28.4753;
29.402;
23.5555;
29.8474;
25.459;
30.951;
26.4722;
20.739;
25.2919;
18.9777;
29.2665;
32.8142;
25.8101;
25.9896;
30.3602;
28.5514;
19.9531;
15.6258;
17.6894;
23.4493;
19.2665;
28.0835;
26.2814;
28.6025;
28.7171;
21.2191;
31.4575;
26.6605;
19.9285;
19.9985;
27.9456;
27.3224;
26.2484;
23.4583;
28.6134;
26.3979;
22.8948;
23.271;
32.7959;
24.0301;
21.7333;
31.4391;
27.3423;
19.7823;
25.5941;
20.9048;
20.3792;
24.0408;
30.2205;
36.956;
22.4137;
28.3102;
19.1797;
21.1978;
23.8556;
21.89;
24.6918;
14.1834;
26.42;
28.5774;
22.112;
22.6731;
17.0335;
20.094;
15.2773;
29.5955;
24.6845;
15.833;
22.5253;
36.5178;
27.801;
27.9912;
33.0929;
19.8024;
37.7056;
28.2622;
26.2572;
24.6838;
29.6902;
28.0955;
28.1831;
24.7477;
20.9918;
16.628;
37.7783;
22.2382;
24.745;
20.4776;
22.1023;
34.8338;
22.8498;
22.1954;
23.6596;
31.8247;
28.8491;
19.8692;
30.6292;
32.5393;
33.3972;
28.5821;
22.4425;
21.9272;
33.7357;
28.5062;
25.9865;
29.8538;
32.8943;
24.4977;
23.7035;
29.0877;
32.3822;
17.5697;
18.2031;
26.7994;
30.2192;
27.7748;
19.0713;
27.0282;
31.5633;
18.8578;
23.4404;
14.3203;
26.6233;
27.7389;
27.3973;
22.2044;
25.4929;
15.1987;
27.2271;
28.3593;
27.7728;
35.5681;
17.2551;
28.0068;
21.4252;
22.9953;
22.7954;
25.3215;
23.0891;
27.7169;
26.7427;
26.0745;
34.9208;
28.7541;
22.7212;
25.5222;
29.0836;
22.4603;
26.7408;
31.9458;
26.103;
27.0954;
21.4913;
27.7821;
30.2063;
22.3355;
16.7175;
24.241;
20.6755;
34.5043;
17.5244;
19.0281;
27.1979;
27.1709;
24.0581;
37.601;
18.1671;
19.8016;
23.8535;
29.7227;
29.358;
28.1954;
22.9715;
28.2457;
33.3806;
24.208;
23.696;
27.4365;
18.6289;
25.3908;
28.6652;
20.3531;
28.2174;
31.302;
33.8339;
19.7443;
21.0572;
28.434;
16.4188;
22.3537;
33.659;
28.8274;
33.4474;
23.1243;
23.8815;
18.4353;
29.0175;
22.2474;
25.4941;
26.3417;
21.1514;
28.8187;
25.3823;
26.3575;
27.9185;
21.8529;
21.4538;
22.9756;
31.7237;
19.3713;
20.9598;
35.8372;
18.7758;
14.2239;
17.2698;
27.4157;
26.1954;
22.0276;
21.0628;
29.9683;
25.084;
28.0686;
22.362;
19.2336;
26.5289;
20.5895;
26.9505;
19.1283;
15.6856;
21.0137;
27.2001;
17.0699;
20.6633;
20.5891;
31.9742;
18.3857;
32.4061;
23.0469;
15.9989;
16.8027;
25.6809;
21.4377;
27.4523;
21.7542;
22.4009;
26.9531;
32.7517;
21.615;
32.4572;
26.0316;
31.8393;
22.5769;
24.5016;
28.4686;
28.5543;
26.6108;
26.8244;
26.5291;
23.4856;
29.5323;
22.1108;
24.9582;
19.772;
26.5255;
20.7547;
22.5978;
25.3089;
23.5218;
27.8123;
20.9932;
24.5564;
17.5726;
15.1379;
24.9048;
26.8834;
19.2175;
15.5563;
20.9194;
27.4035;
31.1692;
24.9053;
30.5479;
24.3161;
18.1505;
21.5993;
22.5059;
14.3286;
28.1086;
20.8407;
22.5625;
24.5531;
20.1508;
30.823;
24.6415;
16.9195;
23.837;
28.9587;
25.2686;
26.6923;
19.1254;
26.6176;
24.6027;
30.487;
19.7992;
15.5314;
21.005;
27.2759;
25.386;
25.272;
25.1686;
25.9957;
21.1769;
22.0936;
25.8897;
18.7464;
26.2388;
19.3041;
21.7787;
28.3479;
27.865;
24.3302;
30.711;
17.6597;
24.4625;
32.6975;
23.0801;
35.0276;
20.9036;
23.205;
25.2296;
27.3272;
22.9959;
21.5636;
15.8082;
26.8993;
22.6777;
28.9825;
23.6928;
22.8879;
26.4761;
17.8195;
26.0569;
22.4669;
29.5525;
27.8071;
14.4564;
20.0493;
23.9048;
25.8702;
15.5685;
18.2422;
30.2863;
32.1129;
25.5216;
19.6767;
24.0604;
24.1131;
16.3958;
19.9619;
26.7741;
16.7777;
27.7471;
26.522;
28.3145;
17.2412;
21.7759;
28.0172;
23.5332;
17.6484;
26.1603;
18.8968;
23.1053;
26.5272;
24.6514;
21.812;
29.2649;
22.1385;
29.6372;
38.7891;
24.1766;
33.0073;
31.0234;
20.1197;
17.7763;
22.6547;
19.1334;
20.6012;
23.1776;
19.8525;
25.1992;
17.4636;
23.5887;
19.5166;
21.8037;
31.7038;
33.9373;
28.925;
27.5103;
16.8714;
28.6381;
28.0857;
23.8337;
27.751;
17.618;
20.5013;
23.3319;
20.4731;
18.6216;
27.1416;
17.8309;
23.5526;
17.949;
25.0178;
27.4717;
32.2254;
29.6895;
17.6611;
15.8006;
28.6354;
16.3757;
14.0138;
28.5602;
19.3965;
30.0917;
31.6073;
17.503;
18.1782;
23.7641;
16.5937;
19.0113;
25.1254;
23.2681;
13.1661;
16.1049;
20.0246;
15.2562;
20.2149;
13.0661;
23.9642;
18.293;
18.8397;
24.4474;
29.8611;
18.3906;
31.1564;
31.3965;
31.1488;
20.1704;
28.617;
16.8269;
20.7154;
19.6175;
17.6584;
25.7416;
30.345;
20.0156;
16.9856;
24.2657;
18.0446;
15.7402;
37.9386;
25.818;
21.7277;
15.2141;
18.6962;
27.608;
23.9574;
26.767;
16.041;
15.6917;
25.1046;
30.043;
34.5012;
30.5413;
13.7985;
16.4762;
27.2272;
20.3553;
25.3945;
24.6056;
30.3859;
24.1615;
16.6602;
28.7688;
26.3175;
19.9343;
23.5708;
24.3067;
24.0149;
23.61;
15.1253;
16.6778;
28.9351;
22.6489;
29.8793;
20.7735;
26.0619;
20.0651;
24.4886;
25.3766;
20.2459;
28.2062;
26.3464;
27.3911;
35.7976;
27.1903;
24.2986;
18.7594;
24.1604;
30.6805;
24.0516;
21.9884;
23.5786;
28.4395;
18.7393;
32.1157;
15.37;
13.8509;
14.6853;
14.9897;
19.9837;
29.2528;
19.0411;
26.5031;
19.2174;
25.661;
29.1296;
28.6359;
16.1827;
22.4039;
18.4594;
17.1446;
26.8886;
29.2934;
27.6959;
18.2118;
19.3045;
26.4757;
25.2225;
27.5578;
18.8301;
23.2673;
25.3525;
28.7979;
33.7659;
33.0092;
19.4049;
17.2222;
24.3217;
23.9081;
20.3964;
23.6089;
23.4489;
24.8189;
26.4076;
22.1912;
19.6573;
29.6873;
20.0603;
15.8845;
27.4134;
27.5293;
22.2981;
21.4698;
23.4217;
28.216;
21.8311;
27.5229;
18.3694;
22.4704;
22.0101;
22.2258;
20.5907;
27.722;
18.0729;
26.9282;
17.4088;
19.8684;
19.4088;
20.4357;
30.6206;
27.0826;
24.2049;
30.3792;
26.3378;
20.336;
15.299;
15.6837;
27.4225;
34.5593;
22.6509;
21.0304;
17.7648;
26.3138;
25.484;
18.5147;
23.0189;
23.0426;
26.5138;
21.4833;
37.2758;
20.9077;
27.5152;
22.6053;
24.7806;
17.8775;
26.0613;
19.5691;
25.1785;
17.5852;
19.3258;
27.8248;
25.49;
29.2246;
25.0302;
25.2973;
17.9947;
28.0512;
26.312;
21.5049;
21.7067;
23.795;
18.7305;
30.1829;
22.6564;
18.9676;
24.766;
22.3807;
19.9304;
26.6597;
23.6005;
21.4138;
24.9791;
26.3516;
23.3448;
23.9164;
23.6787;
16.0043;
17.1303;
23.422;
30.3824;
24.1086;
27.8022;
23.7578;
23.0964;
26.5596;
30.0865;
16.7513;
15.0599;
14.6931;
27.4061;
25.218;
21.5279;
31.6703;
23.9204;
21.6719;
29.4077;
22.7211;
22.9235;
24.7943;
19.6117;
18.1181;
26.5963;
14.8465;
14.7433;
24.142;
25.4068;
25.9659;
18.1252;
16.4867;
24.3594;
12.8212;
19.7835;
14.8262;
21.4695;
25.7919;
25.3065;
18.5784;
25.1562;
25.4466;
29.1489;
30.9597;
21.5058;
28.4269;
29.6578;
23.0471;
29.047;
18.255;
19.0631;
28.7116;
30.8758;
19.0562;
23.8145;
28.4929;
25.5101;
25.9583;
22.9873;
24.9305;
20.0322;
16.2791;
20.4268;
30.3687;
19.2777;
16.1253;
20.4689;
31.9453;
27.6236;
26.3889;
23.4551;
23.9765;
27.8636;
26.5932;
30.2557;
23.9508;
18.083;
22.8393;
16.5286;
19.9135;
24.3048;
18.7286;
18.1381;
17.192;
26.3207;
22.3866;
29.4733;
24.9105;
17.4124;
13.5759;
18.236;
27.1284;
17.1162;
20.2132;
22.2852;
13.9804;
18.7891;
24.3207;
19.8917;
30.8284;
21.4047;
21.512;
19.5183;
21.4243;
22.9828;
25.3042;
19.5995;
22.7357;
20.3956;
26.087;
31.8509;
24.3897;
22.5075;
18.0733;
21.2228;
22.9673;
24.6444;
24.027;
18.0624;
19.5116;
19.964;
28.8246;
24.0473;
19.7575;
25.5649;
18.752;
27.3508;
18.7558;
18.0127;
25.3692;
23.0544;
24.397;
25.6936;
26.3969;
22.6915;
24.7255;
22.0104;
28.6528;
23.2127;
26.3345;
29.3701;
27.0686;
31.8253;
27.9364;
22.4234;
24.5808;
21.2917;
26.2637;
21.1043;
22.8432;
20.3443;
26.5172;
28.9911;
16.9951;
17.7097;
20.7595;
21.9081;
22.8936;
22.4791;
21.6768;
29.7018;
22.1327;
22.755;
26.5825;
22.6213;
25.9554;
15.3786;
23.2645;
13.9238;
23.598;
23.064;
22.5911;
24.0886;
24.3286;
20.628;
24.4094;
17.4448;
23.7621;
27.2856;
29.0916;
16.9268;
26.3185;
20.3246;
16.8565;
23.6544;
18.2777;
19.1918;
23.8994;
25.6559;
30.068;
14.2808;
28.4997;
23.3318;
20.8147;
21.8862;
20.4168;
24.5386;
25.1852;
27.6125;
22.5313;
12.5848;
22.1829;
16.0541;
29.865;
14.8321;
22.86;
25.8053;
28.2218;
18.1417;
23.9039;
26.636;
20.8248;
28.3957;
22.2929;
18.8272;
19.5648;
25.8659;
26.2447;
15.2206;
23.0618;
17.1533;
24.6369;
14.9925;
20.3085;
21.4497;
19.9358;
19.3528;
19.0606;
13.203;
19.5891;
21.4068;
17.4259;
23.8127;
17.1981;
19.1603;
16.1793;
22.0758;
23.8979;
22.9328;
16.2961;
26.9207;
19.2371;
19.5256;
20.1243;
14.6846;
19.5855;
34.0857;
16.8473;
16.4215;
16.675;
14.8402;
24.0489;
16.0626;
16.8668;
23.0049;
23.8204;
23.8761;
13.9521;
25.5672;
18.7938;
29.6659;
28.5661;
22.8559;
22.7901;
19.9701;
16.6244;
19.9947;
26.5877;
20.1074;
27.6567;
18.8928;
24.4582;
12.1965;
22.9645;
28.7211;
18.1755;
21.0218;
26.5601;
16.7561;
22.9281;
18.2542;
25.1891;
19.1365;
29.4295;
22.0562;
27.6369;
17.7398;
19.3502;
22.2222;
28.2858;
18.2149;
16.8335;
26.0099;
16.3548;
27.6313;
26.7794;
16.9939;
14.2727;
23.1297;
17.2627;
22.3472;
19.7063;
26.2734;
18.4716;
30.8438;
15.0154;
17.4285;
24.8897;
17.1364;
24.4638;
22.377;
20.1536;
19.9974;
24.2302;
19.1876;
17.7687;
16.1901;
17.4711;
23.2957;
20.5714;
16.5411;
24.8246;
15.4169;
23.9707;
26.223;
23.981;
25.3874;
23.2155;
18.829;
25.7091;
14.3325;
20.1837;
19.9119;
25.5111;
18.6243;
24.5186;
15.0793;
17.681;
17.3668;
16.606;
19.6029;
21.2368;
24.4708;
15.7793;
15.4872;
22.9822;
16.0887;
18.7681;
19.1168;
23.3313;
18.1767;
19.4708;
13.7306;
29.2802;
17.9113;
29.5738;
18.719;
15.7226;
13.7113;
14.9407;
21.1297;
18.5547;
21.8903;
24.3141;
15.3699;
18.4152;
16.3143;
16.2192;
25.2635;
17.9737;
23.1895;
22.251;
13.9657;
17.4636;
8.86687;
17.8934;
16.8241;
23.4496;
20.2748;
22.4186;
23.3703;
25.2444;
24.0345;
18.9265;
19.3643;
14.2955;
27.4998;
16.9802;
17.8909;
27.4138;
19.2846;
23.281;
27.4714;
12.301;
20.8052;
28.4951;
22.5017;
16.5396;
16.4742;
16.8433;
30.2317;
16.5703;
20.383;
19.3848;
20.0535;
20.0426;
16.5192;
22.3016;
19.6759;
24.4502;
24.9421;
11.0695;
14.052;
17.981;
17.1291;
16.651;
23.5731;
20.0534;
23.1516;
23.2289;
25.9328;
19.2424;
12.9771;
14.8304;
18.8151;
14.8517;
14.6141;
12.3952;
14.9792;
19.1051;
21.4933;
21.0358;
19.2989;
16.1227;
26.0677;
22.3579;
27.4159;
19.1309;
21.3867;
15.2069;
22.0065;
23.6182;
25.5947;
13.8642;
17.1337;
19.133;
23.654;
20.1154;
15.5444;
16.6427;
17.1367;
25.2782;
17.1496;
14.446;
25.7873;
19.3736;
17.4155;
16.8788;
20.9921;
20.3014;
19.8711;
20.1693;
19.8697;
17.1555;
12.9007;
19.5457;
19.0033;
18.6787;
20.7613;
19.6475;
20.3868;
19.4665;
16.2948;
17.3904;
19.317;
19.7493;
26.2087;
23.4833;
22.1536;
18.5283;
26.8588;
25.2437;
21.1329;
16.7441;
24.8198;
17.5747;
21.7675;
24.7979;
17.9192;
22.453;
20.066;
22.2703;
21.1733;
18.9678;
19.4692;
29.5355;
16.5224;
26.4579;
24.5981;
24.9747;
19.076;
22.5053;
26.3987;
18.8626;
19.1708;
21.3653;
18.2574;
30.0614;
23.6522;
24.1378;
19.0924;
20.0578;
18.8668;
15.9517;
21.3696;
18.951;
16.4808;
20.7791;
17.2147;
21.6262;
15.7727;
18.121;
15.9245;
16.7976;
18.0124;
27.4318;
16.7503;
19.7797;
16.7271;
21.1186;
22.0147;
30.2165;
14.2814;
21.9965;
16.3318;
21.9336;
22.3663;
19.4056;
19.8281;
21.4854;
23.1181;
22.3273;
27.6703;
19.639;
18.3827;
15.1765;
17.7865;
30.7323;
15.4507;
17.951;
23.4115;
19.3557;
25.7446;
19.0197;
13.9535;
16.82;
21.739;
18.5533;
19.0291;
26.9174;
17.3311;
20.272;
19.3448;
18.6417;
16.9648;
20.8872;
21.0743;
20.9069;
14.1724;
19.3452;
16.5132;
14.8952;
16.6842;
13.5745;
20.2824;
22.4219;
17.4407;
17.0657;
20.3615;
21.3996;
22.9098;
13.8319;
20.822;
22.27;
18.1138;
19.0371;
23.524;
19.3405;
21.473;
25.3158;
13.6546;
13.64;
24.5339;
19.8842;
16.2417;
21.1558;
19.2782;
20.0641;
24.0408;
25.7712;
20.2462;
14.553;
13.6427;
21.5607;
20.7691;
16.9929;
15.7727;
18.5173;
14.9363;
20.1491;
14.9671;
26.4948;
23.98;
20.6256;
19.8347;
18.2718;
30.3372;
31.0868;
15.6931;
18.2625;
16.1514;
24.6553;
23.9508;
25.0927;
21.281;
22.8806;
18.4776;
23.7155;
18.4054;
12.9367;
19.8104;
15.6215;
16.9293;
28.5115;
19.1908;
18.0906;
15.0303;
18.331;
18.1802;
17.3138;
16.8176;
22.0948;
23.8899;
18.936;
23.8197;
28.3199;
17.6426;
17.9301;
18.7646;
24.7716;
17.842;
18.4026;
25.951;
15.5898;
19.0751;
11.0135;
17.7722;
21.1284;
20.0708;
16.6463;
22.0256;
14.7082;
11.0567;
20.4812;
24.6704;
16.0346;
18.6699;
21.9092;
21.97;
20.336;
17.5658;
16.1964;
22.2968;
14.5102;
12.5142;
22.8141;
18.7719;
17.2816;
18.5111;
18.9831;
26.7197;
21.6898;
15.4846;
21.5449;
20.5865;
14.7735;
13.6577;
15.0358;
19.1659;
13.1037;
22.728;
23.4152;
13.106;
16.065;
14.4617;
16.1911;
14.8305;
17.9033;
16.7418;
13.8304;
20.0791;
17.7152;
17.0994;
21.6269;
16.0189;
15.2626;
20.7898;
19.5052;
14.8724;
13.2858;
18.5607;
24.3498;
15.8647;
13.5211;
26.0993;
13.1769;
24.2692;
20.0121;
18.3297;
19.5533;
24.7816;
12.0421;
17.0554;
25.6583;
25.1522;
15.8187;
17.1162;
23.5762;
17.4535;
22.6148;
25.8394;
24.6611;
21.1714;
14.5677;
15.9607;
18.0404;
15.6839;
20.3737;
15.135;
20.6826;
19.5539;
12.7135;
19.7848;
19.6102;
14.5338;
18.6349;
14.994;
17.2884;
18.3835;
14.7374;
18.3395;
15.7305;
21.6157;
15.3782;
21.1473;
16.4328;
16.0561;
22.1596;
16.8315;
18.83;
21.9827;
17.9331;
16.4646;
19.3319;
15.5024;
17.5623;
16.6962;
20.0997;
16.5354;
24.144;
21.4343;
13.4257;
22.7693;
15.0548;
16.9897;
19.8997;
19.9108;
21.082;
13.065;
20.2798;
20.2706;
16.3542;
20.7566;
15.8125;
19.6277;
22.2151;
15.3502;
17.9811;
12.4324;
18.5823;
19.5208;
18.4213;
21.3458;
17.8448;
16.1225;
16.7142;
16.7213;
20.3056;
14.5601;
15.9138;
16.0517;
22.9004;
13.8948;
14.7203;
13.8183;
21.4005;
19.5445;
28.7529;
21.7455;
21.1858;
17.8568;
21.5435;
14.5176;
13.1787;
26.4197;
15.4109;
18.8077;
19.5426;
29.1942;
21.8469;
18.2627;
12.4644;
14.6148;
19.1234;
11.9628;
16.4145;
17.9972;
20.3824;
16.3421;
17.5603;
12.8652;
19.5064;
16.7904;
17.3265;
18.6686;
13.135;
20.0344;
18.3584;
20.103;
13.2739;
20.636;
20.5703;
18.4021;
21.2885;
15.8701;
12.1298;
15.4984;
23.6022;
10.1834;
16.7299;
22.3148;
11.646;
25.5063;
21.3632;
25.9325;
19.3885;
26.4016;
13.2855;
20.0285;
12.8299;
12.3485;
16.5264;
18.0979;
11.7338;
19.0562;
16.9557;
19.8073;
21.1632;
18.1697;
22.8045;
17.1626;
16.3433;
22.0842;
16.1493;
19.8423;
18.9881;
17.9131;
12.6684;
17.6632;
18.6462;
16.6286;
19.0682;
19.8853;
18.6611;
18.7573;
19.9569;
17.099;
19.8566;
19.2944;
20.8281;
10.9702;
16.167;
17.8217;
18.3533;
16.6408;
23.2202;
15.7296;
17.1506;
19.4292;
16.2831;
18.8181;
20.9056;
18.8739;
19.8721;
24.6579;
14.5645;
18.595;
22.5539;
19.6788;
16.6575;
22.9306;
19.3221;
9.42612;
14.9954;
15.0201;
15.9562;
17.4428;
23.5363;
18.9603;
13.3861;
21.8307;
12.0732;
21.5869;
10.8969;
14.6113;
12.7501;
21.3942;
20.3554;
20.5795;
21.6196;
18.7538;
13.2921;
19.6743;
21.9529;
22.6131;
12.8898;
22.1474;
16.0157;
18.8018;
18.0928;
19.1451;
17.0764;
12.5774;
20.5719;
20.8342;
21.6253;
19.6399;
19.1315;
11.5475;
14.2629;
19.5516;
17.2578;
20.9365;
20.9047;
17.0568;
20.3331;
19.1497;
14.5888;
20.8981;
21.2376;
14.84;
16.4155;
17.8444;
25.63;
17.598;
22.6443;
22.6542;
13.9142;
18.2371;
18.2707;
19.9058;
18.4562;
18.9138;
18.2683;
14.4956;
22.2458;
12.9262;
22.4989;
16.9872;
16.9723;
16.5799;
19.9505;
19.7573;
28.656;
15.0296;
20.251;
21.2911;
18.8427;
20.8027;
17.2548;
17.8011;
15.5984;
24.2072;
14.0981;
15.698;
17.4856;
18.6471;
13.8041;
20.4427;
16.2611;
19.2952;
19.4278;
24.5602;
18.5157;
15.9722;
18.4193;
15.449;
15.3567;
23.6662;
24.0255;
19.4526;
23.8322;
19.8866;
15.5081;
15.8457;
13.7783;
23.4914;
16.9865;
15.5456;
14.046;
14.0997;
16.1951;
13.3726;
21.0686;
15.8523;
27.2367;
22.9831;
16.4344;
23.9428;
22.503;
17.4825;
20.127;
19.1434;
19.3632;
18.552;
21.8243;
21.1709;
12.3066;
13.253;
17.4026;
16.539;
19.6927;
12.2389;
22.013;
18.2504;
12.2956;
17.53;
18.2083;
14.9783;
13.5281;
20.6171;
21.3126;
19.9426;
22.0849;
19.1841;
16.388;
22.0998;
19.4662;
16.2933;
22.5195;
12.0949;
22.342;
18.5939;
22.4506;
19.4399;
17.9098;
18.1513;
21.908;
19.1409;
13.9864;
12.5769;
15.6157;
17.5285;
17.4474;
17.8233;
18.9516;
20.4863;
26.9721;
8.99815;
11.2012;
18.163;
13.5837;
19.6675;
16.0059;
16.7585;
19.2034;
14.8079;
13.3223;
12.4659;
20.9216;
13.1643;
16.17;
17.393;
14.3884;
21.1019;
19.6419;
17.6212;
18.9671;
18.6338;
15.527;
13.6031;
17.317;
15.2267;
23.9735;
23.4801;
16.1451;
17.4749;
16.8919;
14.5915;
13.3039;
25.4999;
19.5357;
14.1039;
17.0452;
15.9521;
16.656;
22.1899;
15.6197;
10.3238;
16.2438;
14.2794;
22.2023;
17.3148;
12.9123;
19.3679;
23.8996;
21.2845;
20.3623;
14.9397;
24.3815;
21.125;
14.1045;
19.1926;
12.5492;
13.7937;
19.209;
14.5574;
16.2685;
14.7699;
17.1747;
15.0462;
24.562;
18.0291;
22.3577;
21.3192;
20.9775;
12.7605;
14.1057;
14.1969;
16.8259;
15.7309;
20.8932;
21.2314;
18.9927;
23.3802;
19.0304;
16.6839;
19.2593;
19.0126;
14.8785;
12.653;
12.0698;
20.9233;
23.3083;
23.0293;
21.6476;
19.2467;
18.7036;
20.438;
17.3268;
15.8014;
17.8012;
10.1634;
14.744;
12.3376;
19.0901;
20.8427;
20.6899;
12.8781;
23.7748;
16.0742;
15.4083;
21.2666;
20.6102;
19.0551;
19.4093;
16.2573;
23.3751;
15.972;
17.7503;
21.0577;
14.0364;
19.9629;
25.9942;
23.8535;
13.4753;
16.0061;
16.73;
19.0047;
23.3353;
22.4432;
17.3719;
15.3302;
11.0453;
12.0381;
12.968;
16.0183;
24.5743;
17.9414;
19.0055;
17.6714;
19.4374;
16.5065;
20.0974;
18.5456;
17.4047;
11.6192;
19.3165;
21.2604;
11.9971;
19.3077;
17.4712;
14.9912;
22.1922;
25.4458;
13.6906;
14.6149;
14.0681;
18.3583;
18.2053;
15.685;
17.8578;
22.2419;
13.8123;
17.2611;
15.9824;
14.8476;
19.666;
13.8606;
14.7159;
11.361;
17.9017;
21.9413;
15.6114;
18.4643;
12.2644;
19.1182;
16.6386;
23.6203;
17.3843;
18.033;
18.1197;
13.183;
16.206;
14.244;
20.38;
14.0513;
17.4433;
17.4674;
21.198;
19.9125;
15.8651;
19.3802;
21.4372;
17.3048;
15.3838;
11.7818;
20.6938;
28.4184;
22.9232;
19.7555;
18.7634;
17.6975;
15.671;
12.9026;
15.8432;
19.9534;
15.9058;
19.5296;
12.165;
17.1102;
15.2263;
15.1485;
9.98488;
17.2419;
18.8668;
15.3712;
18.5378;
19.7631;
19.1069;
16.7783;
14.9629;
22.0206;
23.1878;
18.2242;
14.2863;
12.2986;
17.4275;
17.5134;
18.7476;
15.2047;
18.6493;
13.712;
18.2945;
19.9377;
20.2313;
15.652;
15.9295;
14.7185;
13.5131;
19.9197;
12.9486;
8.85189;
18.709;
18.5778;
22.0937;
18.1351;
19.922;
16.2438;
18.0578;
11.1938;
15.4478;
13.9415;
12.6722;
21.2579;
20.4026;
19.063;
11.9949;
15.4953;
17.328;
16.6914;
20.1865;
19.9087;
13.0754;
17.7246;
16.3493;
15.1948;
20.976;
14.9021;
11.4287;
9.23398;
15.8273;
13.4387;
15.6823;
15.3139;
20.3174;
18.2655;
15.9809;
12.3206;
15.0325;
15.6584;
13.6079;
11.5193;
15.3815;
17.3748;
13.5822;
12.7788;
21.0567;
17.7895;
19.202;
18.0058;
13.3806;
16.6614;
11.0463;
14.8756;
15.5241;
15.6648;
19.8266;
19.4986;
15.8938;
11.6456;
21.6072;
14.6106;
17.4362;
8.40106;
13.5785;
16.4879;
17.8152;
18.4684;
18.5869;
14.0212;
13.692;
12.8282;
17.2879;
17.0193;
9.68204;
17.3943;
19.5712;
18.9868;
21.0879;
15.4808;
12.4526;
17.7502;
14.4843;
15.669;
20.3115;
11.8216;
24.8555;
15.279;
16.7459;
19.1199;
18.2081;
18.7883;
20.9117;
16.2717;
19.3856;
18.0748;
12.3479;
16.8309;
15.9465;
18.6817;
19.621;
16.3865;
20.7738;
14.3373;
20.7256;
16.212;
11.7487;
16.033;
18.4675;
11.7457;
24.0901;
18.3436;
14.4938;
13.8326;
19.2446;
18.5586;
16.7015;
13.2607;
17.6525;
17.4811;
18.4103;
19.1142;
19.51;
8.65103;
14.1489;
17.0359;
16.6911;
25.393;
15.3997;
19.0931;
18.5686;
14.8497;
17.3871;
13.2569;
16.5078;
16.7368;
10.9113;
14.1853;
15.5226;
10.9675;
13.0868;
15.6638;
16.7585;
15.2306;
17.0002;
13.572;
12.6533;
12.0688;
8.87877;
16.5049;
10.7676;
13.2249;
11.2484;
13.1458;
16.48;
11.6463;
20.1481;
14.4588;
13.1572;
16.2248;
12.669;
11.2154;
12.5527;
12.7623;
21.1406;
16.1135;
19.5285;
16.7531;
9.90336;
14.7888;
14.0364;
12.3401;
20.1334;
11.5553;
10.6169;
14.6509;
10.6021;
13.609;
11.0288;
18.2048;
16.5279;
17.4985;
17.0202;
18.6834;
19.8177;
15.1639;
15.2878;
12.7081;
11.7571;
13.8005;
12.9918;
15.392;
16.8013;
21.2763;
19.9652;
15.305;
13.0999;
10.2706;
16.9874;
23.2509;
13.7263;
14.1751;
20.0783;
14.0781;
9.15238;
17.6753;
11.4086;
18.151;
12.5794;
15.477;
14.8882;
8.45922;
14.7846;
14.937;
15.275;
14.5401;
14.7934;
13.2722;
15.7051;
19.94;
17.3911;
18.9598;
17.4573;
9.91082;
15.0872;
20.2955;
16.554;
17.4453;
12.423;
12.8144;
15.6592;
14.8655;
17.5421;
15.9257;
17.0694;
23.7587;
11.163;
11.321;
15.3902;
25.0257;
16.1857;
8.75335;
18.0425;
16.0314;
16.8012;
21.6003;
14.9998;
14.8095;
18.0706;
22.8181;
17.6017;
24.4696;
16.4013;
14.6764;
11.5015;
13.3625;
13.7403;
14.9621;
14.5815;
22.8153;
18.3844;
17.516;
9.71076;
18.9306;
18.1158;
18.7473;
17.5646;
13.6673;
17.8893;
14.0349;
19.2168;
13.9929;
12.2829;
16.9117;
13.9247;
16.5294;
14.572;
12.893;
12.5984;
14.361;
14.6561;
13.6482;
13.86;
12.6736;
15.531;
13.9306;
13.3738;
16.4028;
17.6491;
12.1123;
18.0808;
13.3332;
12.3555;
16.9087;
14.6179;
15.0123;
9.23403;
16.501;
17.0367;
13.1798;
14.9701;
13.9746;
11.6604;
15.9431;
11.4843;
20.4226;
17.922;
16.8834;
17.3326;
13.2673;
18.9353;
15.2837;
14.8708;
13.6106;
17.3382;
12.6349;
15.9124;
15.4105;
17.4065;
16.3964;
17.2006;
15.0762;
13.9177;
17.4946;
17.248;
12.1676;
10.9615;
13.927;
15.5489;
19.0976;
12.3391;
20.636;
15.554;
12.5123;
15.0451;
17.7873;
19.8483;
15.4128;
16.4412;
14.078;
12.1468;
10.6504;
16.71;
12.6503;
15.999;
19.0021;
15.1975;
16.8953;
16.9694;
16.3159;
18.5478;
14.648;
12.9918;
23.9563;
18.2239;
11.4558;
13.1106;
13.945;
11.0236;
14.7718;
21.8762;
12.003;
12.3642;
20.3926;
16.7777;
13.3192;
17.9817;
16.8902;
14.9876;
16.6382;
20.1095;
11.85;
12.7785;
14.1072;
13.3029;
12.2345;
10.0852;
19.7287;
16.5121;
13.2546;
17.0323;
15.9619;
18.4717;
16.7023;
16.406;
14.2425;
12.0264;
13.7027;
17.6604;
12.8906;
15.8449;
14.6179;
14.9747;
15.5722;
6.91831;
15.0049;
12.7817;
14.6924;
21.651;
15.6806;
13.8316;
11.3607;
14.0349;
13.4322;
14.5102;
16.0973;
14.4199;
19.7401;
16.751;
16.3639;
14.4391;
8.40061;
11.1244;
21.219;
16.9805;
15.7684;
14.8695;
18.0233;
12.765;
13.2732;
11.8383;
13.8708;
10.9973;
13.2218;
13.5151;
13.7134;
16.9389;
17.4805;
16.118;
18.5463;
14.039;
16.7317;
17.1577;
14.3579;
20.9684;
10.8779;
19.3554;
19.2579;
13.7093;
14.3319;
18.7001;
16.1297;
19.1349;
11.6922;
14.1986;
13.8256;
13.5335;
15.8975;
18.3846;
22.2032;
17.1512;
20.6419;
18.8178;
19.7122;
14.1791;
12.711;
15.9834;
13.6878;
13.0571;
17.1204;
16.8536;
15.5808;
13.6538;
14.0626;
15.7565;
16.6087;
18.2703;
15.4201;
17.2511;
12.361;
15.8584;
11.7779;
15.3119;
13.8038;
16.8596;
15.4239;
11.3979;
18.1553;
22.9947;
9.42231;
14.3792;
13.299;
15.8759;
16.2693;
13.9544;
12.107;
11.9963;
18.3786;
17.6383;
10.0884;
10.8229;
16.0746;
11.1999;
15.2886;
21.1726;
20.0161;
17.5241;
17.3242;
10.5777;
9.58281;
12.997;
14.2345;
15.1795;
17.5993;
15.0802;
12.0851;
21.008;
22.6461;
12.4527;
12.5046;
11.973;
18.395;
15.4644;
13.0984;
17.2922;
14.115;
21.9228;
14.1522;
10.6007;
13.7111;
13.1801;
10.5751;
13.1952;
13.0598;
16.9535;
15.0611;
14.5922;
13.2073;
10.2013;
12.4426;
16.0443;
15.1958;
20.4371;
14.2351;
18.491;
16.9194;
15.0031;
14.3497;
17.0914;
17.6718;
14.3041;
15.1259;
12.4966;
14.4143;
13.7351;
15.1117;
12.5789;
14.4157;
12.315;
18.6569;
13.9992;
19.9871;
14.9443;
15.5776;
12.5044;
15.9227;
18.0811;
14.5486;
15.1945;
17.0133;
14.7172;
12.3737;
18.9184;
13.6844;
11.7505;
12.4125;
11.3259;
13.2281;
18.11;
10.8119;
14.8301;
9.16191;
11.8433;
12.3432;
12.1195;
17.3631;
19.4943;
14.072;
22.2261;
14.3762;
12.6743;
16.2642;
12.0643;
17.8587;
11.0541;
12.9737;
12.8653;
13.9007;
16.8869;
14.9931;
14.2989;
14.1243;
16.6167;
16.8542;
18.2318;
16.2233;
10.4828;
19.6495;
9.25718;
16.6599;
12.8846;
21.1667;
17.9333;
15.4693;
16.2903;
14.7248;
14.7576;
17.7857;
14.5233;
12.3874;
11.5174;
20.3001;
13.54;
16.8986;
14.3932;
11.448;
13.6116;
16.3142;
15.27;
13.1442;
14.6548;
15.6139;
11.7466;
15.2815;
12.6377;
18.2431;
18.1452;
14.6082;
15.5219;
21.6919;
11.9462;
17.3335;
17.1816;
15.2326;
10.8566;
17.4342;
13.7916;
15.5426;
16.761;
9.83255;
14.0168;
14.9684;
12.8589;
15.9492;
19.1684;
13.5923;
17.7068;
14.6037;
15.9815;
8.64523;
18.0996;
10.847;
13.524;
10.2999;
9.20125;
17.3459;
14.4032;
11.0288;
13.304;
13.9885;
18.0414;
11.5385;
9.65221;
12.1594;
15.5348;
14.8401;
12.3596;
17.6583;
12.0317;
13.7683;
16.9436;
21.0226;
16.2945;
15.2128;
16.1314;
9.89965;
10.7716;
11.4769;
13.2977;
10.2823;
10.9144;
18.6588;
17.7477;
14.8812;
10.6488;
10.548;
6.77304;
11.545;
15.1614;
18.6679;
14.1979;
12.0404;
15.799;
12.2464;
11.9483;
14.463;
14.6745;
13.5548;
13.994;
11.8862;
15.8485;
12.0586;
20.2137;
18.3568;
13.4358;
14.2646;
13.1333;
15.5898;
9.77075;
15.4988;
13.1992;
17.909;
13.0661;
15.9741;
11.0417;
14.6689;
19.4682;
13.4397;
14.7031;
17.1916;
11.4141;
9.95469;
19.4134;
15.145;
12.2945;
15.1587;
12.0531;
13.9063;
11.6969;
8.83548;
11.0847;
14.9238;
16.7444;
10.2036;
10.1471;
16.9845;
16.3528;
15.4374;
14.0303;
15.3543;
13.0086;
10.7574;
12.3985;
14.3487;
13.4275;
16.2869;
12.8614;
11.9631;
13.6281;
15.081;
13.4268;
8.96777;
11.6853;
12.4655;
14.7447;
12.3262;
12.4824;
15.5652;
9.98401;
8.73314;
14.4571;
16.2169;
16.7378;
15.5931;
14.9659;
11.1895;
13.0799;
16.972;
15.073;
15.2583;
12.4674;
18.4019;
17.3121;
14.4349;
15.0487;
15.6242;
12.2534;
13.6037;
9.62036;
16.2153;
17.9077;
15.6701;
15.9886;
11.8526;
14.001;
13.6264;
14.3787;
11.6341;
12.3057;
16.9014;
11.8628;
16.3085;
12.417;
11.2931;
12.2014;
14.1394;
15.2179;
12.9782;
13.1954;
14.0322;
13.2222;
10.3943;
17.4589;
14.7155;
10.7256;
10.4462;
13.8033;
11.134;
7.51891;
15.068;
11.6183;
14.7404;
10.0296;
8.55973;
11.2532;
12.0796;
16.9111;
11.9622;
11.9195;
11.223;
17.3383;
21.4539;
12.8773;
11.3611;
12.1707;
19.2253;
11.9515;
14.3641;
9.04279;
12.1469;
14.8436;
14.4314;
14.4428;
13.0526;
19.5165;
16.1793;
13.3364;
12.963;
14.4545;
15.1843;
15.3902;
16.5683;
12.6887;
14.052;
9.25602;
10.2937;
13.7961;
12.1455;
7.60907;
12.1317;
13.1933;
13.2885;
15.1515;
13.1951;
13.4675;
13.3914;
13.5253;
12.7656;
11.919;
14.0805;
15.0225;
12.4859;
15.4387;
14.7487;
15.0976;
10.8593;
14.7696;
11.0197;
17.787;
12.7658;
11.5451;
11.9518;
18.151;
10.6768;
17.4306;
15.6228;
12.8088;
15.2787;
11.7132;
14.3652;
13.7975;
17.0197;
17.4401;
13.1675;
11.7715;
19.6296;
15.6075;
15.3457;
15.4457;
10.9013;
12.9961;
15.4636;
13.9868;
17.307;
14.5761;
11.7514;
16.0627;
13.7076;
13.0124;
16.6247;
15.4493;
14.5077;
13.7683;
15.3499;
16.4911;
12.8653;
10.7406;
14.2187;
14.1192;
19.3802;
17.5001;
14.2304;
13.8067;
17.4645;
11.9838;
16.4972;
15.4178;
13.737;
16.7884;
12.4854;
9.97775;
14.0446;
11.6917;
11.6337;
14.8094;
13.4089;
14.4487;
15.3014;
8.91664;
7.98957;
14.8526;
17.8118;
13.1384;
13.0456;
14.8857;
13.9663;
18.1511;
18.1776;
15.7951;
11.6062;
12.2946;
18.8558;
16.0131;
15.2322;
14.5488;
11.374;
11.4003;
13.4607;
11.0186;
11.5762;
11.2052;
12.4867;
15.0443;
13.125;
11.4947;
14.8409;
14.6688;
15.1617;
15.8116;
13.1863;
13.5619;
10.5448;
17.8148;
13.232;
7.21672;
7.85773;
11.6734;
13.6542;
12.7695;
14.0739;
11.8504;
14.0144;
13.4398;
11.6638;
14.3109;
13.3471;
13.399;
12.2556;
11.6432;
12.2914;
8.73922;
11.7253;
11.4725;
11.309;
16.2166;
10.1977;
12.7524;
12.7212;
10.8068;
11.9903;
16.7954;
14.3722;
13.3642;
12.4773;
13.0022;
19.3829;
13.4129;
14.5805;
9.86174;
13.0143;
8.82122;
12.1458;
11.0219;
13.3021;
10.9478;
8.26554;
12.8724;
18.2134;
14.7178;
10.3038;
8.57544;
15.7989;
16.0374;
9.76111;
14.1868;
17.2983;
12.4074;
12.9916;
13.3223;
12.0407;
17.857;
6.45379;
11.5615;
11.7664;
10.3922;
13.8687;
14.5947;
12.3227;
15.4381;
16.1982;
12.2022;
10.6078;
18.5766;
21.6837;
11.188;
11.1489;
16.6184;
12.6433;
12.7134;
13.3884;
12.6824;
10.3527;
15.6132;
8.95974;
19.38;
16.6977;
16.7179;
16.2088;
13.3233;
16.1948;
16.4254;
13.2414;
14.044;
14.4276;
15.105;
14.2029;
14.0471;
8.83122;
13.8354;
15.1852;
12.7955;
14.7759;
15.3826;
13.4327;
12.6082;
15.5756;
12.471;
12.4336;
11.1332;
10.7069;
14.1278;
14.2853;
17.2029;
21.0196;
7.42937;
11.8511;
13.677;
15.0952;
17.3715;
10.1259;
9.02469;
13.2319;
9.73813;
14.4698;
17.8139;
15.5708;
10.6007;
14.3336;
16.7976;
16.5642;
11.5632;
10.4572;
13.4335;
19.6916;
11.6045;
18.5114;
10.7756;
17.8359;
7.64749;
14.0529;
10.0864;
15.5057;
13.6498;
10.5938;
9.06189;
10.3992;
10.7804;
16.9401;
15.145;
13.4389;
5.81639;
10.162;
14.4572;
13.7961;
10.0897;
8.74305;
16.035;
16.1687;
12.7462;
14.1881;
14.2022;
12.2316;
14.2416;
17.0943;
15.7635;
14.0284;
15.5761;
12.8873;
13.0089;
10.1474;
13.9525;
14.1804;
20.1356;
10.8198;
14.3755;
10.0374;
18.2416;
11.5501;
14.4157;
14.4644;
8.41211;
13.9236;
10.0471;
15.9835;
15.7471;
10.7527;
12.7737;
7.52262;
14.4947;
11.8462;
11.8373;
12.116;
12.5503;
12.4161;
14.9626;
13.0229;
9.56405;
10.6979;
14.2586;
11.3596;
17.5971;
6.54214;
10.9403;
14.6856;
10.9019;
15.6531;
11.1996;
13.0411;
18.0631;
11.8888;
14.5302;
16.137;
10.3135;
14.2721;
15.9436;
11.8154;
12.5759;
12.0702;
9.75145;
14.8905;
11.432;
10.0689;
15.9832;
9.53314;
11.6902;
9.53439;
11.0365;
11.7743;
12.7383;
14.6562;
10.3499;
13.961;
14.7888;
20.6913;
10.163;
10.7859;
12.4446;
10.6059;
6.4333;
14.1197;
9.10272;
14.5809;
13.5246;
14.6763;
11.3481;
13.8796;
12.0717;
10.0178;
15.8753;
12.0888;
12.4908;
10.3079;
12.9561;
15.7719;
12.9712;
14.121;
12.7255;
13.0691;
16.2682;
10.9308;
11.397;
11.1836;
13.7159;
11.3504;
17.6169;
13.3154;
17.4321;
12.8452;
14.1641;
17.3928;
13.3704;
14.9261;
10.9044;
10.7889;
15.6611;
12.4116;
15.9962;
13.4773;
15.3843;
15.4537;
14.0218;
11.2878;
10.059;
16.3463;
10.4011;
13.6659;
15.0527;
10.4867;
15.5194;
14.1795;
12.4741;
15.7824;
14.7725;
12.4805;
10.5513;
11.1628;
15.1702;
12.9107;
13.5321;
10.9718;
10.2607;
10.2111;
17.3742;
14.0077;
12.588;
10.1395;
7.45729;
11.4304;
11.5529;
10.6898;
11.0418;
9.63002;
10.9442;
12.127;
13.5253;
11.8117;
9.20198;
13.003;
9.3471;
12.1976;
12.9454;
14.1698;
14.2881;
10.3205;
11.6097;
9.94662;
14.9754;
8.83719;
16.685;
16.8642;
13.7601;
14.0975;
9.01221;
16.1407;
9.79196;
11.7704;
10.7193;
13.6528;
12.4299;
15.5218;
9.34192;
13.4932;
11.7896;
15.9799;
13.939;
13.2303;
12.6941;
7.27413;
14.1145;
11.8533;
14.3967;
16.9271;
9.00457;
15.5114;
8.04589;
13.4132;
12.3652;
13.0944;
13.7254;
15.2014;
16.8287;
15.2524;
8.89906;
10.6708;
11.0153;
13.9972;
14.9807;
11.6857;
15.8507;
12.6975;
10.6061;
11.609;
12.8401;
11.547;
9.54019;
13.7164;
17.276;
10.628;
13.6132;
16.7556;
12.2126;
11.1619;
18.6773;
14.4778;
14.2864;
12.0438;
12.8824;
14.197;
8.68224;
14.8202;
9.4176;
8.64736;
11.165;
13.0257;
11.0792;
11.2637;
14.1676;
16.0158;
9.90169;
11.8342;
13.6716;
6.06789;
8.9956;
12.4887;
12.6985;
11.9484;
11.9453;
10.3665;
11.0574;
9.84126;
17.875;
12.0288;
9.04963;
7.71165;
11.9026;
14.5077;
9.90422;
12.7597;
10.7757;
7.69895;
13.1272;
13.2648;
14.5461;
11.8554;
11.9749;
13.402;
12.1529;
9.26994;
14.0264;
13.9088;
10.7663;
7.81013;
13.3468;
9.65133;
8.67992;
12.716;
14.5386;
15.1922;
14.0676;
9.40928;
15.5127;
13.862;
9.40755;
14.2266;
8.34327;
13.0918;
13.9859;
12.2636;
9.76968;
13.5493;
13.0594;
9.11285;
9.87622;
13.6971;
14.246;
15.2944;
8.34123;
11.0061;
20.0812;
17.0922;
11.5781;
18.6727;
7.15985;
10.6231;
13.4974;
12.062;
11.607;
11.1805;
12.2762;
9.61083;
8.35369;
11.6906;
10.5645;
16.3743;
15.6946;
12.7211;
14.9127;
12.4041;
10.0937;
11.0156;
15.3935;
11.906;
11.1668;
15.9905;
11.0609;
15.8906;
13.7076;
12.7209;
13.0465;
12.4923;
12.1095;
11.8977;
9.85038;
11.1808;
10.9787;
8.56915;
14.1729;
7.71546;
12.128;
14.1296;
12.8822;
16.6448;
11.8473;
11.1245;
8.28051;
16.1891;
8.94867;
17.2425;
10.6321;
10.4336;
14.5762;
11.8601;
14.5873;
7.45568;
8.33992;
8.91398;
10.4503;
9.48351;
12.5541;
17.5877;
8.19068;
13.6703;
11.604;
13.4903;
8.87499;
14.0249;
14.2442;
10.9813;
13.5466;
14.0628;
10.3228;
10.7979;
14.1455;
13.8006;
13.3496;
13.3423;
13.2916;
10.6902;
11.4624;
10.6307;
10.6499;
12.6858;
14.1124;
10.4186;
12.6293;
10.9895;
8.63731;
11.406;
14.4295;
16.6071;
11.4122;
9.13615;
8.81811;
12.4636;
11.873;
8.11824;
12.8405;
10.3451;
12.1975;
13.1299;
14.7199;
10.5503;
13.8421;
12.3008;
12.367;
12.1745;
8.62925;
7.79681;
11.9273;
12.49;
9.43195;
14.302;
9.86979;
8.70451;
12.2944;
9.36889;
12.7518;
10.5745;
12.7686;
11.6921;
10.0569;
7.21555;
12.4783;
11.8141;
11.0704;
11.962;
9.99601;
11.8839;
8.50567;
4.9628;
14.293;
12.7704;
13.7089;
10.5547;
8.97608;
12.02;
11.6461;
11.5418;
10.7306;
11.1936;
11.8612;
11.342;
8.96577;
13.5209;
10.135;
15.0499;
10.7312;
16.0932;
7.28666;
8.1388;
15.0941;
12.3531;
11.1937;
12.709;
7.09742;
12.8613;
9.54878;
13.0752;
13.2544;
14.1499;
9.07779;
14.8626;
10.2756;
13.3122;
9.9191;
12.4174;
10.0982;
10.9225;
8.64099;
7.70408;
7.89337;
7.66294;
11.9101;
19.4599;
17.4752;
7.61861;
9.695;
8.93456;
11.5869;
9.40768;
8.21397;
10.0213;
10.3778;
9.90382;
11.2737;
12.7876;
12.4411;
11.0281;
11.1305;
13.7467;
4.57559;
10.8524;
13.2171;
11.1698;
12.1181;
8.37928;
11.1389;
10.4106;
10.9438;
9.8802;
12.1305;
12.1726;
14.4142;
10.4676;
12.4875;
14.1375;
10.7382;
12.733;
13.2342;
13.4056;
7.83854;
10.4442;
12.7995;
14.672;
11.8933;
11.7516;
11.1792;
4.91392;
13.547;
11.6402;
12.4228;
14.3494;
9.9373;
9.73808;
12.1633;
13.2424;
9.64193;
12.3763;
10.3102;
13.6446;
10.6112;
10.142;
9.20301;
15.1879;
10.5591;
10.2864;
10.4775;
12.2672;
13.6629;
14.8048;
11.3739;
8.90154;
11.0004;
12.0514;
11.9579;
9.09134;
10.1455;
12.778;
8.499;
11.5835;
10.9994;
12.3872;
14.1638;
13.0242;
9.80588;
15.5168;
12.4826;
8.26422;
8.24553;
9.20555;
12.5381;
7.47689;
10.033;
12.024;
9.8181;
9.16218;
14.5696;
11.5209;
13.6456;
13.306;
11.6749;
12.5254;
7.77527;
11.3093;
10.4975;
7.71557;
5.86391;
11.3088;
10.2022;
12.6382;
12.2343;
7.81868;
12.7697;
9.40762;
9.89404;
9.92255;
12.9951;
9.85805;
11.9366;
12.3317;
8.57634;
12.5671;
14.0596;
6.92135;
11.1332;
9.12543;
10.852;
7.14208;
7.68042;
10.134;
10.5345;
6.35785;
11.4455;
14.0363;
12.7158;
7.74686;
14.0298;
7.54878;
12.0853;
14.0655;
9.93069;
8.52063;
11.2788;
10.4634;
11.0549;
11.7037;
15.5921;
8.90542;
11.0786;
9.1301;
10.3214;
10.6066;
15.026;
11.8277;
9.05282;
8.46542;
10.8863;
7.54335;
11.8492;
10.9736;
11.6778;
9.42834;
12.2562;
11.0017;
12.9988;
11.853;
8.93701;
13.4075;
8.67691;
11.5121;
11.2521;
14.915;
11.3526;
10.3814;
9.36455;
11.613;
8.96144;
15.2231;
11.0625;
9.92313;
12.3402;
7.5584;
10.2778;
12.5626;
9.41359;
12.5194;
8.39161;
10.1482;
10.5778;
10.4675;
12.3016;
11.8885;
8.66533;
11.5835;
10.8093;
10.2528;
15.4927;
12.5011;
9.51959;
6.40382;
11.9249;
9.6277;
11.9995;
8.92113;
11.1875;
14.799;
9.6643;
12.6256;
10.8667;
12.4885;
8.97009;
11.6131;
10.1403;
9.94698;
15.0685;
15.4496;
11.6033;
4.92801;
10.1876;
15.2423;
10.9864;
17.3743;
11.6709;
9.57095;
12.059;
4.46233;
9.92166;
11.1948;
10.4583;
8.06089;
12.3097;
12.6908;
8.7412;
8.70952;
7.2748;
11.0438;
11.8792;
16.4509;
11.9906;
11.0793;
9.8933;
12.6724;
9.48432;
13.0083;
9.69075;
8.89968;
12.6487;
9.26279;
10.6392;
13.7835;
10.1089;
10.6907;
9.86591;
10.1015;
11.2222;
8.44028;
10.5944;
9.42277;
9.91026;
12.5391;
15.4009;
9.35987;
5.18121;
9.19644;
10.3125;
7.52403;
8.15668;
6.57981;
13.784;
10.2941;
12.4876;
9.36053;
11.8523;
10.5147;
6.88453;
11.899;
10.5614;
6.59057;
10.0832;
7.89866;
10.1383;
10.0436;
11.4433;
9.60235;
10.8013;
13.0977;
9.1924;
14.2282;
12.7093;
8.72892;
10.8316;
8.35749;
14.7083;
9.23668;
7.67618;
13.2429;
14.1014;
7.57517;
11.5124;
14.0268;
11.2707;
7.69502;
11.3381;
10.7158;
10.9922;
10.1338;
8.9481;
14.3097;
11.9083;
8.8214;
10.0878;
9.20366;
15.268;
12.3622;
8.93487;
13.7496;
10.3864;
13.7048;
11.9103;
9.66698;
9.1403;
9.57166;
11.0845;
11.6615;
14.9962;
12.5856;
7.44246;
12.8682;
11.5246;
12.7099;
7.18821;
8.91872;
13.5467;
12.7587;
11.9309;
13.5219;
13.6756;
12.0628;
11.1579;
9.36963;
12.113;
8.14396;
8.56614;
9.89314;
10.2349;
8.38434;
10.3837;
12.9258;
5.55419;
4.05928;
13.2193;
13.7622;
11.4252;
10.2013;
6.26663;
7.29545;
9.27644;
8.42236;
11.3076;
10.788;
12.4569;
9.74647;
9.08658;
12.6072;
8.87267;
9.79628;
8.0768;
12.7277;
10.3702;
11.9346;
11.3388;
11.607;
15.1811;
10.6701;
12.9219;
10.7757;
8.69524;
10.7478;
9.49847;
11.3436;
13.0496;
9.21248;
10.2091;
9.6334;
11.3787;
6.40994;
12.8184;
11.6196;
9.44636;
11.0483;
10.6017;
11.4997;
10.449;
10.948;
7.91199;
10.539;
11.2647;
10.8374;
14.6883;
17.5645;
6.24319;
14.6432;
10.9843;
12.4155;
10.2378;
13.8716;
9.22936;
10.728;
13.317;
8.27683;
9.102;
11.5255;
9.66735;
10.6851;
12.1101;
9.78639;
15.1816;
10.2175;
9.97463;
11.5743;
7.74156;
8.65182;
8.87536;
9.75021;
11.1813;
11.3507;
7.66786;
8.96135;
9.86474;
9.89279;
10.4189;
15.2599;
9.93049;
9.96652;
10.4614;
14.6335;
11.03;
9.45283;
14.1973;
7.79291;
14.0393;
7.12057;
10.3677;
14.1925;
9.53782;
9.70084;
11.3369;
8.56444;
12.2433;
6.99365;
9.46329;
9.85129;
12.0725;
12.8348;
9.83654;
11.4735;
8.07468;
7.25988;
9.85071;
8.31113;
11.1583;
12.9855;
11.2083;
12.0363;
13.1583;
9.36922;
10.4955;
14.4896;
10.1774;
9.66543;
10.6922;
12.6003;
13.3043;
8.70826;
17.1445;
11.2051;
14.4252;
11.6608;
9.5933;
9.28834;
14.5307;
8.46642;
12.2791;
6.74654;
10.9012;
6.41004;
11.3346;
9.33021;
12.0097;
14.4427;
11.2695;
10.6142;
8.89208;
10.4079;
12.5694;
10.8679;
8.87906;
11.6333;
9.75275;
13.9028;
7.02234;
9.16572;
7.24533;
10.0155;
13.5782;
7.6964;
11.1051;
10.8379;
11.2736;
9.79307;
8.64185;
13.0192;
8.30203;
10.7662;
8.51996;
10.0478;
8.68304;
10.4386;
9.7387;
6.86966;
10.2313;
9.92988;
11.5858;
12.0613;
12.0115;
10.7081;
15.0906;
11.1773;
11.2922;
11.7751;
8.56797;
13.1017;
7.96831;
10.9546;
8.59742;
11.7113;
8.42761;
12.9895;
8.68693;
8.87741;
10.2944;
9.46408;
9.12784;
11.6267;
13.3008;
9.33469;
9.46725;
6.50285;
11.0696;
8.11028;
6.3504;
8.58416;
13.8116;
8.94534;
11.4461;
11.2167;
9.90178;
11.3757;
11.5598;
9.88424;
9.26703;
10.8104;
10.6028;
8.23231;
8.8104;
14.7688;
9.38811;
9.60286;
10.6993;
11.2048;
13.6288;
10.4911;
8.67677;
10.2369;
12.6513;
12.6329;
7.78503;
9.14655;
10.5223;
11.8703;
8.31844;
7.28523;
6.25117;
8.81975;
9.83903;
7.25284;
11.3772;
10.913;
9.24279;
7.37503;
9.7582;
10.1892;
11.5071;
8.77871;
10.4947;
6.38971;
9.62739;
7.63732;
11.3568;
12.9937;
9.54033;
10.1849;
8.06497;
8.68321;
12.1077;
11.8328;
11.1153;
13.0415;
10.1456;
4.80883;
10.411;
10.6437;
10.8856;
17.3702;
10.1353;
9.47775;
10.8945;
8.86875;
10.3583;
11.5791;
8.98472;
9.60669;
5.74938;
10.0982;
11.2241;
8.64525;
10.5316;
9.867;
9.59536;
11.9387;
11.3805;
11.9738;
10.3759;
7.57559;
10.7642;
12.9165;
9.38628;
9.37815;
8.95764;
7.62676;
16.6692;
9.85435;
6.63181;
11.4091;
10.2703;
8.14075;
8.14611;
7.17596;
8.15181;
8.42087;
9.55055;
7.8513;
11.6415;
8.90268;
12.6278;
8.51376;
14.2981;
10.6455;
9.47273;
8.40285;
11.3477;
11.1269;
12.3168;
7.47569;
8.95069;
6.03976;
9.03479;
10.3328;
8.87116;
9.34366;
9.75572;
8.44278;
13.8759;
7.22138;
11.2967;
12.8543;
10.0378;
8.74291;
9.41126;
11.5381;
9.25818;
10.5847;
11.5943;
8.21206;
12.7756;
13.5907;
10.8548;
11.7902;
5.48945;
7.43013;
13.741;
8.51253;
9.46858;
11.497;
9.75191;
14.1391;
8.70771;
9.58658;
9.65307;
9.89619;
11.7886;
10.967;
9.89564;
6.47973;
12.1039;
8.16152;
7.26744;
7.69858;
9.13757;
8.51941;
8.02808;
8.30385;
10.8667;
9.80063;
8.31903;
5.83954;
8.09935;
11.4713;
8.67116;
11.8053;
7.68064;
9.21141;
8.92868;
9.55043;
6.15771;
11.6399;
9.45918;
8.09822;
9.22943;
11.2995;
9.84776;
10.9759;
9.95219;
8.9362;
7.985;
8.11222;
8.72547;
7.25731;
7.95085;
10.7444;
12.2048;
15.1854;
13.5236;
10.6025;
8.84531;
7.54001;
11.7103;
5.51625;
10.0997;
9.18729;
9.20877;
8.72887;
9.00599;
8.4582;
7.50174;
7.07018;
8.20321;
10.5865;
7.13019;
10.0279;
6.24291;
7.56642;
10.7011;
6.20331;
10.6708;
10.849;
9.04646;
10.6964;
10.1505;
11.0217;
6.26693;
9.62043;
8.8341;
9.73834;
9.65228;
10.9583;
6.11346;
8.95647;
8.6476;
6.29772;
10.1961;
7.18956;
6.01367;
8.49398;
9.31011;
9.20138;
7.43448;
9.47603;
9.95538;
11.7927;
10.9039;
9.91989;
7.32109;
12.2501;
10.6063;
8.58163;
11.3133;
11.518;
7.57245;
9.87835;
8.23973;
10.2212;
7.73563;
8.76449;
6.40619;
9.47415;
11.1315;
10.4246;
12.2231;
11.3276;
11.251;
9.117;
9.97723;
10.7943;
7.96845;
7.87652;
8.56279;
7.2529;
6.94018;
9.91897;
13.4286;
13.5652;
8.5753;
9.69851;
9.79846;
10.4908;
8.85549;
10.4467;
9.86947;
15.0361;
11.0625;
12.7576;
9.37394;
11.0007;
12.9613;
7.12546;
6.11778;
6.05048;
8.75553;
8.41258;
8.38583;
6.94291;
10.9935;
9.54201;
7.7148;
9.4403;
7.57728;
11.6292;
11.4999;
7.24472;
9.65696;
8.10877;
9.42893;
7.45498;
7.83579;
7.32655;
8.65813;
11.6724;
7.56968;
10.503;
13.693;
10.2896;
9.62525;
13.3458;
10.3189;
10.2285;
10.7369;
8.88232;
7.92587;
7.25821;
7.08964;
6.2688;
8.81775;
8.99851;
7.46882;
7.84445;
11.3692;
9.56776;
9.37703;
8.95778;
9.42416;
7.9829;
8.19006;
11.2608;
12.4135;
7.45993;
9.48962;
10.127;
7.25706;
8.27948;
8.3903;
13.3504;
11.8248;
8.42449;
8.16527;
9.5767;
9.25585;
9.10596;
14.078;
10.6945;
9.46146;
12.5658;
9.83923;
7.99312;
11.6057;
8.97975;
6.31601;
6.93223;
5.05823;
10.3326;
10.6594;
7.63774;
7.87517;
7.38479;
9.3236;
10.5216;
9.8098;
5.94772;
5.824;
9.99974;
9.7415;
10.4062;
7.52703;
10.3452;
8.96932;
10.7849;
10.5215;
9.17034;
8.5445;
6.56692;
8.54307;
7.61914;
10.1687;
9.48057;
13.0279;
10.1819;
10.005;
10.5292;
6.40481;
8.70807;
8.86853;
11.8148;
8.16553;
7.95349;
11.2416;
9.52152;
9.77339;
9.34963;
14.9216;
12.3547;
8.63071;
13.0068;
5.57159;
6.36943;
8.83575;
9.89102;
11.8699;
9.03355;
8.4895;
9.96196;
8.37938;
9.36347;
10.9373;
5.34431;
9.84624;
9.20501;
9.12408;
11.4395;
6.96521;
10.4851;
7.59018;
10.9144;
10.177;
9.22079;
7.29639;
9.57778;
9.67691;
10.7389;
11.8795;
12.9669;
11.2046;
11.2384;
8.86933;
10.8111;
7.32682;
10.7706;
9.53711;
8.89014;
10.2248;
6.28267;
10.2493;
8.76362;
10.9241;
6.90513;
11.2633;
10.0673;
11.3409;
9.4286;
10.5305;
10.4519;
8.54282;
10.3033;
11.8232;
7.46703;
3.88761;
9.00913;
8.15658;
9.0829;
12.5879;
9.51912;
9.83202;
12.0641;
8.30519;
8.85266;
10.2171;
6.6502;
10.9424;
7.5997;
9.96585;
7.75293;
9.90542;
5.38327;
4.84706;
8.25911;
9.3877;
8.95992;
7.24428;
10.475;
9.71214;
9.43897;
7.21496;
9.27862;
10.5175;
11.6648;
9.09158;
8.85822;
7.64088;
11.6951;
10.6543;
11.9498;
11.0637;
6.57497;
9.25324;
10.2203;
8.59599;
8.76343;
8.70085;
9.35868;
6.74884;
5.63286;
8.48458;
9.01701;
9.86359;
7.10723;
12.1138;
7.19059;
8.16548;
6.72772;
8.91138;
10.9223;
10.6079;
11.3777;
8.63294;
10.3439;
8.62609;
6.64523;
7.71668;
9.83003;
8.80236;
11.4368;
9.64504;
9.44291;
12.3909;
8.63233;
7.32993;
6.63075;
8.3059;
11.485;
8.3891;
7.78449;
8.98807;
7.77311;
6.51601;
7.62639;
8.90665;
10.8417;
9.82029;
9.93072;
9.8612;
6.2815;
7.82464;
8.86355;
8.68254;
8.27816;
8.44382;
7.04341;
9.25811;
6.77295;
8.63776;
8.95033;
7.62345;
4.79517;
8.48355;
9.84802;
9.22943;
8.22461;
11.2141;
7.74185;
8.96876;
6.63568;
7.35014;
8.18334;
10.1285;
5.6685;
11.6554;
8.36722;
7.87511;
12.0715;
8.53821;
8.92418;
7.34484;
7.77067;
6.01815;
10.0994;
6.46256;
7.48955;
8.18309;
6.81479;
9.13779;
8.0307;
7.3614;
8.07057;
7.8524;
8.15636;
8.74163;
7.76827;
9.35852;
8.65634;
5.14479;
5.67127;
10.0744;
10.5433;
8.25147;
10.7226;
12.071;
11.804;
7.06673;
5.5608;
9.559;
10.3178;
13.4089;
9.10496;
9.67893;
8.32663;
9.04326;
6.25151;
11.2456;
8.13855;
12.1873;
6.68533;
9.29498;
8.19706;
8.87717;
6.79984;
14.4783;
8.45386;
8.11168;
9.26864;
8.7159;
8.09122;
8.28679;
10.513;
7.36943;
9.45281;
8.31474;
6.29477;
5.55512;
9.3481;
9.10341;
5.4528;
8.93125;
8.46815;
9.44164;
11.3444;
9.36785;
7.0725;
9.58147;
7.90061;
10.6545;
6.02421;
7.46686;
7.17853;
9.36637;
6.85611;
8.33301;
8.29678;
5.11088;
11.7137;
8.75462;
8.00829;
6.49337;
12.4626;
8.16816;
7.28192;
8.74512;
9.48703;
8.05599;
9.70531;
7.16964;
10.2139;
8.75967;
6.30326;
6.49142;
10.5739;
8.0577;
7.63118;
7.60724;
5.42618;
8.0585;
6.1895;
7.02893;
9.00728;
6.41605;
9.60413;
9.67742;
9.9562;
8.79997;
8.59626;
12.0538;
8.45678;
6.62603;
8.18084;
10.3671;
8.12601;
5.42516;
9.69058;
9.32678;
7.5734;
6.50091;
6.65013;
5.81027;
13.2737;
11.1124;
8.13015;
7.03162;
8.21902;
7.51635;
8.36725;
11.4042;
6.76826;
9.15252;
8.0141;
8.58942;
5.97771;
6.44874;
9.48874;
8.75184;
6.81796;
5.70075;
7.06209;
7.04193;
11.5833;
8.44763;
9.33738;
12.9372;
8.09042;
6.47116;
5.70514;
8.75968;
7.64377;
5.25758;
8.69459;
8.19324;
10.5386;
6.14318;
4.47577;
8.5724;
6.99078;
9.02217;
5.95098;
8.31923;
8.9599;
10.3376;
8.00227;
10.7121;
4.86735;
6.18003;
11.181;
7.8484;
9.14143;
9.60447;
8.69627;
8.14965;
7.43405;
6.44123;
4.57361;
8.68732;
6.76168;
7.8651;
7.94427;
7.65572;
8.30337;
6.98966;
10.1277;
5.73977;
7.48264;
7.66724;
6.72661;
7.53808;
10.992;
10.8492;
6.42188;
12.1596;
6.56782;
7.03599;
6.83282;
7.84028;
7.54382;
8.92406;
6.08558;
7.48826;
6.39912;
9.08272;
5.04096;
8.65744;
7.10105;
7.67213;
5.79094;
10.7915;
9.98545;
10.4426;
7.50518;
7.30501;
8.74664;
9.23592;
7.13674;
9.46081;
6.2656;
11.4504;
10.6793;
6.13146;
5.89462;
8.86279;
6.32046;
4.63243;
7.47072;
6.5241;
10.4585;
9.41606;
8.16879;
8.97802;
9.1944;
8.50876;
8.71958;
6.67861;
8.31998;
7.77721;
7.55223;
6.36585;
9.95239;
6.01897;
7.37449;
10.9918;
7.21781;
11.1829;
9.49562;
8.35346;
9.65938;
9.42324;
5.32369;
7.53131;
8.73044;
8.98537;
11.0999;
4.88786;
5.49971;
11.0797;
8.50956;
9.85668;
7.80879;
8.29253;
9.53576;
8.12495;
7.64114;
8.30933;
9.52196;
7.10609;
9.91003;
8.08424;
5.3434;
6.94141;
6.91456;
7.34194;
8.86113;
14.0752;
4.76655;
9.21869;
8.14086;
8.5422;
7.80617;
10.3174;
5.72158;
6.60289;
9.44221;
7.3919;
7.77639;
8.352;
5.85745;
9.03498;
8.18109;
10.3823;
7.19818;
7.05253;
8.3293;
7.98113;
6.71783;
6.9696;
6.61965;
7.69381;
7.26675;
8.54806;
8.07143;
7.7055;
6.29867;
8.64141;
9.87129;
9.54968;
7.69161;
10.3147;
8.17809;
7.6086;
6.45351;
8.59966;
8.59835;
11.7713;
7.37031;
9.15696;
8.76209;
9.75259;
14.1516;
6.81451;
6.04313;
7.66705;
6.25467;
10.1107;
9.79784;
8.53726;
6.10036;
5.45261;
9.50019;
5.48945;
6.44966;
7.85329;
7.29609;
5.28139;
9.61247;
4.92999;
7.88313;
7.80374;
5.536;
10.3071;
8.89435;
7.01391;
8.96689;
5.31904;
8.78743;
5.34926;
8.23803;
8.07289;
9.49538;
7.22087;
11.2389;
5.70309;
10.4032;
11.7257;
7.67436;
7.73204;
6.38726;
7.03513;
7.90527;
4.27565;
9.08692;
6.84852;
7.63801;
9.76852;
7.0525;
8.49556;
11.6932;
10.6116;
4.91349;
8.1221;
7.73946;
8.55745;
9.62795;
10.6824;
4.7789;
6.27903;
8.63216;
6.20982;
5.6337;
7.27402;
7.7592;
7.89008;
9.31631;
7.31207;
5.34149;
5.22062;
10.3441;
12.1031;
9.57663;
9.517;
8.80793;
8.91042;
7.97426;
8.05558;
7.80807;
11.9712;
7.3208;
7.5819;
8.86339;
10.3197;
7.14449;
8.10108;
6.29267;
5.81206;
5.84054;
8.56344;
6.36306;
5.11221;
5.18206;
7.54806;
9.16304;
8.77555;
5.73711;
6.36127;
5.38747;
3.61766;
5.86622;
6.2485;
7.66194;
7.32179;
8.90272;
9.34057;
6.73584;
7.10007;
4.57076;
7.07718;
7.22101;
4.51991;
9.37152;
6.35671;
5.06335;
8.70689;
8.47948;
7.58912;
7.75056;
7.04911;
7.50774;
7.74963;
7.39456;
8.64462;
5.18003;
8.93806;
7.05461;
8.18763;
4.74345;
6.18459;
6.02456;
6.68321;
6.32467;
4.81136;
8.14799;
6.64311;
10.5177;
11.3543;
5.6082;
7.07984;
7.01908;
5.88044;
6.82603;
7.86917;
8.11686;
7.507;
7.12836;
5.71041;
7.79839;
7.84097;
6.29351;
6.80508;
6.79362;
8.35778;
5.92974;
8.79521;
7.98053;
8.4423;
8.15602;
8.51656;
8.11974;
5.26337;
8.18152;
4.12702;
7.41645;
5.92849;
7.7287;
6.60343;
7.15316;
8.11883;
6.75475;
5.60139;
6.48144;
9.0799;
7.90577;
7.64476;
6.81504;
6.87575;
7.79477;
6.68552;
7.01432;
7.54135;
7.21846;
7.91549;
6.28636;
6.29453;
8.20302;
7.83769;
4.32711;
5.63681;
11.3195;
6.16483;
9.32711;
7.61504;
7.8723;
5.89417;
6.55287;
5.98582;
7.0659;
8.73927;
6.43864;
7.05377;
6.06933;
7.00331;
6.76526;
11.473;
6.74465;
7.2146;
4.43856;
4.75949;
4.22079;
7.12826;
5.16985;
6.65335;
11.734;
4.29656;
5.36572;
7.95917;
7.00314;
6.9185;
4.68778;
6.46943;
4.32929;
4.88785;
3.97719;
7.18988;
4.90538;
6.07675;
11.2846;
7.13533;
4.40583;
11.0778;
4.1765;
8.13521;
6.3823;
8.46102;
5.00005;
6.06067;
9.33041;
6.07001;
6.24818;
6.12696;
3.98876;
7.71517;
7.54353;
6.6047;
8.19145;
9.28062;
6.48676;
5.67674;
5.4864;
7.11717;
5.59496;
4.31964;
6.582;
5.93446;
8.61606;
9.0635;
5.96864;
6.31083;
8.24059;
5.21305;
6.63925;
7.19228;
6.07873;
5.62129;
5.96247;
9.33846;
6.26303;
6.8532;
4.52052;
5.27786;
8.05428;
5.52263;
9.02309;
8.68205;
7.45093;
4.61739;
5.98117;
7.37678;
10.1954;
6.34757;
6.00824;
8.05867;
7.31661;
9.22184;
6.03003;
7.86967;
7.56669;
6.22458;
4.00984;
9.77179;
8.27867;
8.60401;
6.59606;
2.00521;
6.36257;
5.07356;
5.7392;
6.10071;
5.71968;
5.174;
5.08816;
6.76697;
7.00343;
5.74708;
7.86463;
3.58041;
8.05947;
6.82616;
6.61378;
8.0897;
7.25798;
6.12551;
7.06942;
5.67103;
5.58252;
8.46072;
6.55867;
7.98949;
9.38116;
5.82319;
8.72455;
14.4012;
5.40115;
6.97098;
5.18889;
7.61446;
6.03093;
7.10546;
7.92611;
6.23093;
6.86896;
5.07497;
3.04661;
7.02631;
6.35036;
6.20066;
5.42525;
5.896;
6.94854;
4.67074;
7.5805;
7.6761;
4.9071;
7.73957;
7.48002;
5.14288;
6.28016;
8.97347;
6.08921;
4.59315;
7.38031;
6.59111;
6.33121;
7.67643;
7.8483;
6.09774;
4.20292;
5.35538;
6.34916;
9.86561;
9.27563;
6.11643;
6.12114;
8.73391;
6.75765;
4.67987;
6.41001;
7.1293;
7.71902;
6.42529;
5.09377;
6.31078;
9.11161;
5.78941;
7.20495;
5.62288;
8.03079;
4.85599;
9.64929;
6.13628;
6.06332;
6.14126;
6.54711;
6.88698;
7.74931;
5.69893;
5.39337;
4.21473;
9.32738;
8.54953;
5.20605;
6.26589;
5.50174;
4.9185;
3.65278;
6.69319;
4.98639;
10.0866;
5.41485;
4.24242;
7.06331;
7.86114;
6.69295;
6.76701;
5.93501;
7.98331;
6.6565;
6.42446;
6.71936;
7.62849;
5.64648;
5.49438;
6.82755;
4.17796;
7.37704;
3.69098;
7.31945;
6.82877;
7.67456;
4.31965;
7.11994;
4.95591;
6.89747;
4.88278;
5.78236;
6.57739;
8.47899;
6.02632;
4.79044;
5.63271;
4.46609;
5.50151;
7.19198;
4.27173;
6.12196;
5.76595;
5.3381;
7.87781;
5.40173;
5.72116;
5.08042;
7.08539;
5.44851;
8.47704;
5.57771;
6.78147;
7.40209;
6.85529;
4.2405;
6.98753;
6.2945;
5.06023;
6.50596;
5.49304;
6.53859;
5.49397;
7.29201;
6.83812;
9.08134;
8.47647;
6.05555;
8.90584;
9.54975;
6.76993;
5.85063;
4.40511;
7.00353;
7.93746;
4.22283;
6.29753;
3.50484;
8.36483;
4.90203;
5.08612;
7.07957;
8.63238;
6.40041;
7.11108;
8.05461;
5.70984;
6.06011;
5.20432;
7.18087;
5.33924;
4.87442;
6.06332;
7.31722;
2.40341;
5.23703;
8.49224;
9.85391;
5.61171;
7.20736;
4.59365;
6.34679;
6.49241;
5.33677;
5.67661;
6.08918;
6.95885;
7.1846;
8.25708;
5.63682;
6.9728;
4.29535;
6.0924;
3.78326;
6.68923;
5.96777;
6.06873;
7.40431;
9.28462;
7.16139;
8.29667;
6.76643;
6.344;
6.80709;
8.26605;
6.06199;
5.06701;
6.05289;
6.97983;
6.7193;
3.72014;
4.83313;
6.24711;
4.52043;
4.54203;
8.4813;
2.6489;
3.85531;
5.69018;
6.97768;
5.32305;
7.3003;
5.78025;
4.40612;
7.70333;
6.8157;
6.99093;
4.15332;
7.1663;
9.64671;
6.79157;
5.62306;
6.14227;
7.15727;
4.78904;
6.77989;
5.38516;
4.12442;
3.93533;
7.06847;
8.05382;
8.09112;
4.61076;
7.68305;
8.42463;
6.82662;
7.43715;
6.2431;
5.96868;
5.4503;
5.22028;
5.87592;
6.0282;
5.69883;
6.42897;
6.65024;
4.52949;
5.78239;
6.58797;
6.30198;
6.88195;
6.34717;
6.36538;
6.77778;
3.57819;
7.10521;
6.09583;
8.17031;
4.5107;
6.158;
5.37484;
3.74742;
6.23613;
5.85738;
7.54631;
5.19015;
8.20589;
5.82095;
8.93598;
5.05909;
5.43852;
7.73539;
11.0894;
5.43794;
3.98246;
7.07737;
3.83901;
5.65952;
6.71168;
7.05388;
5.86492;
6.33211;
7.3011;
5.4413;
6.77329;
5.06499;
6.24846;
4.20394;
6.41286;
4.01928;
7.62616;
6.90657;
5.53462;
5.84193;
3.54219;
6.03015;
3.30542;
7.15612;
6.63331;
4.49268;
5.65491;
5.80547;
7.82874;
5.81526;
3.96654;
8.54414;
4.16826;
7.05325;
6.38415;
5.50238;
3.74973;
6.50599;
6.84331;
9.37485;
7.20606;
6.18265;
6.17286;
5.48504;
6.10272;
6.23145;
5.73962;
6.8953;
6.34608;
4.93067;
4.51256;
4.58972;
3.62559;
6.59856;
8.82427;
7.07471;
3.33284;
6.17358;
5.47161;
5.9413;
3.65117;
10.5836;
9.18756;
5.36498;
5.2372;
6.28878;
6.03902;
9.54367;
5.84002;
8.22769;
8.0396;
6.59296;
6.58578;
6.48009;
5.95828;
7.7595;
5.44326;
7.30432;
7.28619;
5.76845;
5.85361;
8.00009;
7.4163;
4.65157;
8.09505;
5.3101;
5.91619;
5.10996;
6.03042;
3.54665;
5.26555;
7.1287;
6.12221;
6.71984;
6.21284;
4.59097;
5.66369;
6.39524;
5.00649;
5.54387;
5.46355;
9.0034;
4.20713;
8.09715;
6.13938;
6.76198;
6.76081;
5.46117;
3.88389;
5.20029;
8.11606;
4.21501;
8.49019;
6.377;
6.11957;
5.96386;
6.92798;
6.25782;
4.34087;
3.7643;
5.44962;
8.57292;
6.84426;
5.17437;
4.53805;
4.35762;
4.04339;
8.86525;
4.74879;
4.62292;
6.6747;
5.24509;
8.21327;
4.92203;
13.9188;
6.23753;
6.64599;
5.1138;
7.3803;
6.65672;
5.33894;
5.27371;
5.35513;
8.29215;
4.14867;
4.15431;
6.3021;
5.12771;
2.67366;
6.62086;
6.36143;
5.21973;
8.28426;
5.65803;
6.56192;
4.3763;
5.20086;
6.81378;
6.90534;
4.93236;
5.45949;
7.72887;
4.88652;
4.22881;
8.20187;
6.06925;
5.74216;
4.38594;
6.14861;
7.44482;
4.30007;
4.34708;
8.61459;
6.31933;
5.06622;
4.38499;
3.61278;
4.89661;
7.19319;
6.44541;
8.08418;
5.87892;
6.03703;
4.66497;
5.41541;
3.50909;
6.14875;
8.13971;
4.07167;
5.51526;
7.08712;
5.85258;
4.18056;
10.2204;
7.01557;
6.88107;
6.12981;
5.47687;
6.04065;
7.80037;
7.53128;
5.17094;
6.54969;
5.8849;
6.81182;
4.37296;
4.88156;
4.1922;
3.89346;
4.49343;
7.34623;
6.15244;
6.6979;
5.87863;
6.68194;
4.72789;
5.53774;
2.72714;
5.31868;
6.80419;
2.53068;
4.51964;
2.76104;
1.9661;
5.3019;
6.5795;
9.82672;
5.93903;
4.36326;
5.80511;
6.84476;
5.71731;
5.05199;
6.47611;
3.0561;
8.3489;
6.76126;
6.61786;
6.29021;
3.91868;
5.29861;
5.13201;
5.99926;
4.26136;
6.94507;
3.19759;
5.49757;
4.07305;
6.07668;
3.88993;
6.04076;
6.06313;
7.62839;
4.06857;
4.7791;
6.04301;
3.93098;
2.88408;
4.02887;
6.44468;
7.01672;
7.95962;
8.00126;
4.49901;
8.73572;
4.79649;
9.51094;
5.05101;
4.46643;
5.52476;
4.23314;
4.92939;
3.23446;
4.54729;
6.26123;
4.17248;
6.27207;
7.5706;
7.16572;
4.46454;
6.09834;
3.90762;
3.94513;
6.51592;
5.02881;
7.02512;
6.63908;
6.83972;
5.8663;
6.72749;
3.87419;
5.29663;
6.07629;
5.55082;
6.23418;
4.17593;
6.29453;
2.99064;
5.00494;
3.11531;
5.33437;
9.13372;
5.14872;
5.18055;
7.5963;
3.92093;
7.83696;
4.7425;
6.32485;
5.38812;
6.82746;
5.72559;
2.96872;
3.98777;
6.25136;
4.19169;
4.86058;
7.088;
5.09627;
9.73648;
3.734;
4.06715;
4.44378;
4.16455;
7.68904;
6.61039;
7.19307;
4.88298;
4.39798;
3.78543;
5.09934;
4.84823;
4.35554;
4.06988;
3.92763;
5.4469;
4.04271;
7.94027;
4.04926;
6.03099;
5.72568;
4.03728;
5.72694;
5.7147;
6.63365;
5.57438;
3.31999;
5.74716;
4.38976;
6.45473;
6.24496;
4.61239;
4.66868;
5.50349;
4.82908;
5.79495;
3.81457;
4.92591;
4.38796;
3.21752;
3.74796;
5.27321;
5.60288;
5.42891;
5.63852;
4.50096;
4.53605;
3.19334;
3.63962;
3.3469;
4.00286;
5.07306;
2.76988;
5.10219;
4.05808;
4.82181;
3.74524;
4.3407;
3.98784;
5.49201;
5.65351;
3.20547;
4.33736;
6.35219;
5.43913;
6.60103;
5.55507;
4.95175;
4.38459;
5.93076;
6.74158;
6.96743;
5.46364;
3.22119;
6.33211;
6.27265;
6.03907;
6.37766;
9.0219;
6.40401;
3.40209;
3.89434;
3.83441;
4.20759;
4.91676;
4.59375;
4.25899;
5.48889;
4.69054;
6.35611;
3.80799;
5.16505;
2.34735;
6.41532;
4.0897;
4.69445;
5.51247;
4.23062;
3.51824;
5.73906;
4.9243;
6.00258;
4.92717;
3.15443;
4.31449;
7.42965;
4.88831;
3.99922;
9.43894;
4.7027;
6.08895;
4.55143;
4.09497;
2.2868;
6.04173;
5.48594;
5.10553;
3.29113;
5.71101;
5.50985;
3.00451;
4.78398;
3.51335;
9.42406;
4.63762;
6.52593;
3.70786;
4.95499;
3.48269;
6.02169;
1.37991;
3.15367;
2.95119;
5.48245;
5.96133;
5.79472;
6.74271;
6.73964;
6.79506;
4.80929;
2.47412;
5.30268;
5.3307;
4.35392;
4.22091;
6.74384;
4.82004;
4.42142;
6.36226;
5.73318;
3.03609;
4.612;
5.89769;
3.54246;
4.59904;
2.97868;
3.21314;
4.32716;
1.46443;
5.35555;
3.44226;
4.81674;
8.53623;
5.20451;
6.468;
6.20148;
4.78761;
3.16192;
5.03962;
3.4802;
6.11392;
4.38798;
4.40149;
4.82265;
2.15213;
3.79746;
4.96235;
5.40936;
5.83184;
6.05401;
7.67287;
5.08726;
4.91843;
5.11161;
4.51294;
6.37958;
4.27587;
4.95539;
5.96615;
4.84879;
5.09457;
3.63428;
8.93004;
4.24241;
3.09804;
5.14164;
4.73712;
2.4984;
5.39009;
3.72869;
6.12113;
4.94327;
4.42073;
4.23439;
5.98043;
5.71748;
3.81612;
3.18014;
3.54806;
4.75526;
5.1927;
2.64219;
4.5488;
6.80519;
5.50421;
3.76467;
5.0856;
6.1871;
5.78537;
3.45518;
4.50955;
5.51716;
4.76573;
3.85883;
4.06277;
5.51294;
3.99398;
4.18771;
6.85207;
5.07111;
4.88057;
4.79458;
5.24742;
3.86116;
5.24982;
2.30026;
3.66381;
4.55853;
3.71547;
4.54733;
4.92506;
3.24652;
5.61875;
5.49105;
2.21114;
3.85972;
3.84168;
5.31866;
3.22429;
4.70387;
6.32418;
5.04594;
5.57949;
6.32329;
5.73098;
5.00224;
6.77916;
4.87109;
5.58509;
2.20127;
4.59749;
2.90263;
3.13883;
6.44193;
4.87667;
5.16591;
4.48779;
8.45364;
3.8809;
4.58867;
4.86148;
5.95475;
4.99755;
5.37286;
4.11973;
5.48091;
3.73745;
5.58975;
5.92712;
5.86006;
4.97406;
3.6084;
4.92293;
3.74317;
3.67148;
4.44819;
4.57019;
4.2753;
3.35375;
5.04633;
6.15451;
6.74374;
3.41497;
2.9666;
4.39446;
6.01865;
4.30853;
4.81397;
3.83257;
4.47462;
6.05251;
5.36693;
4.57904;
3.18607;
4.8764;
4.89;
3.52521;
2.73285;
4.83697;
6.19028;
3.93994;
4.40558;
2.29998;
6.78742;
3.89245;
6.22713;
4.90487;
3.36432;
5.5821;
1.95346;
5.67814;
5.23241;
2.85114;
4.60063;
2.6508;
4.19571;
4.53657;
3.72567;
3.39699;
2.90348;
5.13356;
3.99195;
2.66215;
4.46813;
5.86869;
5.816;
5.44287;
3.1546;
6.27035;
4.8766;
7.01092;
5.56727;
5.35667;
3.24756;
6.8443;
2.41983;
3.97868;
2.20009;
4.89733;
4.21978;
5.83572;
5.40081;
6.16139;
4.15752;
5.50476;
3.71665;
5.19123;
4.75308;
3.31072;
7.08598;
7.57817;
6.08834;
2.30339;
5.96098;
3.96984;
7.15396;
3.16744;
3.70498;
6.73475;
2.95813;
4.73452;
4.47197;
2.64364;
3.27796;
5.9046;
2.94802;
5.89586;
4.55867;
7.99154;
4.4878;
4.39274;
3.58142;
4.37533;
3.54636;
8.63703;
5.83869;
7.0328;
4.21271;
5.0169;
3.65651;
3.81314;
2.73808;
4.82629;
4.79067;
5.44342;
4.59853;
6.34641;
4.15767;
3.67546;
3.73675;
3.00518;
5.47319;
4.81347;
2.56926;
4.19244;
4.78061;
2.8415;
4.02154;
5.35194;
6.55839;
5.08663;
5.08323;
2.75387;
4.69838;
3.8287;
3.0673;
2.0875;
3.3763;
4.58278;
4.64976;
5.04262;
5.38364;
3.21885;
5.70011;
2.99415;
5.58302;
4.36474;
4.38402;
3.48814;
4.89449;
2.39085;
5.16398;
5.02488;
4.5732;
4.07958;
3.33585;
2.87074;
5.11595;
3.26957;
3.09791;
5.21193;
5.22285;
6.12032;
4.55595;
3.01218;
3.96558;
4.3701;
6.17621;
4.54952;
4.72028;
3.73722;
5.03624;
5.97927;
3.39822;
5.35191;
3.24853;
5.36532;
5.20994;
4.94361;
5.30772;
3.74713;
3.44553;
5.44213;
6.10498;
2.46197;
4.70594;
3.42746;
4.37342;
6.6283;
5.21813;
3.98159;
2.79934;
5.30902;
2.0763;
2.2118;
2.58149;
5.43106;
5.17918;
4.08864;
3.43285;
4.65362;
4.19714;
4.19826;
4.99281;
3.308;
4.52094;
5.05742;
5.39216;
3.77904;
5.35499;
5.55483;
2.38192;
3.64387;
4.25612;
4.71209;
4.28049;
3.78355;
1.19704;
2.91794;
3.7082;
2.95379;
3.29324;
3.17214;
3.60177;
3.58188;
4.25948;
4.70322;
4.48859;
4.47127;
3.46613;
3.25406;
2.63192;
1.6179;
4.51129;
6.03333;
4.2352;
2.05659;
4.24164;
3.83839;
2.35012;
4.87163;
7.10307;
2.08591;
2.89066;
6.63172;
5.45099;
2.78375;
4.02818;
2.07779;
1.82456;
3.74811;
3.69524;
5.62069;
5.21798;
2.7839;
3.65971;
4.38193;
4.40659;
7.08441;
2.48229;
4.01552;
3.32361;
3.96279;
7.33348;
6.73083;
2.99215;
6.10262;
6.92584;
4.89854;
4.62904;
1.96999;
3.27382;
4.78466;
3.09606;
5.02656;
4.03541;
3.28635;
5.69202;
2.53228;
1.89233;
6.2494;
4.47643;
4.37005;
5.91964;
5.65157;
2.33863;
7.11389;
8.38732;
4.0495;
5.74069;
6.13559;
1.42712;
2.59071;
4.66583;
5.12471;
3.13171;
5.5156;
3.60737;
4.54807;
4.38394;
5.87097;
5.24509;
3.68799;
2.22333;
4.36251;
3.97024;
2.07252;
4.71545;
3.03544;
4.03592;
10.6004;
5.12819;
9.01229;
6.23734;
7.79811;
5.70698;
6.55454;
9.11232;
6.3135;
6.80141;
4.90112;
7.76707;
8.03216;
3.86337;
4.34075;
3.25032;
3.88887;
2.32424;
4.03543;
4.16357;
2.64826;
3.29312;
3.91817;
3.97159;
6.86145;
11.1218;
8.27966;
6.89565;
7.90177;
5.9681;
4.32011;
5.5206;
6.60013;
6.51219;
9.84364;
4.12365;
5.60622;
4.74309;
4.65805;
3.9081;
4.80375;
4.33829;
3.5616;
4.95666;
4.06046;
4.17191;
4.39038;
4.0014;
3.95124;
4.87726;
4.67608;
4.2984;
3.23213;
8.94258;
6.26794;
10.2605;
5.92602;
4.19005;
6.5755;
4.85664;
3.44016;
7.23263;
3.81672;
4.19152;
3.54553;
3.26481;
2.11823;
4.6277;
5.06461;
5.29225;
2.31521;
3.74947;
3.30483;
4.75936;
2.69971;
4.12444;
4.07123;
4.51098;
4.34439;
4.80404;
2.8994;
4.74495;
3.24032;
3.91974;
2.56291;
5.10167;
5.26317;
8.3216;
4.89546;
2.89954;
4.66842;
3.13213;
6.02918;
5.2769;
4.61638;
5.99711;
4.05469;
2.34961;
2.76577;
4.57144;
4.39919;
4.6288;
4.37274;
4.47787;
4.58927;
10.3599;
6.72225;
4.77138;
7.82607;
5.38701;
7.8787;
3.91353;
2.4912;
6.80117;
5.20962;
5.41877;
3.81288;
4.37402;
4.05103;
4.75876;
6.15847;
5.19548;
5.6438;
3.17553;
5.02164;
5.52489;
4.01231;
4.1172;
4.50293;
3.44588;
3.63576;
4.39699;
5.0663;
6.77596;
3.35602;
3.4557;
6.59033;
5.47004;
4.78188;
4.54085;
4.00804;
3.42918;
3.27582;
3.29359;
3.24373;
4.96178;
3.2169;
4.3814;
7.67009;
2.98567;
7.31824;
7.43702;
8.224;
7.63878;
7.27222;
5.89828;
7.60646;
5.22238;
2.94226;
4.79558;
4.07937;
2.31579;
5.76201;
3.66066;
4.06011;
1.91633;
5.34235;
5.1136;
4.123;
3.90948;
3.8172;
4.10388;
4.1864;
4.58813;
2.80518;
5.34826;
3.66748;
3.57267;
5.27399;
4.54655;
5.73941;
2.96192;
4.45443;
6.28129;
4.91784;
3.34747;
2.12732;
5.58998;
5.53727;
4.1719;
4.33683;
5.6319;
4.70529;
3.78134;
4.17115;
6.22286;
3.23793;
5.00154;
4.21048;
4.70208;
4.54404;
6.02782;
6.85874;
8.43209;
6.11273;
9.15501;
5.82804;
5.24685;
6.13297;
5.48592;
3.28625;
4.6408;
6.05025;
4.15781;
5.57744;
4.68195;
5.45794;
5.44789;
4.75752;
5.37711;
4.52217;
5.46182;
3.52149;
3.30327;
5.14295;
4.62529;
4.27154;
3.62592;
3.55542;
4.84244;
4.09399;
8.44483;
7.07127;
3.29038;
4.35988;
3.88088;
3.46184;
7.11018;
3.53792;
4.95903;
7.48791;
4.69821;
2.31829;
3.21069;
6.05123;
4.15585;
4.05978;
5.61473;
3.6386;
3.20697;
7.96895;
8.4608;
6.06199;
6.30962;
10.394;
6.98529;
5.18942;
6.58904;
4.61491;
9.57754;
7.92189;
7.68639;
7.11613;
4.32049;
6.19367;
5.93541;
6.763;
4.76716;
5.74374;
4.63126;
5.84558;
9.16994;
5.37113;
8.08972;
7.98018;
9.24787;
7.41904;
2.79295;
6.00371;
3.46403;
3.64836;
4.00797;
5.58094;
4.73468;
3.52088;
6.11646;
5.09191;
2.25377;
2.71599;
4.70698;
4.24778;
3.26327;
4.4441;
6.27745;
5.93299;
4.65495;
6.05259;
4.00959;
4.21864;
5.10781;
4.40797;
3.37938;
10.5495;
8.33766;
7.18301;
7.8229;
8.1218;
6.76609;
4.01316;
5.66324;
10.2412;
2.8122;
4.068;
9.789;
7.03338;
10.1775;
6.0247;
7.24059;
6.95388;
5.93907;
6.29324;
5.6185;
4.38339;
5.44099;
5.20452;
6.38975;
4.51261;
5.22235;
4.78447;
4.91283;
3.55157;
5.02023;
3.73636;
4.12613;
4.94116;
3.97544;
4.95447;
6.91923;
4.71879;
6.72667;
4.83844;
3.21425;
4.42501;
6.2849;
3.21859;
5.22212;
3.07744;
5.94974;
4.92404;
4.59079;
3.58917;
5.49562;
5.41577;
3.25754;
5.53817;
5.5962;
5.54666;
5.29809;
4.08622;
3.8248;
5.04357;
5.35201;
4.71069;
3.42554;
8.5652;
6.63463;
6.65206;
8.13471;
7.09125;
7.24824;
7.29187;
6.62182;
7.03063;
11.8197;
9.8525;
7.72162;
9.13126;
7.60812;
5.05574;
9.09604;
9.0568;
5.17039;
3.80515;
4.39011;
5.63964;
3.07141;
4.63381;
3.42242;
3.77075;
5.43626;
3.06424;
5.28022;
3.86644;
4.90645;
6.35788;
4.11541;
5.63359;
4.01683;
4.53253;
6.0907;
5.78721;
6.01768;
4.62152;
3.26825;
9.84196;
7.465;
4.76213;
7.1648;
3.98759;
3.68127;
5.02348;
5.24666;
4.91114;
3.36495;
6.50623;
3.9425;
5.30328;
4.97751;
4.02326;
4.01643;
6.13348;
3.2647;
4.56397;
2.41804;
5.79263;
6.32385;
4.49422;
4.2609;
4.86512;
5.52938;
4.59616;
4.35566;
2.84362;
5.59232;
4.31125;
3.63774;
3.36294;
4.2324;
2.81928;
4.65107;
5.41052;
2.70058;
4.59713;
3.39372;
8.68828;
9.4845;
9.83226;
8.73599;
5.58721;
9.13878;
7.14848;
4.09428;
3.41867;
4.57665;
6.39899;
4.1881;
3.45585;
4.89152;
2.80631;
4.06053;
3.81925;
4.5681;
4.20351;
4.75923;
5.27521;
3.76445;
4.92189;
3.28334;
3.4918;
3.58418;
4.47786;
5.14711;
5.67672;
4.3712;
4.52439;
5.71391;
3.60723;
4.75655;
6.26149;
5.23867;
6.77502;
3.73095;
3.20236;
7.27218;
6.61439;
6.45758;
8.59803;
4.42783;
2.73211;
5.386;
4.54826;
4.20648;
3.44087;
3.40822;
6.02891;
6.74011;
4.84532;
4.99278;
5.71168;
4.25067;
3.38743;
4.29652;
5.44926;
7.31729;
3.26773;
4.05183;
5.30572;
5.63905;
4.80917;
5.28227;
4.3248;
5.17541;
3.53593;
5.1399;
5.782;
3.74244;
3.48353;
4.798;
5.22305;
6.05226;
3.66198;
5.28784;
3.56848;
4.74813;
6.34826;
4.76749;
8.4916;
7.45417;
7.48656;
6.86529;
8.43225;
7.30012;
10.6839;
7.38892;
6.77648;
8.06134;
5.82375;
7.41606;
11.0577;
8.31686;
4.69828;
11.1267;
8.62065;
4.844;
10.9216;
6.77993;
8.42138;
9.77017;
8.64597;
7.09767;
6.80918;
5.87476;
6.13617;
10.215;
5.80907;
6.34354;
9.045;
10.117;
4.21718;
4.86834;
6.90555;
6.4454;
3.63613;
4.45905;
5.44024;
5.06445;
4.83605;
6.41316;
5.87609;
3.58481;
5.12021;
4.49467;
3.17025;
5.1063;
4.92132;
6.66344;
6.04474;
3.6769;
4.38392;
7.46701;
6.25478;
5.24381;
3.86083;
4.62619;
6.68039;
4.0202;
10.1586;
6.88254;
6.72343;
4.61867;
3.93575;
3.52409;
4.72416;
3.22325;
2.8278;
7.10051;
4.23168;
2.59784;
4.72413;
6.16989;
4.02727;
6.21426;
4.56269;
4.21866;
6.56236;
5.47422;
4.24045;
5.4482;
5.04644;
10.2435;
3.69595;
5.83383;
5.48994;
3.60819;
4.88724;
5.6017;
8.10888;
4.646;
5.92204;
6.26014;
4.04696;
6.27781;
4.78955;
4.64621;
5.02107;
7.12006;
4.99956;
3.19205;
7.12437;
10.8613;
7.11395;
6.22955;
4.87064;
5.24702;
4.53223;
5.04378;
7.62514;
4.70861;
3.54347;
6.28362;
7.14256;
4.3988;
6.18061;
2.30289;
6.0483;
7.46906;
10.995;
8.27334;
4.52584;
7.35168;
4.63354;
5.74373;
5.08189;
5.76282;
3.78066;
4.96831;
7.54172;
3.94857;
8.70153;
7.90014;
4.36179;
7.62477;
7.7114;
8.37243;
9.32622;
7.80653;
1.82256;
4.91173;
6.15694;
6.04902;
7.46277;
6.30393;
2.76351;
3.39451;
5.45102;
6.99833;
5.41816;
6.25376;
4.33309;
6.61311;
5.77528;
7.65177;
8.14584;
6.86646;
11.5822;
8.78812;
9.93035;
6.55056;
4.48743;
7.9965;
4.28938;
5.80542;
4.01796;
6.39365;
6.39511;
4.91793;
7.66364;
7.89771;
9.10252;
5.83163;
7.41884;
8.49074;
6.20416;
6.47237;
6.14596;
8.22304;
12.416;
9.81323;
9.3475;
5.40979;
11.912;
3.98637;
8.32355;
5.74424;
8.6933;
4.76296;
3.56728;
3.64107;
5.66234;
5.98721;
4.57472;
2.34763;
6.67121;
5.2164;
5.10488;
4.21937;
5.48306;
5.06896;
5.59544;
6.03342;
4.57723;
5.36977;
8.41712;
12.5359;
7.69733;
6.60864;
5.85745;
3.81986;
4.40387;
6.04137;
4.36457;
5.26173;
4.83153;
3.26562;
5.55824;
5.00127;
5.46609;
5.84577;
2.87644;
4.01105;
5.64714;
4.39337;
6.35924;
3.45607;
5.30703;
7.01968;
5.02136;
4.96803;
5.41345;
5.94058;
5.07329;
5.93696;
7.01697;
5.33036;
5.16232;
9.9812;
3.23788;
9.25723;
4.26927;
4.07228;
7.09347;
5.23136;
3.29748;
5.21314;
6.27933;
4.26834;
6.3072;
5.99921;
4.56163;
2.34256;
4.58204;
5.98465;
4.66466;
3.53882;
4.05602;
4.78875;
4.88394;
7.26324;
3.14528;
4.53294;
8.2962;
5.409;
5.69452;
3.02143;
4.87509;
3.56419;
6.43685;
6.55161;
6.70931;
4.88705;
4.47046;
4.80742;
7.46155;
5.47968;
4.47108;
4.24307;
5.49841;
7.55585;
5.93269;
4.11083;
5.16178;
2.64172;
6.47379;
4.69195;
4.09348;
6.33596;
3.10743;
5.33026;
6.35374;
4.6387;
7.17668;
4.41638;
5.61249;
5.64273;
6.92422;
4.05835;
3.75788;
6.29568;
4.38179;
6.03488;
2.50692;
4.90869;
4.11618;
7.26217;
6.09625;
7.23076;
4.58411;
5.54491;
5.56633;
5.495;
4.19227;
5.18815;
3.0498;
4.63328;
5.23471;
4.1826;
3.28178;
5.82783;
5.89706;
5.4414;
6.75559;
4.4449;
5.27445;
4.44316;
2.73701;
4.86471;
4.73379;
6.76684;
5.16855;
4.30947;
5.23942;
4.2072;
6.28393;
4.77443;
3.62893;
3.92512;
3.3662;
5.0229;
6.92992;
4.88504;
6.38902;
4.17342;
3.2915;
3.76961;
6.30123;
6.89691;
4.91049;
6.17126;
5.60055;
7.50802;
3.2959;
5.95598;
4.5343;
3.79417;
5.65582;
4.56544;
3.81563;
3.91785;
4.29917;
5.20531;
4.5848;
5.29107;
6.66852;
5.75367;
3.56568;
3.42662;
6.11078;
4.6537;
4.2199;
6.09382;
5.21794;
5.43775;
8.53218;
6.86269;
5.09172;
4.15315;
4.9934;
4.72763;
2.55227;
3.10428;
3.78249;
4.80894;
5.10162;
5.99634;
6.506;
5.46002;
4.93462;
3.729;
3.0734;
5.48862;
3.94606;
4.06485;
2.30278;
4.17511;
2.96486;
3.78509;
4.6959;
3.64781;
4.26267;
4.96615;
4.18034;
6.93157;
3.91397;
5.36037;
6.12829;
4.32641;
2.56293;
4.51188;
8.63793;
5.93602;
4.13228;
2.22718;
5.30009;
3.7979;
4.57069;
4.38467;
4.64011;
3.66235;
2.8772;
4.50163;
4.93793;
5.49735;
4.92407;
3.15715;
3.30841;
3.20326;
5.40827;
3.12992;
3.68302;
4.25605;
3.59561;
3.89132;
4.54578;
4.2153;
2.9792;
5.91655;
5.89815;
7.08494;
8.05014;
3.80028;
3.19106;
3.87808;
4.83877;
5.79147;
3.70205;
2.41762;
3.38882;
4.47383;
6.70714;
5.82936;
3.6243;
5.35947;
5.11176;
4.95325;
4.47637;
3.40602;
4.99556;
5.01501;
9.35594;
3.15983;
6.00209;
3.53104;
2.57794;
3.45599;
6.15978;
5.52599;
5.54977;
5.00219;
3.96931;
4.99552;
4.88225;
3.76787;
5.06787;
4.78169;
3.49301;
6.40592;
4.29812;
5.3187;
5.77793;
7.26154;
5.83292;
4.13036;
4.85469;
4.99256;
2.70059;
4.26397;
5.26915;
4.61236;
5.25952;
5.75375;
3.63586;
5.61142;
4.29183;
3.25183;
6.27156;
3.41405;
4.97248;
4.19001;
3.6841;
2.83762;
5.55017;
6.12196;
4.14626;
5.73905;
5.423;
4.50418;
5.14146;
2.86616;
3.25012;
3.47653;
3.53939;
2.50233;
5.72226;
5.93844;
4.2815;
4.35375;
2.1994;
3.4624;
2.95087;
3.78543;
2.59307;
3.38832;
2.84812;
3.92902;
4.5486;
4.13272;
3.7863;
6.24168;
7.02679;
6.76529;
5.17898;
4.85233;
3.4758;
3.47515;
6.07261;
4.83106;
2.97407;
6.90801;
6.34756;
3.45935;
3.83389;
3.87542;
4.30876;
2.8449;
3.74406;
3.7839;
3.7687;
4.2355;
4.24041;
4.8917;
4.30909;
5.46017;
4.37745;
5.94693;
2.88135;
4.78022;
3.00282;
3.8988;
3.10403;
3.74717;
4.17902;
3.61528;
8.03097;
5.67126;
3.54717;
3.09343;
4.81047;
5.9155;
3.2848;
4.27104;
4.58115;
5.22307;
2.97782;
4.634;
4.67695;
4.0829;
3.79757;
5.34087;
2.61794;
3.2125;
5.36336;
4.6437;
4.4522;
4.68256;
5.52744;
3.7634;
3.59267;
6.65283;
6.33548;
3.61018;
4.01447;
5.85204;
2.88313;
6.38066;
5.18666;
2.72068;
2.73505;
10.2134;
5.34;
3.39872;
3.50151;
5.65688;
3.57444;
5.70024;
6.06473;
6.50586;
5.14275;
4.30917;
2.45027;
3.43719;
5.16207;
3.19985;
6.16475;
5.74921;
4.43614;
7.11396;
5.97343;
3.67361;
4.15729;
5.82378;
3.23607;
5.04957;
5.45224;
4.1977;
4.77007;
5.86937;
5.25897;
5.37847;
1.86415;
6.05564;
4.91514;
3.55753;
3.57582;
4.23417;
3.30662;
4.78707;
3.17922;
4.83529;
3.39;
5.65758;
4.11091;
7.19789;
3.69973;
6.21063;
2.34153;
5.53461;
4.19066;
6.63359;
5.14955;
4.20139;
4.29205;
3.38548;
4.42484;
4.32622;
5.41488;
5.49776;
4.03434;
10.3685;
3.98639;
4.54751;
2.55395;
4.53877;
5.32341;
4.91452;
4.76925;
6.3067;
3.8664;
4.10357;
4.31764;
5.08662;
4.03493;
3.26977;
4.07302;
2.19903;
3.44102;
2.73483;
4.86556;
3.96961;
6.11458;
3.10071;
2.75314;
3.32572;
6.99532;
5.47206;
5.30887;
3.42972;
5.28827;
4.88305;
3.78399;
4.77974;
4.3507;
5.48798;
4.27511;
5.855;
2.81974;
4.07594;
3.49853;
4.32781;
3.23745;
7.89598;
4.1115;
3.39788;
3.31577;
3.4908;
2.83057;
3.55295;
5.53615;
4.55208;
3.2315;
4.1096;
4.35825;
5.82359;
3.35972;
5.12301;
1.96316;
3.56799;
2.91402;
4.71426;
4.39331;
4.01127;
4.8383;
3.45975;
5.2956;
5.27117;
4.01459;
5.07051;
2.41125;
4.24519;
4.98596;
2.43071;
2.97992;
3.087;
4.68904;
5.6593;
2.80791;
2.61307;
4.46645;
4.54349;
3.21181;
4.55794;
3.59336;
4.60672;
6.07474;
4.00288;
2.53764;
4.48884;
3.96893;
4.43186;
3.35643;
2.1933;
4.73729;
3.3434;
2.60562;
2.23193;
4.29;
2.69207;
5.04242;
5.99128;
2.27965;
3.86872;
2.94658;
4.50017;
2.78883;
4.34683;
3.56993;
3.9575;
4.21394;
3.21046;
5.68057;
4.19402;
5.96696;
4.92535;
4.42599;
4.42855;
2.61154;
5.43962;
4.87088;
2.92788;
5.46994;
4.00546;
4.50884;
4.05782;
2.25225;
3.24262;
3.49645;
4.36155;
4.1086;
4.84344;
3.1577;
3.27946;
4.61749;
2.66325;
3.33881;
5.85015;
2.62387;
3.83397;
5.18025;
3.36885;
2.75845;
4.14021;
6.26357;
3.3756;
3.10892;
3.28531;
4.19209;
4.41678;
3.7952;
7.21536;
2.87314;
4.95138;
2.07295;
5.17308;
5.35355;
3.19241;
2.99953;
4.58446;
3.77948;
2.78382;
5.51672;
3.85845;
4.19628;
4.25814;
5.92812;
4.50334;
3.921;
4.63867;
4.93233;
3.01661;
2.84211;
4.00791;
5.97887;
4.51572;
4.93575;
4.69632;
4.22271;
2.54921;
4.59465;
6.73478;
5.39163;
6.52883;
3.04888;
2.9997;
2.35914;
2.70013;
5.98122;
6.89394;
2.1802;
5.18177;
3.38272;
2.37928;
5.32445;
3.3634;
4.35054;
4.04095;
3.53752;
3.27715;
4.47705;
6.75378;
4.90936;
3.70357;
2.8105;
7.01414;
4.06589;
2.77903;
3.07318;
2.76332;
4.07004;
7.74843;
3.47573;
5.00517;
4.16775;
6.14096;
2.57105;
3.38981;
3.26301;
5.62027;
6.24427;
3.48038;
3.92165;
3.61706;
2.87871;
2.29457;
3.82702;
4.0035;
3.49274;
1.95388;
3.74633;
3.8069;
3.13094;
1.83395;
3.63284;
3.81392;
3.3275;
4.69169;
4.43498;
4.22711;
1.93786;
2.37027;
3.24026;
4.13594;
3.3833;
4.18326;
4.68443;
6.21649;
2.12683;
2.94584;
4.12896;
4.06583;
2.96466;
3.6292;
3.46257;
5.82879;
3.90422;
3.48;
3.31761;
3.65552;
4.08768;
2.12683;
4.35798;
4.56737;
3.82407;
3.57752;
4.32347;
3.64201;
5.2579;
4.18207;
4.47322;
5.45715;
5.13589;
2.67478;
4.71094;
3.90666;
2.11392;
3.94819;
4.20843;
4.09857;
3.91371;
4.35726;
3.06819;
2.31691;
2.70954;
4.64705;
4.77547;
4.86164;
3.59946;
4.87586;
2.43171;
4.09908;
5.63423;
3.94113;
4.02241;
4.14061;
2.99244;
4.4153;
3.5617;
6.21133;
2.5101;
5.40921;
3.10818;
3.77235;
3.45107;
3.64868;
5.04546;
5.27038;
4.1842;
4.97207;
3.19261;
4.14313;
4.80171;
7.2478;
4.00239;
4.43355;
4.49934;
2.86104;
3.9098;
3.63119;
1.59058;
4.38568;
4.42474;
4.82755;
5.55521;
1.34624;
2.74815;
4.10043;
5.01681;
3.36264;
2.74373;
2.60733;
2.96737;
3.77748;
2.46039;
3.38556;
4.55327;
2.7656;
3.234;
3.5548;
3.87589;
2.67394;
6.91593;
5.92062;
6.51062;
5.52457;
5.63657;
3.22903;
3.59098;
2.9993;
3.83874;
3.49218;
4.81161;
3.33311;
3.79244;
3.64885;
2.36706;
4.39407;
2.36687;
2.61994;
4.17227;
4.65423;
6.93418;
4.22604;
3.15305;
6.0853;
4.15336;
5.50812;
4.62349;
2.45815;
3.69421;
5.37946;
2.89965;
3.20153;
3.68785;
4.44981;
6.86017;
3.56209;
5.73077;
2.14588;
3.37113;
1.12087;
1.28065;
2.13087;
5.28803;
3.89113;
2.61701;
3.44384;
2.99443;
3.58886;
3.32817;
3.90854;
3.25635;
2.95345;
3.46458;
3.62238;
2.70742;
1.39717;
5.09795;
3.79804;
3.0827;
4.36534;
4.51343;
3.14241;
3.94118;
3.40517;
3.16798;
3.41826;
4.20012;
4.79941;
2.71354;
5.04242;
4.35295;
2.3984;
4.41864;
2.34237;
3.09501;
5.50566;
2.24469;
1.66999;
4.15291;
2.74422;
2.25868;
3.95399;
2.12406;
2.54141;
4.11734;
4.61889;
2.77066;
2.12088;
7.22776;
2.97739;
5.24345;
2.82722;
4.33198;
2.75897;
3.37073;
2.44114;
4.18735;
3.6803;
3.25283;
4.13753;
3.82987;
3.46702;
5.74204;
4.3742;
4.78161;
4.27036;
3.02139;
4.46651;
2.71205;
6.80436;
1.71602;
2.32161;
3.14956;
3.76261;
3.65872;
3.95625;
2.40396;
4.91938;
1.97597;
3.46536;
4.35552;
3.93727;
3.04763;
6.79015;
3.03992;
4.47665;
3.00355;
4.1087;
3.67176;
3.35248;
4.21065;
5.28845;
3.82181;
2.67104;
3.37673;
3.8856;
1.96563;
3.81824;
2.43645;
4.92018;
3.97422;
2.56912;
4.07756;
3.6617;
3.66628;
2.26188;
3.51324;
2.80713;
3.50677;
2.0689;
3.58079;
3.58955;
3.0998;
3.25998;
3.21008;
2.74415;
3.42609;
2.93369;
4.12591;
3.53753;
2.57028;
3.36026;
3.99051;
2.73084;
2.92553;
5.48529;
3.68868;
2.69436;
2.7703;
2.91482;
3.67811;
2.88907;
2.91526;
3.17507;
4.04909;
5.65657;
3.29577;
3.00535;
3.2939;
4.5916;
2.90804;
2.87799;
4.18526;
1.42892;
3.80974;
3.98375;
4.61833;
4.99826;
7.32227;
4.64697;
1.94207;
3.62095;
3.37628;
4.27631;
2.42524;
2.95152;
1.6032;
2.92984;
2.93976;
5.12338;
2.43018;
2.99398;
5.60426;
2.10153;
5.02895;
2.80043;
4.22221;
2.49344;
3.19511;
2.39048;
3.48769;
2.72212;
5.4089;
2.82659;
3.92856;
3.02699;
4.57367;
3.46421;
3.63446;
2.79536;
3.11572;
4.36393;
2.99705;
2.06109;
3.79793;
3.20051;
2.65447;
5.99483;
1.78559;
2.59493;
2.51732;
2.67745;
5.69639;
3.84686;
4.94962;
3.69472;
4.38911;
4.09503;
4.58889;
3.56533;
4.40884;
3.67888;
6.54543;
1.01331;
3.70904;
5.3054;
1.50978;
3.79668;
3.82221;
3.03086;
4.16097;
2.84096;
4.04488;
4.25848;
5.10474;
6.6886;
5.44962;
3.17039;
2.70943;
3.90982;
3.09252;
4.91936;
3.57451;
3.63005;
3.89504;
2.30755;
4.96568;
3.78645;
3.60423;
4.83296;
2.32439;
2.8628;
0.98907;
2.66982;
2.81289;
2.94559;
3.18469;
4.23917;
2.52633;
3.16634;
6.15818;
1.93608;
4.03381;
5.38774;
3.59643;
3.58593;
2.7233;
2.80019;
4.37716;
4.52138;
4.88532;
2.13357;
2.64085;
4.5724;
2.40872;
2.21009;
1.97605;
2.52003;
2.03382;
4.79496;
4.65081;
2.18629;
3.49571;
1.23175;
3.05688;
2.40521;
4.30862;
3.9878;
3.46325;
3.588;
2.72718;
3.52131;
4.79301;
5.05493;
5.88282;
2.04106;
4.30715;
3.31185;
4.18447;
1.42847;
2.7759;
3.83056;
1.52411;
4.16317;
2.74426;
2.8472;
1.79624;
3.64332;
4.72317;
2.48026;
2.43202;
3.07231;
2.08835;
2.40808;
4.92587;
3.17852;
3.85767;
1.98898;
3.66487;
3.79138;
2.49639;
3.1284;
2.42299;
1.63272;
3.65034;
3.64952;
4.11419;
4.34486;
2.96038;
2.90561;
2.5102;
2.78117;
3.23489;
1.9025;
3.93415;
2.49413;
3.2436;
3.58905;
4.73105;
2.59179;
3.28628;
3.2981;
2.91998;
1.87436;
2.91888;
3.37762;
3.27382;
3.99293;
3.12334;
2.6051;
4.02468;
3.52783;
3.17097;
2.4919;
3.70648;
4.71765;
2.15895;
4.3057;
3.12984;
2.2062;
3.47574;
6.81172;
