20.6352;
21.9695;
21.0488;
9.03981;
22.5585;
22.4505;
23.3108;
17.9364;
7.84827;
21.686;
21.7197;
22.9828;
22.3407;
20.4153;
19.5743;
6.65109;
7.9917;
21.5692;
22.4738;
21.3964;
21.6521;
22.9105;
21.8614;
24.0247;
21.6394;
21.2186;
23.2206;
21.8513;
22.5437;
19.9934;
22.8131;
23.7885;
22.3174;
18.9258;
19.4199;
22.6154;
21.1115;
21.4191;
17.7587;
23.132;
19.3202;
19.6724;
21.1917;
22.8227;
25.1157;
24.2684;
21.5537;
22.6158;
17.6614;
21.0877;
24.8449;
17.729;
6.40023;
20.166;
23.2487;
19.1522;
21.2058;
23.0727;
8.84598;
22.1702;
6.9664;
20.1528;
6.68361;
22.0377;
20.984;
20.7644;
17.9172;
19.0646;
21.0857;
19.7814;
20.6564;
21.195;
19.232;
21.0197;
20.9934;
20.528;
20.3869;
19.7994;
20.9273;
22.3149;
22.9819;
23.6119;
20.2427;
21.5712;
22.1099;
18.7549;
21.4047;
22.6268;
25.1728;
24.5947;
19.8243;
23.5626;
19.355;
19.7305;
23.7176;
21.7872;
21.0226;
17.2556;
17.883;
23.0544;
19.8003;
22.805;
23.8802;
8.93974;
22.6982;
21.4706;
19.5539;
17.0092;
22.6929;
18.4697;
22.2313;
17.7119;
20.678;
19.5997;
24.0285;
20.413;
20.1019;
22.1359;
7.99177;
22.2178;
21.0846;
19.8214;
9.10916;
10.2838;
22.378;
17.6258;
18.4595;
20.5466;
8.14215;
18.5443;
22.0902;
10.9772;
23.4258;
21.183;
22.5268;
19.5472;
23.3292;
19.8695;
22.5857;
20.3712;
21.454;
23.8964;
20.8661;
22.4031;
21.6262;
7.46981;
21.4509;
9.0934;
9.64557;
8.68512;
20.8545;
24.8241;
19.4191;
24.6188;
20.9441;
21.5322;
18.0802;
20.6372;
22.9805;
23.9238;
19.7583;
19.5883;
24.2633;
21.8587;
20.9647;
20.3286;
20.5636;
20.9658;
22.0456;
18.8755;
20.4252;
18.4429;
18.0568;
15.2132;
21.5186;
20.5007;
24.6944;
18.7472;
20.0639;
22.3647;
19.3351;
19.066;
20.7219;
17.794;
7.64621;
18.1466;
7.67272;
20.5914;
8.51018;
19.5102;
17.2415;
22.1053;
21.5027;
18.6882;
7.86036;
18.7107;
20.3145;
18.3057;
8.88803;
21.6312;
7.28609;
17.6406;
18.6998;
6.10132;
22.7062;
17.9469;
19.0903;
21.5252;
9.29692;
19.1062;
18.974;
9.86804;
21.3939;
9.55128;
19.0624;
7.74604;
17.9958;
7.58394;
21.9514;
19.3831;
16.5619;
8.84971;
21.4797;
6.42848;
19.6127;
17.8511;
21.1194;
18.1737;
19.3332;
18.1124;
17.6521;
20.6771;
18.6364;
20.6747;
19.4786;
22.4827;
22.6181;
14.8425;
22.2788;
20.655;
8.78008;
10.3188;
6.89358;
19.1852;
19.97;
18.9675;
21.7431;
20.1533;
17.1577;
16.6331;
24.7795;
19.4763;
22.5405;
18.8137;
18.7127;
17.667;
19.0434;
18.9208;
10.9483;
10.1682;
20.5631;
19.5558;
24.0759;
22.509;
20.0244;
22.5894;
18.1171;
16.8457;
19.5657;
20.7977;
17.3116;
21.4453;
22.0105;
20.4067;
19.103;
21.8185;
20.9602;
17.3282;
22.462;
19.4362;
18.9337;
17.514;
21.2559;
19.3602;
20.316;
19.1454;
19.9794;
17.4177;
23.6148;
8.39428;
19.5561;
8.57019;
8.70356;
15.9324;
15.0739;
18.201;
7.73745;
18.7416;
7.58339;
8.60113;
16.5107;
20.6694;
20.4249;
21.3869;
16.3927;
17.9404;
19.5921;
21.0223;
6.42051;
19.4988;
7.41732;
17.9697;
21.1325;
8.77003;
17.7154;
7.43684;
10.0023;
16.2318;
15.9041;
21.4614;
19.9888;
16.9794;
19.8951;
18.8326;
14.5234;
7.37878;
6.41894;
22.5863;
20.0237;
19.1692;
21.9872;
18.2786;
20.9277;
21.2368;
18.3601;
20.2766;
18.7559;
16.3708;
19.476;
20.0157;
17.1407;
21.466;
19.6767;
18.3292;
17.6539;
21.4456;
7.4007;
20.0594;
18.8707;
16.8166;
19.2133;
17.3784;
19.9812;
18.1708;
22.2949;
20.2267;
18.2784;
21.4633;
19.1301;
22.6868;
18.6189;
19.9543;
22.3336;
17.0078;
17.7102;
18.5957;
19.9288;
20.2021;
18.7589;
21.3127;
9.78862;
17.2644;
8.61594;
7.32415;
19.7769;
17.478;
9.65207;
20.4411;
8.39114;
17.3026;
15.8987;
21.2408;
16.4061;
17.703;
18.1036;
15.0553;
23.3281;
20.2233;
17.2324;
20.908;
20.0235;
19.0767;
20.0812;
18.722;
19.1449;
18.1743;
17.9851;
9.50091;
19.7357;
18.8573;
17.3115;
17.5547;
7.45923;
7.43828;
17.3121;
20.0911;
16.3871;
19.0925;
20.7123;
19.8919;
20.2181;
16.3137;
20.9767;
18.1307;
16.5534;
20.6399;
20.1114;
19.0985;
9.58069;
17.7494;
20.3456;
20.9126;
17.535;
18.097;
18.0609;
18.3438;
20.542;
16.0922;
19.1113;
19.9566;
20.9484;
16.0437;
18.2853;
18.6037;
18.449;
15.9677;
18.0036;
17.3062;
19.6151;
18.8349;
21.046;
18.6683;
16.9245;
5.72467;
18.0499;
18.9396;
7.37931;
7.07351;
19.2266;
7.39365;
20.6057;
17.8257;
17.8397;
18.3147;
17.5214;
19.9437;
18.5483;
11.4448;
17.3881;
21.4208;
18.7925;
9.65038;
9.25148;
19.3249;
14.6464;
15.6289;
18.6758;
16.1321;
18.9945;
19.3664;
11.8954;
8.14867;
18.4922;
14.5378;
10.9223;
8.22525;
8.31378;
16.7902;
18.5789;
18.5913;
17.4798;
17.9218;
16.3598;
20.4053;
16.0197;
16.886;
17.3255;
20.2125;
8.90874;
18.3053;
16.634;
16.9287;
17.258;
17.6789;
15.2648;
15.7556;
21.3173;
20.2011;
16.8587;
18.5306;
17.4441;
14.195;
20.2378;
14.3648;
19.2102;
8.10592;
16.2389;
18.4133;
17.8848;
16.0182;
19.1228;
16.8714;
16.2915;
16.4995;
16.617;
15.7172;
20.8484;
15.9761;
19.1663;
14.8044;
16.6947;
19.4834;
17.8734;
15.7143;
14.7982;
9.22211;
17.4057;
19.5071;
15.8195;
17.6235;
18.0898;
18.9475;
18.6356;
17.38;
5.91372;
16.9805;
6.78225;
15.4179;
17.2241;
18.2947;
15.4118;
16.9664;
18.2744;
15.5368;
17.5338;
6.69514;
19.7966;
19.7412;
10.504;
16.6045;
7.05752;
7.00997;
18.306;
17.9086;
17.8095;
18.315;
17.0831;
7.3468;
20.8962;
5.90409;
5.99584;
19.4193;
19.104;
7.93286;
15.9658;
20.7336;
17.2983;
8.61412;
19.67;
16.0535;
7.16739;
19.4673;
15.616;
18.0775;
7.51907;
16.497;
19.6769;
17.7994;
17.2904;
6.76424;
21.0021;
20.6264;
14.6448;
7.07948;
18.9893;
17.8777;
14.2381;
12.9877;
17.5073;
6.80788;
14.0505;
6.83079;
15.7015;
6.61797;
16.1367;
5.61635;
17.4796;
15.9845;
17.7952;
18.9223;
14.7303;
15.4202;
18.0634;
16.7094;
15.4633;
15.6122;
19.9605;
17.0461;
16.1576;
17.3382;
17.1987;
7.10418;
14.3829;
18.3703;
18.4645;
19.5702;
15.548;
15.8708;
16.6095;
18.9167;
15.4344;
16.9951;
15.3645;
5.90632;
5.45557;
5.96798;
16.9008;
16.871;
16.8269;
8.27784;
14.1763;
15.7749;
16.8352;
15.6389;
6.33226;
15.4217;
20.4892;
17.2401;
17.6752;
9.1504;
13.3185;
6.7437;
18.5436;
14.7589;
16.951;
20.4575;
7.0344;
16.1602;
8.8595;
8.16584;
14.8557;
7.9925;
19.7186;
17.2431;
14.2247;
16.1829;
19.6218;
13.1853;
12.9891;
15.5348;
20.129;
13.2478;
17.8533;
13.6847;
18.1115;
15.4417;
18.5075;
16.7236;
16.9299;
16.1611;
15.1446;
16.206;
18.5656;
13.3357;
17.0801;
17.8613;
9.09332;
17.4085;
14.5427;
9.3887;
6.93925;
7.963;
16.0223;
8.09991;
9.01147;
6.80077;
14.0441;
17.2404;
18.9984;
14.0397;
14.1751;
14.423;
14.4866;
17.0859;
15.4332;
17.5724;
14.1786;
15.3151;
8.1239;
18.7815;
10.9867;
14.9224;
7.77929;
7.15057;
16.1206;
16.1141;
13.4225;
13.5964;
14.8137;
15.4618;
6.20104;
15.066;
15.1227;
16.9905;
16.2553;
18.0262;
18.3009;
18.0125;
6.92003;
12.2049;
16.6764;
10.5565;
19.8824;
16.3489;
13.935;
16.3996;
7.76329;
16.014;
16.9931;
17.0075;
14.604;
16.2394;
15.5348;
7.96137;
16.3282;
14.3436;
17.8906;
9.10417;
9.44455;
10.0381;
15.4852;
7.91086;
16.4441;
15.2288;
16.5702;
7.5563;
7.50175;
12.2437;
14.5434;
20.8392;
12.787;
13.7103;
16.6131;
15.2378;
16.492;
17.883;
16.2443;
10.2685;
17.4719;
7.21074;
15.7725;
15.2567;
16.5325;
15.1113;
18.5484;
17.9076;
8.8613;
18.5519;
9.97093;
17.9991;
13.2431;
13.3196;
14.7394;
14.4135;
9.4918;
17.2069;
17.0014;
14.3452;
16.8586;
5.59088;
16.7592;
7.15658;
14.5473;
13.6075;
18.0656;
7.38831;
12.9258;
13.5335;
16.0156;
6.82356;
15.8895;
13.5111;
16.9524;
14.9154;
19.0367;
16.3383;
15.7501;
16.5867;
14.2286;
13.9081;
17.5279;
13.9265;
9.06679;
14.2691;
17.5542;
18.2515;
5.52799;
7.52912;
16.9396;
8.18547;
17.6882;
19.0951;
6.98809;
8.41273;
16.526;
10.9477;
16.5192;
17.3761;
15.6905;
18.0529;
17.125;
17.3791;
17.5319;
16.1331;
15.8479;
15.4954;
16.3781;
15.2876;
11.8471;
16.9236;
13.6849;
16.5987;
14.4715;
15.7214;
13.9664;
14.7649;
13.5768;
13.6107;
14.2895;
14.8511;
14.3619;
15.3245;
19.4067;
14.1815;
14.2758;
13.8781;
16.6468;
13.7071;
15.1059;
15.0912;
16.3;
8.54906;
14.8425;
12.5452;
11.0679;
15.4894;
6.94975;
7.01783;
15.71;
15.4716;
6.62271;
16.5298;
17.3887;
7.66254;
14.3539;
16.1916;
9.9833;
8.60053;
13.576;
18.3977;
8.88835;
8.5414;
15.1236;
16.1726;
16.8864;
8.64867;
19.6956;
18.1737;
8.78138;
7.77995;
6.8609;
16.8131;
13.0992;
17.3842;
16.6409;
8.159;
15.4212;
14.525;
6.94065;
12.7039;
14.7081;
15.3287;
13.3056;
14.6906;
15.7978;
15.6885;
7.67529;
7.77453;
15.3799;
15.0332;
8.60588;
17.4834;
16.7816;
15.9738;
12.4325;
13.3696;
15.2742;
9.94874;
13.3189;
15.3838;
14.5622;
15.5823;
16.0811;
14.9055;
15.3091;
17.0228;
15.3077;
17.1608;
15.9419;
13.9965;
14.4776;
15.4133;
11.9595;
14.5031;
14.9527;
17.9231;
16.2432;
14.6124;
17.3166;
16.4372;
18.5498;
17.6102;
13.2588;
15.5897;
8.08726;
12.2025;
14.8566;
12.5285;
6.69356;
13.9586;
15.1674;
14.3271;
12.6938;
13.1416;
14.9338;
17.8125;
17.8015;
16.2498;
14.8183;
11.7074;
12.3574;
11.0743;
14.7048;
14.2288;
12.2178;
12.1334;
16.5174;
14.8931;
13.852;
13.7977;
17.4284;
13.7908;
12.7417;
13.0739;
13.6496;
15.213;
13.8196;
13.899;
11.2832;
12.6023;
13.7872;
15.7319;
9.84999;
12.9438;
15.058;
16.4161;
15.8702;
8.01519;
13.7769;
16.3868;
15.1092;
16.2534;
15.4266;
16.9009;
15.7038;
9.78251;
11.3479;
15.7575;
16.6636;
18.6694;
16.9386;
15.2512;
11.7964;
16.1159;
14.2515;
13.5694;
10.3871;
16.516;
13.1827;
14.9731;
12.8513;
15.5492;
16.1864;
14.4097;
17.0787;
14.156;
15.5703;
11.1095;
8.71961;
16.21;
14.9859;
14.6372;
16.2134;
13.313;
15.0104;
7.59503;
14.2375;
14.643;
5.28502;
15.3233;
10.6773;
15.2606;
12.7894;
14.8055;
15.6387;
14.3664;
14.5559;
17.5885;
12.181;
15.2547;
14.4616;
17.5017;
16.4902;
16.2082;
11.9591;
15.6836;
12.4649;
14.0569;
14.4254;
15.7451;
15.3048;
13.169;
12.988;
13.1527;
14.3215;
14.6605;
13.0467;
13.6588;
11.6041;
13.5729;
15.4148;
15.6835;
14.0496;
17.3334;
12.6837;
12.0458;
14.4833;
13.389;
16.1031;
14.2879;
12.5374;
14.093;
14.2879;
15.4898;
12.3513;
12.2099;
12.4692;
14.6342;
13.2701;
12.8825;
13.2815;
12.1178;
12.8596;
13.9039;
17.2153;
14.5479;
12.3177;
13.3735;
8.67155;
15.1405;
16.9531;
17.605;
11.0904;
14.3263;
14.8083;
12.9624;
11.0198;
15.7315;
8.84015;
12.1009;
6.23162;
14.2114;
13.5523;
14.3873;
9.2305;
14.7833;
14.8231;
12.4757;
12.2332;
13.8972;
10.6841;
17.1656;
14.4941;
13.6926;
8.66734;
13.7151;
15.6267;
16.3879;
16.8493;
12.8026;
14.7422;
7.76734;
10.7845;
9.87163;
15.1909;
7.26116;
13.9731;
14.3681;
11.2869;
7.29603;
15.0043;
15.537;
16.4112;
13.7978;
14.9635;
16.6073;
7.56854;
15.9551;
14.1412;
7.05364;
6.4698;
5.25005;
14.0787;
9.0621;
7.9546;
14.7821;
12.6418;
13.9323;
11.9987;
13.6766;
14.6144;
14.2658;
9.72326;
11.4529;
13.1933;
13.5887;
14.915;
13.048;
11.5833;
13.0929;
12.2344;
16.6627;
11.8859;
14.0306;
10.6007;
15.2435;
9.7521;
13.3235;
15.8667;
9.89818;
7.57412;
7.70532;
16.6365;
15.9223;
12.2666;
13.1479;
14.2526;
17.3384;
11.0516;
11.4543;
12.444;
14.3263;
13.4395;
6.58658;
15.8218;
5.14311;
15.215;
15.8173;
14.8891;
10.4911;
5.95482;
16.7445;
14.0724;
15.2213;
11.7029;
13.7272;
15.2231;
15.0658;
13.9453;
15.9554;
13.8911;
13.8872;
14.9316;
16.3709;
8.68709;
16.256;
10.4193;
15.2348;
7.14444;
16.2362;
8.52206;
16.0354;
13.2735;
14.3602;
12.6086;
17.0264;
10.0344;
10.954;
11.5465;
4.80916;
13.0791;
5.14014;
9.53996;
14.2199;
15.876;
10.1035;
18.128;
15.0541;
7.40061;
13.8166;
13.4907;
7.62334;
16.5692;
13.2441;
14.8851;
6.69323;
14.651;
6.58382;
13.4173;
16.6976;
12.2061;
13.3643;
11.8346;
8.78145;
12.8398;
10.6634;
15.0435;
8.4499;
13.9397;
12.3714;
14.6121;
7.08467;
13.4117;
13.1011;
13.1012;
13.5329;
10.9426;
15.969;
14.9194;
12.6971;
14.7153;
5.14667;
8.27517;
14.6818;
14.5071;
15.0857;
7.87766;
9.23398;
12.6499;
8.21305;
10.0001;
12.9138;
12.2867;
7.43506;
12.2684;
12.1269;
12.827;
11.2621;
15.3578;
14.1964;
12.2812;
13.9528;
10.1528;
13.731;
14.6286;
11.938;
14.3171;
13.7442;
10.6486;
11.6528;
14.8842;
13.5184;
14.1558;
12.3854;
14.455;
13.9411;
16.3128;
15.2423;
11.7128;
12.2092;
11.1778;
13.8379;
13.0898;
17.908;
12.3755;
12.8341;
12.6139;
13.096;
11.6105;
14.6688;
15.0475;
12.0813;
13.305;
12.6184;
13.5248;
13.014;
12.5318;
15.08;
13.1073;
13.1399;
13.4773;
9.55161;
12.5411;
14.1968;
15.2542;
11.3659;
13.1883;
8.42846;
12.602;
11.5592;
15.514;
14.4137;
13.0225;
12.7475;
11.9013;
13.9769;
13.4136;
15.4786;
14.2828;
13.8128;
11.6641;
12.1764;
15.9732;
14.289;
12.4038;
12.9201;
13.0886;
14.4703;
11.7062;
14.5111;
15.294;
13.5842;
11.8631;
12.1415;
12.5362;
13.7203;
10.5724;
12.6273;
10.506;
12.8214;
13.1959;
13.1333;
13.4371;
12.9682;
13.2199;
13.5983;
11.9946;
11.7137;
9.62829;
14.8492;
11.9325;
13.7706;
12.576;
12.892;
10.6775;
10.1628;
12.0648;
10.5306;
14.5563;
12.6085;
9.80147;
12.9735;
10.7514;
13.665;
9.74714;
14.5273;
15.1965;
11.7878;
10.9703;
11.6918;
8.02265;
11.4454;
10.5735;
4.88343;
12.6146;
6.54396;
13.889;
6.19749;
11.1367;
11.406;
13.0217;
8.45017;
14.5172;
12.6835;
6.94056;
11.2663;
13.7535;
14.1105;
11.9504;
13.8349;
11.8126;
11.3812;
11.0926;
12.7713;
13.1559;
12.8923;
12.6683;
12.3069;
7.11423;
6.33584;
14.9018;
16.6886;
6.31391;
10.2881;
12.8573;
7.81539;
6.99483;
8.46296;
9.75723;
11.024;
8.21622;
12.1165;
13.3152;
13.6203;
10.2237;
9.07644;
10.491;
8.33345;
5.87507;
8.30194;
14.572;
7.79791;
15.1443;
9.63326;
10.9693;
11.8251;
14.4631;
13.2186;
10.4163;
6.75111;
10.4303;
7.34831;
15.971;
6.79936;
11.7927;
12.2122;
10.7997;
9.61056;
13.3858;
12.3329;
15.0865;
13.6128;
12.8236;
9.12543;
11.9508;
10.6756;
12.9808;
12.4571;
12.6723;
11.767;
12.8709;
13.2106;
14.5175;
12.2054;
11.8885;
12.7856;
6.6286;
13.419;
9.71266;
12.7476;
13.2956;
8.98722;
13.1799;
11.4109;
8.14446;
7.31787;
14.4085;
14.0573;
14.0344;
13.4625;
13.9242;
9.93714;
12.9209;
11.1344;
11.5781;
11.9944;
7.4697;
10.2763;
10.0455;
8.70548;
8.79682;
12.7717;
10.8867;
7.64089;
12.5551;
12.169;
10.8869;
13.2607;
11.7209;
9.25749;
15.4469;
9.80324;
12.5625;
13.2555;
9.76088;
10.8275;
12.092;
14.8041;
6.23252;
11.1497;
6.96742;
12.8707;
13.3624;
7.46511;
11.6977;
11.6097;
14.4579;
12.4809;
12.2818;
11.7311;
15.778;
11.7616;
10.0874;
11.8983;
12.4602;
12.4004;
12.2711;
12.732;
13.6306;
12.2572;
9.58522;
13.6396;
14.3736;
13.7585;
10.336;
14.1283;
8.67528;
11.2733;
12.5059;
12.0467;
11.5188;
10.6034;
13.7168;
13.2205;
12.8023;
12.1574;
13.6801;
10.9071;
10.5418;
10.5611;
15.9828;
10.702;
11.6389;
13.7694;
12.7195;
12.4257;
13.8967;
14.4039;
14.2742;
11.5573;
12.2335;
10.1519;
10.1184;
10.2606;
13.2442;
10.6311;
14.8249;
10.1867;
11.3671;
10.9509;
14.2593;
6.88701;
11.3092;
12.0943;
10.8291;
12.6277;
10.4907;
11.1616;
11.5419;
11.3269;
11.0778;
10.0184;
12.6082;
12.1086;
11.2406;
12.6938;
13.0772;
13.0222;
14.8357;
12.7819;
9.58897;
11.6125;
11.1477;
11.4398;
9.276;
11.9324;
14.2092;
11.899;
13.2197;
12.6359;
10.0988;
6.95175;
10.2372;
14.231;
13.8223;
12.8181;
11.6325;
15.7399;
9.34023;
9.45148;
11.1722;
11.7986;
11.3523;
11.7714;
8.08639;
12.6615;
12.7006;
8.23457;
6.16414;
11.5307;
11.1819;
9.49691;
15.1128;
8.61607;
11.3167;
14.5082;
4.53782;
11.1886;
12.474;
12.0791;
12.0855;
12.2696;
10.9475;
13.668;
12.9173;
13.0077;
12.127;
10.2311;
6.82407;
12.6149;
11.1178;
13.7866;
11.8309;
12.9892;
9.61053;
10.1631;
11.2038;
11.1999;
11.5516;
11.9567;
13.5534;
7.61654;
10.3352;
12.2317;
10.6628;
13.9984;
12.9299;
15.4511;
11.8776;
12.7157;
12.0977;
12.1112;
10.3054;
10.6829;
13.0204;
13.5139;
15.125;
12.3122;
12.5867;
11.4054;
15.454;
11.5474;
9.79807;
11.3996;
12.2569;
14.2102;
11.7267;
15.9069;
9.60604;
12.2028;
11.5721;
9.04619;
13.959;
12.6345;
7.91851;
9.39135;
13.2185;
13.1012;
10.6805;
9.98289;
9.78343;
13.4716;
10.4659;
12.9947;
13.6494;
12.8789;
13.0586;
10.7028;
11.7308;
13.1687;
11.1649;
9.74844;
11.9652;
11.0656;
15.1638;
11.3591;
10.9126;
13.24;
14.4146;
9.35534;
12.5642;
12.1791;
6.04467;
11.6398;
9.892;
6.89127;
11.2948;
14.1982;
10.4272;
10.5519;
8.92161;
9.99465;
13.1196;
12.7099;
14.8089;
11.4021;
12.8005;
12.2957;
13.2197;
12.9939;
10.5727;
11.6545;
12.1546;
7.8172;
11.1958;
11.277;
10.6527;
12.1351;
7.83978;
11.7764;
10.6114;
6.28196;
10.889;
5.96437;
11.8783;
12.0396;
6.07455;
10.123;
11.8558;
12.7353;
14.6209;
13.6395;
10.1252;
10.5433;
13.8934;
10.2569;
10.1733;
13.9259;
9.88738;
11.1269;
8.72215;
11.1012;
11.8921;
10.8371;
10.7049;
10.3167;
10.4166;
11.1443;
9.02616;
10.4789;
11.458;
10.1467;
12.0005;
7.87077;
11.197;
8.49182;
13.3295;
11.9603;
11.5441;
8.1786;
9.78372;
9.22153;
9.75793;
8.29124;
12.9261;
13.172;
10.5742;
11.9738;
9.20399;
12.1669;
15.3432;
8.3815;
10.1134;
12.8856;
9.58326;
10.7765;
10.9932;
11.5387;
8.87529;
11.8808;
11.1585;
5.86146;
11.0647;
8.38597;
8.10794;
12.7916;
10.4984;
11.9198;
10.7365;
9.20131;
11.457;
12.5274;
9.53321;
11.5028;
6.18349;
11.7306;
10.4983;
10.6175;
11.1466;
13.2933;
11.8586;
10.7475;
10.3964;
9.25705;
12.2138;
10.7818;
7.92088;
7.49716;
7.05509;
11.2037;
10.1421;
11.4874;
12.6722;
12.9889;
11.1033;
6.15485;
11.5631;
11.7485;
11.6942;
11.9385;
11.1711;
10.0188;
10.3593;
9.35034;
9.90497;
10.4377;
12.7742;
8.14172;
13.6474;
10.5505;
8.73311;
12.6264;
11.8149;
10.7073;
10.8115;
7.12798;
12.8395;
11.6491;
11.3209;
10.0583;
9.18774;
9.55237;
9.56298;
9.36192;
12.5874;
7.18649;
10.5424;
9.2319;
10.9768;
8.14763;
10.5748;
10.5623;
9.59555;
11.7389;
9.20707;
9.85361;
8.59085;
10.8328;
15.0818;
11.2327;
12.3688;
12.3537;
7.93964;
14.6503;
11.0177;
11.4789;
10.2753;
10.1323;
11.9466;
9.44165;
13.7833;
5.29689;
12.7032;
12.0139;
6.94537;
12.1576;
8.86037;
10.3315;
7.08817;
10.3341;
9.36379;
11.7535;
11.595;
6.3578;
12.0733;
9.81607;
10.0649;
11.2198;
11.3223;
9.97876;
9.73532;
11.3103;
9.6695;
11.1725;
12.7385;
9.9726;
10.1828;
12.2836;
6.98007;
11.7923;
11.2082;
11.2882;
10.9863;
10.8706;
10.9801;
12.6498;
14.9608;
10.7583;
12.4659;
10.9837;
11.132;
11.8229;
6.42982;
5.6378;
5.67385;
6.85389;
13.3934;
12.3256;
9.1777;
9.94753;
8.43228;
13.8828;
11.4212;
13.8313;
7.08043;
9.1316;
7.24928;
8.1025;
10.7342;
14.2695;
13.5548;
11.5859;
9.64069;
12.224;
10.1011;
10.6172;
13.2438;
9.94933;
12.2316;
12.5125;
11.9678;
9.79501;
12.0965;
9.38588;
13.8253;
8.26984;
6.8929;
10.336;
7.78091;
9.0972;
9.03939;
8.97278;
9.42916;
9.64986;
11.2608;
9.89617;
11.2144;
8.03306;
9.97577;
5.02883;
11.8959;
6.10435;
6.5311;
10.3826;
11.194;
10.3298;
11.5591;
9.94709;
10.0448;
6.75363;
8.25036;
5.5604;
10.3558;
11.5458;
11.0268;
8.97528;
11.3022;
10.318;
12.9657;
11.8152;
12.5586;
8.61995;
11.913;
5.66468;
6.08174;
11.5018;
8.46692;
9.7193;
12.3354;
8.5373;
12.1642;
10.2895;
10.5871;
10.9314;
8.94114;
8.88663;
6.95579;
10.9666;
6.54437;
9.81199;
10.3891;
12.3736;
10.3216;
8.06891;
9.67398;
9.96968;
11.5129;
10.313;
8.9833;
4.30133;
12.3571;
7.80788;
7.82794;
10.6451;
9.7241;
11.887;
7.26195;
6.82688;
11.2447;
8.14494;
9.45554;
12.0944;
9.32719;
6.77183;
9.19152;
13.0501;
9.9955;
9.73697;
8.32711;
5.25373;
9.17933;
12.8678;
11.4815;
12.168;
8.35983;
9.38993;
10.2475;
11.9421;
9.10822;
9.68946;
10.4542;
10.3575;
10.1597;
7.20991;
10.0915;
10.4291;
9.98245;
9.33887;
14.6452;
9.76823;
10.4064;
10.2568;
7.1985;
9.38188;
5.85132;
7.10839;
11.0766;
8.62049;
7.47678;
10.9072;
10.7522;
9.91654;
8.88934;
12.5372;
7.61511;
10.7565;
7.15176;
8.56051;
12.439;
11.1945;
11.3418;
11.9036;
5.24475;
10.6746;
9.28962;
5.28731;
14.2025;
10.5743;
8.81464;
13.7353;
10.702;
9.82442;
8.90719;
10.78;
11.4215;
8.90891;
10.8106;
10.0171;
8.50842;
8.84303;
9.21915;
11.8841;
5.6807;
8.39414;
8.48752;
7.52958;
7.28747;
12.0472;
7.16882;
10.6201;
10.4973;
9.5186;
12.8451;
8.5913;
10.5023;
10.462;
9.93245;
10.3079;
9.72346;
9.83524;
7.87355;
11.4361;
9.87064;
11.5185;
10.0014;
7.71359;
8.39279;
9.34284;
9.12342;
9.73583;
7.77975;
10.3404;
7.84368;
5.42281;
8.30183;
8.47061;
9.67132;
11.0751;
11.3723;
9.4799;
9.84885;
10.8324;
10.465;
9.70902;
10.2959;
9.0725;
10.0743;
9.34328;
9.16475;
9.68723;
12.1952;
10.6051;
8.21923;
8.43473;
12.3213;
9.86798;
9.08895;
9.55362;
8.34377;
9.44568;
9.45911;
9.04914;
10.4492;
9.61493;
7.09473;
10.3715;
9.66192;
10.1555;
10.8178;
9.46908;
11.3334;
8.28198;
9.43258;
9.08109;
10.1881;
9.27257;
11.546;
10.746;
12.4449;
9.17833;
6.59812;
9.43277;
11.5204;
12.9688;
9.91793;
8.7228;
10.2379;
6.78064;
6.66575;
10.7911;
10.7946;
9.43638;
9.32049;
6.79206;
11.4386;
7.85012;
8.73857;
7.31704;
9.25711;
10.2725;
10.3699;
8.98825;
8.69328;
9.14558;
9.38277;
9.39766;
10.1824;
5.40531;
11.292;
10.2293;
10.0937;
10.5949;
10.5765;
10.5598;
8.81801;
7.5299;
11.0857;
7.85387;
8.48343;
9.35858;
6.42984;
10.2592;
8.98318;
11.0384;
7.46952;
7.44964;
9.58726;
8.284;
11.4719;
9.69438;
8.9715;
6.31526;
8.60542;
10.3588;
9.58498;
8.11993;
6.54045;
9.83863;
7.82777;
11.4675;
8.03808;
9.25209;
10.4413;
10.8071;
8.21847;
10.4349;
9.04815;
7.77394;
9.94926;
8.73354;
8.55629;
9.57449;
9.67008;
6.37929;
8.28923;
8.48074;
8.96332;
12.0032;
10.4096;
9.29542;
8.69896;
9.33226;
7.13594;
10.0709;
11.0447;
7.88126;
11.6303;
7.58847;
7.42042;
8.52549;
9.79482;
10.0249;
10.0166;
8.16569;
7.99434;
8.50244;
8.06988;
5.65097;
10.501;
7.7541;
9.82361;
9.13932;
6.68147;
10.4376;
6.97503;
7.36056;
10.4732;
9.58403;
7.19065;
9.37704;
8.10011;
5.37969;
10.0045;
11.2558;
5.81169;
9.2101;
9.35694;
9.16298;
7.77818;
7.26547;
8.98218;
10.4188;
9.22517;
9.77171;
7.21955;
7.52381;
9.8229;
5.38616;
10.8199;
6.7665;
8.12734;
9.93953;
7.30449;
8.38577;
10.5136;
5.29227;
9.863;
9.89863;
11.067;
8.54054;
7.66893;
9.44831;
8.30061;
7.09612;
9.26798;
10.0459;
8.86573;
8.81488;
11.5265;
7.91647;
6.4999;
9.20609;
8.43854;
11.1955;
9.21611;
11.5235;
7.69972;
7.38414;
8.4756;
6.78138;
7.78983;
8.87452;
9.15944;
9.84833;
12.509;
10.6414;
7.64179;
7.62286;
8.93284;
8.52505;
8.25809;
8.88838;
10.0524;
5.48179;
10.7045;
9.24329;
8.74869;
7.44785;
7.37419;
9.32529;
12.0559;
9.90413;
11.3277;
7.79251;
9.97367;
10.4546;
7.03232;
8.79459;
9.97651;
11.1145;
10.1315;
9.11871;
8.76854;
9.28091;
11.2563;
10.3261;
8.23607;
10.0413;
10.7778;
10.1555;
7.48739;
9.64922;
12.0811;
12.1513;
9.09993;
9.90359;
10.308;
10.9762;
8.40398;
10.2127;
11.245;
8.78223;
9.97929;
7.9009;
10.9681;
8.00561;
9.10437;
9.96886;
9.13888;
10.4549;
10.5029;
9.00188;
9.98827;
7.02193;
9.5155;
5.61409;
8.76963;
6.91146;
6.78709;
8.95941;
10.9674;
8.35406;
6.92806;
9.03831;
7.94049;
9.894;
11.0453;
5.90401;
10.0072;
7.37334;
8.65591;
6.93667;
5.37841;
9.94402;
11.2535;
7.75868;
6.23271;
8.52214;
9.95884;
9.27422;
7.43116;
7.70279;
6.33482;
8.77849;
8.92326;
8.35148;
6.32744;
6.62209;
8.74847;
9.82344;
10.269;
10.0493;
9.22688;
7.50166;
9.75554;
5.71127;
8.99379;
6.49922;
9.48825;
11.0947;
7.43382;
7.25018;
8.35326;
7.58711;
9.49697;
10.2737;
10.5776;
8.74974;
6.28363;
9.44256;
11.8817;
6.92571;
10.062;
9.2296;
8.08002;
6.20319;
8.97728;
10.5533;
9.2715;
10.9938;
5.68951;
7.95873;
9.17939;
9.32137;
9.99496;
10.1788;
7.43205;
8.4245;
7.47859;
9.79214;
9.67312;
7.55929;
7.28345;
6.97942;
10.928;
9.12724;
9.82288;
7.88794;
9.99361;
11.2602;
10.0072;
7.29144;
6.88293;
11.5937;
9.05932;
8.74579;
8.78769;
8.27084;
9.02876;
10.1147;
7.77328;
6.38954;
10.2671;
9.30353;
9.70647;
9.47113;
9.02114;
8.5077;
9.28972;
9.75124;
8.25458;
9.1724;
10.8949;
9.90609;
7.82421;
7.26312;
10.8684;
7.27781;
8.03201;
9.84588;
6.62191;
7.17219;
8.70394;
7.81457;
6.90744;
7.00798;
9.23929;
6.59754;
5.93887;
8.72924;
11.185;
9.32473;
10.5112;
8.32036;
8.73735;
10.5829;
9.01856;
6.29861;
4.7152;
9.22945;
9.32058;
8.30046;
9.04667;
9.07736;
9.82793;
10.1617;
10.1642;
7.93269;
8.14877;
11.572;
6.48403;
8.00241;
10.4768;
12.6458;
11.7185;
8.8175;
6.24851;
7.13028;
9.52152;
6.76531;
11.179;
7.16647;
8.74193;
7.88816;
9.05872;
6.6361;
8.75533;
7.29463;
7.23809;
9.74104;
10.3658;
8.7448;
8.72546;
10.8334;
7.12651;
8.76842;
9.69913;
9.83047;
11.526;
11.1644;
9.97683;
10.3028;
7.52486;
6.90577;
8.38604;
11.1093;
7.4346;
8.59419;
9.70354;
10.6528;
8.25728;
7.8148;
5.20447;
10.3571;
9.09934;
6.84896;
9.90353;
10.3163;
7.25198;
6.33387;
8.3053;
6.14573;
8.1041;
8.75907;
6.94644;
9.38729;
7.50441;
8.68295;
7.46382;
11.1775;
9.46586;
8.56608;
8.86242;
7.97883;
6.44721;
10.5025;
6.77668;
7.62939;
8.90181;
7.12157;
8.75261;
8.75518;
9.98905;
7.63033;
10.345;
11.7395;
9.54397;
8.3767;
7.38676;
8.70865;
9.35618;
9.75519;
6.93118;
10.9605;
7.3123;
7.50697;
8.26196;
8.90636;
11.4003;
6.02865;
8.39006;
6.89279;
7.4207;
8.61335;
9.04427;
8.84275;
6.11105;
7.88732;
11.0413;
6.48996;
10.1757;
8.56259;
14.6461;
7.54317;
8.16902;
9.00192;
7.85573;
9.18909;
10.5325;
6.19408;
8.2058;
6.92033;
10.6502;
7.78103;
8.30864;
9.2848;
11.7414;
8.86314;
11.593;
6.3;
9.46167;
6.64186;
9.56346;
6.97502;
10.0681;
10.9428;
11.5433;
9.69286;
9.35582;
6.17476;
6.27001;
11.8224;
7.69511;
9.66156;
6.2038;
8.45073;
6.67666;
7.65734;
8.38152;
6.13059;
8.68356;
10.8949;
8.05314;
7.83336;
7.97216;
9.75813;
8.38367;
8.68961;
10.5882;
6.86907;
9.33765;
8.30722;
8.22257;
10.719;
8.44595;
7.701;
7.02282;
5.20174;
8.86682;
7.06808;
7.11072;
8.98521;
5.95488;
9.79951;
7.78566;
9.52874;
8.11155;
7.43306;
8.26497;
9.00919;
9.36034;
9.40955;
10.626;
8.15171;
6.12801;
6.00506;
12.0643;
10.6697;
11.1306;
8.07476;
8.7224;
7.41814;
8.25463;
6.86873;
11.1165;
9.88913;
8.71262;
10.0637;
5.88962;
9.82148;
11.1174;
8.76196;
9.2144;
8.21508;
7.92997;
7.02736;
11.5943;
7.59146;
9.08319;
7.01302;
5.38289;
13.7824;
9.65909;
7.89686;
6.88426;
7.17427;
7.53773;
7.19977;
10.1002;
9.47097;
10.3008;
9.775;
9.66294;
8.27551;
7.21009;
10.9396;
9.69393;
9.66061;
8.38125;
5.76041;
8.73966;
9.06366;
8.61094;
10.8496;
9.75415;
6.89652;
7.12304;
11.7853;
8.74944;
7.84122;
5.57785;
8.74418;
9.80002;
7.62649;
7.52805;
6.79807;
6.51697;
5.87465;
5.63825;
4.78148;
9.26545;
11.264;
10.7021;
8.02453;
9.85196;
7.21136;
12.6678;
10.0625;
8.55472;
6.60278;
7.86218;
9.27721;
7.49976;
8.00197;
7.50675;
8.56474;
8.91009;
7.90541;
7.89727;
7.70907;
7.7739;
9.42681;
6.83942;
10.2085;
7.5083;
6.42156;
8.34013;
8.20235;
9.39832;
8.9265;
7.1291;
8.40884;
8.65288;
7.03069;
8.1131;
11.3855;
9.32394;
10.9638;
7.40997;
7.40114;
9.21841;
8.355;
6.98282;
6.0761;
8.05448;
6.84081;
8.09283;
8.08279;
9.69659;
6.25042;
9.82924;
7.68654;
6.78058;
8.54614;
9.49652;
7.37555;
6.32915;
7.96351;
8.54982;
6.95232;
10.193;
8.46291;
7.28143;
8.65495;
7.58338;
6.20557;
7.94057;
6.88879;
8.10812;
9.33328;
8.44483;
7.31382;
7.56109;
5.37462;
7.36965;
7.11248;
7.44419;
9.12125;
5.97873;
10.8309;
7.98846;
7.18036;
9.75685;
8.56113;
8.59401;
8.25759;
5.95275;
9.56675;
7.36575;
6.20398;
10.0879;
7.27951;
7.62616;
7.48205;
6.30291;
9.21167;
8.23747;
9.12389;
7.79082;
8.10826;
8.76714;
7.54759;
7.8356;
6.63674;
7.1297;
7.01383;
8.86062;
7.52581;
9.58727;
6.5188;
10.258;
7.41312;
6.72594;
8.27061;
8.16308;
8.37704;
9.50223;
6.104;
9.26179;
4.32003;
7.64953;
10.5691;
6.60071;
7.14402;
9.27993;
7.23852;
6.89957;
6.97285;
9.44638;
7.01673;
9.30582;
7.70424;
9.71498;
7.10124;
7.88897;
6.11081;
8.61959;
9.52929;
6.12913;
7.04012;
6.51281;
5.15111;
10.5454;
10.2549;
10.3469;
7.78461;
8.44689;
8.27707;
9.792;
9.74481;
10.4015;
7.39069;
6.32049;
10.2112;
7.12401;
8.2416;
8.92494;
7.42679;
8.64326;
7.55874;
7.82859;
5.69245;
7.146;
9.7003;
11.5357;
7.23418;
12.2216;
7.27116;
12.1969;
6.59008;
7.96723;
8.72076;
5.71381;
9.76206;
7.40455;
8.58327;
10.4067;
8.04319;
7.68105;
9.41307;
7.33923;
7.29569;
6.48746;
8.52357;
8.67769;
6.51188;
6.75017;
9.17206;
6.97661;
6.44823;
7.31982;
7.43861;
11.9348;
11.5092;
6.92921;
6.84394;
7.14173;
8.72549;
6.31226;
7.45026;
7.52871;
7.62048;
8.51066;
9.02498;
5.71821;
8.41287;
8.34229;
6.19368;
7.22034;
6.3139;
9.24119;
6.51288;
6.67676;
7.63397;
10.6135;
10.7349;
10.4937;
7.8112;
8.06497;
7.3347;
7.1237;
11.6186;
8.60152;
9.80422;
5.28922;
7.23211;
9.29074;
8.66386;
5.76426;
10.1557;
9.86724;
7.24931;
9.31315;
7.94596;
6.75773;
8.27232;
11.2268;
6.30435;
7.22351;
3.8432;
6.77709;
6.43638;
7.74509;
7.85175;
10.0184;
7.98134;
6.74788;
6.46212;
6.98201;
6.46805;
9.55355;
6.24346;
5.43946;
6.77214;
8.37548;
6.73107;
7.0053;
6.27386;
7.24736;
6.82712;
5.4276;
6.43243;
5.69064;
8.98394;
9.25144;
8.79439;
9.73489;
5.10338;
9.50562;
6.9287;
5.9259;
7.09501;
6.54675;
7.2182;
10.2663;
7.96848;
8.58535;
6.68158;
8.02029;
7.29428;
9.34943;
8.94217;
7.25595;
7.18282;
8.38207;
6.59953;
11.4979;
9.35656;
7.50323;
6.60336;
7.96729;
7.4226;
7.19546;
8.27555;
7.27075;
7.0081;
8.48924;
7.29241;
8.40941;
4.06118;
7.16772;
8.49707;
8.61641;
8.87787;
9.49115;
10.0043;
8.03409;
6.71001;
6.57126;
9.58512;
7.61915;
6.34179;
10.6483;
6.60568;
5.72223;
7.8208;
7.66011;
9.33148;
7.43683;
5.34184;
10.2308;
6.83541;
9.76774;
9.11361;
5.84793;
10.3509;
6.1069;
10.6;
9.29527;
6.97057;
6.32878;
9.46615;
7.26671;
7.04037;
7.62174;
7.90466;
10.6783;
6.74593;
5.71293;
9.01011;
8.8487;
8.4102;
9.21177;
9.40218;
6.48879;
5.48489;
8.00929;
8.06221;
6.44941;
8.93667;
5.72997;
7.92807;
5.56047;
7.68296;
8.56954;
4.8023;
7.79045;
17.4307;
9.45129;
8.34184;
10.2833;
8.43733;
6.45522;
8.27811;
9.08722;
7.0381;
6.8164;
11.3218;
6.81189;
5.2509;
6.23153;
6.36034;
9.70657;
8.16864;
10.6123;
8.14235;
7.62974;
6.01721;
10.5437;
7.87703;
8.559;
7.47243;
8.23859;
8.87482;
7.81623;
4.63878;
8.93996;
7.63398;
6.60591;
7.77092;
8.38259;
9.10083;
7.88983;
8.40074;
7.69585;
6.13714;
7.29623;
7.75055;
9.83546;
9.09311;
7.77016;
6.09804;
6.68722;
7.42997;
7.55209;
7.07765;
8.15829;
4.68595;
8.3131;
8.53248;
5.69359;
6.79982;
5.47491;
6.91051;
8.06138;
8.02275;
6.32106;
8.54336;
8.48792;
6.51981;
9.92718;
7.92393;
7.26859;
7.56142;
7.75287;
8.29747;
9.60018;
8.09898;
7.0713;
9.28423;
7.21966;
8.15603;
9.02273;
7.20513;
8.48454;
10.5975;
9.15255;
8.53612;
7.94524;
7.59818;
7.06985;
9.86976;
7.92054;
8.24716;
5.94422;
4.97633;
7.25086;
8.17732;
9.17058;
6.51527;
7.92753;
9.8777;
6.24111;
7.47358;
5.45366;
5.95587;
9.47848;
6.25026;
8.46443;
7.1477;
10.073;
9.42529;
12.9697;
7.81698;
5.51213;
6.63728;
6.14617;
9.08077;
9.7178;
7.16413;
8.70271;
5.79686;
7.85646;
9.48258;
8.77823;
6.03013;
4.81893;
8.75154;
7.99844;
7.97962;
5.13282;
8.82993;
6.35599;
6.78995;
6.2892;
8.65268;
10.4953;
7.44745;
7.35195;
9.36251;
8.17465;
6.02166;
5.54094;
8.25753;
7.10001;
10.012;
11.3536;
11.3742;
6.53524;
9.85613;
7.72605;
4.62776;
11.07;
7.28383;
8.93814;
7.75975;
7.04346;
8.80778;
5.34573;
8.29219;
8.90908;
6.19063;
6.94916;
9.1115;
7.82179;
7.74834;
8.71131;
7.61716;
6.50175;
14.5512;
8.20601;
8.03369;
8.49484;
6.81105;
6.5334;
6.62376;
7.84961;
10.2311;
9.40268;
7.2156;
9.90158;
7.88487;
9.75583;
8.30346;
7.42157;
7.06683;
8.43867;
12.2893;
9.00572;
7.93423;
5.24414;
11.2778;
7.28436;
9.08342;
8.57054;
9.90763;
5.80924;
8.09947;
7.52262;
5.56614;
9.18723;
8.39253;
9.52243;
9.15536;
10.049;
9.96783;
4.01148;
9.49722;
10.9659;
9.27721;
11.0174;
7.11532;
8.25125;
5.78949;
11.3232;
6.6173;
5.22954;
11.8422;
6.12574;
8.21655;
9.24524;
5.63439;
8.89038;
5.56709;
6.68106;
7.01052;
7.31372;
8.55459;
5.49787;
7.3389;
6.60993;
7.01292;
10.0598;
7.48468;
7.05367;
10.8243;
5.63583;
5.90457;
5.33732;
7.75285;
4.49858;
7.88443;
7.91061;
8.68293;
9.73758;
8.50406;
7.43727;
6.8986;
10.2249;
6.32722;
9.49774;
8.97954;
6.61193;
10.0139;
8.22112;
7.58417;
6.74753;
7.08379;
5.27284;
6.33257;
4.61186;
11.8236;
8.19079;
7.73906;
6.86275;
7.79883;
9.94501;
10.2674;
7.34365;
10.1195;
9.74711;
9.84463;
6.65767;
9.3741;
6.77232;
11.1986;
10.0986;
6.79149;
9.20639;
8.20383;
10.6321;
6.88494;
6.12784;
7.04131;
7.35934;
5.31282;
5.28182;
8.19507;
8.34755;
6.59362;
6.82898;
8.1826;
6.84513;
8.15733;
9.9872;
7.09522;
7.12767;
7.97549;
8.78475;
8.08331;
10.3879;
7.9552;
7.18269;
5.81508;
8.17784;
6.69439;
5.8024;
9.78491;
5.32663;
7.39733;
8.05765;
9.50513;
6.33126;
7.86243;
6.62776;
10.5089;
8.07496;
11.037;
6.50107;
3.92155;
9.56399;
10.7963;
5.47571;
8.72656;
8.79538;
8.75721;
11.4496;
10.3374;
6.61574;
6.51595;
10.3374;
6.74644;
7.06903;
5.57833;
8.73031;
5.67633;
10.2008;
7.81579;
8.33139;
8.22444;
8.87056;
8.51457;
7.90993;
10.5547;
6.9921;
5.84275;
6.31004;
9.42035;
7.45774;
7.30661;
6.82093;
8.60764;
8.95312;
8.10184;
7.43237;
7.13375;
5.7746;
7.73149;
9.13727;
7.56384;
6.58187;
7.88687;
6.43118;
6.12593;
9.07579;
7.00896;
5.66891;
6.94006;
5.97422;
8.45871;
10.478;
9.67774;
8.58335;
8.5302;
7.61176;
6.04306;
7.06656;
6.07667;
10.0635;
8.12681;
6.16593;
3.31718;
7.72223;
7.35443;
7.00245;
9.63072;
6.21505;
6.51973;
6.07708;
7.17768;
8.50382;
7.13825;
7.77932;
9.53786;
7.55214;
8.73568;
7.1996;
6.34104;
7.87993;
5.94097;
7.73197;
5.38882;
6.01503;
9.23021;
7.56599;
4.53441;
7.84528;
5.57372;
5.92471;
6.47235;
6.53445;
10.3287;
8.23818;
8.91858;
6.17076;
7.48794;
9.99804;
5.93083;
6.24853;
5.28685;
12.97;
5.18118;
5.30179;
8.21363;
8.75324;
10.6603;
9.19322;
6.96031;
6.35382;
7.94563;
5.83142;
8.58534;
9.4659;
6.81401;
8.43781;
9.77165;
7.33793;
8.37882;
7.4991;
7.3064;
5.97393;
6.60527;
7.07645;
5.46715;
7.95602;
6.71196;
8.8921;
8.75255;
5.38434;
6.71909;
8.54545;
6.92719;
8.48209;
8.01819;
6.93856;
9.55568;
8.96735;
5.68002;
7.35307;
8.2501;
7.66889;
8.47913;
9.16746;
5.77515;
6.52528;
7.58721;
6.17933;
7.41293;
5.30247;
8.22443;
9.77343;
7.2234;
6.5122;
9.0665;
10.3851;
8.93117;
6.957;
12.875;
7.96665;
9.88293;
8.30299;
8.15715;
6.15553;
6.50358;
8.09857;
5.66448;
6.63303;
7.19925;
5.82178;
4.29232;
7.71912;
6.61629;
6.89747;
5.59359;
7.74821;
10.4172;
5.71747;
7.71456;
7.24593;
8.58183;
11.1458;
6.35154;
6.14896;
3.71632;
6.36274;
7.32993;
8.12294;
7.69179;
13.1579;
6.67748;
7.99238;
9.31285;
7.68269;
4.83423;
8.58336;
6.68767;
7.40501;
7.45843;
6.4355;
7.98513;
8.13435;
8.61968;
5.67401;
6.26535;
7.47463;
6.18043;
3.84574;
5.34629;
8.8903;
13.3577;
8.32586;
6.21211;
7.35541;
7.42409;
7.65685;
11.2303;
5.75169;
6.98676;
12.5704;
5.37825;
7.29246;
6.38243;
7.34693;
9.6744;
7.79738;
11.3134;
6.92994;
7.914;
6.82031;
7.40844;
9.76037;
5.12117;
5.58122;
8.1158;
9.82613;
6.51249;
5.09293;
7.7342;
7.99327;
7.48738;
5.45896;
11.6561;
7.84676;
6.91532;
6.21385;
7.64242;
9.15919;
7.26518;
9.73138;
6.3534;
7.28804;
4.99503;
7.02551;
9.2967;
9.73219;
7.6271;
5.00689;
5.66049;
10.4478;
7.51721;
8.04572;
10.6018;
13.5091;
7.21078;
6.35353;
7.37712;
12.1773;
8.73502;
13.373;
6.80163;
8.69632;
10.6814;
6.03988;
14.5863;
5.82016;
9.66724;
7.60413;
5.22097;
5.78331;
7.47361;
8.69928;
6.17071;
5.60329;
7.7551;
10.4826;
9.68937;
7.20223;
6.08677;
7.26254;
8.43103;
7.42077;
6.96945;
6.11974;
7.93581;
6.28953;
4.7012;
8.52429;
4.49594;
7.16619;
6.00186;
8.61111;
7.13035;
7.33206;
7.37845;
7.44309;
10.5225;
3.543;
9.52257;
5.45431;
7.62021;
5.61774;
7.19329;
6.30795;
7.11895;
5.85666;
7.34224;
6.98645;
6.50344;
6.38714;
6.5216;
7.97089;
5.22175;
5.80656;
8.00051;
6.45442;
6.14548;
8.80331;
8.3001;
5.28283;
11.557;
8.16614;
6.99982;
8.92847;
9.51648;
8.53449;
6.75784;
8.61175;
6.38342;
10.7372;
7.40345;
8.93564;
11.1142;
8.79485;
7.95492;
12.3894;
5.6158;
4.18543;
6.72704;
7.5014;
6.45874;
10.576;
5.26831;
6.85142;
7.49203;
6.68462;
5.40096;
7.77591;
9.48792;
8.38763;
7.28423;
5.71334;
7.76513;
11.7691;
8.87901;
5.09355;
6.32303;
7.26841;
8.73134;
8.18075;
7.15387;
7.01587;
11.268;
5.7762;
8.56268;
7.33283;
8.62069;
5.36716;
8.13041;
6.23734;
6.6873;
6.86585;
8.71185;
9.11644;
5.89364;
7.58113;
6.28014;
10.3633;
12.7027;
6.86648;
7.10157;
6.63549;
10.8868;
9.18063;
6.06586;
3.66433;
5.42474;
12.5636;
10.9392;
5.80938;
7.59476;
7.30215;
7.22462;
12.1073;
7.88625;
7.9053;
7.67543;
9.43865;
9.75043;
7.58227;
6.58582;
8.06377;
6.76664;
6.49681;
7.09591;
12.0237;
8.19966;
7.36716;
9.86401;
8.578;
4.63919;
8.20949;
6.78207;
13.8642;
4.61076;
7.06984;
6.43311;
5.29131;
5.60202;
9.40021;
5.34475;
18.023;
4.64126;
7.98407;
6.39613;
7.49267;
5.87569;
6.58207;
9.44045;
3.69346;
11.5351;
4.79422;
6.70677;
14.4431;
5.88762;
9.16316;
8.21499;
4.63555;
7.14187;
6.36612;
6.39389;
8.90485;
7.31538;
4.75513;
5.28725;
7.80915;
4.51835;
7.40235;
7.01766;
8.41686;
6.85226;
5.95487;
6.22692;
11.9329;
6.04167;
8.60539;
5.71607;
6.77789;
8.33406;
7.20601;
7.09404;
9.13978;
4.2352;
8.47711;
6.22784;
7.95089;
6.89543;
7.24663;
11.2715;
6.08579;
11.3959;
6.76479;
6.07991;
7.05724;
4.71068;
5.8686;
8.83051;
8.95129;
5.76465;
6.10337;
13.951;
7.59715;
10.2348;
6.79788;
5.74625;
10.7754;
7.27648;
10.9376;
8.14357;
9.41292;
11.2738;
5.69338;
12.5854;
7.94483;
6.6145;
7.87354;
9.12365;
11.7997;
7.43623;
7.69954;
7.95421;
5.62662;
9.10993;
7.76296;
5.64053;
6.1865;
14.2411;
7.15962;
10.1286;
8.30947;
6.66909;
9.07032;
8.76352;
10.0111;
7.14694;
8.61986;
8.92215;
5.99846;
9.21622;
8.14749;
7.02113;
10.9791;
7.11667;
8.06456;
12.7606;
4.6124;
6.28969;
5.47562;
6.97736;
10.4938;
6.29529;
6.10206;
6.37958;
6.46868;
5.44638;
8.2238;
9.46434;
6.931;
8.33978;
6.36839;
10.9102;
5.81893;
8.0209;
8.54094;
7.72015;
5.92109;
7.61275;
6.3512;
5.76684;
9.90921;
6.32028;
6.01511;
8.50994;
10.7172;
8.16415;
8.5852;
5.73499;
4.52706;
7.17765;
9.72293;
5.9318;
8.78535;
6.52577;
5.51685;
5.80641;
6.48626;
9.47985;
5.91395;
10.8889;
8.19145;
5.77191;
10.8125;
7.041;
9.26345;
7.43287;
5.06729;
5.06657;
6.92537;
7.56995;
6.48782;
10.018;
9.82046;
4.77024;
9.26308;
5.53253;
8.62684;
5.39278;
8.35631;
5.21497;
7.88475;
4.37047;
6.43656;
5.82264;
5.18405;
9.11589;
5.21388;
13.8038;
7.32471;
6.99416;
8.44881;
8.97715;
5.65975;
6.22858;
11.9811;
6.16522;
9.05458;
8.84328;
8.16348;
11.2219;
8.273;
5.0388;
5.4489;
5.06045;
9.69658;
8.08493;
5.77463;
10.3787;
7.24985;
7.63494;
9.23718;
8.17162;
5.93087;
9.97924;
6.25426;
5.00642;
8.60136;
7.46306;
3.93733;
11.1413;
6.64423;
6.9988;
6.42123;
10.1383;
8.12588;
7.38239;
4.33581;
7.12828;
4.21289;
4.68665;
9.88004;
8.94765;
7.88663;
6.23757;
11.7474;
5.54977;
7.75511;
7.53576;
8.28666;
10.4835;
6.98317;
7.44893;
6.86194;
4.36251;
8.16157;
7.03417;
5.96935;
9.33927;
6.32783;
7.81306;
6.35031;
6.07777;
3.93485;
9.52787;
5.32788;
9.85273;
7.28061;
6.67019;
7.84758;
12.4579;
9.71319;
5.93933;
10.0461;
6.3497;
5.89842;
5.43924;
12.007;
9.68374;
6.47191;
7.12095;
6.87435;
7.88789;
5.89114;
8.11221;
6.85748;
7.85455;
5.87883;
8.40583;
7.88872;
9.96865;
5.19574;
9.06527;
8.07501;
5.68015;
8.82083;
8.13554;
6.87617;
11.6538;
5.51621;
7.08923;
10.1808;
6.95141;
6.98427;
6.85538;
5.69747;
9.13042;
6.18516;
6.9306;
6.94325;
5.11436;
7.14869;
4.20977;
7.51934;
7.6616;
8.43198;
4.90946;
7.52107;
5.06353;
5.43459;
6.30703;
6.15618;
5.55007;
6.4501;
10.643;
9.70409;
6.03593;
5.99964;
7.83353;
7.11951;
6.99296;
4.21038;
5.84629;
5.93793;
4.39371;
7.0838;
8.56252;
7.6987;
6.30643;
11.4344;
5.84121;
6.75908;
8.741;
7.11002;
4.41882;
9.42333;
8.57861;
6.39295;
8.79439;
9.08232;
7.77077;
7.83607;
7.14372;
6.59364;
6.13237;
9.24386;
6.10133;
8.38562;
5.46833;
7.7963;
11.1102;
4.87605;
5.2797;
7.31441;
9.80442;
6.40899;
8.36292;
5.31149;
8.80684;
6.85216;
13.5869;
7.12227;
5.22813;
11.7069;
5.78762;
6.17089;
4.96232;
5.78118;
7.38208;
5.2908;
5.53383;
5.77515;
4.94597;
5.33019;
9.53006;
6.47613;
8.30817;
14.3977;
6.98994;
9.44163;
8.49466;
4.85097;
10.5072;
6.41918;
5.48052;
7.14923;
11.1548;
6.21446;
6.91597;
5.51495;
4.85075;
5.10617;
6.09715;
9.25853;
6.82722;
10.1961;
5.29467;
8.67292;
7.73756;
7.82866;
3.75453;
4.99464;
7.75904;
7.8172;
8.44824;
4.99152;
7.6752;
5.57277;
8.87786;
5.96908;
11.3684;
4.14547;
5.29705;
4.78778;
7.76463;
5.60356;
10.0414;
5.65872;
5.91741;
8.51748;
14.0849;
9.34819;
4.93454;
6.71033;
4.74215;
5.40528;
8.47717;
7.48932;
12.1996;
4.32408;
10.9756;
6.47922;
13.5039;
6.33618;
14.2205;
5.93527;
4.35216;
8.83321;
6.28445;
9.62426;
6.29023;
6.70794;
7.01277;
8.27904;
7.76679;
11.6205;
5.53799;
8.12597;
5.757;
7.37327;
4.73147;
6.07311;
7.63727;
5.81538;
11.1376;
7.79613;
6.83688;
5.50163;
3.46075;
6.9301;
5.44739;
8.27567;
9.10093;
8.44552;
6.28577;
6.67389;
7.80323;
6.21697;
8.36831;
9.60085;
8.73168;
9.3959;
4.96084;
16.6005;
4.96284;
5.17129;
5.30302;
5.53843;
5.69511;
9.09165;
6.27103;
4.78812;
6.79005;
6.87905;
3.79874;
7.01892;
4.72411;
7.68338;
8.01717;
14.222;
6.11974;
8.51972;
4.02801;
10.0388;
4.38484;
4.64315;
6.65575;
5.8692;
5.59265;
8.51889;
7.70508;
10.4809;
7.55789;
11.4458;
6.72484;
6.94278;
9.25184;
3.77398;
7.97802;
6.97512;
3.92914;
7.93933;
7.77942;
5.74637;
8.4585;
7.97869;
5.24006;
9.856;
7.30444;
8.35267;
7.94621;
8.37932;
6.21459;
6.74906;
6.80871;
10.8918;
8.98731;
5.40751;
4.97047;
5.58618;
7.08063;
9.58207;
6.72931;
10.8881;
8.05454;
5.65445;
7.58892;
11.9093;
9.2999;
8.99828;
5.54587;
13.7826;
5.40595;
4.64306;
6.70135;
7.04691;
9.64823;
6.62139;
12.2918;
5.65487;
12.1933;
7.20755;
7.75881;
8.82751;
4.43126;
6.59357;
9.22128;
9.61624;
6.48134;
10.2435;
9.39712;
7.51447;
5.00961;
8.0334;
8.74601;
5.90997;
8.12242;
5.20985;
6.64637;
7.96208;
5.62259;
10.0895;
7.64415;
8.00798;
6.71675;
6.19775;
8.28742;
6.85024;
9.73804;
4.94813;
6.4092;
5.25092;
8.66841;
6.40094;
6.38366;
6.15738;
6.78766;
4.64857;
3.7661;
6.59461;
5.09355;
8.48644;
6.94426;
7.65265;
5.99784;
6.13592;
7.63493;
5.37585;
7.05226;
9.16528;
6.96302;
6.94336;
4.21797;
6.28971;
11.9456;
6.23631;
4.14776;
5.70245;
5.82427;
6.88776;
6.18562;
13.8188;
6.24574;
10.0553;
7.56824;
6.24262;
3.80537;
8.87658;
7.20008;
7.60343;
5.65675;
8.17172;
6.64341;
7.25733;
4.86739;
4.58229;
6.09328;
6.17108;
8.04255;
6.64948;
11.8003;
6.02383;
6.59952;
7.91382;
2.54147;
12.834;
6.25759;
7.04553;
5.62591;
9.27377;
7.45346;
8.83886;
7.72285;
7.13349;
6.41917;
5.93913;
7.37185;
5.02753;
6.84063;
6.14229;
12.1413;
5.79432;
5.95044;
6.85357;
4.44674;
8.9063;
8.05464;
5.4823;
6.3197;
3.939;
9.52792;
6.01706;
7.49579;
8.73174;
6.18543;
9.30705;
5.64263;
6.97259;
7.02751;
7.80653;
9.00105;
6.55603;
5.21186;
7.13569;
9.41918;
6.50495;
7.96565;
7.36861;
14.9;
6.10146;
8.55514;
5.99924;
5.24577;
8.67676;
10.0706;
5.88409;
6.78461;
5.41777;
5.54366;
7.66283;
9.88614;
5.44796;
13.1814;
6.77255;
10.0294;
6.30261;
8.38298;
6.97821;
7.38027;
6.07787;
7.06245;
5.39787;
9.3709;
5.64756;
7.83603;
6.18132;
5.79029;
3.23383;
6.16698;
5.48988;
14.4447;
4.42587;
7.9065;
6.65546;
8.9937;
9.09468;
11.142;
13.833;
8.71162;
5.35469;
9.71907;
7.31304;
4.61722;
3.91823;
5.6747;
10.0117;
8.30672;
9.44018;
5.04116;
9.37624;
7.8283;
4.77579;
11.8171;
8.58722;
8.78469;
3.79807;
9.87167;
5.907;
7.34412;
6.76345;
6.10327;
5.98505;
4.83425;
10.1744;
6.27349;
3.79662;
6.43779;
10.6471;
7.80984;
6.87001;
4.2331;
9.52864;
8.16538;
12.8047;
6.82481;
10.6808;
4.98351;
5.76116;
7.36935;
5.51285;
6.97022;
7.26706;
8.25275;
5.82667;
8.96144;
6.60408;
6.1687;
5.96586;
8.40732;
5.68384;
11.784;
5.38664;
5.9789;
6.59368;
6.07651;
6.57353;
7.09657;
5.73958;
8.91269;
6.11026;
6.51314;
6.40579;
6.66798;
5.85269;
10.0434;
11.442;
6.8336;
5.23538;
6.57325;
6.60008;
5.62838;
4.50879;
8.26741;
3.03405;
8.45946;
6.5215;
6.54905;
6.67766;
11.2628;
8.47883;
8.22044;
10.0121;
6.78318;
8.58371;
4.90643;
11.3686;
5.33213;
7.604;
9.03074;
6.4733;
4.0182;
6.78056;
7.91518;
4.46187;
6.43363;
6.42333;
13.0385;
8.98822;
7.29208;
7.26047;
8.85305;
5.6409;
5.73043;
4.35584;
10.1927;
6.45868;
5.24195;
8.91974;
9.25862;
5.61979;
3.91999;
4.41753;
5.64806;
5.87363;
3.90278;
7.30144;
6.08373;
9.667;
9.03298;
2.66992;
9.9619;
4.66522;
13.2357;
8.34266;
8.97989;
3.84935;
5.09736;
8.60512;
5.64817;
9.15724;
3.64311;
7.93719;
7.8386;
11.5436;
9.03666;
7.51889;
8.48764;
7.06081;
6.28695;
7.45351;
6.06876;
7.56392;
4.08116;
6.22687;
4.70656;
4.34112;
5.31092;
7.40201;
5.92142;
6.49452;
6.37844;
10.6114;
5.91742;
7.6959;
7.76386;
6.94979;
4.80937;
7.86494;
6.35407;
8.63882;
4.04004;
7.00977;
2.99653;
7.68952;
7.83131;
5.14276;
6.33058;
7.0247;
10.0726;
5.42593;
11.0388;
6.02118;
9.24337;
6.42507;
6.96205;
3.45824;
4.91002;
5.74049;
11.2287;
4.48867;
10.9774;
7.41154;
7.6903;
4.41534;
4.22953;
7.10059;
5.33008;
6.58415;
6.89521;
5.04385;
6.39371;
4.767;
7.05192;
8.06482;
9.65575;
5.32748;
5.98614;
6.26141;
7.19685;
7.36055;
12.0798;
4.90293;
11.8705;
7.84979;
4.81696;
6.22839;
7.94013;
6.77201;
14.8329;
4.43589;
4.8226;
6.27411;
3.62264;
5.0344;
7.27112;
11.0565;
7.19055;
3.27661;
3.63708;
5.07258;
6.77748;
9.06283;
7.39679;
6.60875;
6.29129;
9.02937;
6.24865;
4.25716;
5.61844;
9.19434;
5.19623;
14.4582;
5.51539;
10.781;
4.59546;
6.51352;
6.23729;
7.80518;
7.56142;
7.10256;
10.0249;
7.65445;
6.47841;
7.62399;
6.72179;
7.70605;
5.95652;
9.30863;
3.93742;
7.18699;
6.52688;
12.0669;
5.99151;
5.78228;
12.3061;
10.2267;
3.87164;
10.3393;
5.90232;
7.87445;
7.48141;
5.69564;
4.73302;
6.18851;
6.89398;
7.47668;
6.30677;
6.99047;
4.51536;
8.34922;
4.57049;
7.5394;
5.73935;
9.42924;
12.4706;
6.69816;
10.5794;
8.02159;
4.30682;
11.6156;
5.26609;
14.3989;
5.60737;
5.33232;
4.9573;
9.70133;
5.9544;
9.47325;
6.70634;
6.97652;
7.11634;
5.38508;
5.32027;
7.58058;
8.89378;
6.27825;
10.4258;
4.68359;
6.09167;
8.19564;
6.6346;
8.83048;
5.72837;
6.15884;
4.49211;
11.9545;
8.66544;
6.07023;
4.96204;
12.8398;
9.74152;
8.41146;
7.03782;
9.32486;
8.03512;
4.77353;
11.1522;
4.40779;
4.38574;
6.18289;
7.7843;
5.34161;
10.1338;
5.87046;
5.98415;
9.98712;
7.93876;
6.97827;
5.03513;
15.1048;
5.99166;
6.33955;
9.80627;
5.13095;
5.88881;
7.46578;
5.83424;
12.6158;
4.50654;
3.96647;
5.01803;
6.63294;
8.30974;
7.6376;
3.01838;
7.99472;
6.62265;
5.06;
7.76401;
3.80895;
6.32219;
6.86366;
10.2685;
7.03002;
7.25478;
6.78441;
7.09187;
8.46517;
8.32997;
4.66741;
5.82058;
6.78145;
11.2276;
6.71795;
10.7959;
2.63242;
10.8239;
4.9442;
4.98023;
11.7169;
7.93439;
7.0075;
13.021;
7.33184;
7.1842;
6.19751;
9.90552;
6.2088;
9.74731;
4.92617;
7.17752;
6.60543;
5.91447;
6.33827;
12.4165;
6.03269;
9.92163;
6.33946;
5.97695;
5.64411;
10.8951;
6.80263;
4.4932;
4.48004;
6.73272;
6.02352;
10.4701;
5.28266;
4.1111;
10.903;
5.5187;
11.3639;
6.66735;
7.3597;
6.06599;
11.5377;
7.06911;
6.59196;
8.10697;
7.75522;
11.023;
6.22007;
7.72074;
7.17785;
8.60376;
7.36295;
6.13522;
5.50387;
5.47652;
6.91779;
8.63743;
4.76104;
6.53227;
5.71267;
4.53096;
7.27987;
6.02053;
6.60449;
7.84766;
12.9325;
6.19224;
9.70494;
4.47841;
6.75101;
10.2415;
5.07019;
11.0751;
9.31464;
8.77233;
6.77217;
5.43174;
4.53513;
7.26379;
6.69767;
7.35068;
6.23506;
5.84121;
6.9351;
4.26734;
5.98546;
4.33794;
6.51578;
8.70908;
7.1232;
11.0618;
9.00944;
7.34178;
7.476;
6.52327;
4.08688;
8.18311;
6.51383;
8.17724;
6.35527;
6.28753;
3.41213;
9.32393;
7.02136;
9.24229;
6.01297;
6.02809;
7.98252;
6.4038;
8.33654;
4.76917;
6.75798;
5.06668;
4.39807;
5.87906;
6.66784;
13.7692;
4.94112;
4.94551;
4.54109;
14.5294;
5.02131;
13.7701;
5.1955;
12.092;
5.55616;
5.6265;
9.53348;
5.55892;
4.32493;
8.15701;
4.80645;
5.511;
5.27457;
4.15688;
10.709;
11.1957;
6.08145;
9.93159;
4.82586;
10.742;
4.95786;
9.29614;
8.31118;
10.2436;
6.94452;
6.15559;
9.4405;
6.09078;
6.47817;
3.48084;
8.9422;
4.28765;
4.61962;
10.9799;
7.75085;
5.64655;
4.39152;
5.16939;
6.9685;
7.08651;
12.3337;
7.21958;
7.53809;
5.33274;
9.74822;
5.82948;
9.10941;
5.94173;
13.2736;
4.95349;
4.20421;
5.86096;
11.1371;
4.34971;
5.79482;
7.05146;
5.24807;
4.35341;
4.10026;
6.50914;
6.9032;
5.04912;
5.96643;
8.66466;
4.96503;
6.92153;
6.92927;
7.37828;
7.29794;
6.02572;
11.4494;
4.80658;
13.5339;
5.60709;
6.45493;
9.05015;
9.37089;
5.57165;
8.60299;
4.68221;
11.3867;
5.90131;
9.77536;
7.1183;
6.3957;
8.52259;
6.69538;
4.3301;
6.00743;
6.14604;
6.53543;
5.60465;
4.518;
10.7014;
6.0194;
6.62257;
7.71355;
7.66137;
6.33265;
7.65471;
5.97911;
5.77799;
7.26072;
7.94122;
8.11853;
4.75827;
7.40478;
4.31469;
5.72391;
11.6851;
8.20891;
6.91488;
6.31486;
8.38858;
7.31222;
7.0308;
6.89825;
8.05407;
4.59069;
5.92811;
11.8331;
5.0491;
7.31249;
4.6569;
3.77827;
6.15176;
4.07306;
6.93899;
6.12574;
5.37961;
7.79128;
11.2145;
2.87187;
5.60794;
5.89107;
8.53485;
8.33976;
6.73516;
7.24492;
6.37832;
5.23464;
5.45372;
9.07926;
4.48497;
7.87088;
5.6104;
9.57057;
9.27322;
6.27129;
5.9169;
11.6158;
5.30615;
4.88517;
6.10413;
8.87384;
3.79903;
12.8208;
5.46495;
6.92444;
10.0206;
8.66164;
10.3797;
5.56964;
5.86708;
6.29918;
8.36056;
4.28193;
9.14253;
7.28335;
5.94672;
5.78215;
10.1342;
7.68146;
8.41788;
5.68069;
4.98053;
10.174;
6.38009;
9.44669;
7.54078;
8.46788;
6.39437;
5.66795;
2.55962;
3.44318;
5.78915;
8.13064;
5.1334;
7.72396;
11.2436;
6.22692;
11.0778;
11.9783;
6.58197;
9.43212;
5.88947;
4.01948;
5.42971;
10.3718;
6.22316;
10.1593;
5.63214;
10.0594;
12.6671;
3.61945;
8.22829;
6.86426;
11.5253;
6.62004;
7.93327;
7.48115;
11.2586;
4.75069;
5.38656;
7.30801;
7.71712;
6.52925;
6.34969;
6.96176;
7.59245;
11.1595;
5.07337;
8.75605;
10.8748;
7.72632;
7.51289;
6.12233;
4.76366;
10.2271;
5.67333;
8.5049;
9.00931;
3.6391;
6.48563;
8.09524;
12.6449;
8.13478;
9.49755;
6.55677;
8.60188;
5.6731;
7.86223;
4.78664;
5.94677;
6.21916;
8.18787;
6.53439;
5.15852;
6.44595;
5.27382;
5.27286;
4.63023;
6.24806;
4.97355;
13.1642;
4.44897;
7.90587;
4.53589;
12.0063;
4.94022;
8.63611;
7.95183;
7.10697;
8.43983;
5.19994;
5.50438;
9.70406;
5.29504;
12.2959;
6.71976;
6.82832;
11.6858;
7.30619;
13.0069;
3.14674;
12.0822;
7.27795;
8.06382;
4.06981;
6.84586;
10.2543;
8.82877;
9.63614;
5.34788;
4.4568;
4.12569;
5.10061;
7.50066;
8.84894;
6.05259;
11.6364;
5.52248;
7.56954;
5.5346;
5.91429;
4.91916;
10.1857;
2.88886;
8.70948;
12.2007;
5.52101;
7.49688;
6.74285;
4.82665;
6.8305;
8.44299;
5.08181;
12.1528;
6.95851;
5.73495;
10.2556;
6.64486;
8.56973;
6.45321;
6.76639;
7.31209;
7.02514;
4.68058;
6.87493;
11.7732;
5.00854;
13.1463;
5.26281;
14.1783;
8.22562;
4.75621;
12.2832;
6.85483;
7.89662;
3.86615;
7.93985;
6.95626;
6.71734;
4.18334;
7.17756;
7.27565;
4.89265;
8.45867;
5.11302;
7.30838;
5.1833;
7.16339;
8.98341;
8.45272;
3.89358;
13.003;
3.1417;
7.40301;
7.13337;
10.2305;
9.80382;
4.99208;
11.2351;
7.157;
6.63844;
8.35208;
5.02278;
12.394;
8.26422;
6.80786;
7.40381;
5.7748;
9.92746;
5.13716;
7.83524;
5.09192;
7.41547;
6.82909;
8.96229;
5.78375;
8.05207;
7.93741;
11.3635;
5.41119;
8.78897;
7.53395;
8.094;
10.2844;
8.86472;
6.86982;
5.1532;
5.46768;
7.58265;
10.4642;
13.5561;
6.82103;
6.659;
5.17719;
10.2615;
5.6073;
7.76701;
8.5168;
5.35015;
11.0159;
12.6668;
4.32573;
9.38348;
6.61554;
8.48845;
9.79192;
5.76683;
8.49393;
7.85714;
6.09493;
7.07121;
9.81662;
6.82597;
6.66078;
6.79573;
5.46309;
5.1354;
9.28642;
7.27034;
9.12382;
5.59402;
8.81838;
8.78165;
7.1702;
5.82456;
4.01535;
9.31609;
5.33653;
14.5116;
8.52946;
6.18537;
11.5893;
7.7087;
8.91391;
8.05578;
6.48214;
7.73038;
8.69768;
8.62772;
5.06589;
9.26005;
7.61372;
10.4671;
10.4683;
7.31505;
4.25924;
6.17298;
6.41228;
5.69412;
6.96277;
5.31042;
9.70194;
7.96663;
10.065;
6.30545;
9.86152;
6.56648;
8.86858;
4.93828;
13.2308;
7.07969;
7.53831;
5.44034;
5.92559;
6.41006;
8.00333;
7.20861;
6.32522;
5.92726;
7.21495;
4.41802;
6.55563;
8.60392;
7.03144;
5.41354;
4.50773;
8.17008;
4.5456;
8.3476;
5.44128;
6.74753;
2.68323;
7.896;
4.90609;
7.79726;
3.61718;
5.95866;
6.52615;
6.09387;
5.1538;
6.45602;
8.41071;
5.84826;
5.22788;
4.24486;
7.11084;
5.6365;
6.96638;
5.19045;
7.20927;
6.12174;
5.53802;
7.4641;
6.76829;
6.93775;
4.45365;
9.43936;
6.48428;
6.52393;
5.42363;
5.13994;
2.99628;
6.84712;
5.79597;
7.50629;
6.28641;
7.38652;
4.25635;
6.47394;
3.93019;
5.97584;
7.09689;
7.26071;
7.13606;
6.5837;
4.74934;
5.17167;
5.8567;
9.43202;
4.95354;
5.63887;
7.52985;
6.20224;
7.76074;
6.04736;
3.58523;
5.74997;
7.88298;
4.16644;
6.17583;
4.58386;
8.06623;
6.77501;
5.23319;
6.18213;
7.5287;
5.77633;
7.33657;
3.31098;
4.66039;
8.45703;
4.99118;
6.57056;
6.04731;
7.1098;
7.41607;
7.8756;
6.05161;
6.29054;
6.61072;
7.66268;
7.14268;
5.06511;
8.00505;
5.01111;
6.48541;
3.45864;
6.39525;
4.3866;
7.70459;
5.17325;
6.50176;
5.22921;
6.55356;
6.12068;
5.89772;
5.66373;
5.99636;
6.05491;
5.95584;
6.20514;
5.79173;
5.11568;
5.9716;
5.60502;
6.78338;
3.9908;
6.98608;
4.73126;
8.23782;
4.90715;
5.51842;
6.41909;
5.14151;
8.55872;
6.75356;
7.25995;
5.01924;
7.02628;
6.67081;
4.61281;
5.25621;
3.07776;
3.09077;
4.91919;
7.02657;
6.14059;
4.66643;
6.43347;
7.76483;
5.7484;
7.68215;
6.43064;
4.309;
5.23736;
3.98105;
5.44394;
5.91205;
6.53195;
4.44314;
5.93657;
6.07299;
5.79313;
5.71132;
9.66228;
6.2126;
5.48705;
5.40926;
5.73808;
5.33118;
3.81557;
5.402;
5.37909;
5.06874;
5.66038;
4.35955;
6.49154;
6.32486;
5.15021;
6.42764;
5.05109;
6.24343;
4.21676;
4.9241;
6.50675;
4.46847;
5.66635;
5.50424;
4.89094;
4.05092;
7.20537;
6.33296;
8.09279;
3.94458;
4.71388;
5.51721;
6.66463;
4.16693;
3.75045;
8.65437;
7.64721;
4.1501;
6.57084;
3.88363;
7.02082;
4.7634;
6.44749;
4.83606;
11.0178;
6.26644;
5.88227;
4.27125;
6.07005;
7.84977;
3.40117;
6.13823;
10.2712;
6.56216;
7.80924;
6.49108;
4.06542;
4.69069;
3.66847;
3.98094;
4.52899;
5.28402;
5.88435;
4.96906;
5.84442;
8.11494;
5.37846;
4.84036;
8.8103;
5.1387;
2.48704;
9.45264;
6.19612;
5.43602;
5.05706;
10.7788;
5.50811;
3.48036;
5.00172;
4.12241;
5.69193;
3.67634;
5.84911;
4.75244;
4.35789;
11.6396;
5.76938;
5.44204;
5.52172;
4.94444;
6.11117;
5.43911;
4.67846;
7.37706;
7.6159;
6.34425;
7.3123;
3.37678;
3.50566;
4.81539;
4.60991;
4.9694;
5.02985;
4.26891;
5.77915;
6.29353;
4.52215;
5.33833;
4.91746;
4.61454;
3.80581;
6.39527;
4.25551;
5.07799;
4.19533;
4.04255;
4.56251;
5.08452;
3.61086;
6.15622;
4.66207;
5.20741;
5.99944;
4.71524;
5.60036;
6.81359;
4.74287;
2.75959;
4.13157;
5.39454;
3.8503;
5.32038;
5.14598;
5.8306;
5.76212;
7.44477;
4.01003;
4.16494;
5.92295;
2.97425;
4.87377;
5.88849;
3.38562;
6.84215;
4.45659;
4.13182;
5.02279;
4.61008;
6.66635;
6.11436;
5.78575;
4.56609;
9.77249;
2.97183;
8.04763;
5.73807;
5.45508;
5.39214;
10.8047;
7.02681;
7.02248;
6.81005;
5.27174;
6.16675;
4.30443;
5.34327;
4.14007;
4.82514;
3.15408;
4.85204;
2.86412;
6.09043;
3.71725;
5.00161;
3.74959;
4.1753;
3.33206;
4.08106;
5.51325;
4.51245;
4.62095;
6.97197;
6.64898;
4.8775;
3.80275;
5.66625;
5.1127;
5.72606;
4.82253;
4.78815;
2.74378;
4.73212;
5.36013;
5.92882;
2.23947;
6.92785;
4.84204;
6.27323;
6.32034;
5.36777;
5.03535;
4.74845;
5.9246;
4.25846;
6.72528;
6.09188;
4.82563;
5.22125;
6.01982;
3.24589;
5.00905;
2.87826;
5.15231;
9.31958;
6.59033;
3.90311;
4.99602;
5.01656;
6.93676;
4.45247;
4.436;
3.90049;
5.87876;
4.11124;
7.0748;
3.36813;
5.85078;
6.09829;
4.25493;
6.12327;
2.56463;
5.87024;
3.6001;
5.77524;
2.94455;
6.63665;
5.17726;
5.09767;
3.46143;
3.81814;
4.21093;
4.27709;
4.49129;
3.72202;
6.01292;
6.32292;
5.18569;
9.00063;
8.84855;
6.18512;
4.77324;
7.62939;
5.54577;
3.57377;
6.69323;
4.01023;
4.86334;
4.04288;
5.1826;
6.71583;
5.34064;
3.46588;
3.25583;
4.90348;
6.29536;
4.72472;
1.98665;
5.409;
6.87126;
3.40464;
6.15904;
3.94372;
3.10952;
6.35871;
7.08461;
3.03455;
6.94524;
3.86391;
7.49142;
5.30082;
4.45926;
3.77476;
5.16379;
7.36904;
4.77893;
3.03875;
2.93571;
4.55645;
7.35201;
4.01343;
9.42937;
4.13396;
6.10338;
4.71419;
2.25413;
7.36704;
5.96194;
8.24611;
3.52114;
6.28383;
3.06752;
6.75244;
3.80987;
6.10185;
5.38127;
3.9488;
7.35528;
2.49144;
5.56359;
3.9673;
6.96918;
5.65618;
3.23462;
8.16459;
3.3744;
5.54825;
6.53917;
2.39774;
3.60253;
5.84468;
6.17115;
6.88872;
4.96036;
4.64478;
3.33435;
6.89543;
4.0593;
3.39574;
8.12312;
5.42623;
3.76119;
3.09923;
4.16552;
3.6709;
3.67044;
6.07105;
4.79565;
3.64441;
4.52394;
8.52949;
4.78047;
5.72548;
3.15076;
3.76768;
3.45453;
7.67377;
5.7677;
6.7048;
4.96999;
9.08716;
3.53112;
4.92375;
6.14389;
3.834;
3.61534;
5.74533;
3.59676;
5.90366;
4.79514;
5.66766;
5.07142;
3.83126;
7.73907;
5.17651;
4.39732;
2.82457;
4.28272;
2.59236;
4.64355;
3.64028;
6.99358;
3.16079;
5.43866;
4.11433;
3.45129;
4.64842;
4.31967;
3.80567;
3.83219;
5.31185;
6.76452;
5.17779;
5.38584;
5.33048;
4.31366;
4.36505;
2.85984;
4.95812;
8.45013;
4.21622;
4.01693;
5.10386;
3.71154;
2.51547;
5.55455;
6.2866;
4.24354;
4.10523;
4.7714;
5.83445;
4.22834;
4.99851;
5.85694;
3.93123;
7.38519;
5.16691;
5.56828;
4.72845;
6.05027;
1.67594;
2.69316;
3.0895;
4.2042;
3.10972;
4.34158;
3.98934;
5.20523;
4.09986;
8.16967;
3.0266;
3.87808;
3.97374;
4.01268;
4.8544;
6.03316;
2.67215;
5.17532;
6.57725;
6.22204;
4.05;
4.27163;
5.15874;
4.42326;
3.25684;
7.72944;
4.83208;
5.4334;
3.18777;
4.1845;
4.47169;
4.95926;
4.05556;
5.17571;
3.65806;
4.79979;
5.4981;
4.09685;
4.298;
3.71204;
3.52777;
5.16445;
8.92696;
4.35474;
5.03306;
2.58273;
3.39009;
3.76128;
4.75052;
6.1953;
3.10828;
4.53267;
1.60483;
4.07231;
4.48162;
5.94436;
5.96875;
4.50491;
3.68927;
2.94758;
3.15677;
5.56628;
4.19863;
3.76921;
5.65852;
3.34366;
2.06294;
3.74459;
3.79514;
4.15804;
3.28379;
2.95068;
3.75511;
4.8848;
3.78724;
2.59099;
3.55727;
2.65377;
2.93384;
3.96639;
2.74777;
4.20341;
5.07167;
4.31326;
5.82809;
2.73512;
4.08879;
4.43841;
4.98004;
6.41173;
3.7502;
3.59877;
7.21554;
3.63003;
5.95577;
5.08321;
4.14088;
4.88378;
4.09432;
4.57051;
4.62484;
4.25152;
2.40538;
2.66551;
4.23494;
3.81029;
3.96471;
5.64405;
2.64935;
4.43655;
4.41321;
6.33507;
6.6564;
4.56192;
3.87062;
5.12448;
5.51669;
3.24143;
2.96527;
3.87662;
6.74259;
3.51313;
5.87663;
4.50704;
2.40805;
5.55468;
3.2086;
3.56548;
2.40957;
1.86051;
6.68603;
2.68283;
3.142;
2.58818;
4.61918;
3.89054;
4.99596;
4.22676;
3.76027;
3.42147;
3.36824;
5.73304;
3.0857;
2.72732;
3.92208;
5.26359;
4.82289;
4.16391;
3.19082;
4.35704;
2.81277;
2.66963;
4.04512;
4.11408;
2.97031;
3.66936;
5.45687;
5.55889;
2.624;
7.37015;
4.20781;
3.39954;
4.53196;
4.70431;
3.68538;
4.20586;
3.55997;
2.91641;
2.41309;
5.81244;
6.13339;
3.81337;
4.9624;
5.58353;
4.10007;
2.36124;
4.77033;
4.66222;
4.33468;
4.93598;
4.11814;
3.83377;
3.95171;
3.39822;
6.35476;
3.85972;
4.16765;
3.47854;
5.73766;
4.18915;
4.34589;
3.98146;
4.31721;
1.93432;
2.63457;
4.77871;
4.15559;
6.53119;
3.93347;
4.05274;
2.91255;
3.72796;
2.81949;
2.81752;
4.8145;
4.0334;
4.50475;
5.04928;
3.16307;
4.4773;
3.94411;
3.83546;
3.63914;
1.79471;
4.15975;
2.6234;
3.83143;
5.0299;
4.51661;
4.76226;
2.88601;
3.48751;
5.01481;
2.72987;
6.31683;
6.90261;
4.76934;
4.78359;
4.34059;
4.3198;
3.12932;
3.67774;
2.63236;
5.09545;
1.8982;
2.50876;
2.40457;
4.61581;
3.08563;
5.50158;
5.07492;
4.8543;
5.02552;
7.54894;
2.74161;
1.87865;
3.03761;
3.33192;
4.22872;
3.41955;
5.14424;
4.09679;
4.02887;
8.28083;
4.3122;
2.64939;
3.48199;
2.19102;
3.29401;
5.58582;
3.62263;
4.42253;
4.99136;
3.49582;
4.34729;
3.30454;
3.81036;
3.67554;
3.95905;
3.47908;
2.74164;
3.74678;
3.03303;
3.46762;
4.82954;
3.2827;
6.69922;
3.03772;
3.25536;
3.12034;
2.36611;
3.53534;
4.0463;
4.07688;
3.75464;
3.7727;
1.64402;
4.8355;
5.12554;
5.39985;
5.04143;
4.93203;
3.36112;
2.86563;
3.01948;
5.2095;
5.58955;
2.72247;
2.84824;
2.57814;
4.34328;
4.08857;
4.12254;
3.04017;
4.03263;
4.79987;
4.40112;
5.78699;
6.96737;
6.70418;
4.6936;
4.79409;
2.36127;
3.00176;
2.10621;
4.13369;
4.94256;
2.83301;
3.41139;
2.50617;
3.27766;
3.00726;
3.88514;
8.10455;
3.66176;
4.96376;
3.51163;
4.01504;
3.50543;
3.56423;
4.67319;
3.1007;
8.32184;
5.37903;
2.51348;
4.93028;
4.27119;
3.85338;
3.0054;
2.73596;
4.25182;
4.48267;
2.87726;
4.60098;
4.45918;
4.90788;
3.29491;
2.37763;
4.9666;
2.53227;
4.28468;
3.26249;
3.57821;
3.69242;
4.00289;
4.87574;
4.82185;
4.11593;
3.83323;
4.51045;
0.961839;
2.66303;
2.45208;
4.24588;
4.08274;
3.10468;
5.8697;
3.62323;
6.19672;
3.05436;
4.1946;
3.33746;
3.7304;
4.6636;
5.03221;
3.29858;
5.95429;
4.98371;
3.43371;
1.95242;
2.60175;
3.75086;
3.85745;
5.59887;
4.36516;
2.44178;
5.02823;
4.59388;
4.84959;
2.79798;
3.24521;
5.46787;
3.64604;
8.52794;
3.20321;
7.48864;
4.91215;
2.4165;
4.56779;
2.64131;
4.32197;
2.81566;
3.4934;
4.42921;
4.19438;
3.91499;
3.86029;
3.11997;
4.43418;
2.77297;
2.66943;
4.18013;
6.54539;
4.76254;
3.78391;
3.81657;
3.55277;
2.29256;
4.6586;
5.91666;
4.26464;
2.58267;
4.0921;
4.17843;
3.58047;
4.22801;
2.56058;
3.6104;
4.56222;
4.64402;
2.40728;
5.20858;
4.01239;
4.4074;
5.84961;
3.21251;
3.99681;
2.66562;
5.47675;
3.10776;
2.12081;
2.94188;
2.66121;
3.3749;
6.50502;
4.80521;
2.6687;
2.65995;
3.74221;
2.76887;
3.26385;
5.83945;
4.31917;
5.54794;
3.20254;
4.12686;
3.43542;
3.73726;
3.1229;
3.14877;
3.40617;
3.41766;
4.00872;
4.03694;
2.24232;
3.02512;
5.33086;
5.32517;
4.19044;
2.16949;
5.06358;
4.00323;
3.45328;
3.39062;
2.35428;
3.79207;
2.98111;
3.66968;
4.60347;
2.19669;
2.94855;
4.30767;
5.98194;
5.30346;
3.66167;
4.15358;
5.41941;
4.6349;
5.14707;
2.67272;
2.74431;
2.09188;
2.01;
4.43057;
1.97936;
3.48116;
4.06761;
3.71876;
4.49445;
4.09175;
2.17003;
2.70197;
2.56917;
5.04408;
3.03523;
2.95762;
3.08422;
3.07833;
4.54338;
4.01854;
3.43554;
2.74025;
4.20994;
2.77679;
3.77469;
4.24942;
2.17214;
4.59651;
4.63404;
4.04447;
5.67891;
4.049;
3.24186;
3.80995;
3.98424;
2.63386;
2.8883;
3.73455;
4.73023;
4.77739;
4.51346;
4.70588;
4.37562;
6.04877;
1.73202;
7.81787;
2.82017;
8.56047;
4.29728;
3.86119;
3.8036;
3.30833;
4.86144;
4.6951;
3.85756;
4.15414;
6.08687;
3.07814;
6.97639;
3.03443;
3.59435;
4.31886;
4.63105;
2.60073;
5.71779;
1.96313;
1.97754;
1.1834;
6.72583;
2.69626;
4.18826;
2.00435;
3.56585;
2.42906;
3.17499;
2.83145;
3.48301;
3.81476;
1.81336;
3.82209;
3.05207;
2.71916;
5.85181;
2.76697;
4.14092;
6.74544;
4.75238;
6.30577;
3.04512;
3.23276;
3.96215;
4.0178;
2.89233;
3.2029;
4.31923;
4.38135;
4.44262;
3.14603;
3.65911;
2.47746;
4.00329;
4.34249;
3.08945;
5.04563;
3.71718;
4.4344;
3.33554;
4.26778;
2.03521;
5.56787;
3.61534;
3.29898;
3.7426;
1.72179;
5.45693;
5.5667;
3.29516;
3.17055;
3.09044;
6.72384;
4.58051;
6.47861;
4.47333;
3.04206;
2.13853;
2.38843;
8.39757;
3.17082;
3.02901;
4.82907;
2.25445;
3.07371;
3.19702;
4.31348;
5.68814;
2.5953;
4.16836;
3.80567;
4.66888;
4.54522;
2.23611;
4.9522;
4.52423;
4.15379;
2.57883;
5.61959;
7.29072;
3.60863;
4.6236;
3.57576;
2.25859;
3.79778;
2.41159;
6.04035;
4.52032;
2.71984;
5.32477;
5.8525;
2.87865;
2.61458;
2.77336;
3.64326;
2.76361;
3.47933;
3.24654;
5.35062;
2.4549;
4.82786;
4.6133;
3.45358;
5.02044;
2.36604;
3.0121;
3.17672;
3.32449;
2.80274;
3.08558;
3.90599;
5.371;
4.95939;
2.88478;
3.57337;
5.88265;
3.83483;
3.33463;
2.70255;
3.44986;
2.62897;
4.24347;
3.3409;
6.61824;
3.08575;
3.90327;
3.93566;
2.5555;
3.41753;
2.16415;
7.20327;
2.68332;
2.04505;
3.38916;
2.37478;
3.84367;
3.83374;
1.93341;
3.1489;
2.64694;
2.16863;
7.40179;
3.71138;
3.41537;
5.14146;
4.46108;
3.00117;
4.07494;
3.34133;
4.42502;
3.10239;
4.7093;
5.19393;
3.7;
4.56729;
3.84497;
4.30658;
3.40006;
2.31962;
2.92092;
1.88665;
8.91528;
4.01584;
3.84564;
2.55307;
4.64361;
3.2195;
4.09159;
2.99261;
3.77002;
4.09717;
2.99021;
4.19447;
3.02461;
5.68224;
4.22507;
2.12183;
2.79337;
2.90442;
5.02286;
4.75005;
5.28273;
5.87908;
2.27421;
1.92692;
2.64083;
5.71169;
4.4419;
4.85678;
2.49682;
3.59196;
2.8732;
5.51345;
3.24702;
3.33188;
4.51059;
3.55016;
3.85353;
3.29634;
3.56025;
4.37448;
4.449;
4.06346;
2.86435;
3.8379;
4.24136;
4.29128;
3.62867;
4.12892;
5.35327;
3.62233;
3.09954;
3.50516;
2.58857;
4.09207;
1.72547;
3.75453;
3.18344;
4.95994;
1.71087;
3.03153;
3.05255;
4.59649;
2.87697;
3.49756;
2.59101;
4.32318;
3.18844;
2.95741;
4.181;
2.82107;
2.99102;
2.62248;
1.89168;
5.88218;
4.88648;
1.19046;
3.7524;
3.70681;
2.41542;
3.50452;
3.83189;
2.81448;
3.68382;
2.44172;
1.88435;
3.94198;
4.44244;
3.60739;
2.97409;
4.47948;
3.77755;
2.25777;
5.87474;
4.87466;
3.66667;
1.96452;
4.29503;
2.67423;
5.59389;
2.30668;
2.00519;
3.8595;
4.02942;
2.42571;
3.90935;
4.05365;
6.80504;
4.13358;
5.70929;
5.37233;
2.65604;
2.48169;
4.46286;
2.34123;
5.05705;
4.64062;
3.60632;
3.1557;
3.52722;
2.43831;
4.08996;
3.90754;
4.53759;
3.96884;
3.73524;
2.45123;
3.28567;
2.71808;
2.63736;
4.10132;
2.61619;
2.65698;
3.5414;
4.70508;
2.07703;
2.5848;
4.48081;
6.07152;
2.70678;
2.74516;
2.39655;
3.52682;
4.55819;
3.18667;
4.04532;
3.86701;
3.98605;
3.77417;
4.43895;
2.50407;
4.17234;
5.55499;
3.49417;
2.14394;
1.63889;
3.82008;
3.02688;
5.34075;
3.83277;
2.75928;
2.10413;
3.10178;
3.96837;
4.20272;
3.45178;
1.52119;
3.77472;
3.49952;
6.87371;
1.91203;
4.00906;
2.47899;
2.03168;
2.44578;
3.4362;
4.10774;
4.21225;
1.96824;
5.19454;
2.10257;
3.33033;
4.86912;
3.06507;
3.28155;
4.53294;
2.41051;
3.09931;
2.7365;
5.1462;
2.86082;
2.37245;
5.8602;
3.27699;
3.71365;
4.21479;
3.14613;
3.3018;
1.7466;
4.00082;
3.40461;
2.62091;
4.58279;
4.04107;
1.81472;
1.66161;
1.53239;
1.96696;
2.55047;
3.69251;
4.68257;
3.15357;
2.92428;
3.58478;
2.50311;
3.06395;
2.31171;
1.97946;
3.39065;
1.76511;
1.78103;
2.78586;
4.97651;
3.42558;
5.73656;
5.85281;
2.57986;
4.56061;
3.22618;
2.81208;
4.29173;
3.78082;
3.75686;
2.49932;
3.50235;
3.99207;
2.75806;
6.06561;
4.31266;
2.69941;
4.99434;
2.80287;
4.93524;
2.32876;
3.75161;
1.93123;
3.04849;
3.67116;
3.33109;
4.31706;
2.08468;
6.45821;
4.44104;
2.84543;
3.11834;
6.1313;
1.04467;
3.13842;
6.15667;
1.64059;
2.39054;
6.74371;
2.51812;
3.17479;
2.75909;
3.91223;
4.54663;
3.27094;
3.45141;
2.66165;
3.2106;
2.76634;
2.57947;
3.0801;
3.58062;
4.33008;
2.53533;
3.29731;
4.44969;
2.95024;
2.488;
4.481;
3.84553;
4.72173;
4.90815;
3.97562;
2.25882;
2.49893;
2.95549;
2.48334;
4.73782;
2.75242;
3.82565;
3.89233;
3.44911;
4.22914;
4.19501;
5.58675;
4.24725;
2.7529;
2.84993;
2.65929;
4.56906;
1.85096;
2.43092;
5.43369;
1.60274;
5.62077;
1.95125;
3.1542;
0.92265;
2.99446;
3.15609;
4.77823;
4.17969;
3.91675;
2.02287;
3.62322;
4.60244;
2.86218;
4.22814;
3.15467;
2.55646;
3.78033;
1.52895;
4.56575;
2.68287;
4.72259;
4.5708;
4.60515;
3.08654;
3.47718;
4.22434;
2.03629;
3.06541;
4.88386;
1.96315;
2.06917;
2.65313;
1.46491;
3.01364;
2.91476;
4.69325;
1.29515;
3.15545;
4.04575;
2.96961;
3.08157;
1.87571;
3.25657;
3.0357;
2.25821;
2.20549;
5.30592;
3.23559;
2.63066;
5.10661;
2.44965;
2.1194;
5.45621;
2.71554;
5.05238;
2.0559;
3.4309;
3.23071;
4.80622;
2.88333;
4.3558;
4.66333;
2.54725;
1.87675;
2.6008;
2.77772;
5.39917;
3.17971;
5.61215;
4.08416;
3.1263;
4.27746;
2.82318;
5.52262;
2.6938;
2.4684;
1.77691;
2.20319;
5.21081;
2.64035;
4.84206;
3.09685;
2.00864;
3.63568;
4.28978;
2.81637;
2.39293;
1.96714;
2.8906;
1.54552;
4.35371;
3.0939;
2.93101;
4.18447;
4.73107;
2.89701;
2.21073;
7.71557;
5.75337;
4.82081;
3.37018;
2.46891;
3.30344;
3.04333;
3.02016;
2.15131;
2.39596;
3.24028;
3.1688;
3.38295;
2.85075;
1.3736;
3.75627;
2.51795;
3.97914;
2.40447;
4.09458;
4.32923;
2.43987;
5.22619;
3.51027;
5.23294;
3.36837;
1.98661;
2.97603;
4.02833;
1.90139;
4.06812;
3.21791;
1.46391;
4.35775;
3.6415;
2.85932;
2.31605;
5.94419;
2.54367;
3.48071;
2.37378;
5.82447;
4.78858;
4.96294;
5.11029;
5.72618;
3.75931;
3.6803;
5.07604;
2.415;
3.17312;
3.95077;
3.08235;
2.05446;
2.79426;
2.66191;
1.82181;
4.42873;
2.54051;
4.50464;
2.37686;
2.82482;
3.93201;
2.39292;
5.44022;
4.96307;
5.58961;
3.39881;
2.19005;
2.19226;
6.59206;
5.46893;
3.14348;
2.02706;
3.45954;
4.89772;
1.92606;
3.02389;
3.35196;
3.50814;
2.38103;
3.96581;
2.83397;
4.25568;
4.59014;
2.96982;
2.30299;
3.5326;
4.13138;
3.85347;
3.41876;
1.90055;
4.02752;
5.16614;
1.95987;
4.75985;
2.22997;
2.47152;
3.82047;
4.02203;
1.55332;
4.37134;
2.56388;
3.56519;
3.87115;
4.49226;
4.89524;
2.98712;
3.39886;
4.18087;
3.69869;
2.5297;
2.78204;
2.45858;
2.84606;
2.73963;
3.1619;
3.02463;
2.81917;
3.23164;
3.4184;
3.74844;
2.66854;
5.77286;
2.20724;
4.0103;
2.45564;
1.95746;
5.39626;
3.1921;
4.24629;
3.49588;
2.46933;
5.07782;
3.26484;
3.87524;
3.28243;
1.71336;
1.53665;
5.22612;
3.55909;
2.34349;
2.27608;
2.21629;
2.73964;
3.69806;
3.65007;
2.46529;
4.35201;
3.96492;
1.68289;
3.26211;
2.35208;
4.09414;
4.03948;
3.46472;
3.7856;
2.51053;
2.86688;
3.49087;
5.76928;
3.96827;
2.32363;
3.34626;
4.97629;
3.12464;
2.71247;
2.94085;
2.40717;
3.1376;
2.66047;
2.27717;
4.31346;
3.06084;
4.33236;
3.65502;
3.27856;
1.30128;
1.95269;
3.56887;
2.79475;
4.47366;
0.910105;
4.21094;
2.83059;
2.5857;
2.93596;
2.78007;
4.71832;
3.4358;
1.7435;
3.98884;
6.27016;
3.31059;
3.2165;
2.2052;
3.13166;
3.71035;
3.13788;
3.05557;
1.50955;
2.60158;
3.25364;
3.74734;
3.22676;
4.6158;
3.26943;
3.1507;
3.2866;
2.62443;
5.16812;
4.48055;
1.83031;
2.91871;
3.19165;
3.69755;
2.45483;
4.8715;
3.01465;
4.74694;
3.48248;
4.88777;
3.93501;
2.76745;
3.31347;
1.6664;
3.24421;
4.70169;
0.94203;
3.05616;
3.48241;
5.09332;
2.86186;
3.41582;
4.26458;
4.0412;
2.15919;
2.83128;
1.93268;
2.9793;
4.60713;
2.20813;
3.0776;
4.08774;
6.08248;
1.66838;
1.21296;
2.20895;
3.4326;
2.45636;
2.26517;
5.16821;
4.69186;
3.56825;
5.18241;
3.19724;
1.99521;
3.07582;
3.9907;
1.38225;
3.17596;
4.75231;
4.68738;
4.26127;
2.46667;
4.37354;
2.85236;
2.97902;
2.57401;
2.20041;
2.39457;
3.40916;
4.64704;
3.62249;
3.13328;
3.90676;
4.05257;
3.85034;
2.44683;
3.3589;
3.80254;
2.67474;
1.502;
4.07823;
1.91121;
2.3474;
3.19714;
3.43331;
5.14364;
2.13855;
4.02779;
1.91917;
2.85426;
3.20357;
2.45139;
3.18321;
1.2844;
4.03519;
2.47665;
3.69013;
2.15996;
4.57359;
1.00123;
3.20622;
2.52548;
2.16861;
2.7702;
4.50968;
3.16573;
2.85518;
3.08074;
6.48457;
3.80967;
3.3581;
3.41025;
1.44726;
4.82492;
3.73391;
4.11847;
4.47059;
3.54787;
3.37986;
3.01382;
2.75525;
3.16926;
2.54523;
2.83374;
3.57342;
5.22776;
5.65796;
1.85559;
3.99223;
1.93361;
2.60359;
4.32136;
2.83372;
2.54286;
2.76625;
2.31333;
5.69113;
4.73067;
3.25337;
4.69168;
2.68561;
3.692;
3.85549;
5.45053;
3.09836;
3.36366;
2.7224;
3.18258;
2.18998;
4.8441;
3.52718;
1.99938;
2.83915;
4.6088;
3.47368;
2.63573;
4.71914;
2.44909;
3.84554;
3.37089;
2.68718;
2.70852;
2.38138;
2.84933;
4.20335;
2.66924;
3.8359;
2.49302;
3.50253;
2.10218;
2.00342;
3.40496;
1.97508;
2.46025;
1.05415;
2.15631;
3.53645;
2.24142;
2.46581;
4.08698;
2.30534;
3.25573;
3.30278;
2.33438;
2.85087;
2.66611;
2.33857;
2.49212;
1.55785;
4.23059;
4.12958;
4.7761;
3.01558;
3.91954;
4.37682;
3.64098;
3.42233;
1.90138;
3.82583;
1.04233;
1.49521;
1.71332;
2.56092;
3.78937;
2.65382;
2.60255;
0.924503;
4.21844;
4.63896;
3.76438;
2.69701;
4.15386;
3.09676;
5.30434;
4.47407;
2.70112;
3.3119;
3.668;
4.36027;
2.47135;
1.74116;
2.81418;
3.25039;
3.93001;
3.0223;
4.41919;
2.03013;
2.17685;
3.45083;
1.13345;
2.78409;
3.65201;
2.6377;
3.65193;
2.87092;
4.39424;
2.58098;
1.58973;
3.25457;
3.69786;
1.92326;
2.80786;
3.18511;
3.58717;
1.96887;
2.35761;
3.93037;
3.87287;
3.12707;
3.40197;
2.86408;
1.53613;
3.59798;
4.25065;
2.26558;
3.46361;
3.62453;
2.16093;
2.04891;
1.7661;
1.99446;
5.5327;
3.00519;
1.93189;
3.80924;
1.04451;
2.87038;
3.44081;
4.25661;
3.39685;
3.94505;
1.69897;
3.43747;
4.35511;
2.55872;
3.0921;
2.19025;
3.32885;
2.00905;
3.30367;
2.27474;
1.39467;
3.61079;
3.03238;
2.40426;
3.59048;
2.5381;
2.84621;
3.62448;
3.33139;
2.95864;
3.11373;
3.65299;
3.01185;
0.825556;
1.98724;
2.88709;
2.42268;
1.18031;
3.24713;
1.61351;
3.34625;
2.03765;
2.40124;
1.54097;
2.59763;
3.92785;
2.41893;
1.77435;
2.25607;
4.34308;
3.67656;
3.33069;
3.29844;
3.77102;
3.54141;
1.79852;
1.49177;
1.86387;
2.94171;
4.83032;
2.34421;
3.1072;
3.23083;
2.41645;
2.91616;
3.0446;
4.13473;
1.41842;
2.98821;
1.99251;
2.43844;
3.57896;
3.24886;
1.74921;
2.05566;
2.87807;
2.72115;
1.06579;
4.2465;
1.86689;
2.04725;
2.20652;
1.42305;
3.88889;
2.48896;
2.55187;
4.00359;
3.69125;
3.75873;
2.78008;
2.34306;
2.42455;
1.05978;
2.33805;
2.99358;
3.24043;
4.33328;
2.86086;
5.09605;
2.29965;
0.784671;
3.75341;
4.44999;
1.89957;
2.05865;
3.96107;
3.49785;
4.03593;
1.77383;
4.22735;
3.27008;
3.73991;
3.45706;
2.87098;
2.9358;
1.92384;
4.54681;
3.09302;
1.80113;
1.57341;
2.33055;
3.0791;
3.88053;
3.89802;
3.75148;
2.39501;
3.3609;
4.29235;
2.45526;
5.46757;
3.42998;
3.50448;
4.693;
4.51013;
2.22673;
3.05656;
2.40857;
1.59871;
4.23214;
2.49244;
2.08092;
2.67599;
3.46725;
3.21045;
3.43404;
4.66619;
2.58934;
2.11856;
2.08629;
3.4964;
5.7208;
2.84061;
4.80933;
3.35625;
4.07604;
4.80733;
6.15573;
1.86263;
4.13459;
1.93575;
4.45922;
4.18094;
3.31969;
2.23764;
3.82028;
3.48466;
2.75246;
2.60714;
2.60014;
3.10558;
2.75452;
1.82827;
2.95814;
3.72748;
4.31006;
1.00951;
3.29543;
2.88504;
3.67786;
3.65712;
2.96053;
2.59819;
2.76553;
4.47823;
3.43065;
2.59026;
3.35034;
2.55924;
3.41974;
3.15463;
2.90871;
1.77499;
2.53179;
3.66312;
2.78773;
2.14451;
3.38768;
3.02117;
2.64048;
4.07435;
3.00659;
3.47151;
3.29068;
3.40476;
2.9236;
0.88838;
1.84524;
1.56866;
3.62977;
4.98314;
2.5353;
1.47618;
1.43314;
2.44088;
3.04834;
2.7628;
2.36341;
2.06141;
2.94058;
4.56965;
2.5996;
3.06962;
4.15429;
2.95589;
1.77788;
2.81605;
4.44197;
3.0897;
1.96531;
3.08804;
1.48222;
1.44472;
1.19895;
3.05027;
5.04499;
4.14984;
2.86177;
3.37015;
4.89907;
2.67791;
4.06161;
3.37411;
1.70679;
4.88493;
3.42203;
4.47939;
1.7996;
3.55002;
4.25749;
3.44644;
1.94089;
3.61626;
3.41629;
3.73699;
2.94589;
2.44235;
3.85965;
2.16335;
3.46174;
1.49081;
2.10037;
4.17845;
5.38385;
1.76213;
3.32293;
4.11512;
2.6302;
2.57932;
3.67716;
3.87871;
1.90739;
3.29139;
2.48854;
2.13427;
1.52341;
1.49238;
3.67972;
2.5409;
3.67445;
1.78972;
3.19254;
2.81494;
3.26839;
2.75977;
2.77788;
3.64175;
2.8527;
3.81115;
2.92465;
3.25438;
2.47685;
2.92329;
4.3648;
3.39415;
1.46343;
3.90189;
2.50082;
2.90924;
2.71695;
3.85022;
3.04237;
2.43658;
0.824323;
3.72032;
2.38309;
2.83698;
2.23076;
3.3253;
2.72882;
2.05655;
6.14191;
2.51384;
3.7838;
2.24465;
3.45877;
3.71222;
1.53205;
2.38972;
2.20588;
3.07164;
2.92968;
2.58183;
1.14815;
4.03293;
2.09041;
2.68523;
3.22934;
2.44158;
2.59725;
3.5665;
3.15767;
1.63674;
1.78675;
2.9259;
2.38315;
1.90417;
2.89719;
3.06469;
3.46797;
2.48571;
3.27883;
3.59671;
2.48121;
2.51387;
2.40171;
4.02826;
3.43794;
2.07296;
0.744821;
1.40247;
2.29833;
1.96668;
3.75755;
2.58109;
3.4879;
2.95913;
3.92765;
3.82405;
2.83578;
3.31417;
2.62564;
3.7865;
2.27429;
3.2451;
2.63458;
3.14094;
2.80161;
1.05164;
2.16582;
2.31409;
3.2772;
1.94084;
2.17928;
2.52705;
1.69727;
3.31853;
1.9752;
2.82079;
1.76023;
2.30644;
2.99962;
4.24624;
3.34478;
2.31752;
2.38411;
2.82605;
3.27741;
3.30177;
2.50775;
2.20337;
1.5841;
2.13133;
1.32538;
3.88229;
2.02551;
2.38766;
4.37764;
2.49525;
2.30999;
2.95233;
3.48206;
2.53961;
3.65751;
4.71497;
2.88555;
3.51268;
2.07686;
2.5654;
1.77594;
2.1273;
3.10973;
2.65672;
2.20682;
3.73476;
2.17995;
2.23516;
2.57797;
2.1442;
2.89734;
4.13591;
2.63281;
2.81974;
2.72447;
5.45491;
4.14096;
2.75284;
3.30283;
3.02737;
3.24394;
2.00278;
2.49535;
3.27823;
3.85627;
2.73568;
4.3466;
2.39983;
0.680257;
2.7754;
4.34647;
1.28425;
3.37299;
0.808613;
2.89494;
2.83316;
2.48431;
1.92705;
3.98416;
2.71483;
2.0702;
2.29308;
2.36064;
4.27062;
5.12929;
3.88939;
1.26172;
1.84025;
3.21588;
3.13052;
2.24179;
4.6518;
2.36441;
4.69697;
2.82852;
1.10258;
1.5706;
2.23654;
2.2783;
2.43201;
3.48471;
1.37389;
3.43929;
3.29805;
3.40775;
2.11421;
3.82247;
3.30793;
3.20146;
1.19004;
4.0348;
2.56412;
3.5824;
1.83562;
3.76537;
3.44765;
0.565161;
3.4983;
3.07714;
4.69978;
4.59541;
3.13713;
1.20657;
3.10573;
4.04435;
2.52382;
1.82913;
3.92172;
2.18678;
2.90797;
3.75474;
3.949;
2.20174;
2.84136;
1.39426;
2.70852;
2.25831;
2.39727;
3.60343;
3.46165;
2.36227;
2.94689;
4.30933;
1.89587;
4.01507;
2.8804;
2.53393;
3.08034;
1.57409;
2.57435;
0.912093;
2.43268;
3.23791;
1.63716;
2.61936;
1.69426;
1.96723;
2.44265;
3.51225;
2.55984;
3.65674;
3.0085;
2.92184;
3.61332;
2.57495;
2.94644;
3.01944;
2.16191;
4.25909;
2.80697;
4.37918;
3.95498;
3.24408;
2.91006;
2.68972;
2.45789;
2.30098;
2.1237;
3.63962;
2.35638;
2.7643;
3.79806;
2.27504;
4.14987;
2.54904;
1.79315;
6.01464;
3.6011;
2.46944;
2.62377;
3.72266;
3.01152;
3.86229;
3.09901;
4.10372;
4.73706;
2.40676;
3.92407;
3.1986;
3.01111;
3.92379;
2.38509;
1.7086;
4.7211;
3.80879;
1.65403;
2.51109;
3.52404;
3.31991;
2.14186;
3.46586;
2.74868;
2.40185;
2.15448;
3.03072;
4.55033;
3.61738;
1.6207;
3.08951;
3.90079;
2.48212;
2.3965;
2.42057;
3.59718;
4.31421;
1.67361;
3.66045;
2.07861;
2.84911;
3.30956;
3.34396;
2.38076;
3.86661;
3.69372;
2.99641;
1.51904;
1.52665;
3.59739;
4.38447;
3.00903;
1.95416;
4.85872;
0.781033;
3.29263;
3.37976;
4.14763;
3.69964;
2.15119;
3.55651;
2.73663;
2.33526;
4.48444;
2.91416;
4.13244;
1.75544;
2.40379;
3.12892;
2.8052;
2.71795;
1.50311;
2.82021;
3.82348;
3.14302;
1.78762;
2.86303;
3.92029;
4.86216;
4.5202;
5.12453;
3.01598;
3.12595;
2.50896;
0.763301;
4.03782;
3.4607;
3.16075;
3.45097;
2.37996;
3.8574;
1.84592;
3.28151;
2.38092;
2.73889;
1.49017;
2.72451;
3.07323;
2.3824;
5.92366;
3.15296;
1.90931;
1.73798;
2.11047;
5.00545;
1.26046;
3.08644;
1.55285;
2.83549;
1.86937;
3.07555;
2.59851;
3.3163;
3.96241;
3.01796;
1.53962;
1.63602;
2.88952;
4.25791;
3.7338;
1.84282;
2.23729;
1.99726;
2.56033;
3.11615;
3.02273;
2.90855;
1.35737;
3.86607;
2.80148;
3.03278;
5.22604;
2.49113;
2.86666;
2.26303;
3.17329;
3.81768;
4.23063;
2.92874;
2.41329;
3.13129;
3.47029;
3.0099;
2.09064;
3.36594;
3.63906;
2.89707;
2.21169;
2.35397;
4.06935;
1.47214;
1.828;
3.51551;
4.47949;
1.08174;
5.45985;
1.93685;
3.08249;
1.64588;
2.6505;
1.12116;
1.92182;
2.9881;
2.39505;
2.89776;
3.3833;
3.04368;
2.28726;
2.50873;
2.64647;
3.11127;
3.64487;
1.98758;
4.30572;
3.57268;
4.0631;
2.62753;
2.41427;
1.3841;
2.38482;
3.47783;
2.73637;
1.9562;
2.02088;
2.94563;
3.18002;
2.66296;
3.5489;
3.40558;
1.80335;
3.27403;
3.7615;
3.17583;
3.61003;
2.78318;
3.19299;
3.03473;
1.90712;
2.27741;
2.9648;
3.37257;
2.14036;
4.80711;
2.18866;
2.80729;
4.41417;
3.12098;
3.05121;
2.19497;
2.27964;
3.61974;
3.50718;
3.85101;
4.90664;
6.03936;
2.26449;
2.64241;
3.04744;
4.31901;
3.77582;
2.65563;
3.42522;
1.60552;
2.79142;
2.43882;
3.48063;
2.88435;
3.30807;
1.49098;
2.90468;
4.03456;
3.3809;
3.59691;
3.48432;
5.86116;
3.05096;
3.90379;
3.63012;
1.52857;
2.41576;
4.49565;
2.15668;
2.48033;
3.23372;
3.10601;
4.91257;
2.54833;
2.71992;
2.77943;
4.41148;
4.51305;
2.69314;
1.42459;
3.86349;
2.60851;
4.57298;
3.1116;
2.99;
2.05494;
1.89867;
3.12086;
2.85541;
3.1051;
2.7051;
2.3957;
4.40955;
