98.1493;
89.3814;
82.5324;
93.268;
123.498;
118.924;
92.4845;
120.912;
117.344;
75.5336;
106.118;
92.3832;
82.886;
88.7153;
90.7111;
105.057;
100.855;
82.1471;
76.6089;
90.6553;
92.1868;
107.709;
110.887;
90.7985;
70.2728;
127.666;
89.5052;
96.2145;
83.8901;
100.265;
71.0656;
100.826;
106.994;
80.4346;
86.6212;
110.007;
81.3835;
97.5971;
89.1436;
80.8918;
80.7779;
84.5034;
100.798;
103.434;
117.663;
97.1851;
82.4716;
109.368;
107.838;
85.9366;
49.2183;
90.0322;
67.1194;
109.495;
108.527;
44.6414;
71.8524;
90.1896;
91.6343;
88.9554;
98.0155;
53.0038;
51.5356;
99.7317;
83.1742;
94.2904;
88.2805;
47.0727;
68.4216;
54.8056;
48.4986;
51.1313;
104.658;
88.5673;
84.6462;
84.4757;
46.0436;
43.7947;
82.3508;
53.5807;
55.9723;
88.6269;
99.7483;
107.458;
76.1824;
105.948;
83.9095;
84.0237;
104.62;
94.4318;
112.61;
83.3976;
90.6435;
57.0406;
92.7814;
51.3162;
110.015;
105.806;
43.2674;
90.9864;
93.0452;
44.7803;
86.5839;
66.7174;
47.4183;
99.4954;
110.206;
76.0826;
121.426;
84.7464;
93.0432;
79.3417;
100.645;
47.0889;
101.534;
38.5004;
46.5341;
39.7914;
88.4577;
94.2281;
102.978;
102.719;
101.3;
41.1483;
79.8754;
94.5344;
49.9049;
87.5793;
86.004;
75.6254;
88.5589;
78.5747;
107.108;
99.8891;
72.464;
89.7706;
111.956;
81.0474;
107.286;
96.3231;
88.0303;
92.3621;
83.6463;
78.5405;
83.3189;
80.1601;
85.0043;
56.2922;
80.7773;
81.9438;
103.295;
94.8856;
88.3008;
96.5971;
83.1737;
96.3149;
92.5612;
78.7693;
52.1379;
68.2641;
82.3947;
88.6235;
70.1153;
43.8935;
86.7713;
95.8524;
73.4505;
105.052;
42.8499;
93.8734;
97.7988;
93.0097;
99.9777;
109.282;
92.9564;
93.1853;
85.1979;
77.6712;
80.0886;
45.7727;
39.3299;
63.3823;
85.7551;
82.3873;
79.1849;
70.0145;
98.2497;
106.889;
90.3412;
70.0226;
116.774;
106.284;
44.5858;
101.121;
115.522;
86.688;
98.9328;
66.3876;
91.8845;
92.7964;
91.3234;
78.2816;
109.778;
79.1522;
71.2743;
99.3276;
78.2115;
62.4738;
87.8066;
92.0653;
92.737;
99.5212;
109.915;
90.2858;
100.782;
78.7549;
63.3608;
92.7534;
89.0816;
96.2506;
90.6992;
89.7854;
91.1756;
50.9292;
48.2472;
100.881;
45.1937;
42.3532;
94.7934;
69.1958;
106.061;
51.7189;
88.0794;
82.4448;
69.9032;
43.75;
91.564;
43.224;
81.8219;
52.2171;
85.3043;
52.0614;
71.8364;
105.436;
88.3353;
68.921;
110.67;
85.1864;
89.4072;
49.3326;
52.2137;
79.1555;
89.6417;
86.9163;
94.655;
91.4476;
50.3979;
88.4708;
96.5744;
76.4012;
89.7434;
82.2235;
97.7132;
91.251;
96.6308;
81.4735;
47.5552;
106.531;
85.5466;
88.2741;
90.2356;
112.019;
100.584;
100.801;
41.7807;
50.6204;
89.1994;
68.3451;
87.23;
86.4472;
119.568;
102.942;
89.8249;
48.7003;
69.9199;
96.9368;
91.7317;
83.9902;
67.8134;
37.9696;
88.5105;
41.8017;
90.3772;
87.1792;
108.612;
99.9169;
95.9093;
110.151;
74.9663;
94.744;
100.53;
87.3115;
105.962;
89.9873;
93.8464;
87.5829;
70.2801;
89.2445;
81.8665;
102.78;
93.8145;
109.349;
90.3931;
84.6505;
79.2905;
90.4629;
88.0553;
89.4631;
89.5618;
45.9988;
101.972;
46.4214;
81.5485;
107.311;
81.8292;
42.2463;
109.817;
53.1277;
37.472;
90.3904;
41.1732;
42.438;
88.0349;
94.2028;
88.2481;
83.7598;
71.4248;
110.709;
107.392;
35.7551;
67.7261;
49.55;
42.3821;
95.9621;
105.981;
97.8899;
89.1958;
40.2321;
43.7013;
85.3743;
88.5573;
91.0003;
73.9863;
104.391;
83.6404;
76.9942;
84.8861;
80.1332;
70.9646;
100.949;
96.2134;
99.342;
88.2967;
84.3431;
83.0889;
94.3999;
91.5037;
87.8477;
84.6747;
102.73;
82.0352;
55.4737;
69.0722;
90.9932;
103.907;
88.8369;
45.6358;
85.6526;
43.7598;
105.874;
101.109;
81.9469;
109.587;
101.178;
80.2734;
96.5685;
81.3438;
77.5576;
41.104;
74.6167;
66.9278;
81.2376;
75.1597;
48.0533;
88.0973;
36.0358;
84.5889;
84.007;
85.2969;
97.1299;
85.0812;
105.013;
90.322;
89.5343;
90.1633;
75.9238;
88.3571;
71.7552;
81.1082;
98.4986;
86.5779;
40.143;
87.6777;
49.239;
46.8286;
98.9674;
86.9277;
106.84;
45.7732;
74.5628;
46.5156;
98.8531;
81.0943;
83.7557;
36.0455;
89.941;
96.9288;
40.7263;
82.3762;
69.8484;
80.6503;
90.5824;
90.3961;
75.7374;
100.551;
92.7912;
95.257;
93.2529;
81.0631;
118.083;
58.9252;
85.1504;
103.024;
90.3268;
105.957;
94.3073;
67.1812;
93.062;
78.1325;
96.7524;
74.7146;
64.6238;
106.382;
94.5904;
73.4058;
93.8492;
74.2498;
90.0424;
73.2683;
72.4671;
92.3367;
77.9358;
91.8145;
80.4013;
42.9908;
103.48;
92.2311;
75.1662;
41.7133;
82.286;
73.7655;
37.6501;
90.3868;
99.181;
110.059;
41.2506;
44.173;
100.802;
85.6953;
74.401;
79.2712;
65.3464;
86.5503;
111.388;
69.727;
88.897;
88.3939;
78.049;
50.0729;
71.0819;
69.2754;
79.4828;
87.6657;
78.8065;
73.6043;
74.3229;
38.86;
95.0063;
87.3362;
100.227;
66.6227;
74.9516;
67.3928;
104.187;
99.5697;
93.4647;
83.9032;
70.0164;
84.3508;
88.1686;
85.0468;
68.8;
87.161;
95.4806;
75.1018;
92.6226;
108.543;
81.6098;
78.835;
102.906;
85.3891;
113.125;
75.0461;
73.7688;
84.5694;
93.3067;
94.4474;
89.0076;
72.4018;
58.5733;
84.1129;
47.3998;
103.373;
89.8411;
40.9593;
39.0736;
89.6327;
79.4445;
40.7379;
65.9006;
86.9721;
80.3122;
66.2353;
98.0481;
82.7142;
108.093;
103.398;
93.2479;
72.6965;
85.9669;
85.7768;
65.2284;
82.3618;
93.7989;
82.9195;
85.4762;
88.5694;
69.8032;
90.5471;
88.0938;
73.7845;
101.778;
62.7455;
97.3116;
75.2396;
78.9655;
77.9572;
86.2914;
67.9643;
82.0181;
75.7955;
74.1893;
69.1189;
80.6853;
76.6056;
63.1882;
81.9536;
81.7007;
79.429;
68.5224;
99.424;
80.805;
65.3728;
83.8112;
70.1186;
90.453;
74.3159;
73.6377;
81.6355;
78.6293;
111.804;
99.089;
80.903;
79.325;
82.0003;
77.1064;
79.6434;
102.958;
87.2736;
90.7945;
65.059;
74.5892;
95.8716;
100.388;
102.459;
98.446;
93.0614;
98.5656;
82.4394;
78.3622;
81.1748;
63.9802;
85.5442;
92.219;
67.7262;
82.1536;
103.503;
46.6439;
77.2558;
39.2352;
80.5173;
76.5683;
42.1211;
49.8459;
39.8564;
86.118;
87.7525;
66.2664;
60.2877;
77.8715;
82.3053;
69.6001;
36.321;
43.8226;
74.9064;
81.9243;
44.2553;
85.3468;
64.6661;
39.7181;
42.8071;
83.6315;
38.2669;
45.0237;
65.2571;
40.9863;
75.9865;
89.4114;
91.3152;
76.5093;
88.8387;
32.7963;
80.6874;
42.4546;
53.024;
35.5383;
83.6978;
42.0776;
44.01;
41.6504;
75.4438;
67.7159;
56.9146;
81.4504;
38.8184;
68.2382;
81.5237;
36.2175;
79.1394;
79.5073;
63.8153;
78.8275;
84.8077;
37.3991;
37.4568;
86.2998;
37.4756;
78.9998;
79.7917;
36.276;
68.4288;
88.4849;
90.2143;
68.2174;
90.0166;
80.828;
76.8699;
72.1514;
69.4837;
91.8277;
78.8961;
76.8014;
72.4944;
81.7422;
47.2578;
45.1435;
73.5522;
81.7628;
93.5894;
96.021;
60.997;
65.5685;
93.1429;
85.127;
87.0153;
86.7988;
81.9489;
91.9278;
97.834;
95.0276;
75.7829;
89.3784;
94.3871;
69.3549;
94.2214;
64.8654;
126.269;
83.2433;
87.3913;
88.8709;
77.8719;
86.3253;
83.8448;
36.3877;
59.5293;
76.1877;
87.1433;
77.5182;
65.0744;
79.6154;
81.8905;
85.8686;
91.2577;
92.9916;
97.0618;
81.8463;
78.3325;
86.9996;
101.216;
75.6999;
91.3949;
103.109;
80.61;
100.823;
91.0221;
91.4284;
94.7545;
74.5965;
74.5265;
32.2471;
32.8485;
96.2645;
78.512;
71.3012;
72.4998;
73.9924;
82.5079;
49.5347;
88.8655;
71.5642;
88.0466;
80.1353;
60.7876;
59.7191;
77.8135;
95.1673;
61.7043;
76.5488;
84.4695;
70.7946;
67.7005;
101.927;
69.3405;
61.9235;
90.2497;
75.3951;
93.6192;
60.1059;
84.919;
91.2232;
89.4555;
101.481;
91.731;
89.442;
79.2676;
84.6404;
89.9485;
63.8461;
66.6766;
78.4588;
75.7071;
63.3848;
80.6501;
84.6222;
92.1709;
66.6088;
37.4363;
89.3911;
25.5311;
34.9436;
36.4067;
73.7289;
75.7357;
36.0979;
94.468;
82.6519;
75.356;
79.2937;
72.1024;
68.3315;
92.0082;
52.2781;
42.3268;
64.0927;
90.7515;
56.7178;
88.2144;
72.316;
87.3917;
93.8314;
98.9856;
73.6271;
59.0462;
43.923;
88.151;
86.101;
86.842;
41.1383;
70.9224;
72.707;
83.3623;
85.5241;
71.8671;
83.841;
94.6679;
83.0819;
39.1631;
64.4642;
25.237;
78.3239;
85.2193;
110.393;
98.9886;
73.388;
76.9956;
72.7792;
86.6953;
76.7524;
55.0243;
95.9311;
65.0754;
86.6097;
86.3968;
81.5338;
85.8941;
87.8666;
78.1762;
80.3101;
88.5804;
81.5755;
79.3439;
96.5469;
71.8579;
80.0267;
76.2216;
87.1412;
40.019;
79.1003;
84.7789;
73.9894;
97.3671;
42.7201;
31.5344;
83.7216;
36.3006;
69.2641;
96.4689;
79.526;
88.7386;
84.3433;
97.015;
89.8425;
76.4481;
38.9465;
88.507;
57.6808;
37.3973;
95.6769;
71.4878;
81.5887;
83.6611;
72.0489;
39.136;
78.7573;
80.8919;
58.7782;
86.7514;
71.9701;
84.9867;
62.4684;
83.6068;
72.1214;
78.8476;
30.9391;
76.7462;
79.5789;
81.5424;
90.5713;
75.618;
80.4223;
64.5722;
104.069;
84.2837;
89.6902;
81.1742;
74.1389;
92.6704;
89.0341;
85.4162;
86.5586;
76.4038;
89.4048;
94.9522;
91.5722;
68.0913;
75.3254;
88.6925;
86.8215;
73.6285;
86.9523;
61.5555;
64.0403;
86.2907;
77.3471;
102.759;
33.697;
72.3002;
87.752;
59.6204;
78.3771;
56.9675;
73.2997;
59.8325;
75.2233;
36.4017;
43.1276;
89.4346;
83.8698;
72.0208;
73.8926;
84.8989;
79.3149;
82.2366;
82.477;
81.954;
74.3595;
76.1864;
83.6184;
84.822;
97.3794;
68.6152;
86.1336;
76.6207;
60.7378;
37.8086;
31.6981;
72.3136;
71.5239;
92.7885;
64.4171;
81.6062;
84.2066;
81.8439;
71.9807;
79.7787;
76.4015;
73.3456;
64.6261;
75.235;
105.704;
73.9984;
63.9255;
77.3204;
72.9784;
80.4667;
81.821;
78.1363;
82.5557;
65.5874;
74.6948;
80.341;
87.2551;
86.0432;
68.2805;
75.937;
83.454;
71.1138;
94.3606;
69.3568;
80.4846;
73.7098;
72.4816;
64.5884;
62.801;
93.2268;
71.7311;
84.5551;
87.5966;
59.119;
35.132;
43.3473;
64.5512;
78.5698;
86.2381;
79.1036;
80.6588;
85.8468;
77.7887;
78.7949;
78.8157;
94.6967;
86.9327;
81.873;
100.895;
71.743;
87.6814;
95.7972;
79.941;
80.5107;
92.145;
71.2362;
62.7702;
75.0544;
85.192;
79.7018;
71.5619;
95.9041;
89.7267;
118.119;
31.4738;
34.7006;
32.9009;
87.8417;
81.0035;
33.2256;
73.0951;
73.9188;
30.6044;
72.7706;
84.5139;
69.5613;
86.0162;
83.1486;
78.8484;
77.4793;
83.076;
84.2628;
85.2719;
84.0266;
70.0413;
68.4029;
70.2163;
83.7487;
90.5803;
75.4713;
63.4996;
87.8677;
77.9425;
89.5427;
72.6984;
94.9984;
85.3676;
71.8577;
109.344;
75.4809;
99.0673;
75.1019;
87.7116;
90.1392;
86.9136;
90.3113;
89.5147;
76.528;
61.8367;
75.5669;
65.826;
88.313;
77.8172;
68.2972;
80.3607;
72.0392;
83.6091;
76.7402;
36.7414;
33.1465;
69.0269;
34.4277;
67.3294;
96.3436;
76.176;
39.2269;
40.0941;
40.3418;
49.0789;
64.139;
81.2653;
29.3831;
39.4142;
72.8618;
76.8353;
42.2993;
34.0833;
30.5703;
78.8223;
82.7482;
72.773;
71.294;
88.9331;
69.6336;
80.5058;
76.3343;
82.8276;
65.1679;
92.4699;
71.2286;
84.8344;
66.4507;
75.0901;
60.3509;
37.3272;
65.6506;
80.7926;
38.9138;
71.2126;
33.2686;
51.9873;
103.69;
63.0762;
70.7328;
82.7641;
81.6261;
81.1766;
96.361;
88.4529;
88.9277;
96.7173;
73.4043;
55.9657;
69.4389;
61.5513;
80.2151;
69.3058;
82.2602;
83.9743;
90.4894;
82.7189;
88.2589;
73.6067;
66.7266;
59.4957;
108.919;
78.8445;
85.0014;
65.8226;
69.1059;
78.8913;
74.6417;
77.8218;
79.1728;
79.1955;
78.3942;
106.701;
95.1094;
75.511;
98.7592;
79.8715;
66.4398;
89.0314;
61.8314;
67.0728;
90.828;
81.8794;
35.4691;
86.8814;
66.6256;
59.4673;
89.9;
72.9654;
29.0359;
74.0446;
67.0873;
59.8188;
91.5673;
61.2603;
91.7579;
80.5795;
88.9533;
81.7723;
61.828;
57.7146;
88.7222;
70.6267;
37.9895;
69.6049;
68.1752;
42.3779;
80.5918;
75.0588;
63.0962;
32.4837;
33.3326;
76.4475;
77.0769;
67.4161;
62.8427;
76.3547;
74.0513;
76.8212;
64.1665;
62.7102;
88.2828;
77.8957;
73.4535;
92.976;
81.3778;
72.9465;
76.8033;
82.934;
36.3106;
31.1923;
74.2855;
39.2328;
65.0118;
80.9897;
81.4117;
90.1807;
85.4184;
72.4755;
66.0507;
60.5574;
76.7761;
65.0835;
90.5977;
76.5158;
67.8603;
32.4611;
70.5715;
77.7943;
87.0684;
93.7308;
63.6065;
70.7137;
77.0098;
87.101;
71.1979;
73.0426;
73.3384;
74.1171;
66.415;
78.1224;
74.9265;
76.7641;
54.4565;
95.0097;
84.8757;
57.1666;
37.7028;
62.0857;
66.002;
74.6461;
62.2331;
90.5221;
78.9835;
83.5042;
72.1863;
63.9748;
80.9679;
87.2473;
90.3194;
76.7404;
84.3789;
79.2866;
62.2866;
71.5108;
72.8109;
71.8161;
86.0327;
75.4445;
80.6584;
28.1485;
71.4542;
39.3143;
83.1294;
67.665;
34.4053;
88.9717;
84.7924;
75.467;
33.3508;
71.2489;
72.3171;
73.5973;
77.7685;
57.4253;
68.2127;
83.8663;
76.6465;
64.5368;
70.7169;
58.3372;
74.93;
65.6192;
67.199;
74.287;
65.4705;
70.0819;
85.9843;
80.0019;
85.2512;
79.5039;
76.7866;
25.4449;
85.2602;
87.3355;
74.0383;
69.4507;
82.5536;
83.7275;
65.9019;
85.6156;
83.6381;
72.4092;
85.8477;
65.9884;
63.446;
74.9113;
75.1473;
103.132;
59.8171;
84.1435;
69.3351;
85.643;
70.0502;
83.4534;
63.8383;
61.203;
70.2638;
74.5722;
73.3744;
64.5097;
93.2468;
60.5038;
84.0247;
71.5148;
61.8667;
81.2705;
70.5597;
78.711;
76.783;
81.8817;
40.8601;
84.3045;
41.5507;
83.8896;
77.6547;
63.2479;
77.8159;
92.289;
71.4152;
74.8985;
49.1723;
75.9662;
53.8041;
58.3462;
85.0618;
88.2744;
87.2255;
61.3742;
66.5689;
36.902;
94.9434;
74.3787;
84.372;
68.529;
75.6727;
31.478;
93.6024;
26.3178;
75.903;
74.8017;
31.0246;
60.5147;
30.4039;
65.9057;
78.2195;
71.6076;
79.0199;
32.6712;
84.5155;
84.6431;
90.5601;
70.0524;
64.1672;
89.226;
60.2945;
68.3485;
74.6787;
80.4923;
72.8712;
75.9709;
65.0573;
77.2694;
32.7812;
66.6594;
30.8529;
91.0558;
87.6372;
43.8084;
81.0394;
40.8371;
67.1298;
83.8769;
75.8092;
60.7875;
69.1031;
66.7184;
66.6182;
71.7613;
62.4233;
76.3825;
66.8743;
57.9638;
59.0464;
67.4482;
33.8964;
75.2922;
74.0777;
64.2728;
89.1093;
62.6601;
70.295;
73.274;
72.4916;
60.0186;
71.6331;
69.3922;
81.6273;
63.8191;
73.2678;
67.4734;
72.3766;
80.236;
73.1594;
64.4821;
66.8337;
63.8328;
64.4068;
79.6314;
79.3993;
90.7985;
31.8857;
67.118;
37.2273;
34.3017;
98.6619;
88.9837;
68.9984;
46.0118;
76.4652;
77.3689;
74.7752;
81.4937;
77.3191;
60.6695;
76.432;
85.3392;
74.4473;
61.4924;
74.6332;
78.7638;
77.0348;
83.9997;
53.4454;
75.9537;
80.1981;
74.8698;
80.6025;
93.2699;
60.9534;
70.7968;
73.7465;
59.9151;
76.5461;
72.456;
70.4989;
70.5637;
79.6824;
74.9459;
81.3996;
60.2255;
67.7406;
65.0547;
36.4801;
80.6437;
58.6672;
31.4293;
74.5996;
77.9135;
66.4321;
80.1713;
66.1056;
63.675;
84.9957;
87.4005;
54.8441;
51.639;
54.8499;
79.1147;
67.5695;
55.8918;
74.6324;
81.0406;
73.7134;
76.1459;
71.2669;
60.798;
62.6944;
87.9346;
77.3106;
51.7573;
71.6163;
71.9321;
71.5528;
71.7902;
62.0184;
80.867;
63.581;
66.4627;
35.7068;
78.2553;
69.9733;
83.1526;
76.0767;
61.0766;
73.1951;
59.1375;
58.4723;
70.1707;
96.6217;
47.957;
87.1105;
69.3569;
70.3697;
67.1655;
70.2881;
76.3017;
64.9871;
61.6772;
86.6654;
40.615;
71.5404;
68.8195;
69.8943;
32.4685;
74.8567;
74.7623;
47.2569;
64.4304;
75.0061;
83.2229;
72.7727;
81.0105;
77.2751;
87.8147;
85.4006;
68.7961;
85.7254;
75.745;
65.6039;
77.2316;
75.8072;
82.033;
71.0683;
66.254;
68.0096;
40.0215;
69.3679;
55.4155;
66.5536;
65.0992;
69.4792;
79.0421;
71.4843;
63.5743;
69.8406;
63.8365;
87.6895;
70.5393;
79.51;
64.067;
70.5953;
67.0837;
98.2127;
85.6082;
53.8939;
85.5583;
58.2119;
69.385;
70.5087;
40.5313;
85.222;
59.1406;
72.5992;
79.4001;
75.413;
72.4521;
63.6786;
47.942;
78.3319;
58.646;
65.4038;
37.6385;
73.7452;
33.2054;
69.8646;
78.7966;
63.507;
69.4353;
74.4794;
90.7206;
71.5227;
62.2258;
51.1799;
78.2275;
93.6713;
68.8503;
74.7367;
61.6642;
75.5054;
75.6991;
73.1124;
66.2521;
86.7427;
69.3561;
89.6101;
60.2868;
89.6377;
88.8292;
68.3097;
85.5276;
65.4154;
68.2485;
61.9398;
74.3051;
56.2479;
78.0735;
62.6164;
29.4941;
71.8099;
68.0455;
60.8337;
72.6423;
78.5056;
64.2302;
83.591;
80.6803;
73.0521;
49.7921;
63.9836;
62.3654;
59.0453;
71.3825;
66.9194;
84.2598;
71.1254;
58.5374;
58.605;
81.923;
77.2255;
59.8931;
75.2452;
74.1841;
63.0684;
73.6045;
83.9818;
56.7449;
70.6592;
71.1762;
57.4674;
76.1952;
68.1319;
65.7141;
69.6742;
77.8859;
77.9447;
64.5894;
55.0724;
67.5941;
61.9825;
40.5425;
70.0149;
68.266;
54.8681;
67.6753;
60.6676;
68.1403;
67.2737;
70.9678;
33.6233;
71.3937;
58.81;
60.7734;
68.5703;
66.157;
59.8898;
63.4355;
73.266;
74.4472;
65.2388;
79.0576;
72.2065;
78.5001;
81.4879;
67.7036;
61.6556;
63.7873;
82.6262;
82.9104;
66.2946;
75.9017;
92.7414;
66.4508;
58.9284;
71.2131;
35.1958;
62.7171;
73.4344;
72.4084;
81.0168;
61.1436;
59.3325;
64.5984;
82.3506;
26.1529;
64.5464;
54.5738;
67.294;
59.9277;
61.2501;
64.7694;
66.1065;
63.7596;
65.2729;
84.8899;
90.0052;
35.7733;
32.069;
26.0401;
76.4152;
77.0415;
100.875;
39.2919;
79.8489;
55.8309;
74.6525;
69.7456;
77.0479;
72.0867;
60.5948;
68.7589;
68.6771;
68.326;
39.0424;
80.0324;
39.6574;
40.4791;
75.32;
79.7614;
80.2199;
66.7994;
87.7046;
69.6435;
73.5291;
66.9749;
79.7772;
65.428;
63.8849;
75.4269;
61.7704;
81.832;
74.0832;
70.2053;
76.3707;
63.0906;
66.9783;
76.7931;
71.6399;
79.1255;
65.9228;
76.5317;
72.191;
39.6105;
72.1326;
83.9758;
80.4015;
81.6876;
75.3379;
88.41;
73.9022;
66.379;
59.1608;
74.0707;
67.4481;
66.3261;
66.9244;
72.8655;
81.2004;
78.1574;
60.0898;
44.5231;
36.3723;
33.6715;
69.9439;
60.4951;
67.4716;
37.8958;
96.899;
73.946;
78.7024;
80.1546;
79.1612;
61.313;
71.5537;
51.6311;
72.4932;
32.1445;
57.8224;
61.4054;
62.9904;
70.9426;
70.6463;
83.0937;
64.5748;
70.0208;
35.2548;
39.819;
66.3301;
69.7276;
66.0618;
82.4075;
53.1756;
55.3985;
62.2768;
70.5902;
68.241;
56.0235;
71.7336;
70.2918;
65.1609;
58.3927;
65.6762;
77.9946;
75.9667;
64.2954;
66.8334;
69.3154;
66.5946;
69.3804;
58.3152;
71.3004;
74.1809;
55.9288;
65.9629;
75.9855;
60.081;
79.3471;
67.5441;
45.712;
71.3605;
58.3547;
71.4465;
63.8318;
53.5643;
68.1337;
32.2115;
81.2703;
34.5422;
60.2117;
54.0302;
57.183;
57.3444;
65.3556;
73.8876;
52.0327;
53.5859;
59.1882;
26.3276;
70.0968;
79.7561;
62.1044;
78.8482;
79.018;
80.2653;
59.8787;
63.141;
38.9551;
81.3402;
34.2337;
45.8322;
34.9843;
86.1777;
56.5415;
70.1133;
64.83;
76.2569;
66.383;
69.7524;
56.0747;
74.8772;
75.6288;
71.6801;
71.3066;
66.593;
65.8717;
79.7458;
75.5783;
43.2745;
74.5862;
80.6877;
62.0841;
79.6017;
66.6649;
68.2066;
86.0594;
68.6314;
31.0808;
56.4799;
36.3331;
54.5556;
53.6591;
66.1244;
62.9555;
66.1348;
71.6286;
69.5406;
40.06;
31.2119;
74.19;
66.959;
60.9803;
70.5432;
70.5914;
58.2358;
77.8221;
85.4286;
55.9788;
56.3708;
35.1143;
59.5869;
74.8507;
52.328;
38.4328;
63.5709;
74.1619;
50.6171;
72.3704;
73.1206;
65.8141;
64.2285;
60.3388;
63.0604;
74.5555;
68.3906;
75.1062;
67.3783;
64.9249;
58.8304;
83.3601;
34.0725;
68.9747;
62.3802;
80.3975;
44.0019;
66.2648;
52.3471;
58.7828;
51.8848;
68.5171;
72.1399;
60.6896;
68.7535;
57.18;
39.0493;
39.5405;
69.4926;
74.8539;
65.2019;
77.268;
60.3509;
51.4743;
48.3352;
62.2908;
71.4976;
72.2774;
64.6838;
74.666;
59.4263;
59.5159;
61.0448;
69.4339;
70.4253;
60.5805;
72.7858;
62.7848;
60.0428;
75.6264;
69.8143;
53.9478;
80.0661;
66.5676;
60.8153;
66.0356;
65.8503;
65.563;
57.7361;
75.096;
56.4864;
60.9575;
61.6827;
66.687;
72.7442;
63.1019;
77.2382;
57.1911;
68.9409;
62.8245;
74.027;
28.5197;
75.0065;
73.5018;
61.5443;
49.3369;
74.1574;
47.5009;
77.1492;
66.8697;
32.1211;
74.6778;
55.933;
63.1093;
78.7614;
77.1022;
53.8784;
56.1038;
63.0013;
80.0896;
65.5369;
53.7698;
66.3128;
76.8347;
51.7858;
61.5935;
64.6395;
54.5696;
81.0019;
68.8252;
72.2587;
33.9594;
73.3759;
67.7581;
72.6575;
47.1696;
60.7503;
39.0227;
78.0929;
70.7507;
60.0091;
71.3301;
68.7607;
52.2862;
69.8911;
73.7738;
70.677;
57.3593;
44.2449;
57.6702;
60.0274;
69.9334;
71.951;
53.2923;
54.8619;
65.7059;
84.5644;
64.6309;
80.3202;
75.2283;
71.3063;
60.8173;
58.9469;
67.7187;
80.6046;
65.0677;
60.4406;
55.3088;
64.9189;
63.3617;
32.0029;
74.2122;
56.4674;
59.4045;
70.3794;
54.5906;
55.1398;
65.9636;
68.7139;
56.4812;
52.9417;
64.6224;
50.7213;
53.7953;
47.1166;
40.1435;
55.7129;
51.7667;
67.6956;
61.791;
65.7384;
48.8955;
70.8395;
46.6158;
59.5867;
54.3826;
62.2156;
82.9585;
65.8483;
65.5182;
64.6972;
64.989;
49.5678;
60.7005;
56.644;
58.0897;
61.8015;
68.5162;
56.4821;
60.8947;
71.1888;
41.358;
73.8626;
48.3752;
60.3513;
57.0011;
59.8973;
55.0988;
79.891;
67.2748;
70.3348;
70.8198;
69.2846;
68.5781;
65.5043;
74.3866;
55.1601;
56.9402;
62.718;
53.5939;
62.4581;
87.8631;
40.9574;
70.4782;
73.5604;
77.6156;
33.0828;
48.2311;
64.8854;
55.1211;
53.2803;
70.5049;
59.3134;
64.1222;
37.2656;
53.7936;
58.8173;
82.9657;
55.9753;
66.9711;
32.6156;
78.0516;
47.6427;
61.4652;
59.5414;
31.8994;
68.0313;
59.1363;
64.1166;
84.9305;
61.1403;
61.5261;
73.6747;
68.0594;
64.344;
59.5475;
53.2908;
66.856;
48.0622;
70.77;
67.9913;
62.9412;
69.8054;
58.0538;
60.889;
54.2309;
58.2866;
74.347;
32.8305;
28.6641;
59.1916;
54.5181;
57.18;
72.4421;
61.3624;
68.166;
58.2074;
60.0303;
66.3561;
50.1396;
66.306;
65.1178;
80.6441;
55.2286;
71.9937;
66.2037;
61.3983;
30.1234;
48.5189;
39.9723;
69.2849;
35.6246;
58.1691;
55.1663;
61.2673;
64.1172;
59.1321;
64.3956;
62.1571;
63.056;
64.4942;
70.2564;
57.0275;
59.8218;
53.7041;
37.0541;
67.2885;
62.111;
67.3937;
68.9901;
57.6715;
39.5794;
59.4389;
70.1313;
58.0614;
58.9006;
37.6297;
56.3272;
59.2428;
63.943;
51.4273;
60.2443;
60.0349;
40.3283;
64.7964;
56.8689;
32.8277;
63.3975;
51.4816;
43.2704;
58.4455;
34.5232;
40.7833;
60.9322;
66.706;
56.9898;
54.7896;
61.0659;
71.746;
63.2554;
53.1522;
60.635;
74.4963;
72.7772;
63.6424;
66.002;
74.7642;
53.8784;
87.5198;
51.5954;
56.4698;
55.3474;
69.8165;
34.2443;
53.8732;
48.5455;
63.939;
64.4128;
62.4984;
61.6365;
56.0853;
65.2394;
69.5927;
69.1506;
69.8712;
63.4662;
62.9261;
64.188;
60.0942;
67.5465;
65.4504;
51.4249;
79.3632;
75.1227;
63.6496;
56.9862;
52.5632;
69.3997;
57.9605;
52.7547;
47.6668;
63.4962;
64.2747;
62.7834;
48.9814;
61.5034;
45.3004;
70.9618;
35.7108;
68.7923;
55.9478;
72.5065;
49.1237;
50.7203;
58.5909;
71.265;
53.5899;
74.1874;
60.4571;
68.4515;
68.1857;
33.7632;
70.9796;
42.7263;
69.8836;
50.3533;
56.2544;
78.9617;
44.6615;
64.5381;
56.9637;
68.113;
66.8529;
57.8384;
75.6862;
64.2504;
41.0083;
60.6409;
57.6226;
56.1657;
54.0923;
65.7377;
58.7591;
75.588;
29.6308;
29.4802;
67.1185;
58.1967;
64.4676;
53.7568;
33.7326;
61.2777;
74.8326;
61.1819;
38.5598;
49.705;
62.1692;
66.6626;
54.3255;
81.3841;
57.9925;
70.0962;
59.518;
62.716;
58.8677;
54.1126;
48.8184;
59.303;
67.2651;
43.6579;
61.8693;
53.6066;
58.758;
31.9442;
45.8247;
49.3275;
40.7699;
37.8132;
77.1606;
69.3781;
60.503;
59.8806;
55.8974;
57.4441;
67.7542;
64.3299;
55.9388;
51.5836;
51.4433;
65.9653;
40.187;
55.7354;
63.7177;
52.3285;
47.3825;
60.3927;
63.1461;
57.4517;
35.9692;
58.8235;
50.5982;
75.0315;
60.9081;
51.722;
51.8398;
57.482;
61.8855;
61.6403;
55.6165;
30.9011;
52.0497;
56.5899;
51.9333;
61.0358;
49.8614;
59.7167;
50.1336;
39.1871;
48.504;
48.1713;
34.5355;
45.1734;
41.1325;
43.916;
62.5526;
34.8319;
62.09;
60.1918;
42.2976;
58.6532;
23.788;
72.0969;
70.8124;
37.6992;
55.9142;
50.1;
46.3977;
32.794;
60.2384;
38.7244;
49.852;
74.8001;
66.2303;
50.8619;
61.429;
54.528;
56.9587;
64.1106;
37.9462;
59.8054;
48.1956;
72.4263;
39.1477;
73.1302;
62.5676;
65.545;
61.8031;
59.186;
64.6757;
64.7509;
49.4847;
66.4538;
49.9009;
49.5403;
55.1683;
57.5245;
51.8017;
52.6699;
54.2074;
69.1246;
56.9264;
58.355;
54.0619;
57.6745;
68.0604;
45.7112;
50.4286;
64.8093;
56.3018;
60.0224;
27.6726;
60.9207;
36.0312;
77.1658;
54.7264;
58.1724;
62.7167;
66.0185;
43.8488;
35.9975;
59.7247;
72.1393;
38.1137;
63.0509;
53.5361;
58.1592;
59.3491;
67.1537;
69.5177;
37.665;
54.4899;
62.1143;
47.4154;
44.2632;
52.3984;
59.1445;
60.5183;
66.4927;
50.586;
55.9507;
32.1378;
48.8782;
55.2259;
63.1691;
63.9349;
53.7268;
35.4389;
51.1616;
45.0288;
57.6456;
69.6358;
54.4402;
48.1063;
33.1513;
36.0911;
58.1603;
67.4191;
56.5092;
41.369;
48.8549;
60.7864;
54.8433;
83.0323;
50.9911;
46.9555;
59.3171;
57.1897;
61.913;
43.619;
61.6946;
53.9017;
58.1224;
52.7737;
27.7174;
35.9922;
47.474;
55.4249;
59.4774;
61.0719;
52.4853;
62.9417;
70.5868;
54.227;
61.3197;
61.1852;
58.7911;
44.1937;
48.3485;
61.604;
34.671;
43.294;
47.0449;
54.0038;
34.4699;
34.3629;
29.9327;
63.5001;
64.157;
55.0477;
68.6227;
51.287;
54.4472;
47.0949;
63.8065;
54.4232;
65.9696;
53.9441;
66.441;
57.8902;
50.8071;
60.6498;
55.3993;
65.8071;
72.4808;
69.3903;
58.0756;
57.9581;
58.9345;
52.299;
62.3863;
58.3739;
50.7766;
65.6715;
64.3954;
58.9402;
44.5705;
60.9607;
56.7009;
41.4119;
44.6265;
48.2827;
64.8723;
57.436;
59.3317;
42.4094;
56.0877;
51.2943;
49.0897;
67.5542;
39.2149;
57.165;
54.3782;
57.1914;
59.7932;
44.8327;
36.8681;
45.1231;
44.9997;
71.1384;
69.3111;
46.7507;
54.4965;
68.1799;
52.0294;
52.9312;
49.6369;
77.6485;
82.8904;
31.7164;
56.7952;
52.3418;
44.8126;
52.758;
57.6202;
60.8639;
58.0411;
38.4293;
56.8903;
69.8489;
36.1683;
40.5849;
30.0612;
57.4777;
69.4055;
46.5821;
56.5721;
53.4804;
66.6264;
49.0918;
56.9902;
58.793;
60.2999;
52.5754;
47.7749;
49.2401;
51.4103;
46.5362;
65.9096;
40.5232;
63.408;
59.1628;
39.8818;
24.8713;
43.1476;
35.8267;
44.8303;
57.8954;
59.3397;
53.1362;
66.2553;
56.5921;
63.9986;
65.0744;
49.2206;
41.9988;
59.1558;
39.8635;
53.9619;
55.499;
63.1008;
52.2251;
59.5065;
30.3243;
36.4128;
38.5923;
50.4599;
51.9683;
52.9567;
56.6919;
57.753;
69.4366;
55.1765;
40.1661;
51.07;
51.7905;
54.415;
62.9996;
46.199;
61.7467;
54.4836;
58.0499;
40.8976;
51.9422;
45.3503;
42.1632;
59.3818;
58.164;
49.8701;
53.4006;
48.5877;
41.3631;
43.5765;
56.4591;
44.5922;
51.1922;
44.4618;
73.1804;
48.4563;
51.8994;
63.6084;
54.6032;
47.1772;
60.1322;
41.5801;
35.4435;
47.117;
43.2545;
40.616;
65.6682;
36.058;
40.424;
46.9539;
35.3668;
55.8916;
44.1553;
53.1756;
58.3812;
46.3044;
55.3781;
39.0133;
51.3957;
48.5913;
42.9089;
56.6513;
34.9896;
34.0879;
40.0993;
45.8826;
66.439;
43.851;
43.6651;
60.5541;
58.481;
71.9138;
53.8498;
58.8784;
43.612;
42.5392;
48.0537;
43.4098;
52.4071;
57.2138;
40.3404;
46.3288;
39.0334;
53.7401;
62.1042;
59.5702;
44.1455;
59.7623;
36.3674;
29.1079;
55.1686;
44.4393;
68.6957;
38.1091;
52.2789;
25.6363;
55.6922;
44.2033;
54.9821;
39.9064;
57.8014;
43.6364;
27.7438;
40.3405;
38.8057;
35.6332;
57.1552;
33.8025;
36.2546;
59.1817;
63.8668;
63.2105;
65.7555;
62.061;
54.2423;
42.918;
37.1863;
62.8079;
60.2203;
47.1339;
57.8468;
58.9989;
44.9989;
55.2845;
33.8429;
57.7019;
49.799;
41.3073;
31.3226;
34.0206;
53.1662;
50.171;
54.077;
52.1594;
61.5545;
59.0659;
58.224;
46.4187;
59.0388;
49.158;
61.0831;
59.3651;
52.3285;
44.6947;
63.5694;
40.6051;
52.2515;
70.6895;
53.3834;
58.4245;
43.9813;
52.6997;
40.9011;
57.9735;
72.7829;
52.1133;
43.892;
59.633;
38.7261;
49.553;
54.9197;
43.3327;
44.1288;
34.2478;
33.3163;
57.8527;
62.2102;
57.0777;
48.4075;
46.83;
69.9357;
60.187;
55.1156;
53.5343;
43.9126;
51.6071;
57.515;
51.2151;
54.9724;
51.2729;
50.6365;
52.2002;
52.7224;
40.314;
53.6163;
54.502;
57.7784;
48.2535;
52.0894;
50.8512;
60.6406;
60.9097;
55.6049;
46.2502;
43.0632;
50.3426;
53.7815;
67.6855;
34.5803;
55.4869;
57.3311;
44.6982;
47.8176;
58.4734;
47.806;
68.9486;
34.0788;
32.9971;
53.1836;
53.8451;
32.3979;
52.1225;
47.3148;
61.8569;
47.9879;
50.9161;
51.099;
35.5857;
54.7577;
47.7544;
40.4099;
47.7584;
51.7665;
50.1883;
52.9271;
43.1756;
65.1614;
51.6656;
72.8343;
58.7331;
53.1918;
59.56;
47.5592;
41.5325;
64.3237;
56.6459;
53.8786;
55.2035;
47.7079;
35.7111;
47.5714;
51.4545;
65.5786;
45.9365;
31.6332;
48.1855;
49.8392;
37.6803;
42.1264;
51.2249;
52.1516;
50.6711;
51.236;
58.0774;
51.1346;
37.5939;
42.0358;
62.5167;
58.5429;
58.3801;
42.5227;
35.0384;
53.441;
37.9209;
41.179;
43.9582;
42.3011;
57.0761;
47.5462;
64.2183;
51.4408;
50.8222;
47.7768;
35.458;
42.2158;
47.7166;
48.2062;
47.1061;
42.85;
54.2153;
43.9345;
62.6044;
52.0769;
56.1763;
52.8342;
47.7539;
45.4702;
61.4794;
55.636;
53.7474;
50.853;
53.3655;
52.3712;
36.6157;
53.1175;
43.2541;
67.8716;
46.8172;
50.2108;
50.9847;
44.7588;
48.021;
52.3036;
45.4012;
49.4309;
64.6503;
35.0059;
62.3583;
50.9063;
55.3795;
36.8302;
65.4398;
64.6331;
56.3973;
58.6645;
60.1875;
63.3787;
40.7586;
57.3581;
52.345;
41.343;
52.4039;
45.5143;
55.2104;
49.0885;
50.8261;
48.8699;
63.4871;
38.9219;
55.0908;
49.2328;
44.4976;
50.8919;
46.1602;
56.9235;
47.9821;
47.6282;
52.383;
41.1291;
47.8752;
37.4767;
42.8865;
36.0736;
45.5622;
38.8688;
53.7954;
33.6915;
42.4136;
57.1576;
50.902;
41.368;
48.1306;
42.4552;
37.0958;
49.3517;
62.4525;
37.288;
47.2637;
35.5719;
62.6189;
42.3277;
54.4552;
48.6809;
50.4572;
35.5785;
44.5258;
48.0817;
44.8992;
48.0177;
44.4669;
44.6344;
37.267;
60.1917;
50.2394;
45.437;
45.7896;
52.9669;
49.7383;
50.7881;
63.1828;
53.722;
49.4522;
32.9329;
42.7183;
43.0569;
44.2361;
47.8491;
35.617;
36.7236;
49.6635;
34.3447;
37.601;
57.657;
32.375;
42.3162;
49.0304;
55.7433;
44.5754;
42.5694;
35.8063;
49.0197;
61.3314;
33.409;
58.3195;
42.92;
47.44;
35.4858;
43.1802;
39.3238;
60.4045;
40.2446;
36.7301;
50.6538;
56.292;
61.2992;
46.6968;
57.0134;
50.0961;
60.3588;
26.2978;
65.6874;
45.5677;
55.026;
45.4243;
45.0329;
51.7388;
49.7829;
38.8621;
51.0577;
37.1903;
38.0197;
54.1053;
47.0459;
53.5341;
43.8864;
57.6414;
32.0072;
39.4266;
58.2356;
60.397;
37.7439;
52.7025;
58.2964;
47.9565;
26.0104;
39.0781;
49.5962;
56.4578;
40.0405;
43.3228;
48.9913;
36.3184;
48.1912;
39.6855;
47.8369;
29.1799;
52.3485;
39.7177;
52.1632;
46.5;
42.415;
57.4175;
68.1456;
40.8573;
53.0066;
49.6402;
47.4042;
56.1847;
40.9437;
34.9061;
48.3452;
57.5199;
43.0165;
50.9578;
40.9745;
54.9947;
40.6776;
53.239;
51.0619;
53.1741;
52.0524;
38.8517;
43.0195;
55.4259;
45.9863;
61.4264;
34.333;
52.9706;
45.9259;
41.3025;
45.6385;
38.8123;
47.4166;
50.6513;
53.4456;
44.179;
50.7585;
46.8961;
41.5603;
53.1647;
54.0334;
40.0806;
48.2015;
55.7219;
47.8583;
55.9118;
46.8752;
54.2147;
52.0576;
49.0884;
51.9981;
31.7903;
53.4323;
24.3937;
56.4157;
31.5035;
52.1415;
43.467;
45.3709;
66.2795;
52.8947;
45.7405;
31.3355;
40.1814;
57.4584;
55.4384;
37.1808;
45.6436;
36.0907;
39.8209;
44.3707;
39.9923;
39.0805;
53.0177;
61.3536;
35.9656;
49.9944;
49.8821;
36.3368;
53.4363;
57.1078;
47.8902;
45.2674;
61.7203;
47.6277;
42.5082;
47.7163;
54.299;
46.0571;
50.5354;
56.2113;
38.6498;
48.9555;
51.477;
41.2705;
33.5023;
54.3756;
40.904;
46.5731;
32.8534;
40.8042;
44.057;
63.6424;
48.2992;
45.0485;
41.3703;
54.0012;
35.6639;
46.7486;
47.2252;
51.4638;
49.7454;
48.3465;
43.5792;
40.7112;
47.1093;
31.9587;
39.6935;
42.1612;
68.7706;
38.1973;
44.6769;
35.367;
47.1648;
53.4143;
50.4054;
35.3088;
49.3551;
53.8297;
54.5488;
48.3638;
47.9656;
36.9108;
51.3518;
45.9824;
42.7599;
42.3807;
56.8079;
57.1821;
53.3855;
51.992;
55.5504;
41.9468;
43.9766;
41.6306;
36.2529;
31.8603;
50.3991;
54.1909;
40.8682;
42.6248;
44.693;
49.646;
43.2038;
48.3113;
34.515;
56.1591;
56.4882;
38.9417;
50.508;
48.2519;
41.6207;
51.223;
57.5188;
30.5655;
44.7499;
35.0859;
39.3178;
51.8108;
35.2683;
45.2261;
45.5725;
48.2853;
34.3509;
37.2789;
34.9768;
44.957;
52.0272;
60.3408;
58.1755;
45.518;
45.0427;
44.8257;
51.9792;
47.5727;
41.2502;
54.7696;
37.6118;
40.6591;
41.6622;
50.9766;
33.5682;
45.3119;
42.489;
42.638;
36.7326;
60.5833;
52.7242;
44.9562;
43.2507;
40.3213;
50.5363;
45.268;
50.2962;
57.3395;
53.4019;
50.5186;
47.208;
45.1764;
45.3515;
36.209;
42.2865;
41.8156;
51.8246;
36.3865;
49.6866;
46.1348;
42.7332;
52.4609;
40.4785;
39.101;
33.635;
42.8324;
40.8215;
53.6275;
50.366;
49.1643;
47.1981;
53.0768;
56.57;
42.6813;
49.7268;
59.8768;
49.3498;
38.833;
53.0833;
36.2648;
26.8869;
56.41;
52.1289;
45.5487;
40.2949;
44.6795;
41.2537;
41.3854;
41.9682;
68.7109;
59.4198;
34.8232;
46.9834;
54.7438;
53.6016;
39.41;
34.4195;
49.2628;
40.882;
50.3661;
49.5117;
44.5721;
41.2554;
34.1597;
35.9833;
55.6377;
67.5924;
32.5035;
44.1336;
35.02;
47.3772;
35.972;
54.5724;
48.7281;
52.8926;
35.1281;
65.9516;
44.3916;
33.8946;
56.5023;
49.5336;
54.92;
55.3174;
49.3135;
59.1202;
55.5138;
53.2668;
29.7278;
46.7365;
45.9483;
50.2575;
32.5866;
55.6752;
52.8347;
49.5937;
54.5504;
34.66;
60.2678;
46.4354;
50.4469;
39.8499;
36.9771;
49.4189;
45.0975;
46.9242;
43.7877;
50.2216;
39.6511;
48.8602;
49.8377;
33.1529;
43.2377;
45.6062;
47.5243;
46.5447;
51.8542;
43.5412;
58.2965;
45.5267;
41.6672;
38.0568;
47.727;
60.4185;
49.1522;
47.3842;
55.102;
49.4755;
43.0124;
50.0099;
42.1921;
48.5885;
40.1711;
50.5063;
49.5331;
46.0363;
48.5385;
36.8395;
49.3551;
36.6971;
41.4738;
35.9955;
36.2546;
31.5129;
35.4873;
60.0228;
46.6652;
39.1032;
47.2002;
25.1224;
49.5543;
40.5805;
51.034;
54.9958;
48.2797;
54.9823;
41.327;
52.2749;
45.0274;
46.494;
60.2677;
40.7962;
52.8323;
31.7066;
44.9981;
49.6262;
50.1796;
51.2111;
40.9081;
47.1254;
52.4606;
44.7474;
42.3982;
50.2315;
42.7622;
47.9032;
53.5387;
37.2355;
57.1384;
45.6136;
43.691;
30.6233;
43.2837;
39.5671;
36.7047;
29.7956;
60.2977;
53.1189;
42.7643;
43.7228;
44.5812;
34.6118;
49.9838;
45.8956;
55.0734;
32.2304;
41.598;
49.9121;
40.4586;
43.2435;
40.6685;
33.6904;
41.5165;
42.4798;
37.8506;
32.8271;
37.0977;
33.7965;
40.0691;
35.0058;
37.9297;
29.375;
42.5557;
40.6784;
44.8711;
38.2094;
34.049;
62.0569;
40.1696;
38.0492;
47.4251;
49.8924;
39.0667;
53.8108;
44.8338;
52.293;
39.3003;
40.5951;
49.5665;
51.2634;
34.3608;
56.7182;
56.5712;
53.383;
45.992;
36.6599;
33.1281;
47.0607;
34.9878;
45.3993;
57.6118;
35.934;
43.5988;
34.6216;
53.6297;
50.3642;
55.8261;
39.2157;
35.0801;
45.9699;
41.9924;
41.2191;
44.6143;
56.2807;
44.3168;
44.6017;
41.2264;
51.8085;
39.3518;
43.8879;
41.1727;
52.3082;
39.9619;
37.1881;
43.3667;
41.7935;
41.6152;
45.5272;
34.5182;
44.6275;
51.3538;
45.8115;
49.6081;
59.6415;
39.0778;
47.2018;
35.6077;
47.1741;
28.8205;
38.6612;
54.8476;
44.3869;
31.8001;
35.4196;
43.3238;
48.7235;
44.969;
45.1417;
55.381;
52.914;
49.8385;
44.0644;
45.7587;
43.3032;
36.098;
50.7803;
44.7196;
53.3195;
40.4383;
45.5561;
38.4086;
42.477;
37.6881;
38.9648;
41.2932;
30.6921;
44.6025;
34.6244;
40.1904;
31.3417;
44.1491;
46.383;
33.9069;
52.4095;
29.4797;
43.8451;
40.2862;
52.7599;
48.8984;
44.2872;
29.7975;
47.8732;
42.8439;
46.3964;
41.3495;
38.5925;
43.7971;
34.4846;
56.2975;
47.9048;
55.222;
45.2602;
38.4372;
43.4171;
49.5816;
30.5748;
29.4568;
49.658;
48.5609;
41.0153;
45.9662;
61.5667;
47.8178;
35.3964;
47.9132;
39.4307;
48.9256;
40.7913;
41.0129;
33.8718;
40.4691;
45.5259;
39.5325;
52.2042;
46.5912;
39.6434;
46.3474;
38.6264;
33.2012;
44.9359;
47.2315;
39.5267;
49.8092;
47.9625;
36.929;
38.0373;
46.3588;
44.9912;
43.6744;
36.6648;
34.8905;
52.3938;
35.0439;
35.2001;
42.3548;
49.1112;
40.2376;
44.4334;
49.9977;
37.7015;
40.0711;
38.1547;
36.3035;
32.7025;
29.0215;
35.3117;
37.6942;
41.2306;
32.2956;
40.6756;
47.2267;
39.9927;
28.195;
51.8578;
53.3946;
47.1772;
43.3932;
39.2037;
51.6513;
40.9739;
33.7619;
39.6241;
31.5589;
33.7574;
30.628;
29.6178;
54.4175;
41.7007;
55.3353;
52.2014;
46.1232;
52.0967;
42.5384;
49.4175;
39.6383;
37.9858;
41.0225;
48.365;
38.3213;
38.0141;
49.0654;
37.2306;
48.8238;
46.3649;
47.6207;
39.5836;
46.9173;
36.8991;
45.2188;
44.0288;
51.2697;
36.1949;
43.4258;
27.6605;
40.1699;
55.8054;
42.6836;
57.2886;
47.33;
50.3549;
39.8328;
39.9063;
41.2204;
31.2813;
39.6617;
38.0158;
38.3646;
33.1536;
35.9196;
38.1982;
41.3659;
49.6118;
29.9592;
47.5585;
42.3451;
36.8087;
52.7114;
38.9503;
38.1782;
38.0889;
32.5322;
37.3633;
39.6581;
54.0173;
42.7743;
58.0901;
36.1299;
38.1928;
49.1764;
37.0725;
40.7373;
46.5317;
41.2367;
38.5561;
35.385;
32.0853;
38.7086;
29.6926;
42.2131;
35.6838;
50.0784;
49.4296;
45.056;
48.7689;
36.0537;
33.5927;
31.2754;
33.2371;
39.9948;
38.7275;
41.6204;
56.2025;
54.1137;
41.4801;
37.5947;
39.0222;
41.635;
34.4964;
58.8447;
37.7616;
45.0158;
44.6009;
40.5036;
50.0069;
55.3345;
44.5409;
26.1876;
34.164;
42.5332;
34.0003;
43.5516;
48.6162;
47.8984;
49.1389;
35.7222;
51.0709;
41.5225;
40.7887;
39.6719;
40.1418;
38.5038;
53.8851;
50.9946;
44.8016;
42.9293;
36.8141;
40.0645;
39.669;
47.11;
30.5296;
38.9132;
35.3886;
41.2342;
48.9487;
39.6416;
44.2236;
33.0066;
28.0977;
32.8612;
33.8069;
38.5516;
45.819;
29.3988;
41.1093;
35.9211;
45.1292;
37.5387;
48.7559;
43.3911;
33.9062;
37.1177;
41.4562;
54.7347;
38.2149;
33.0624;
47.3322;
35.5171;
30.6609;
53.9556;
44.0692;
42.6606;
55.0798;
40.0982;
40.0618;
63.0539;
44.371;
48.5303;
35.9241;
41.2646;
50.3378;
39.3639;
43.1953;
33.1999;
46.4479;
39.2021;
32.251;
21.1939;
45.6867;
39.3675;
42.6917;
40.3603;
52.1916;
42.1706;
41.3678;
43.166;
41.9202;
52.2664;
52.0909;
58.6197;
33.8647;
40.7269;
31.8543;
40.1036;
36.453;
50.4449;
39.6478;
41.8859;
43.6979;
40.2192;
46.4466;
44.8891;
47.4625;
47.3447;
27.294;
51.9362;
39.3176;
44.1369;
54.022;
36.836;
44.7054;
40.7066;
44.4306;
34.1787;
37.5519;
39.8437;
33.0643;
39.1021;
39.0724;
36.6581;
38.0444;
41.2934;
37.9824;
33.7094;
47.0049;
35.053;
39.0181;
38.9378;
27.7681;
34.9589;
41.6599;
48.9377;
39.1904;
42.8742;
36.7983;
29.6666;
41.9011;
41.679;
31.2308;
39.0295;
36.889;
41.7042;
36.6934;
38.8737;
36.0957;
37.1212;
35.3825;
38.6784;
32.1116;
41.7334;
40.0216;
41.7146;
42.5984;
51.5921;
54.1548;
43.8126;
34.4558;
39.5076;
44.7528;
48.1284;
44.7776;
52.2239;
37.8364;
42.7484;
38.8566;
50.01;
26.9504;
49.0087;
42.2072;
49.2279;
45.7218;
50.8732;
28.9759;
43.8917;
60.9829;
38.0953;
36.5921;
44.4515;
53.733;
27.437;
35.0814;
31.4759;
39.4473;
34.41;
37.72;
52.9094;
37.597;
35.6386;
32.7081;
36.3854;
38.7538;
40.6991;
35.5622;
43.2642;
41.0236;
29.1808;
45.1372;
44.8909;
46.2046;
35.3256;
50.025;
46.3174;
41.4713;
38.4767;
45.9929;
51.317;
59.1102;
30.62;
43.01;
53.2638;
37.4875;
47.8429;
43.6715;
32.7761;
35.0416;
43.4288;
44.4903;
33.2839;
40.862;
29.7475;
33.6542;
35.1885;
45.9332;
44.8944;
41.7917;
40.3498;
27.1177;
47.6515;
44.6072;
44.1973;
46.2074;
51.385;
44.2727;
50.9848;
52.9311;
40.6519;
36.2744;
37.0662;
43.8843;
51.5923;
48.0585;
48.9229;
38.946;
36.6296;
44.9232;
49.4754;
41.4364;
46.6656;
38.3514;
48.2936;
38.0006;
44.0587;
47.5293;
44.4175;
33.5326;
43.2592;
50.5816;
52.0456;
31.4911;
36.6538;
35.9089;
45.6436;
42.3588;
40.7534;
38.4778;
41.6027;
41.5648;
43.017;
47.7714;
42.3731;
39.3247;
37.5595;
52.9296;
38.2447;
53.0642;
41.7333;
30.1954;
46.7707;
43.7874;
39.5221;
37.634;
40.7852;
45.8297;
33.6162;
42.7854;
39.7625;
39.0281;
37.6573;
30.921;
48.4215;
44.6418;
34.9933;
47.4631;
35.7892;
26.9251;
37.8217;
45.34;
34.4923;
50.4652;
38.6017;
44.903;
34.6848;
41.0741;
44.2589;
33.3117;
46.7714;
53.3598;
31.8465;
47.007;
38.916;
40.4116;
33.6807;
40.4673;
51.2394;
44.4308;
35.6434;
49.3904;
44.219;
40.4577;
44.8789;
35.6579;
45.727;
48.3985;
40.8817;
34.6138;
35.9023;
38.283;
44.8745;
44.8963;
36.7413;
38.6918;
48.8291;
42.3809;
37.7657;
41.5193;
36.1285;
41.3224;
35.3956;
47.8173;
27.6326;
40.2659;
40.1791;
42.8296;
47.3509;
31.6353;
38.4982;
35.1639;
40.3519;
31.0028;
45.7635;
48.0473;
40.1401;
43.9823;
41.5385;
33.5379;
34.9698;
39.0104;
35.5982;
50.6561;
41.1443;
41.9365;
31.3401;
45.3172;
32.907;
34.3233;
45.8837;
32.9253;
37.6027;
39.3828;
43.5703;
42.3644;
28.4948;
35.8195;
32.5195;
34.4931;
35.6478;
45.5064;
38.3755;
31.3853;
40.6615;
51.6084;
30.7271;
43.5823;
40.3606;
37.6199;
33.7027;
31.6396;
43.8281;
40.48;
36.443;
38.9335;
32.7884;
38.9901;
32.5923;
55.4359;
43.3865;
43.6911;
35.4002;
33.7748;
36.9026;
39.0709;
40.2161;
29.2177;
32.7719;
33.4106;
39.09;
36.0172;
41.7375;
41.4987;
30.5295;
49.082;
43.1789;
44.3262;
47.4485;
35.568;
25.7931;
34.1913;
48.949;
38.4782;
57.7258;
42.4547;
33.939;
38.256;
33.1291;
39.7598;
37.98;
39.0065;
46.1484;
36.6918;
45.8244;
36.386;
41.3062;
41.2822;
53.1034;
33.1731;
35.9097;
42.3526;
27.8139;
43.5886;
43.8627;
34.438;
42.9878;
35.3305;
35.2764;
34.173;
28.734;
37.4756;
38.2675;
30.0641;
38.5304;
36.6532;
41.7323;
41.2285;
49.2928;
39.8008;
45.2184;
40.5528;
37.9347;
37.3228;
46.1224;
41.7407;
38.7974;
37.0339;
39.1476;
34.6263;
21.2447;
43.463;
34.3455;
34.6784;
44.0582;
35.5182;
37.2902;
36.1953;
33.7853;
45.3942;
44.6133;
36.6289;
36.7235;
31.0189;
39.7303;
42.2942;
29.3175;
34.818;
35.5071;
29.3467;
42.898;
38.2973;
36.741;
52.2467;
33.6211;
49.8079;
41.5486;
39.3834;
40.4205;
40.1613;
25.7511;
41.7191;
38.2814;
41.0199;
34.6802;
39.9281;
31.2635;
32.8168;
31.4756;
30.254;
40.1398;
41.9944;
40.2024;
34.6065;
30.6635;
41.2237;
37.3424;
37.2552;
43.1493;
40.0579;
35.991;
46.5799;
37.991;
42.6697;
28.7605;
29.732;
34.5836;
47.9294;
44.8863;
38.3174;
37.8457;
46.7803;
32.6506;
41.9636;
32.4026;
45.4043;
29.5201;
37.5282;
47.7217;
47.5501;
34.0993;
42.763;
43.2177;
34.1106;
32.6548;
45.0674;
34.0035;
39.2667;
31.5673;
32.9423;
54.2516;
36.6249;
28.4882;
38.6742;
43.2208;
26.1648;
43.3886;
41.1434;
51.702;
34.0971;
36.1698;
36.2348;
29.4577;
38.4179;
35.8451;
32.6983;
46.2236;
28.9734;
37.0404;
44.0807;
37.9206;
39.4423;
37.1192;
29.071;
44.5963;
26.5468;
33.139;
45.2827;
41.9101;
35.388;
42.96;
33.8783;
36.2171;
36.3396;
23.6054;
32.1753;
37.5745;
36.2239;
40.7262;
44.9253;
48.7643;
35.0694;
50.2291;
36.7574;
48.4811;
32.2573;
26.0226;
21.6744;
29.2239;
35.4383;
33.2673;
35.3526;
33.8566;
31.0081;
48.8204;
28.7215;
32.4383;
44.6583;
38.7394;
33.8516;
41.3512;
31.4241;
31.9119;
28.1554;
31.0969;
42.4737;
32.8474;
51.106;
28.5541;
47.3486;
37.9305;
33.8501;
35.3128;
41.3427;
30.4637;
32.4012;
37.6058;
39.8637;
40.7628;
41.9472;
45.5045;
36.2389;
35.6496;
31.1801;
37.7481;
46.9585;
35.9987;
31.4497;
41.1846;
42.9665;
33.5932;
26.1717;
42.4633;
32.7692;
49.4316;
31.0659;
42.0416;
25.5668;
33.9774;
38.7613;
45.8643;
37.3139;
35.9718;
28.5855;
39.7762;
29.9224;
46.5059;
40.8279;
35.4468;
37.6037;
47.9785;
34.8393;
30.1722;
39.4686;
39.7714;
31.3861;
46.2744;
43.4152;
38.5649;
39.7876;
40.3033;
27.3008;
36.5445;
30.9838;
34.3474;
33.7198;
34.334;
29.1548;
27.4433;
39.6151;
47.1268;
36.3005;
36.323;
52.9921;
40.6389;
30.5751;
30.3064;
36.8883;
44.3989;
40.685;
40.1962;
41.4501;
37.8661;
33.82;
27.4856;
35.5604;
26.9312;
39.047;
48.5211;
29.1661;
37.109;
46.6575;
40.0019;
27.1103;
48.3142;
44.2685;
35.6869;
38.3693;
37.3398;
35.9875;
42.8413;
36.2011;
32.3541;
39.6096;
33.7461;
36.7136;
42.4258;
33.4947;
44.2431;
33.379;
30.1599;
41.9309;
37.0536;
29.1839;
34.058;
32.6047;
37.7755;
37.27;
42.6337;
41.4365;
48.1576;
21.8838;
19.5753;
30.9215;
44.4043;
34.3616;
46.7299;
36.0703;
35.5196;
28.1555;
38.8341;
26.7073;
32.7609;
43.2527;
32.5195;
31.5024;
39.4633;
37.1189;
37.4468;
39.549;
34.2291;
32.6319;
41.9437;
36.4434;
38.7031;
34.8017;
39.2626;
32.0976;
38.2543;
36.3816;
30.4061;
30.8066;
30.4195;
30.5133;
30.1218;
25.4098;
48.8192;
42.6257;
33.9818;
38.4568;
27.4604;
35.0233;
36.4609;
35.2144;
32.8585;
36.5892;
28.1587;
45.4568;
42.9721;
27.1116;
31.5361;
35.3307;
33.6554;
35.0568;
33.8026;
35.218;
37.6697;
37.0872;
34.2867;
31.9172;
33.3641;
28.3378;
30.1158;
36.9703;
44.5238;
30.6221;
31.3914;
40.1278;
45.2752;
29.0828;
27.5701;
43.9018;
46.2775;
24.3789;
35.8293;
27.949;
30.644;
35.2439;
41.5504;
46.0399;
31.3275;
31.7435;
38.1507;
38.6243;
40.8908;
28.2968;
33.2337;
28.7452;
34.2692;
30.5344;
24.126;
43.929;
43.0965;
38.8865;
36.1997;
36.8655;
31.3653;
39.8657;
36.8442;
28.7204;
34.9998;
34.4603;
42.1096;
42.7374;
34.7821;
41.2335;
43.7171;
53.4418;
36.6386;
41.7557;
45.0763;
36.4546;
36.8727;
40.8053;
36.0123;
38.0351;
29.9076;
39.5966;
30.4646;
31.2703;
33.2815;
36.1785;
41.5045;
38.0384;
36.8763;
38.8413;
27.1683;
28.5972;
36.9718;
36.2272;
50.8316;
30.4169;
41.1944;
33.7026;
37.6015;
28.7084;
42.0002;
36.4637;
42.3229;
31.6857;
37.778;
35.0811;
36.4319;
41.7948;
37.874;
33.9046;
30.035;
28.6335;
44.4481;
36.4761;
39.652;
38.8013;
29.5646;
31.7604;
34.0451;
38.4014;
39.1982;
38.593;
48.9378;
38.6607;
39.2803;
32.8946;
38.788;
39.2129;
40.8436;
37.0509;
35.0775;
23.1145;
39.0924;
35.1551;
32.3842;
38.1166;
32.4557;
35.2364;
27.9192;
44.5267;
26.289;
39.3021;
35.529;
34.7616;
39.791;
28.9375;
25.0714;
28.6616;
37.901;
41.1391;
30.3961;
27.7073;
39.3376;
35.3937;
27.6284;
29.7905;
29.306;
34.4846;
39.7648;
37.5411;
35.1953;
30.267;
28.865;
35.7896;
32.8289;
32.3178;
32.6424;
24.2123;
38.6998;
48.8981;
38.7666;
26.6799;
32.484;
34.8396;
34.5043;
30.1316;
36.5744;
32.1717;
26.2627;
42.9546;
38.7868;
29.0059;
42.9141;
26.7879;
36.3218;
33.7416;
45.1333;
31.7693;
29.6025;
36.5508;
33.0319;
32.4351;
36.1994;
29.3628;
28.4885;
28.6883;
35.3554;
31.27;
33.9679;
42.0455;
31.2162;
31.6975;
42.8645;
23.7183;
42.1485;
25.403;
35.3721;
33.3436;
37.0535;
33.2794;
40.2792;
31.4376;
31.0673;
33.5867;
40.462;
29.1291;
33.9795;
42.5209;
26.3981;
30.6323;
36.9996;
39.7116;
29.2119;
30.8426;
32.725;
29.7369;
29.5307;
36.7505;
32.8722;
27.8369;
33.588;
33.0486;
36.4022;
34.6274;
35.1149;
36.0761;
31.4089;
34.4927;
38.5048;
46.1252;
28.1327;
38.4861;
36.1113;
20.505;
21.7823;
28.0637;
35.918;
33.0779;
31.0713;
28.5041;
40.096;
31.7679;
32.5692;
28.6714;
28.1802;
42.175;
33.5341;
34.7183;
31.6823;
25.8004;
25.6862;
36.704;
40.2988;
27.4684;
28.1119;
18.6978;
32.6463;
22.7411;
36.4048;
26.0695;
35.2513;
28.7868;
29.4372;
30.6201;
19.0506;
33.9397;
32.2774;
38.0139;
33.5996;
42.9959;
36.9937;
35.3336;
35.5859;
32.7159;
28.7621;
38.7955;
34.1713;
36.0535;
39.6124;
32.535;
28.4373;
31.1341;
37.3227;
24.6507;
43.1465;
33.1275;
38.0991;
38.1946;
31.2206;
27.3895;
41.9293;
40.4306;
26.313;
44.4253;
34.1797;
26.6753;
35.0411;
34.3216;
24.5607;
37.2652;
26.5892;
40.5275;
29.1795;
25.7877;
32.6482;
32.6074;
29.9708;
34.5694;
42.107;
28.6859;
36.0384;
37.5911;
35.7468;
39.7678;
33.2141;
34.3785;
33.4102;
32.924;
25.7625;
23.2125;
27.4203;
38.1524;
36.7049;
32.8678;
30.6605;
29.809;
34.6406;
26.61;
25.1568;
30.3023;
33.3491;
35.1035;
29.5984;
41.5531;
30.031;
28.3399;
32.3214;
26.4318;
32.3903;
39.6199;
39.523;
36.5207;
35.7074;
40.0457;
31.2686;
36.5349;
42.612;
25.8936;
29.997;
36.1935;
42.0321;
26.5479;
29.0378;
23.9177;
37.4958;
33.0162;
28.2557;
22.0265;
33.1323;
29.0848;
30.9667;
30.0709;
25.5908;
24.3941;
38.6584;
33.5391;
32.9395;
43.4833;
37.856;
28.7049;
26.3169;
29.615;
32.1081;
36.5316;
26.7961;
27.1349;
32.8744;
29.018;
26.0446;
30.4041;
36.0462;
34.6036;
23.2918;
30.5922;
34.2325;
40.3245;
24.3127;
30.6335;
29.2631;
40.0876;
27.5797;
28.6309;
26.209;
39.7655;
36.3732;
44.3273;
28.9432;
38.4203;
40.679;
35.2372;
23.2792;
21.275;
33.9634;
39.6315;
30.7059;
40.2841;
33.4384;
44.8979;
30.4983;
34.8196;
30.2053;
37.0821;
39.2382;
35.3467;
32.8402;
35.9928;
36.1768;
32.1965;
27.3885;
26.9868;
37.9269;
27.3487;
26.7436;
26.5393;
45.0621;
34.8428;
28.8625;
36.2385;
36.2547;
33.869;
26.2672;
37.3092;
35.5996;
39.9316;
33.3651;
30.6871;
28.4759;
35.9368;
30.7939;
37.2859;
29.4137;
29.2271;
30.8257;
27.7077;
33.6396;
31.881;
35.3866;
32.9502;
18.661;
31.4958;
21.9294;
35.1401;
23.8281;
33.985;
40.9657;
28.094;
35.7318;
40.4765;
27.9023;
24.2413;
27.6693;
35.4016;
26.9889;
36.9112;
37.8653;
26.273;
31.7001;
35.9025;
30.1752;
27.7131;
32.7863;
27.8963;
29.3163;
35.5741;
19.4599;
44.1876;
32.8637;
34.097;
23.5469;
34.1978;
36.4813;
26.5561;
30.7224;
26.974;
38.4848;
25.7557;
23.9578;
29.0356;
28.4588;
38.6774;
26.5587;
24.3998;
35.923;
32.631;
28.3494;
36.9851;
33.6313;
35.1537;
28.1056;
33.1502;
33.1075;
26.1711;
31.2572;
34.4396;
33.4939;
37.4722;
37.1783;
33.5904;
32.3685;
35.3983;
24.697;
33.5053;
39.3228;
27.8872;
34.3426;
37.7048;
47.8016;
37.5172;
37.7449;
33.0576;
35.5707;
28.7317;
24.4921;
39.3621;
26.6207;
29.2773;
19.5351;
44.5785;
32.2859;
27.5571;
29.4259;
35.8924;
35.8444;
39.3132;
26.8366;
32.4123;
28.3381;
37.4162;
36.5321;
32.7926;
27.557;
39.9829;
33.7144;
37.8258;
32.1533;
26.8939;
31.4251;
29.0276;
35.9933;
31.9903;
27.1746;
29.116;
32.1398;
32.7987;
41.7869;
39.9649;
39.3454;
35.4015;
31.2735;
27.369;
23.3328;
39.8909;
29.5751;
36.7069;
35.5375;
23.0436;
45.1668;
27.0337;
17.7623;
25.49;
37.2465;
37.9018;
39.0832;
30.4185;
30.3239;
26.2358;
39.5933;
27.133;
18.8635;
33.7426;
29.5991;
31.0479;
27.6251;
32.4441;
33.1398;
22.2162;
45.3739;
26.2391;
37.0737;
34.5228;
28.5377;
34.8841;
27.5539;
29.7261;
25.3453;
37.3549;
32.1061;
31.8484;
23.0369;
30.9897;
33.6683;
27.7949;
24.6104;
33.9118;
28.5446;
23.4054;
31.8552;
26.4585;
35.2284;
38.012;
23.536;
39.4998;
26.7049;
48.498;
20.9847;
29.3565;
31.705;
42.4804;
35.8144;
31.913;
41.6653;
29.2829;
23.0615;
26.7179;
30.1542;
34.5826;
29.7681;
43.3978;
30.1044;
21.6079;
28.6526;
17.9551;
9.97417;
33.4691;
28.8637;
22.3659;
26.1694;
30.0909;
41.9996;
32.9984;
26.26;
30.7631;
29.3846;
29.9211;
25.6979;
23.5923;
31.8971;
48.6112;
24.9279;
30.2588;
30.5817;
31.7445;
21.5005;
42.5433;
27.4583;
29.0562;
35.427;
30.1253;
31.4293;
38.857;
28.5311;
30.202;
21.8411;
31.0369;
26.432;
22.9787;
34.9113;
37.5744;
27.4929;
38.7816;
28.481;
29.457;
33.3681;
30.8725;
29.2489;
35.3263;
19.668;
32.7296;
27.359;
33.2603;
30.046;
25.5563;
26.6954;
44.6011;
32.0562;
23.4999;
30.5497;
31.9817;
32.8176;
28.5626;
24.7777;
24.9865;
35.4234;
32.8574;
29.2224;
30.9628;
23.8811;
31.9233;
19.9565;
32.9659;
28.8441;
34.7661;
32.3014;
37.3801;
45.0254;
26.6714;
34.4139;
33.8783;
26.9404;
33.5893;
31.2083;
28.4605;
24.8348;
35.7419;
26.2104;
31.8823;
20.5154;
26.1571;
35.3396;
33.3951;
34.5196;
34.861;
26.6604;
42.1005;
37.2859;
36.4404;
30.2607;
25.5722;
41.6828;
29.2341;
31.799;
29.0946;
29.9112;
16.7256;
32.6233;
31.9689;
22.3877;
36.9041;
29.9475;
21.4264;
23.7596;
32.8453;
33.8808;
24.8627;
16.9931;
32.6416;
31.4774;
16.9647;
17.899;
39.9746;
31.2883;
41.2675;
31.9863;
38.4146;
27.8026;
24.4164;
25.0694;
25.2598;
23.8272;
31.6984;
31.2622;
33.5748;
26.1508;
25.3188;
35.8048;
23.2409;
13.7832;
26.9796;
26.4859;
28.0597;
15.9523;
39.4499;
26.9004;
32.8642;
26.8787;
40.4261;
24.8773;
21.686;
25.7107;
21.3412;
27.2771;
17.7602;
35.8116;
40.2984;
24.5721;
32.0098;
20.4234;
21.6322;
22.5886;
19.1436;
28.8687;
28.314;
32.1175;
34.6861;
34.1767;
34.7643;
47.5503;
35.5072;
34.9088;
28.4677;
30.3529;
38.4422;
26.6224;
35.1239;
12.1384;
39.6687;
20.3503;
23.7082;
43.4191;
26.7717;
24.1233;
30.8606;
31.545;
25.1487;
22.9766;
40.0393;
25.6137;
18.1769;
35.2368;
23.905;
35.0874;
33.0814;
32.6681;
31.2673;
22.1338;
18.5287;
37.2138;
19.1914;
28.6087;
37.4405;
44.1174;
39.0386;
32.5704;
38.7811;
19.7722;
29.6164;
20.9469;
27.3465;
24.9997;
38.4063;
21.8756;
29.2454;
18.6347;
24.2067;
32.6307;
30.0928;
27.2662;
29.0755;
37.0714;
31.5272;
25.5856;
28.0746;
32.0266;
25.422;
20.5114;
27.3586;
28.5556;
24.6246;
26.6028;
25.2795;
26.063;
33.827;
41.3681;
30.3327;
20.9257;
28.4066;
27.8207;
43.0319;
21.9678;
30.0881;
26.352;
24.1115;
18.5127;
34.46;
45.1639;
29.497;
32.0033;
26.4712;
47.5452;
20.8628;
20.8498;
23.6269;
22.1415;
26.194;
31.971;
39.595;
31.1932;
30.4362;
30.483;
24.5333;
30.5086;
25.3696;
34.6203;
33.3121;
21.2148;
32.7791;
21.9925;
39.4553;
24.0635;
27.6341;
26.447;
29.2898;
24.0246;
27.7574;
33.6615;
31.7489;
24.9548;
27.2208;
36.4785;
26.6898;
33.9053;
26.2948;
30.7368;
41.2636;
24.3822;
46.5177;
34.1086;
24.3709;
30.5068;
40.2887;
28.2336;
22.979;
25.6684;
24.5122;
30.0667;
32.6975;
20.3278;
27.0037;
27.8118;
33.9017;
37.8633;
16.6907;
18.8813;
28.2853;
24.1535;
37.1167;
30.8444;
20.0007;
21.0541;
21.4534;
35.5351;
26.2042;
30.741;
34.0071;
25.4478;
36.8602;
35.422;
23.6439;
25.3237;
22.6497;
20.166;
25.8414;
23.4422;
30.5173;
41.5714;
23.7463;
26.1445;
30.4643;
22.0624;
26.6622;
21.1307;
20.095;
21.8865;
23.5762;
27.974;
41.8666;
30.2262;
18.5646;
21.3517;
19.731;
33.7229;
29.1192;
25.4341;
26.5219;
22.8811;
22.1393;
35.2063;
9.42867;
27.7038;
35.4363;
24.3231;
24.5408;
40.566;
40.5634;
29.3255;
25.6066;
23.4014;
36.2178;
23.9964;
44.8939;
41.0792;
20.9252;
36.6593;
23.4362;
23.7833;
24.0477;
30.1016;
21.4129;
35.8528;
18.4892;
23.9775;
27.129;
25.2811;
47.7952;
20.3058;
22.3644;
36.3211;
27.8972;
33.8487;
28.7532;
36.9736;
48.7157;
25.9509;
32.7402;
27.2933;
25.974;
37.3422;
32.6142;
23.9274;
19.2166;
33.091;
27.9759;
18.1379;
27.7069;
30.1168;
28.2813;
32.3968;
33.8134;
20.4193;
29.2128;
34.2585;
22.8942;
30.1844;
40.2051;
28.9232;
42.0511;
24.0729;
30.2513;
15.9555;
30.0885;
28.2226;
20.7099;
42.1207;
30.9559;
20.4368;
19.529;
22.2249;
26.6117;
22.3319;
31.1026;
21.1354;
38.7032;
31.6294;
30.3735;
26.7291;
27.1578;
28.4828;
33.7312;
22.3173;
26.3854;
25.4843;
26.3201;
51.3236;
25.925;
39.1988;
37.0963;
26.7449;
27.874;
24.3699;
23.1135;
29.5888;
23.0521;
23.7767;
28.475;
18.3566;
20.5938;
17.8384;
18.5623;
19.9687;
38.6369;
34.3314;
23.7629;
23.117;
30.3638;
21.4271;
18.7583;
41.389;
25.0108;
39.6762;
21.322;
25.6558;
20.2593;
22.4289;
36.8868;
19.366;
15.5654;
19.5808;
33.4763;
24.972;
22.1266;
29.689;
35.5305;
34.165;
26.6401;
19.0099;
23.094;
23.2669;
20.2754;
19.98;
21.3728;
21.7539;
28.3671;
25.7472;
39.291;
25.6985;
20.4444;
28.6778;
22.1906;
44.9107;
25.058;
29.7916;
15.1517;
23.3399;
27.0518;
45.3967;
34.3052;
26.3573;
34.3084;
27.2453;
25.2116;
19.3158;
20.227;
31.2064;
26.9885;
29.7143;
22.7465;
41.1116;
23.6916;
26.02;
29.9401;
17.0907;
31.3966;
28.4614;
14.9379;
52.9291;
16.6693;
20.8964;
25.2471;
30.5189;
29.4088;
22.3531;
28.5581;
30.3669;
35.4624;
31.841;
21.1486;
39.8439;
36.8169;
28.6053;
22.5466;
21.3795;
44.3515;
16.2;
28.2347;
36.0722;
28.4189;
18.8554;
20.7044;
23.6122;
33.6761;
30.2044;
18.2434;
21.9242;
23.9064;
23.1207;
23.0376;
25.6758;
29.6308;
23.4875;
26.6072;
25.6176;
17.0918;
40.5393;
30.7634;
25.953;
24.5381;
24.7724;
29.0408;
21.2554;
25.0494;
27.7364;
22.3934;
31.1291;
25.5324;
18.2614;
21.5776;
25.6563;
17.814;
28.2795;
42.7297;
34.4017;
15.6107;
27.4604;
24.3109;
27.568;
35.6074;
18.1647;
26.9948;
23.366;
24.832;
31.069;
26.8483;
16.1415;
32.3717;
21.7464;
25.1697;
48.1192;
24.7396;
23.667;
21.1912;
21.2951;
23.0428;
21.604;
26.9939;
27.8033;
29.3902;
24.6756;
22.9125;
17.4945;
24.3299;
22.7987;
25.8842;
20.8827;
29.1446;
41.556;
26.3164;
24.6955;
26.5173;
29.569;
24.6045;
27.5134;
23.0058;
17.7291;
25.3622;
23.3793;
21.6073;
26.0047;
30.629;
28.6923;
25.9492;
44.5338;
20.5174;
26.6241;
26.9699;
22.0064;
25.1962;
52.8166;
20.3489;
26.6337;
15.7864;
21.114;
20.5508;
26.3134;
21.0134;
17.4644;
23.8916;
22.3215;
32.174;
49.8199;
19.5529;
25.7855;
25.794;
30.897;
21.8847;
25.1662;
38.4725;
16.2981;
29.059;
20.6051;
27.2345;
17.5809;
23.8153;
22.9546;
22.9913;
28.4635;
41.3155;
36.5953;
34.6613;
31.7792;
18.027;
23.2907;
14.3569;
15.8735;
28.5225;
24.99;
38.1732;
41.1651;
32.8582;
18.5996;
17.1114;
30.1337;
23.5237;
34.8046;
25.3207;
51.4588;
22.2761;
22.7142;
29.929;
22.8172;
22.8372;
14.052;
25.0314;
24.7415;
41.3867;
18.6683;
21.7892;
21.5462;
23.956;
22.4778;
17.8547;
23.5127;
26.5474;
14.6775;
27.0395;
23.5229;
20.8508;
30.24;
16.9654;
39.7585;
28.213;
24.9974;
20.549;
18.9672;
22.366;
29.7086;
46.9184;
25.8223;
37.82;
22.6554;
25.0546;
20.1461;
21.7817;
23.3834;
25.2258;
19.723;
22.7063;
26.5364;
26.2372;
41.9108;
28.7091;
22.6825;
46.2621;
22.5976;
37.7325;
41.5468;
23.7339;
18.4997;
22.9849;
29.4504;
25.1611;
27.6174;
29.9008;
19.8282;
22.2536;
34.6845;
35.6749;
28.9018;
36.6622;
20.8187;
21.738;
21.7732;
28.5339;
28.5136;
26.2542;
21.1479;
18.0534;
18.638;
26.1109;
20.5124;
21.1973;
20.6449;
16.6381;
30.7419;
48.1863;
20.9261;
20.6488;
25.5271;
23.922;
19.075;
11.436;
33.578;
28.3263;
17.8558;
42.6202;
25.9742;
20.4051;
28.4488;
21.4256;
19.4019;
26.1889;
37.0875;
23.4657;
25.9764;
27.4457;
22.9007;
15.384;
13.2315;
28.8976;
27.1046;
22.0287;
46.0188;
22.2114;
18.9431;
22.024;
25.753;
26.637;
22.8033;
17.0713;
27.5934;
45.1233;
27.2391;
22.2023;
40.803;
29.5051;
26.6166;
21.8963;
10.581;
21.8507;
22.8241;
25.2768;
16.0982;
23.3848;
29.2303;
21.9305;
31.0541;
32.7152;
17.2649;
22.7432;
40.2165;
22.8726;
22.8601;
28.7271;
28.2773;
24.5178;
17.8694;
22.3862;
21.5173;
41.8064;
27.5273;
25.2662;
29.3138;
35.0837;
48.9637;
14.9523;
18.9695;
14.1318;
30.7482;
23.8707;
16.8977;
26.4474;
47.4847;
25.835;
22.4619;
16.9433;
23.4451;
24.075;
21.6932;
28.223;
19.2701;
27.7248;
25.4452;
20.847;
26.4146;
22.7962;
26.3601;
19.8486;
25.4736;
24.8196;
23.6312;
39.7731;
16.7649;
32.9358;
27.7443;
30.783;
24.9573;
28.1851;
47.2755;
44.5811;
31.8744;
33.2899;
23.4129;
38.5911;
20.3765;
20.2151;
21.9544;
22.8672;
26.1817;
26.7489;
45.388;
23.4864;
25.8706;
38.1472;
16.5781;
26.9291;
33.6665;
23.2644;
17.9127;
17.0389;
20.8049;
18.1919;
48.0303;
23.4267;
22.4056;
19.404;
32.8274;
28.1436;
13.0039;
30.6345;
23.2219;
19.0753;
23.2354;
26.7344;
18.1219;
24.652;
15.3748;
17.1355;
25.0959;
23.3181;
11.9455;
36.9702;
21.5719;
16.8402;
25.9069;
29.5868;
21.323;
22.428;
17.4384;
20.4926;
22.2509;
23.8977;
17.9799;
26.6528;
21.2843;
19.1762;
23.1066;
29.6589;
42.873;
24.863;
22.8828;
21.0108;
22.5012;
25.1368;
24.5591;
41.0602;
38.883;
26.602;
32.6878;
26.6419;
42.9795;
23.8369;
21.8307;
45.8555;
23.3624;
26.8743;
19.298;
16.9609;
29.3676;
25.0187;
21.2101;
16.2458;
22.8536;
15.4421;
24.4106;
14.7331;
26.5565;
44.3009;
30.4096;
27.3316;
47.5778;
18.7351;
14.3982;
13.4156;
33.1651;
21.9539;
43.4151;
21.1043;
22.5952;
22.3023;
24.7894;
23.9498;
28.4773;
43.6306;
31.188;
30.6432;
17.724;
19.5444;
21.9333;
33.6865;
24.0274;
19.4784;
20.2405;
16.9784;
21.6203;
20.0126;
51.8427;
33.4274;
23.6884;
49.6756;
24.4668;
19.5921;
16.5536;
20.8668;
26.168;
18.2949;
18.223;
26.2115;
44.8119;
19.8042;
30.4671;
22.7844;
32.6034;
24.9996;
22.6932;
23.9763;
17.8635;
24.9792;
19.3525;
22.9632;
45.9097;
23.7019;
25.578;
15.6652;
18.4911;
23.2859;
43.5358;
29.4227;
28.0395;
24.0376;
26.0991;
20.5323;
27.5758;
15.3904;
27.4285;
20.015;
43.1917;
12.8472;
19.6982;
33.2845;
26.1815;
21.3728;
19.9663;
47.7577;
19.6716;
19.7327;
23.3746;
30.0304;
25.1732;
23.0936;
19.0955;
45.3483;
23.5876;
21.916;
24.3692;
24.5715;
21.0695;
25.561;
27.9005;
25.3469;
40.1889;
43.232;
22.377;
24.4486;
21.149;
25.0791;
24.7391;
24.4095;
12.5978;
19.5237;
54.7104;
24.6189;
18.3032;
18.3105;
19.6301;
27.0389;
19.2761;
27.9641;
21.6415;
18.4788;
21.7315;
30.3101;
17.0813;
26.7818;
25.615;
16.121;
23.7571;
19.3556;
22.9147;
24.9159;
19.7424;
24.2195;
19.1169;
40.1758;
23.3458;
23.0389;
28.8456;
18.5188;
23.3764;
27.1933;
22.2133;
22.0151;
18.1143;
16.4046;
18.9861;
34.5954;
13.9253;
20.356;
21.4452;
23.1388;
27.5578;
20.0531;
20.0207;
13.1448;
18.2386;
23.4821;
18.435;
21.1055;
24.4423;
17.9091;
42.9282;
24.0585;
17.8469;
18.4993;
21.8413;
23.0087;
46.5474;
27.5653;
51.8107;
40.3428;
24.6416;
14.9952;
25.532;
21.233;
15.2798;
19.9649;
21.42;
21.8317;
20.956;
30.0553;
33.8551;
17.3076;
18.364;
23.654;
22.0197;
13.9202;
23.7795;
27.27;
45.2695;
21.49;
21.3342;
15.2054;
22.4337;
33.1114;
16.6598;
19.1387;
21.9987;
49.1209;
15.3355;
22.14;
16.4663;
18.5772;
21.346;
20.0977;
51.7475;
17.3956;
17.7286;
18.6283;
16.5856;
25.5273;
25.6418;
23.3999;
26.1764;
41.9404;
15.4851;
20.273;
14.701;
25.1916;
18.0369;
11.0513;
42.2559;
17.3978;
24.1003;
27.1235;
17.4074;
17.4418;
17.6701;
24.5741;
24.648;
15.0997;
44.8508;
25.3025;
22.784;
16.1357;
25.7678;
25.6887;
19.4246;
21.6045;
19.9597;
46.1492;
16.1318;
21.4486;
27.3847;
22.7689;
17.3944;
39.0256;
23.1788;
18.9069;
22.6659;
24.0741;
14.29;
20.8543;
16.6904;
15.7937;
21.5286;
17.2611;
50.4746;
21.6437;
20.2824;
18.2458;
18.4415;
15.8119;
22.7188;
24.0498;
15.4306;
19.7177;
19.6403;
11.9302;
19.3307;
39.6149;
26.5242;
14.3638;
24.0725;
17.3946;
24.9397;
22.0316;
23.1306;
20.2604;
37.2001;
22.3512;
25.2954;
17.6363;
20.2335;
39.5125;
36.9928;
24.0317;
20.5857;
15.828;
20.96;
18.3943;
23.5102;
21.1138;
9.59896;
47.2055;
18.7222;
23.806;
22.8777;
24.1797;
22.3711;
18.5441;
25.6716;
24.5458;
17.637;
26.9589;
22.4924;
24.6639;
47.2852;
14.5081;
25.8511;
25.8627;
17.7158;
24.6769;
22.0407;
39.1463;
21.1675;
26.3181;
18.0004;
8.065;
23.7129;
21.3673;
21.0579;
42.261;
22.5082;
18.7062;
15.5882;
21.2082;
24.1998;
19.8104;
27.0874;
26.3487;
23.0243;
41.9994;
15.0734;
21.7366;
18.7502;
10.8906;
21.4053;
23.7466;
18.3939;
51.9258;
17.4357;
15.0124;
18.2949;
11.524;
21.1917;
19.0447;
40.4697;
20.1648;
16.0532;
18.6841;
24.1553;
14.2442;
12.9492;
20.1235;
26.6231;
26.4255;
18.2993;
14.1278;
14.5995;
19.0142;
20.7887;
22.422;
39.6971;
45.3676;
19.831;
18.7112;
17.9463;
15.5988;
20.7453;
28.5328;
17.4586;
15.4426;
23.4243;
22.9636;
25.8781;
39.9869;
18.8902;
19.5674;
14.465;
46.5529;
17.055;
20.8919;
26.838;
20.1568;
14.4365;
9.94706;
17.4818;
46.2272;
19.6399;
17.2932;
15.8221;
20.1297;
16.3945;
20.0162;
22.914;
42.8574;
22.689;
24.0052;
14.536;
22.6937;
26.0952;
43.8521;
18.8015;
38.3519;
30.9954;
16.3167;
17.1743;
19.4649;
24.1268;
24.3254;
14.6902;
40.1518;
25.3884;
17.3316;
24.3128;
16.1648;
25.2427;
15.4705;
33.4429;
24.5284;
23.0975;
7.57948;
12.6502;
17.879;
22.8256;
12.8061;
15.6138;
15.8881;
18.938;
17.3712;
14.4633;
37.1818;
12.8132;
13.2024;
29.8285;
14.2377;
18.6664;
12.9171;
15.9124;
19.9505;
45.0876;
23.9036;
14.5581;
11.6498;
12.532;
22.5716;
41.4756;
23.0936;
20.8207;
17.2897;
10.9905;
19.6904;
23.964;
15.5412;
16.7883;
46.7777;
19.2336;
16.7179;
49.2791;
19.2196;
16.206;
32.3174;
18.0163;
22.6995;
10.7258;
18.6807;
16.0257;
49.3198;
14.8498;
21.5135;
25.7357;
14.741;
14.4954;
17.4483;
15.6018;
16.4157;
15.625;
23.6227;
17.3481;
42.75;
13.9038;
18.3969;
15.0664;
22.8267;
18.982;
15.8375;
17.4239;
21.5464;
19.7345;
13.8522;
20.5945;
10.7589;
41.0981;
16.6139;
20.0605;
23.3692;
18.9913;
44.3831;
16.3398;
16.7477;
11.4743;
25.7531;
20.1166;
14.6301;
19.169;
19.4688;
14.7693;
26.0669;
17.0609;
18.8509;
29.6893;
21.2754;
25.2539;
19.9265;
19.1983;
16.2082;
17.0729;
51.9939;
21.2746;
13.494;
18.3375;
18.6663;
39.8681;
22.6484;
26.2615;
14.9252;
22.2778;
17.9557;
14.1646;
41.9295;
17.9409;
9.00245;
36.9161;
15.088;
22.0692;
41.6475;
21.6091;
21.9151;
20.9059;
18.2444;
10.8132;
19.1214;
17.6605;
14.4246;
15.9618;
20.8656;
19.193;
17.6109;
46.2538;
13.9531;
22.3733;
21.2325;
15.6168;
22.4058;
17.4426;
17.9715;
14.8545;
35.7533;
23.4004;
21.5736;
11.6575;
22.8423;
23.7092;
16.6808;
21.5372;
18.2268;
42.7472;
14.8824;
20.5809;
17.461;
18.9988;
12.7229;
20.6996;
41.0206;
13.7355;
18.7133;
44.0223;
17.0201;
31.4327;
38.8245;
12.3017;
38.6681;
15.1144;
18.727;
12.6568;
23.8514;
21.7888;
13.5659;
13.303;
38.6044;
22.7606;
45.622;
41.7416;
17.7024;
16.1824;
18.0011;
22.3341;
22.6156;
20.3355;
43.9693;
17.1061;
20.2569;
18.2613;
24.8384;
17.4617;
17.9602;
12.5121;
13.2748;
18.0147;
22.3335;
45.7745;
35.6905;
16.3289;
23.136;
19.2288;
33.3274;
17.3586;
10.5698;
9.29445;
22.5029;
24.9466;
21.0777;
24.2036;
19.7529;
19.5313;
43.9229;
19.6947;
18.7478;
14.9329;
13.0849;
19.9524;
26.3363;
20.9218;
14.9666;
19.3825;
17.7677;
24.1064;
17.7357;
20.4408;
41.0811;
20.7626;
14.5155;
17.2563;
18.987;
15.4919;
18.8782;
18.1087;
43.0745;
18.2897;
42.4629;
18.2983;
18.6039;
20.2146;
15.1318;
16.4034;
15.3806;
41.4363;
15.8567;
43.0288;
19.0233;
19.0842;
17.0302;
19.7913;
13.1289;
20.9526;
32.2487;
21.1447;
14.1437;
20.9665;
25.7256;
14.5764;
16.7921;
13.7957;
14.2271;
45.8088;
16.7895;
16.3619;
9.30321;
20.9838;
18.5698;
17.1299;
16.6214;
19.8981;
17.4722;
15.2971;
16.417;
14.8845;
41.8233;
20.3471;
17.3457;
12.8667;
18.2435;
16.5944;
23.5401;
48.6802;
13.4735;
16.1936;
16.8368;
19.7387;
17.8977;
21.257;
43.281;
17.7031;
17.0004;
19.8776;
11.4773;
13.7337;
16.9959;
20.1127;
17.6765;
46.0257;
13.6468;
21.3454;
15.5737;
18.8585;
18.0346;
19.7218;
15.1048;
17.2179;
14.9316;
48.2536;
15.7657;
16.1005;
15.8186;
20.4695;
24.0406;
15.9884;
16.0246;
17.9358;
16.5792;
43.8945;
15.7868;
18.9863;
15.1677;
21.9375;
17.3575;
18.1197;
48.4207;
16.7929;
18.5275;
41.4803;
9.94448;
13.1213;
19.655;
7.56434;
44.9935;
15.5053;
19.8116;
16.3334;
15.0819;
13.431;
30.0906;
19.1049;
19.4104;
15.0421;
15.2947;
15.9625;
12.3173;
24.0021;
23.8569;
48.9545;
11.7751;
18.7307;
15.2626;
19.8176;
15.1145;
16.3795;
11.0897;
46.5573;
11.3522;
13.3778;
16.5381;
15.1988;
18.8096;
15.0006;
21.9716;
45.3639;
22.1926;
11.5543;
14.6002;
9.16197;
13.5516;
17.3891;
15.7303;
13.9233;
43.1967;
19.3965;
14.7255;
14.7389;
14.6935;
11.9594;
19.9758;
38.4093;
17.2478;
21.1604;
16.236;
19.6627;
16.5566;
14.8151;
13.6192;
46.9193;
18.6138;
15.3299;
15.772;
15.5437;
21.0119;
23.5177;
15.1156;
19.8458;
15.0121;
24.0295;
39.8769;
16.0228;
19.9953;
14.6067;
15.6505;
18.9817;
12.7104;
14.1479;
18.6024;
12.8591;
17.7298;
13.861;
17.5168;
44.2401;
17.4167;
11.9447;
21.0017;
13.3838;
19.997;
15.7697;
13.9577;
16.5085;
17.8378;
14.0981;
45.8597;
14.5848;
17.5496;
14.1988;
17.1575;
8.83108;
9.29791;
16.873;
14.9659;
15.592;
39.8249;
13.0217;
17.5625;
12.6572;
13.7021;
21.7878;
18.8782;
12.0958;
14.0067;
39.4265;
18.598;
20.7446;
19.6113;
15.6373;
17.1167;
13.5414;
46.3332;
18.2512;
19.792;
15.2652;
11.3143;
13.344;
17.2317;
20.0657;
40.5853;
20.9067;
13.777;
39.9058;
23.5495;
12.8114;
17.7482;
35.2002;
22.0522;
16.0041;
12.5512;
13.7256;
15.2454;
16.945;
11.8712;
19.4886;
42.2249;
17.0262;
22.4622;
11.0974;
22.8377;
17.7397;
12.6037;
45.4013;
13.43;
16.0802;
19.8501;
14.5711;
48.7923;
13.8076;
21.1725;
19.8243;
15.0525;
12.211;
19.5238;
39.7151;
10.7602;
21.2998;
12.2301;
15.5729;
19.7569;
14.5789;
47.3605;
17.902;
11.1366;
16.6414;
16.0577;
42.2562;
21.2101;
14.3075;
16.4143;
17.3904;
10.5657;
17.1357;
15.1775;
15.2696;
37.4947;
16.765;
18.0908;
19.5641;
12.706;
17.8197;
16.6665;
36.9507;
18.0116;
21.7145;
18.5711;
10.9665;
20.0996;
42.1614;
15.8987;
11.5103;
20.6338;
6.70939;
15.5937;
14.283;
20.0965;
19.824;
39.4922;
15.071;
18.3846;
14.145;
21.5697;
23.9619;
17.3436;
44.8639;
14.3311;
13.3751;
15.7605;
12.3305;
9.82648;
18.5808;
10.4675;
15.197;
10.7946;
44.3082;
12.111;
22.2395;
21.2063;
11.3097;
38.9039;
17.344;
10.3536;
47.829;
13.5343;
15.6691;
16.2805;
45.7725;
15.6941;
14.9474;
45.4089;
18.9614;
14.8327;
12.0328;
10.9498;
15.4782;
11.744;
17.4779;
15.0682;
13.4874;
19.3495;
11.3577;
42.8043;
15.8117;
14.4169;
15.2517;
40.0239;
18.7268;
13.9307;
19.9631;
18.1008;
33.4479;
16.0822;
10.4199;
13.321;
14.4373;
13.387;
12.6611;
18.9389;
17.5024;
14.5508;
34.5528;
12.5457;
14.1635;
17.1619;
16.0467;
14.6702;
13.6892;
47.4478;
14.2941;
16.8763;
17.4303;
19.0816;
11.6637;
16.559;
9.80605;
25.0136;
43.6362;
10.9514;
14.7985;
19.7943;
48.2199;
21.7103;
12.5684;
16.9639;
16.5721;
10.3426;
13.2505;
50.4625;
19.2356;
16.2951;
41.3623;
19.0788;
18.8507;
17.9688;
18.9948;
20.2173;
14.0763;
21.4978;
8.2591;
12.5708;
14.9355;
13.7015;
44.1482;
15.6613;
18.8041;
13.0313;
12.6126;
12.9803;
13.8787;
13.973;
39.9518;
16.9164;
10.4769;
35.5614;
13.1288;
33.7757;
16.8742;
11.937;
21.6324;
40.1039;
10.0913;
16.3281;
12.5258;
17.3336;
16.5235;
17.1539;
45.4231;
8.07445;
16.5424;
19.7124;
16.4265;
14.2464;
10.5316;
40.3613;
15.1204;
46.365;
20.9472;
17.4336;
17.5946;
17.9815;
15.3984;
11.5446;
15.5871;
43.71;
19.4567;
15.4416;
14.3474;
15.2083;
19.1946;
46.9462;
17.3734;
12.2301;
10.2101;
18.3993;
16.262;
15.0403;
38.1089;
12.866;
17.0296;
16.6217;
14.6796;
24.806;
22.2668;
13.938;
9.5429;
20.9026;
11.8352;
10.3951;
46.7584;
19.3831;
10.5269;
10.0361;
9.88717;
12.2681;
18.5149;
12.5711;
15.6576;
39.1842;
12.8981;
31.7347;
16.159;
12.1232;
17.3967;
12.0238;
15.7055;
14.966;
49.062;
13.1641;
14.5349;
10.2992;
12.348;
16.4394;
12.5675;
9.68927;
12.8553;
19.8831;
20.6019;
15.4611;
16.7223;
50.4203;
16.8038;
16.7034;
17.7657;
21.1897;
12.8283;
16.4786;
21.995;
11.3048;
45.7391;
39.9822;
13.3509;
12.7404;
9.08624;
14.6429;
15.8367;
11.0864;
12.2405;
15.9436;
38.7844;
18.0557;
14.4177;
12.2892;
13.2439;
17.3304;
15.2449;
51.2533;
13.9128;
16.0844;
18.5721;
22.2483;
22.7128;
13.9382;
11.0263;
13.062;
12.2189;
13.0226;
14.0048;
15.7385;
44.6401;
9.04203;
14.9927;
14.6714;
20.7035;
22.9515;
40.3078;
19.0995;
15.2159;
49.0875;
12.6304;
14.5022;
19.1003;
15.122;
10.9248;
9.89938;
40.4217;
9.60911;
10.4293;
18.3061;
17.686;
9.55486;
14.6536;
12.2214;
54.245;
20.3026;
17.221;
9.70269;
19.3238;
11.0378;
11.8317;
41.3493;
53.3016;
11.761;
15.4473;
18.1529;
20.6028;
13.7741;
10.5734;
17.9222;
23.3699;
40.4243;
7.7403;
18.9851;
11.8815;
11.6402;
21.6881;
13.9314;
39.1353;
39.5775;
15.262;
12.7704;
14.2705;
13.5358;
13.6392;
15.0929;
11.6144;
17.3638;
20.1732;
16.3439;
36.7767;
44.6802;
16.1319;
12.7255;
18.3129;
14.1767;
20.8927;
13.1667;
14.5952;
11.2702;
10.0811;
14.3161;
50.1198;
12.7358;
17.4563;
10.0155;
55.3582;
17.1078;
13.083;
16.6583;
15.7967;
11.2303;
13.5885;
13.9536;
15.515;
32.488;
11.9733;
13.8739;
36.0258;
19.1698;
11.6027;
20.0481;
17.038;
17.6633;
12.4737;
13.4949;
46.5246;
12.1272;
14.6359;
7.24472;
18.6184;
46.0086;
11.6288;
13.5393;
12.3119;
10.0079;
45.0974;
16.4857;
14.0708;
12.7656;
11.444;
9.41045;
14.9655;
34.891;
6.13605;
9.75646;
17.5297;
13.3541;
20.2461;
12.9279;
44.4148;
12.0535;
14.5248;
18.2964;
14.5135;
12.464;
12.8865;
14.9178;
37.4394;
11.7199;
13.0436;
10.458;
13.0695;
6.28678;
37.1473;
11.4252;
8.57468;
13.0298;
7.61927;
12.0532;
16.5598;
15.8043;
14.7643;
46.7939;
8.97259;
12.476;
8.85619;
15.4695;
19.0656;
7.4907;
11.2315;
12.5486;
21.4286;
18.2942;
17.0624;
13.1237;
13.3248;
41.8699;
14.1438;
18.3778;
9.85997;
11.9901;
11.8247;
10.952;
34.3869;
12.1288;
11.8206;
15.3904;
18.4337;
15.4186;
11.5493;
5.66157;
14.3012;
12.1802;
42.4823;
44.5755;
16.3188;
14.5121;
16.4872;
13.3036;
14.5318;
43.9876;
13.8992;
14.66;
21.7358;
14.9277;
18.1779;
14.1235;
12.4606;
12.4327;
36.9496;
11.1582;
10.048;
15.6904;
11.4577;
43.6957;
16.4555;
9.22036;
6.58232;
13.287;
11.9315;
12.3829;
36.3353;
12.7728;
14.4683;
13.5177;
11.6823;
8.37591;
14.0123;
46.6864;
15.2154;
19.3869;
20.4496;
14.8118;
10.9396;
13.6923;
9.54387;
14.742;
41.4561;
13.1178;
12.4411;
6.87573;
39.0929;
9.8686;
11.0043;
7.02158;
4.45304;
14.299;
12.3347;
7.00611;
43.8105;
12.7028;
12.54;
22.2319;
48.8047;
13.2153;
10.2015;
14.7301;
10.6896;
11.744;
12.493;
12.0048;
13.2415;
41.2938;
11.6567;
41.0292;
9.91724;
10.8741;
14.4771;
10.842;
44.8813;
12.9681;
11.0727;
10.1641;
11.771;
14.1753;
12.9344;
38.8039;
10.9638;
35.44;
13.9411;
48.9212;
39.9632;
19.6044;
6.74115;
14.3284;
17.5088;
12.9232;
12.0221;
8.53368;
34.9918;
11.4514;
13.1201;
10.3583;
18.6146;
16.3031;
7.61972;
13.7888;
12.8475;
41.2846;
9.73946;
20.9536;
12.7183;
16.2092;
12.2394;
10.9532;
11.3507;
13.5974;
15.2985;
8.80829;
8.20699;
33.1609;
10.6913;
5.63267;
10.5929;
16.3124;
12.3609;
12.7814;
41.4012;
47.7847;
12.2361;
11.6121;
12.5007;
11.5259;
11.8693;
13.4281;
44.0571;
10.9918;
10.6172;
10.7291;
11.0443;
15.7058;
7.20873;
11.9956;
12.5573;
47.1035;
12.3293;
13.9619;
12.2658;
17.5234;
14.7799;
12.8094;
12.0145;
40.2482;
12.7372;
16.3992;
10.968;
5.57306;
11.0314;
10.8836;
18.5253;
9.40559;
14.4483;
10.3109;
32.9247;
11.4684;
13.4639;
8.84586;
20.4399;
10.3856;
14.0213;
46.8181;
10.7802;
12.4596;
13.772;
16.1121;
39.3959;
13.166;
8.89839;
9.96651;
10.2218;
13.0213;
8.49578;
39.8756;
13.9634;
13.132;
15.6355;
10.5524;
5.67269;
10.6671;
12.94;
11.0137;
14.9511;
17.0242;
36.8493;
21.8587;
16.3953;
39.9242;
8.92434;
15.078;
13.3144;
17.6251;
12.1755;
14.7949;
44.6352;
9.82166;
14.8751;
9.40064;
10.4222;
13.6202;
13.3236;
46.8682;
15.8557;
15.0642;
16.6647;
16.3903;
9.87756;
9.34177;
16.7523;
10.0532;
8.70959;
17.41;
41.9819;
11.0625;
9.98853;
8.37239;
15.1212;
15.1367;
11.0909;
14.1244;
14.6576;
39.7181;
10.4201;
7.7505;
15.1427;
14.6721;
7.07807;
11.8689;
12.7848;
10.171;
12.8286;
12.3224;
16.829;
10.3572;
9.65789;
41.7162;
9.41552;
11.9502;
13.3652;
10.9915;
15.2655;
14.7693;
43.3147;
12.6772;
8.23861;
9.08139;
9.70498;
13.0178;
10.9237;
9.04045;
42.8666;
38.3843;
12.2034;
11.3281;
10.3016;
13.9669;
14.1218;
13.6662;
7.20285;
39.7414;
14.0024;
10.141;
10.7893;
11.0671;
30.9852;
12.6151;
12.4795;
16.2318;
7.94057;
9.88509;
10.5161;
36.6307;
12.8362;
13.5615;
10.676;
12.8064;
6.74656;
8.43845;
40.0004;
10.8517;
18.9041;
12.5004;
14.6693;
37.3333;
10.6715;
10.6448;
13.0528;
10.4633;
14.4663;
8.06191;
10.1079;
16.1823;
41.5745;
15.7084;
13.3066;
11.1227;
11.0181;
7.30579;
11.6311;
10.5732;
47.4572;
18.3591;
13.6969;
11.7523;
9.02049;
12.6847;
12.7446;
10.3195;
11.2874;
9.75527;
48.0424;
18.5317;
9.49647;
10.6519;
8.78167;
12.3795;
16.2974;
39.4988;
35.448;
11.0497;
10.338;
13.6901;
10.6662;
14.0534;
9.01194;
11.6667;
42.346;
11.2425;
16.0922;
6.72549;
12.0026;
11.3707;
11.022;
10.009;
13.3389;
10.4649;
9.47495;
41.9891;
15.1747;
13.9079;
13.6329;
13.1732;
7.67809;
9.5531;
43.9534;
12.8456;
9.86991;
13.7311;
15.8921;
14.436;
11.3574;
40.7692;
21.4958;
14.9439;
11.6233;
16.448;
11.2527;
9.93062;
8.1807;
10.682;
40.6659;
13.1709;
8.4668;
19.214;
10.1501;
6.50531;
11.9604;
38.1316;
14.6089;
13.605;
9.39009;
9.69489;
11.9162;
8.00418;
43.1977;
7.72503;
11.2418;
38.0189;
8.7658;
11.0336;
13.4849;
12.2425;
13.4263;
13.4935;
8.95865;
11.1873;
38.4115;
11.7422;
15.9088;
12.5795;
17.3793;
5.20127;
14.4449;
14.0739;
12.8693;
5.36422;
9.42825;
48.994;
14.4211;
10.29;
8.67858;
9.6177;
11.0924;
40.9195;
12.2946;
13.9146;
8.38806;
12.6573;
10.929;
13.5924;
39.5567;
10.8558;
12.7441;
15.2379;
11.3994;
8.56413;
9.90984;
42.776;
5.38018;
8.77623;
6.91567;
37.6157;
10.7545;
11.0611;
11.5664;
11.1073;
13.0398;
8.62781;
11.5786;
9.55747;
9.14296;
9.8692;
40.8005;
11.8184;
15.1255;
11.7976;
8.03795;
9.80885;
38.6295;
10.9748;
44.2234;
16.7015;
12.1975;
12.274;
9.72405;
10.7754;
11.039;
14.3886;
12.2586;
11.3506;
39.4129;
14.9131;
11.6992;
7.30519;
13.8329;
9.61778;
15.1214;
33.4295;
9.11442;
9.64916;
12.3633;
13.0548;
12.5799;
9.915;
39.3879;
11.0579;
14.5264;
13.1538;
9.87772;
8.36932;
6.27415;
12.0574;
13.6883;
10.4805;
8.75128;
38.1602;
15.4268;
9.23761;
11.4687;
8.55266;
12.8639;
15.6169;
47.3138;
44.9305;
12.2948;
10.0064;
8.82135;
10.5441;
15.9324;
10.6399;
41.1648;
13.4197;
8.55803;
11.4136;
13.9426;
11.0413;
13.0386;
11.9736;
44.8429;
11.0702;
17.4134;
10.8014;
6.84382;
13.658;
16.5585;
7.64709;
9.47401;
36.2173;
8.7299;
7.18896;
9.54193;
14.49;
13.7989;
10.2735;
41.9865;
8.62738;
8.40241;
7.55004;
9.5606;
7.81477;
8.175;
14.9728;
10.0296;
5.44402;
10.1781;
42.8565;
10.7779;
12.0405;
16.1631;
9.9306;
4.11031;
10.9511;
47.5317;
11.6281;
14.0157;
10.2314;
8.23182;
9.80775;
9.42479;
13.0321;
37.9215;
11.3716;
10.7163;
40.2391;
10.666;
13.9855;
12.7812;
6.93711;
11.3301;
12.1893;
43.6133;
7.77243;
14.9812;
7.72767;
15.6437;
16.1951;
7.18706;
39.6648;
10.0772;
11.9744;
11.0375;
13.0826;
7.67934;
10.2631;
12.6495;
8.72379;
44.1612;
13.9645;
12.2877;
10.7045;
6.70351;
8.40071;
12.9363;
44.6974;
9.54319;
42.8529;
11.2039;
12.229;
6.15836;
9.33406;
10.8109;
7.93729;
38.234;
12.4963;
10.7191;
8.4762;
8.68055;
42.5214;
14.1703;
17.8493;
9.58943;
43.7828;
10.4338;
10.3983;
7.6729;
10.1486;
40.5748;
8.36409;
10.2302;
9.81748;
12.4589;
38.0578;
12.1385;
9.5262;
11.2706;
37.1888;
8.79335;
8.61115;
3.4703;
9.2909;
12.3688;
9.09667;
43.1772;
9.0467;
13.4472;
9.30293;
10.5214;
11.6015;
12.7274;
10.5478;
38.4336;
8.98099;
11.264;
7.49121;
8.69722;
11.5803;
9.70857;
7.2999;
40.6748;
12.1169;
7.84658;
5.04211;
10.4081;
10.1263;
9.85744;
39.7995;
9.12984;
4.41927;
8.33659;
12.0637;
10.2096;
7.69232;
38.9772;
13.3586;
5.07772;
7.39572;
15.4328;
7.89813;
8.81801;
38.04;
8.09383;
11.9556;
12.5234;
9.84266;
10.2582;
10.497;
10.9417;
9.87388;
39.0777;
8.92937;
9.59681;
5.54489;
4.8671;
11.4621;
9.94187;
39.7686;
10.7515;
13.0005;
12.8123;
8.13129;
9.92068;
8.06573;
9.65262;
10.3039;
34.1117;
12.6922;
8.0158;
7.98975;
7.28515;
11.2373;
15.232;
11.0251;
10.4628;
7.07647;
7.93024;
39.4729;
11.9101;
8.4819;
10.7483;
14.385;
9.0544;
8.99627;
9.0352;
9.80398;
39.3162;
6.18621;
8.74181;
8.98984;
9.62989;
7.35218;
12.1556;
16.4333;
9.57128;
41.4983;
11.9893;
7.22317;
13.1111;
8.06438;
10.8366;
7.69126;
6.83141;
39.544;
7.16714;
8.44188;
6.99317;
11.9311;
7.97197;
8.80064;
40.1731;
14.6073;
10.8311;
12.8747;
45.7878;
8.3974;
12.1865;
8.34903;
12.7016;
9.73004;
8.48029;
47.9259;
9.85799;
8.98195;
6.29807;
7.98102;
8.37862;
7.51091;
11.2654;
11.5607;
34.6708;
9.78925;
10.4325;
8.82265;
13.14;
7.12882;
12.5121;
8.02876;
7.28703;
42.9625;
9.06258;
8.83899;
11.5456;
8.51024;
10.6313;
52.8415;
11.4339;
11.5579;
6.70666;
10.3258;
11.3396;
8.3741;
7.67936;
9.01715;
48.3907;
10.7221;
6.12354;
10.63;
10.441;
9.76975;
11.0269;
9.33841;
13.5617;
48.1591;
8.75286;
9.57118;
11.0461;
8.34955;
6.85888;
13.8866;
9.3528;
39.1518;
10.9193;
8.82595;
8.3867;
11.1447;
4.29783;
14.4619;
41.5505;
9.91084;
12.0258;
8.30179;
7.68363;
8.07584;
11.3558;
10.2624;
9.54009;
42.5711;
15.775;
8.56239;
5.33494;
10.865;
7.35094;
10.6849;
47.6753;
35.732;
14.5457;
9.5558;
6.46251;
12.4543;
43.5203;
6.46657;
13.5673;
12.1398;
8.25752;
43.9005;
7.16698;
33.1402;
37.9446;
15.0999;
8.91658;
6.8024;
11.1691;
10.3713;
11.3208;
39.7942;
8.79722;
12.9261;
8.34113;
12.2525;
12.5294;
8.64215;
9.56403;
10.6082;
35.7158;
6.49331;
4.23815;
11.4382;
8.83074;
11.2063;
13.3142;
9.31031;
14.192;
44.5837;
6.90261;
9.35567;
9.23147;
14.8844;
11.4347;
10.8847;
34.7058;
8.30583;
11.0833;
11.1104;
9.67332;
8.08067;
8.21355;
7.73185;
9.52683;
42.7393;
7.45093;
11.1414;
8.56307;
10.663;
8.32841;
11.4157;
8.29736;
5.4114;
14.2293;
9.24292;
40.3853;
7.50415;
8.11008;
7.23592;
14.4806;
5.95708;
10.4787;
53.1378;
8.45595;
12.1621;
7.48812;
9.50458;
10.1469;
7.70202;
12.9593;
11.3177;
8.51169;
8.80381;
41.5341;
12.3498;
11.4236;
6.54733;
8.71814;
10.6239;
7.57439;
44.084;
8.21149;
7.01175;
6.49941;
12.8009;
8.21563;
10.1066;
41.602;
10.2594;
9.33911;
10.9889;
6.83071;
7.06595;
9.78035;
10.9137;
38.7399;
10.782;
14.2985;
8.40065;
10.8273;
12.6417;
7.88122;
37.5993;
12.9241;
12.4538;
12.1313;
11.2483;
10.2456;
9.09051;
41.6042;
11.8325;
9.26748;
8.98564;
7.73645;
14.5454;
6.65734;
6.57577;
9.15263;
39.1972;
