9.27769;
11.1784;
13.6883;
10.9366;
12.1952;
12.4362;
12.5973;
10.9855;
12.1386;
11.4358;
13.915;
10.5158;
11.8282;
10.332;
10.0615;
11.2893;
12.857;
13.0553;
12.0483;
13.5155;
11.355;
11.0329;
9.91435;
11.8088;
9.66874;
12.0471;
13.1497;
16.2631;
8.06142;
12.26;
13.8531;
12.7224;
11.1965;
11.9864;
12.8766;
10.4938;
13.2431;
12.9871;
11.3829;
9.83806;
10.4787;
13.7526;
12.2438;
9.56946;
14.0553;
10.7722;
9.68927;
11.864;
11.5016;
15.2664;
15.0998;
15.0028;
10.8572;
12.2346;
8.65902;
11.2015;
12.8017;
14.0286;
10.3999;
8.78995;
8.08722;
11.1424;
11.1077;
10.339;
11.9006;
14.4464;
11.1697;
11.3853;
11.0871;
12.1806;
12.1766;
8.93308;
10.4452;
11.6609;
12.273;
12.9572;
7.84957;
9.96869;
12.7351;
12.174;
11.8403;
15.3839;
12.9375;
12.0666;
10.6519;
11.0593;
13.9978;
12.281;
10.1617;
10.9088;
11.0202;
9.42996;
12.0361;
9.94715;
10.9157;
10.5053;
9.60774;
12.5653;
11.6771;
10.9906;
7.98615;
9.40868;
9.74739;
12.1442;
14.4886;
9.23704;
10.4449;
10.9321;
9.08016;
9.36927;
9.11338;
10.9577;
12.4955;
9.05463;
11.1085;
9.2073;
12.1724;
11.1399;
10.3098;
9.67052;
14.0407;
15.6661;
9.98619;
11.8238;
10.6578;
13.0716;
12.4509;
11.2252;
12.4278;
12.0504;
11.0923;
11.1693;
14.9561;
14.9526;
15.2434;
11.5492;
11.5461;
12.8722;
14.6979;
10.0257;
13.5659;
11.6294;
11.2475;
11.5491;
9.92464;
10.7944;
11.4777;
9.49706;
12.9952;
15.1486;
10.8764;
10.5268;
10.4996;
9.57217;
10.4234;
15.7118;
11.6641;
13.2125;
13.3826;
14.8958;
13.7161;
11.6559;
14.5923;
7.95568;
8.91289;
10.583;
7.67957;
12.0151;
11.7636;
11.7227;
10.0283;
12.3789;
10.704;
11.9079;
9.76693;
8.20433;
13.021;
12.4065;
10.1189;
11.1601;
13.4397;
15.4903;
10.9629;
11.9825;
11.1063;
10.6041;
15.932;
11.4373;
10.6293;
9.70847;
12.078;
11.6362;
10.4143;
9.24487;
11.1868;
19.1617;
14.842;
9.09762;
13.2142;
12.1144;
12.7901;
8.60933;
12.6367;
9.03218;
13.5799;
12.7395;
12.0409;
16.5009;
13.1912;
12.1938;
9.62851;
14.0848;
9.31532;
13.0366;
13.3744;
11.641;
10.5147;
15.5583;
14.0401;
13.19;
14.5182;
15.2213;
11.1507;
13.836;
8.74345;
15.4178;
11.2274;
13.1651;
11.5277;
8.90804;
13.6384;
13.5196;
12.8474;
14.0616;
12.118;
13.3565;
12.0231;
14.6397;
11.5497;
13.5469;
11.2838;
11.5061;
8.54556;
17.0305;
13.4004;
15.0105;
10.5637;
14.5771;
12.4532;
11.2524;
12.8082;
10.4913;
10.4779;
9.77148;
13.0374;
12.1838;
12.5519;
9.61705;
8.14099;
11.8971;
13.2149;
11.9543;
12.567;
12.0354;
12.5978;
13.7471;
9.1426;
12.0507;
16.2755;
12.8667;
9.07742;
9.42892;
14.1416;
12.6526;
6.78754;
10.026;
10.9508;
11.5305;
15.2568;
11.8947;
15.3941;
13.4877;
10.9485;
11.9347;
12.7571;
11.3435;
11.8956;
10.6754;
11.7367;
16.2989;
10.8218;
13.959;
14.2692;
10.1709;
9.33289;
10.24;
15.6417;
7.28562;
11.2736;
11.8391;
12.2819;
17.2675;
8.91647;
8.26934;
11.1402;
11.3922;
12.8912;
14.5713;
11.4786;
12.6163;
11.5403;
13.2271;
11.0926;
12.439;
16.178;
10.0318;
8.6484;
10.7612;
9.14951;
16.9112;
10.2752;
14.4124;
10.5203;
7.71055;
10.3297;
13.9014;
14.6709;
13.8144;
8.94401;
11.7422;
10.6071;
12.7988;
8.70894;
6.59297;
13.7229;
12.1839;
12.673;
13.0491;
10.2643;
11.8443;
10.812;
10.7264;
12.0166;
10.2488;
8.88439;
11.3781;
13.8525;
12.8911;
12.5544;
14.3684;
10.5361;
12.9617;
11.9628;
11.4654;
13.6684;
13.4433;
17.2652;
11.2252;
9.45011;
7.96373;
10.1822;
12.4621;
9.99446;
11.3212;
10.8194;
11.7419;
10.7848;
10.3698;
12.4376;
11.8626;
14.6022;
12.2707;
11.5113;
11.7106;
11.7234;
10.2679;
14.6856;
10.1656;
12.5972;
17.197;
8.40855;
13.2371;
11.3117;
12.0029;
9.65078;
12.0145;
13.6582;
12.878;
13.8273;
9.75722;
14.7432;
11.0591;
12.5857;
16.2584;
13.3789;
12.2288;
13.9313;
7.4772;
9.8408;
11.1907;
14.4495;
11.6255;
12.8752;
11.9097;
12.356;
11.5234;
9.13636;
11.2828;
8.8182;
8.14593;
6.70337;
14.5945;
11.7185;
11.9375;
10.9427;
9.31554;
8.11942;
6.51804;
10.6577;
11.0734;
13.0721;
10.4625;
16.7445;
15.3297;
11.7937;
13.109;
12.6129;
14.7666;
10.5254;
13.3453;
14.1994;
12.1583;
10.303;
10.1817;
11.5021;
10.656;
13.556;
14.469;
9.94224;
11.1308;
9.66624;
11.7791;
14.5204;
8.21934;
10.4997;
12.3014;
11.3044;
15.4518;
9.67619;
14.2425;
14.1079;
10.7651;
9.15529;
11.1457;
11.835;
11.626;
10.6484;
11.1651;
11.7842;
11.9433;
11.3802;
8.41426;
14.2383;
12.0891;
14.4096;
11.2957;
13.2488;
12.9403;
9.73011;
12.8915;
15.2347;
11.6789;
11.7871;
8.70187;
10.4029;
13.4888;
11.9326;
12.8829;
9.88453;
14.0848;
10.301;
11.6274;
13.8109;
9.83403;
14.2526;
15.1464;
15.6105;
10.5467;
13.1322;
13.2217;
19.7037;
10.2193;
11.6237;
11.9958;
11.2989;
14.1933;
10.9871;
10.5031;
13.064;
12.051;
11.7207;
10.5929;
10.0318;
11.9338;
11.8439;
11.0517;
9.84059;
11.533;
9.25681;
11.4862;
10.1781;
10.7705;
13;
15.3672;
10.3497;
5.53479;
8.61414;
10.5599;
15.8279;
14.0072;
10.3072;
9.79719;
11.0379;
15.3712;
10.4044;
12.3749;
16.1297;
9.21683;
11.5577;
17.6935;
8.85519;
14.6126;
15.7772;
12.2473;
11.0656;
14.734;
8.64505;
9.75462;
10.889;
12.6318;
16.4111;
8.52893;
13.1144;
12.7703;
10.6916;
12.3599;
12.179;
11.7032;
12.057;
15.5891;
8.62906;
11.7533;
11.8691;
9.26474;
10.1441;
14.8022;
8.8597;
9.96457;
12.1719;
12.1722;
14.735;
12.9426;
11.3002;
12.1679;
9.57661;
12.4806;
13.4288;
16.3548;
14.9967;
11.4762;
15.6684;
11.5748;
12.405;
14.54;
10.9108;
11.5311;
11.5876;
11.5836;
12.8538;
13.887;
11.9494;
11.411;
11.0117;
10.3562;
13.6151;
16.6546;
7.51023;
12.2076;
10.5751;
9.31049;
8.23641;
16.9555;
11.4939;
8.45118;
11.1423;
9.78352;
11.7484;
8.81909;
14.7556;
12.1825;
10.8053;
13.1401;
10.2672;
14.3473;
17.0039;
10.9227;
12.0902;
14.4687;
13.176;
10.8148;
7.96268;
12.8082;
10.5583;
11.7119;
10.2486;
11.9081;
11.2966;
8.79688;
14.148;
12.2738;
11.7756;
10.0926;
15.4946;
11.6514;
14.9906;
10.2907;
14.2399;
11.1673;
11.3599;
9.1631;
15.9334;
14.5248;
13.5457;
14.5352;
12.7022;
14.602;
8.41379;
10.9116;
10.2208;
13.8764;
11.4116;
16.8228;
10.0471;
15.8672;
7.40073;
12.8136;
14.6165;
14.1832;
12.1783;
11.4326;
9.9505;
11.995;
12.1725;
14.2444;
11.8288;
9.75923;
14.1917;
13.4684;
13.2328;
12.0768;
9.84912;
14.091;
14.498;
8.30606;
14.11;
12.9992;
8.7935;
11.9047;
14.5581;
11.8155;
9.09763;
11.2065;
9.6352;
10.9174;
10.733;
12.4705;
11.3166;
14.5996;
9.73757;
15.3059;
13.7376;
11.3062;
9.40891;
7.87262;
11.2405;
13.5833;
14.5006;
11.1674;
12.047;
15.5559;
10.7269;
13.8092;
18.3909;
11.4472;
15.7074;
11.6698;
15.0893;
9.36059;
16.5137;
11.5377;
12.2892;
10.0249;
13.9412;
8.36061;
14.6395;
13.453;
13.4457;
11.5095;
13.6731;
12.1298;
15.8278;
12.2655;
10.9253;
12.6807;
14.4949;
11.1033;
13.3761;
11.7068;
10.7522;
11.7481;
12.8305;
11.604;
9.71427;
9.94436;
11.9204;
13.4506;
11.1344;
11.4832;
11.5815;
10.9736;
12.3949;
13.7256;
11.5964;
18.3608;
13.0265;
12.6145;
12.3985;
10.4833;
13.1213;
13.8612;
12.125;
10.4349;
11.7473;
7.63027;
8.00405;
7.76893;
12.3518;
14.2176;
8.26037;
11.0835;
10.8655;
12.3316;
11.6435;
10.2566;
10.1604;
10.2976;
9.57608;
10.7016;
11.8697;
15.2222;
15.0029;
11.3548;
12.0777;
10.5393;
8.65666;
13.6355;
11.3831;
16.8781;
10.5267;
11.1745;
9.80473;
13.0993;
12.5659;
8.69099;
12.9425;
10.2256;
15.424;
13.7558;
10.7621;
11.0538;
10.7587;
12.1811;
12.0244;
12.4113;
13.3545;
10.6476;
12.015;
12.6998;
11.8973;
17.2507;
9.22017;
13.8915;
11.7767;
13.5785;
10.0239;
10.491;
9.55395;
11.109;
12.4784;
10.7924;
10.4487;
15.2754;
14.3329;
13.0084;
9.56599;
13.8243;
12.582;
12.9215;
11.0238;
14.2898;
13.3472;
10.3857;
14.8607;
10.1323;
11.2731;
16.5726;
11.2126;
13.5441;
8.51481;
12.3939;
12.7793;
12.9151;
10.6193;
10.378;
16.8938;
12.538;
12.7815;
13.6439;
10.5024;
9.4019;
9.1626;
12.2149;
15.0148;
6.57868;
11.7879;
13.7863;
16.8348;
14.7691;
15.8573;
9.28949;
10.7312;
12.1048;
14.1578;
24.2339;
15.6675;
9.5515;
14.9778;
15.2226;
15.0342;
11.8753;
8.55715;
9.05488;
9.86139;
8.85856;
8.30698;
10.5222;
12.6578;
14.1656;
10.7892;
13.5858;
9.8304;
12.9582;
12.6346;
14.9552;
10.1538;
9.84796;
12.2566;
11.4898;
12.0199;
10.8111;
12.2655;
15.8702;
12.775;
11.4898;
8.69679;
8.14876;
16.132;
8.15334;
12.3328;
12.9683;
11.7905;
11.4381;
12.8314;
12.596;
14.9187;
11.0732;
13.1326;
10.479;
13.217;
12.9369;
9.58786;
13.0542;
11.126;
17.1318;
10.7423;
13.2721;
6.7876;
12.4809;
11.3222;
14.1101;
8.39552;
12.9975;
11.877;
12.2565;
12.252;
15.7573;
14.0029;
11.9593;
14.0427;
11.0253;
12.8935;
14.2836;
12.0176;
14.3461;
12.8879;
14.436;
12.1525;
14.7056;
13.7388;
14.9402;
10.9497;
10.088;
13.9554;
12.4423;
15.8742;
12.4575;
8.13843;
8.9551;
11.9585;
11.6995;
12.6472;
9.55179;
15.0774;
13.3163;
9.45247;
11.0697;
10.6857;
12.0665;
13.4327;
12.5156;
12.2057;
10.2638;
11.1951;
11.7563;
10.6817;
14.9021;
9.86641;
13.689;
9.04504;
9.66135;
17.2142;
12.957;
13.3304;
12.8705;
16.0371;
11.9066;
15.5161;
15.8297;
11.592;
9.07403;
10.4941;
11.0019;
15.8386;
13.8272;
11.0857;
15.2393;
11.8062;
15.0211;
13.764;
20.7788;
10.8293;
14.3515;
11.706;
18.2539;
12.4448;
10.5838;
11.5268;
12.9479;
8.10473;
13.003;
11.4302;
11.2268;
12.7669;
14.8071;
10.8432;
13.6995;
10.7311;
13.8647;
10.8466;
8.77277;
11.8969;
12.506;
8.90473;
7.37558;
10.5195;
14.3819;
12.0068;
14.4773;
9.57143;
15.0266;
17.2406;
8.88284;
13.0622;
17.5262;
16.131;
12.839;
10.9702;
9.19492;
9.642;
11.6438;
12.361;
11.5123;
10.2991;
15.1744;
10.2778;
10.7799;
13.6783;
14.4273;
13.0534;
13.5428;
13.8223;
12.1869;
12.7909;
10.1462;
19.0294;
13.3183;
9.55221;
11.6382;
8.68636;
14.3643;
11.2808;
10.4661;
13.3633;
11.2839;
10.7921;
12.9354;
13.2632;
12.4657;
11.4569;
12.9204;
10.1882;
13.6864;
6.52517;
12.3158;
11.8144;
10.2727;
10.7864;
12.3314;
13.1592;
11.6739;
12.7203;
13.3843;
13.4465;
16.3488;
14.6962;
10.8202;
10.2627;
9.48973;
9.88765;
7.17914;
13.3849;
14.1987;
11.0318;
9.74274;
14.689;
9.97486;
12.415;
12.7896;
11.9023;
11.7696;
8.54824;
12.3671;
11.4539;
12.2459;
10.2299;
12.6139;
10.6198;
11.0804;
18.1669;
9.55673;
14.8016;
14.1882;
12.6522;
15.5726;
16.2058;
12.3161;
10.6951;
14.148;
8.14056;
12.4168;
10.2942;
14.8875;
10.5796;
9.23131;
11.8551;
14.0124;
14.0919;
13.1301;
12.8655;
7.75681;
7.85028;
17.1245;
13.6386;
11.0348;
12.5134;
12.9157;
14.321;
10.0413;
10.4467;
13.2403;
9.96781;
18.0434;
11.0622;
11.7618;
13.507;
9.52783;
14.9383;
9.61921;
10.2014;
12.1464;
9.28699;
12.206;
13.8837;
9.18984;
10.5877;
13.1691;
11.9345;
13.8524;
7.61108;
12.8741;
11.649;
13.3096;
13.3941;
9.51317;
10.9022;
9.69373;
12.7765;
10.616;
12.0207;
12.6933;
11.9825;
10.135;
13.4389;
13.051;
14.3078;
10.248;
10.0634;
12.3973;
9.96891;
11.4692;
13.3648;
5.78808;
12.761;
9.84312;
10.9575;
8.55228;
11.5406;
10.0832;
13.6122;
14.7824;
9.57068;
11.2824;
13.946;
10.5732;
15.4854;
8.61106;
12.8373;
11.2919;
11.6628;
17.0341;
15.7398;
10.9826;
13.9081;
11.6219;
8.0863;
13.3674;
9.85853;
14.419;
10.6214;
17.9059;
10.2302;
10.7626;
14.7941;
10.7527;
13.2989;
11.9262;
15.8457;
13.3517;
11.9759;
11.8053;
16.264;
11.0822;
11.9977;
10.4198;
12.9311;
13.5507;
11.4468;
15.3914;
11.4678;
8.39605;
12.9814;
8.70965;
8.78892;
10.0336;
15.2134;
11.3082;
14.7179;
14.1137;
8.59256;
14.5206;
10.2761;
12.003;
13.6488;
14.4555;
12.535;
14.7498;
11.8004;
10.7164;
11.9826;
8.90132;
14.5792;
12.3328;
13.0261;
9.06683;
10.5245;
12.8748;
10.2754;
12.341;
15.1256;
11.5152;
13.3027;
10.9748;
14.0855;
10.661;
11.1332;
10.8915;
14.1546;
19.0353;
19.4752;
8.80911;
13.7074;
13.1224;
10.4439;
13.0885;
10.7144;
11.755;
9.4551;
12.0059;
12.6095;
7.87537;
10.6549;
11.682;
7.0452;
13.1475;
13.3869;
8.98767;
12.9215;
13.3915;
11.6723;
9.56706;
14.9373;
11.2464;
10.4922;
16.7035;
9.28665;
9.86849;
12.0613;
12.9991;
9.10952;
8.3825;
14.8866;
8.81453;
17.9695;
10.9445;
19.6367;
13.6334;
16.3786;
10.7803;
9.33023;
14.9176;
10.6136;
12.2518;
8.89563;
9.35332;
12.0504;
14.5954;
11.945;
11.2068;
16.7642;
9.96137;
11.3782;
13.3763;
13.2674;
11.4479;
9.56758;
9.89343;
11.5517;
12.0925;
10.9743;
11.4617;
10.8531;
12.2278;
13.7961;
16.0744;
10.853;
18.0551;
15.425;
11.9581;
12.0297;
10.7125;
11.1683;
14.5908;
19.2253;
15.757;
20.4061;
12.7788;
12.1312;
8.61865;
16.5931;
17.2566;
11.0461;
14.2079;
13.3854;
7.86141;
10.6508;
9.82253;
14.4494;
11.961;
11.5163;
18.1035;
11.9384;
11.5618;
11.737;
10.9277;
14.2887;
8.88423;
12.77;
14.0575;
9.56129;
17.524;
13.6302;
17.0403;
14.7241;
9.45646;
10.0808;
12.334;
12.948;
11.922;
15.5319;
8.53453;
8.7393;
11.7141;
11.4626;
9.44916;
12.012;
11.8916;
10.1031;
10.9777;
10.6492;
10.4482;
9.46467;
12.1131;
11.8753;
13.0919;
8.92162;
11.3861;
16.3228;
9.78116;
20.7906;
14.4799;
11.9119;
7.90634;
11.7116;
10.2856;
10.7906;
12.6876;
12.3294;
12.3283;
8.49595;
8.09185;
9.73195;
12.2257;
13.5585;
16.5963;
11.4479;
12.871;
12.7564;
11.588;
10.4952;
10.6299;
9.93932;
14.0029;
10.9338;
12.3798;
14.4797;
14.7215;
10.5486;
8.4039;
12.5717;
9.24498;
17.2573;
11.6846;
13.0634;
11.544;
10.8701;
10.4299;
19.8035;
12.6379;
14.1825;
12.1822;
12.553;
9.764;
11.7169;
8.36532;
13.8442;
12.7243;
14.4339;
10.1123;
10.3232;
11.292;
11.1868;
11.6533;
13.2348;
9.16363;
11.2508;
10.3417;
8.50497;
12.383;
13.9026;
10.777;
18.6637;
9.09044;
14.4119;
10.3835;
17.0928;
12.8724;
13.8484;
21.3071;
10.416;
9.78741;
11.2116;
12.1252;
12.629;
13.2834;
10.7723;
10.2946;
14.8452;
14.3867;
10.211;
9.12392;
10.2609;
13.9184;
11.7935;
10.7293;
9.33929;
9.5567;
11.4019;
12.2681;
8.65857;
11.607;
12.6772;
12.289;
9.3853;
9.13456;
13.7806;
7.04232;
11.4206;
12.1435;
8.33392;
11.4341;
7.71856;
9.65815;
11.8183;
10.2587;
8.21925;
12.0586;
5.766;
10.2918;
8.5484;
10.8061;
12.6448;
10.4024;
17.5937;
15.7748;
18.2673;
9.19049;
11.6842;
14.4811;
13.4733;
11.9261;
15.9154;
10.4007;
9.48501;
12.6538;
12.1371;
15.7221;
12.6466;
11.4977;
8.83639;
21.5088;
9.33506;
11.9852;
13.6272;
13.3418;
11.6667;
13.9095;
8.90396;
12.4088;
10.7834;
11.2753;
19.2459;
14.2491;
16.1226;
10.2707;
11.1977;
12.9976;
9.46572;
13.9854;
13.0686;
17.7216;
11.6327;
10.5857;
8.6075;
12.3131;
9.19137;
12.3859;
18.8767;
11.6275;
10.4608;
9.9436;
15.4886;
10.3301;
9.81269;
16.4319;
12.4979;
13.5067;
15.5603;
14.5892;
10.5261;
8.34558;
18.0504;
12.0498;
14.1714;
11.3958;
11.3;
10.8733;
15.4125;
10.7175;
11.8833;
11.5743;
9.99805;
17.1444;
12.881;
12.0556;
12.1646;
10.3928;
11.1593;
11.7035;
10.9996;
12.4161;
10.4381;
10.1602;
12.6973;
11.1596;
14.1635;
12.032;
13.9371;
15.1126;
14.4268;
11.9843;
13.1512;
15.2112;
12.4547;
13.8641;
14.3573;
15.517;
11.4173;
11.0577;
7.13214;
14.0756;
12.0463;
11.9059;
12.2115;
8.29102;
14.079;
8.52869;
10.8569;
18.4841;
11.6117;
12.5592;
19.3316;
11.3501;
15.4842;
9.90689;
7.99317;
10.1109;
10.4509;
13.6107;
9.92949;
8.02885;
13.2592;
12.9988;
10.7002;
8.5359;
15.527;
8.14734;
12.0206;
10.4799;
14.8036;
10.6777;
10.9263;
14.3735;
11.6811;
13.0584;
13.3164;
15.1462;
11.0148;
9.90795;
12.563;
7.71029;
8.66052;
7.65028;
12.59;
8.00723;
10.8064;
13.4201;
8.71362;
10.6311;
12.2815;
8.73323;
12.1423;
11.8826;
10.8173;
10.0014;
9.54214;
11.2208;
13.5757;
9.23848;
11.0613;
14.2923;
11.3514;
10.0063;
11.1199;
16.0151;
9.35599;
9.39693;
9.34595;
15.088;
16.23;
20.5946;
9.22975;
8.00967;
8.55618;
19.4312;
11.6992;
9.87364;
14.6066;
11.9768;
11.2289;
11.7212;
16.3064;
27.4715;
14.3578;
8.92766;
19.7657;
16.5544;
16.9825;
19.3522;
11.0244;
15.0517;
12.3515;
10.1543;
12.644;
10.1401;
12.6174;
6.40298;
11.0556;
11.1739;
9.69407;
11.6206;
13.7628;
11.831;
17.6298;
16.1642;
9.42368;
11.2177;
11.2878;
13.1214;
9.70672;
12.1693;
8.78174;
9.36098;
16.3635;
9.49287;
14.4891;
11.49;
12.927;
7.59877;
11.5799;
11.755;
6.78532;
13.9964;
12.435;
12.8995;
7.58472;
11.2238;
11.8559;
13.1334;
15.3069;
14.0117;
14.6745;
12.837;
18.7372;
17.2331;
12.641;
11.1508;
9.4733;
11.7837;
10.5548;
9.23847;
8.16831;
18.9568;
11.9451;
11.911;
12.095;
16.225;
13.4128;
8.40159;
11.9159;
9.87968;
10.6583;
9.16388;
9.47651;
12.4476;
12.7746;
10.9057;
8.05287;
9.97349;
12.7802;
13.6091;
7.63528;
6.28598;
8.51849;
12.7789;
13.7082;
10.829;
11.9616;
13.1014;
10.3977;
11.0558;
14.7317;
11.9119;
9.26277;
9.37944;
12.8983;
13.316;
11.6985;
14.1771;
12.5379;
8.84216;
11.3639;
13.6343;
10.6001;
13.6487;
11.3769;
10.3374;
17.8729;
10.3476;
10.5555;
19.1;
10.4532;
16.1989;
11.7351;
16.9463;
9.24229;
13.6568;
12.4898;
7.68267;
14.1046;
10.8293;
11.8795;
8.02509;
13.0165;
9.6437;
11.9553;
11.6289;
12.1256;
17.6811;
11.8286;
11.3627;
11.7579;
19.7894;
8.57652;
19.6255;
11.7155;
17.5223;
20.0962;
9.50322;
9.68994;
17.0391;
11.1148;
20.4402;
10.4409;
10.0993;
12.175;
15.0172;
10.2432;
10.2138;
7.54984;
14.7724;
12.4908;
7.34957;
11.1793;
9.06542;
10.1224;
20.2371;
12.3714;
11.8005;
11.275;
10.7658;
17.1546;
16.3307;
9.45011;
17.6313;
13.9431;
9.29655;
13.6029;
8.83563;
9.41918;
14.5888;
7.6338;
8.87513;
10.9565;
12.7035;
16.3797;
10.5754;
20.3656;
10.9596;
14.5518;
9.47983;
12.6404;
12.2031;
9.6131;
17.9682;
13.1681;
11.4442;
12.2237;
25.2428;
16.194;
7.90824;
10.1445;
11.0759;
8.68808;
10.9846;
10.8524;
11.1844;
14.5024;
11.269;
9.18991;
10.4221;
9.13389;
9.50466;
11.9595;
12.163;
21.5787;
10.2211;
11.814;
8.45951;
19.68;
9.53017;
9.18319;
11.3808;
10.7452;
10.4057;
13.7732;
8.74624;
18.5415;
11.9646;
13.0405;
11.4655;
8.68704;
9.84763;
10.8924;
10.6066;
11.203;
12.1465;
10.1599;
12.8019;
13.8854;
13.1004;
10.2715;
7.92385;
8.59952;
11.0892;
12.497;
14.3027;
9.02899;
15.7163;
8.7186;
10.3163;
18.5687;
24.808;
11.8843;
12.874;
10.071;
20.514;
13.2074;
10.3509;
9.21201;
5.72513;
12.444;
9.69839;
9.42346;
9.50218;
8.76317;
4.12788;
14.4857;
8.77469;
11.0602;
13.3773;
14.1446;
9.85162;
13.1551;
12.857;
7.88781;
7.95463;
11.7943;
9.90387;
10.1841;
7.51859;
10.7456;
10.6399;
8.94187;
8.04215;
8.68354;
9.04668;
19.0567;
13.2171;
9.79732;
9.69072;
10.0944;
20.1148;
9.72793;
25.0907;
12.635;
8.88591;
15.1449;
18.4845;
11.2841;
9.99204;
22.8866;
23.1297;
8.21213;
20.0855;
8.23546;
13.7561;
18.4791;
8.61822;
12.9384;
15.5574;
18.4169;
6.84543;
7.94074;
9.09085;
9.48897;
8.76242;
8.80772;
11.6983;
8.10052;
8.52992;
12.1671;
10.1647;
13.9823;
6.97859;
12.5149;
10.7043;
7.68718;
11.482;
9.42055;
10.5652;
12.3193;
8.80295;
7.96607;
5.01443;
9.14023;
17.4752;
17.4356;
11.0183;
9.85592;
10.6262;
10.9513;
13.8796;
9.50857;
16.2506;
10.3896;
19.4764;
12.3595;
22.7242;
8.92907;
8.82446;
8.38454;
6.54268;
12.7772;
9.74801;
11.2089;
11.0725;
9.77021;
8.95193;
9.15622;
19.3081;
11.3944;
11.6835;
13.1547;
13.2085;
11.2291;
19.549;
9.40283;
11.5886;
10.327;
17.648;
7.62932;
17.8793;
10.6909;
8.89488;
9.81959;
15.3101;
7.53017;
20.2109;
14.0505;
20.1297;
12.3679;
7.26101;
8.03613;
12.8827;
11.1322;
8.3429;
11.7433;
9.3537;
11.9215;
9.73472;
7.87549;
10.2775;
13.0122;
13.6965;
6.2691;
16.9728;
9.53831;
12.9335;
10.131;
20.5859;
8.35337;
11.3725;
15.296;
19.6108;
11.6977;
16.4743;
10.4379;
8.91744;
14.6727;
28.1478;
9.08404;
18.8403;
7.27255;
14.4896;
11.3517;
9.16749;
11.1109;
18.3927;
8.23446;
18.3551;
11.8474;
11.4949;
8.84537;
20.936;
7.83001;
11.9648;
15.5744;
9.8956;
9.13309;
7.21699;
16.8383;
11.2747;
18.3501;
18.0157;
8.49869;
13.4537;
8.91757;
16.5653;
10.1707;
11.5601;
10.6168;
11.8211;
12.3851;
10.2311;
10.7793;
12.0225;
9.18005;
6.66538;
19.3312;
8.29297;
9.75887;
11.2559;
7.89871;
8.88743;
14.6442;
6.3156;
12.2885;
12.9081;
12.0543;
18.9266;
8.86766;
17.4808;
5.76864;
10.1762;
10.5965;
18.07;
10.327;
18.8673;
17.7149;
9.76741;
20.7279;
22.1822;
19.3793;
8.85812;
16.4926;
11.8364;
12.349;
9.99745;
12.443;
10.4171;
11.5593;
11.5054;
10.7433;
10.0586;
9.72045;
17.3096;
7.63511;
10.0829;
7.86528;
8.41673;
12.0122;
10.6008;
11.3069;
10.1816;
17.2583;
8.79202;
21.9419;
11.3481;
20.3913;
11.2071;
10.2692;
8.86575;
16.6732;
7.50757;
10.6978;
10.5624;
27.1821;
8.48111;
10.3713;
19.9037;
12.1061;
21.2281;
11.2758;
11.305;
8.37667;
25.2329;
8.391;
11.0159;
6.93401;
9.6838;
7.71186;
7.88594;
7.50385;
13.0277;
16.5739;
7.41294;
11.5943;
15.0334;
9.791;
9.91249;
9.31141;
14.4088;
9.22155;
8.47215;
8.17337;
9.45521;
7.53639;
7.76963;
10.8894;
11.4676;
9.0868;
10.1993;
11.0345;
9.06362;
8.82351;
9.75337;
9.034;
8.57349;
9.41549;
8.84524;
9.47107;
13.3249;
5.54706;
9.16796;
8.26516;
10.186;
6.73304;
18.6465;
7.50976;
8.47342;
12.9191;
12.7385;
10.9664;
12.1111;
6.67413;
13.5938;
10.3135;
9.31444;
10.2612;
10.6002;
5.99608;
10.204;
4.45658;
7.1325;
10.6644;
15.701;
15.396;
18.7934;
10.1782;
8.25434;
17.5846;
7.9241;
10.692;
8.86435;
8.06534;
22.3253;
10.418;
11.4576;
8.12402;
11.9445;
7.12735;
8.06615;
11.4382;
8.90784;
9.83453;
27.7108;
9.39652;
24.1534;
11.6714;
21.844;
12.0893;
11.824;
9.17492;
6.68544;
12.2113;
9.87948;
12.2056;
10.9872;
19.0341;
7.9301;
10.5036;
13.0289;
11.3804;
9.58972;
17.4715;
6.50936;
22.7226;
9.1719;
8.74893;
22.013;
8.15157;
8.454;
6.84261;
9.46922;
8.13273;
19.4419;
10.2339;
13.9898;
17.0474;
9.6083;
11.4282;
11.8044;
11.0519;
9.22268;
26.3958;
9.02322;
10.6357;
8.48088;
7.74022;
9.1555;
11.9193;
10.6724;
12.8467;
8.87507;
10.9991;
8.5502;
5.94985;
10.0478;
14.6772;
11.1334;
12.4537;
6.08826;
11.5883;
8.69578;
12.0656;
12.758;
9.37453;
7.75716;
10.4228;
10.4726;
6.67579;
7.93408;
11.4615;
7.67416;
11.5314;
8.0174;
10.2908;
10.816;
10.8989;
9.91405;
6.83542;
11.7341;
7.23354;
8.77341;
11.0222;
9.14688;
9.05171;
10.3152;
10.1935;
9.77787;
8.44445;
6.91218;
14.7719;
9.49117;
13.627;
7.73079;
6.59568;
18.6661;
10.2804;
23.6661;
9.88436;
20.3663;
8.40763;
19.787;
8.90948;
15.407;
9.92665;
16.618;
11.0952;
8.95496;
8.26185;
7.75389;
26.2484;
6.57901;
18.3136;
6.54127;
4.69637;
9.61664;
10.8586;
8.52898;
7.95249;
10.3335;
9.37234;
9.3338;
8.49258;
8.52498;
8.54332;
10.0488;
7.72382;
11.4458;
10.2134;
20.4665;
6.79196;
15.982;
10.2305;
7.57564;
7.25503;
10.3596;
8.27993;
20.287;
8.85398;
8.38657;
11.7538;
11.8735;
11.2417;
10.708;
8.03849;
19.2981;
10.6899;
6.64845;
10.884;
8.73817;
10.1458;
24.7827;
5.89659;
24.2603;
7.89965;
9.41955;
11.2811;
10.0589;
6.90126;
11.5862;
11.5339;
17.9707;
9.76312;
10.2209;
7.88108;
8.19737;
10.7484;
25.4198;
21.1331;
5.85532;
8.28116;
19.3919;
10.0229;
8.0302;
9.04708;
7.19096;
12.3331;
10.5657;
11.5984;
7.45917;
10.7294;
16.3826;
8.93226;
19.867;
10.2999;
12.0804;
13.8128;
9.56432;
9.19091;
9.46048;
11.4892;
6.52333;
12.3123;
8.64269;
28.4464;
11.7849;
22.9329;
10.1517;
10.0065;
7.45349;
10.3919;
9.95133;
8.45087;
9.66487;
22.278;
10.4886;
18.3581;
21.0251;
11.9653;
17.7913;
8.75725;
17.3306;
10.9655;
6.95571;
9.96851;
7.77674;
10.3401;
11.1863;
9.37914;
7.5162;
17.8102;
23.5052;
18.0891;
10.0295;
11.2026;
7.15082;
12.0511;
12.2468;
9.97;
7.78297;
10.0508;
11.2183;
11.0037;
8.37009;
22.0575;
13.1073;
8.01727;
20.8049;
9.88843;
18.5831;
11.174;
10.5326;
14.0922;
20.8454;
5.81673;
23.555;
21.8167;
9.0502;
7.87932;
8.32245;
9.94275;
6.86884;
6.42194;
4.43973;
8.85222;
7.31224;
26.1366;
17.0976;
9.27108;
9.17669;
5.04725;
7.07536;
20.7379;
17.7427;
7.94236;
23.7288;
8.16916;
10.5856;
18.4425;
5.94145;
8.27996;
19.6704;
9.19489;
8.44445;
9.32375;
9.91674;
8.52643;
17.0475;
27.6952;
8.22794;
9.13281;
7.19573;
6.04925;
8.25361;
9.54108;
10.3098;
6.45531;
8.9091;
10.8304;
6.63225;
10.1171;
9.05204;
10.2407;
8.38751;
12.0135;
9.58315;
6.71614;
20.3893;
8.15973;
7.99467;
9.95124;
22.9181;
10.529;
9.70369;
9.75553;
17.3587;
10.5385;
7.52763;
11.3572;
12.5157;
9.97623;
11.151;
7.7739;
10.7447;
28.6843;
8.19269;
9.45892;
8.15561;
8.99814;
24.8284;
8.65974;
7.87879;
7.80002;
17.7617;
19.6329;
8.18317;
22.5115;
10.1785;
18.8768;
7.09965;
7.92238;
7.91209;
20.3307;
8.39809;
7.63217;
8.22975;
10.8044;
6.73039;
16.9168;
10.2132;
22.1103;
9.90109;
8.49369;
10.0946;
7.23745;
9.84864;
9.98002;
27.9276;
13.2865;
10.1518;
20.8614;
13.5498;
25.3151;
8.4038;
20.9921;
13.024;
5.41468;
8.85925;
18.3107;
10.852;
11.4598;
11.4261;
7.65239;
7.94576;
17.676;
16.4045;
11.5259;
21.9371;
23.6269;
8.39847;
17.6885;
7.92822;
10.36;
10.1272;
8.09935;
8.4586;
6.65347;
10.7682;
10.9293;
5.7722;
10.5969;
9.11227;
10.1948;
8.3662;
10.4428;
14.5538;
5.80266;
14.5622;
8.88176;
28.4922;
10.2533;
9.84163;
10.8238;
17.6851;
27.2182;
9.34803;
9.8322;
11.9223;
8.42845;
9.54701;
11.9813;
8.87545;
10.0864;
11.2349;
9.75311;
8.81913;
8.79534;
12.7752;
18.351;
12.7877;
9.29193;
11.1486;
9.92109;
24.4352;
8.69481;
10.4938;
19.9394;
8.77076;
8.72349;
9.16217;
19.9706;
10.9868;
8.5861;
9.21626;
9.68699;
9.15952;
20.9366;
7.476;
6.92322;
16.7905;
8.83951;
19.3584;
10.1759;
8.70088;
20.7003;
14.617;
12.1641;
9.83279;
23.6543;
9.15753;
5.70173;
5.59644;
20.6498;
7.21732;
7.34865;
8.43495;
20.591;
21.4241;
12.2418;
10.0987;
8.2189;
10.1064;
18.7117;
8.34665;
15.3683;
8.99882;
11.7104;
20.7337;
17.0492;
5.54747;
24.2337;
9.16739;
17.9652;
7.41568;
6.45968;
8.701;
21.373;
8.29826;
10.0938;
8.28614;
7.27469;
10.9993;
8.44073;
19.4271;
9.42812;
22.4286;
8.85548;
9.40792;
18.1276;
5.09492;
7.46957;
7.60407;
18.6627;
12.0728;
9.23775;
8.80999;
7.28551;
7.50775;
10.8204;
22.6649;
9.85885;
8.52404;
24.7318;
23.0406;
8.41714;
11.5003;
9.65529;
10.662;
10.0899;
11.2689;
8.66714;
17.7696;
21.2766;
18.6564;
9.19062;
20.3705;
10.5289;
9.82186;
10.2676;
7.29132;
9.00355;
18.2119;
8.07966;
8.34237;
8.32416;
10.2155;
6.71611;
10.8959;
10.3456;
9.36146;
7.23935;
11.0877;
10.6678;
9.54927;
10.0385;
9.25958;
14.0956;
6.54919;
12.1063;
18.8594;
8.03853;
10.6496;
21.318;
21.7188;
9.17377;
8.51644;
10.9385;
17.5761;
7.95938;
8.24757;
9.32298;
9.02201;
10.5639;
7.57275;
6.11599;
6.35384;
19.1935;
19.9907;
8.82999;
9.19603;
9.73537;
18.5991;
19.5438;
7.88559;
8.27083;
11.2319;
10.6262;
19.0681;
9.32549;
9.21281;
9.76063;
11.9656;
8.60661;
9.81139;
10.1561;
9.40059;
7.08691;
9.98585;
9.01275;
27.4649;
9.91132;
7.53185;
9.07075;
9.49226;
8.33826;
22.8163;
7.75031;
11.422;
8.46316;
7.3688;
8.36851;
10.4502;
8.2047;
9.87264;
9.75057;
10.3564;
9.20976;
14.636;
7.30498;
10.9157;
19.0429;
8.3893;
19.6212;
9.26573;
8.37957;
9.43802;
17.4817;
8.94938;
9.04763;
9.87889;
26.7957;
7.17737;
7.74546;
8.57399;
6.83688;
7.43305;
15.5064;
8.219;
23.8869;
20.5615;
23.6637;
8.18104;
20.8887;
24.2423;
12.6308;
9.30969;
7.53927;
7.80098;
9.72773;
20.0549;
15.8173;
9.03207;
15.5348;
3.22845;
6.53471;
11.1962;
15.4714;
22.3792;
7.22691;
26.1684;
9.94965;
7.66074;
19.9239;
7.33222;
24.1852;
6.31005;
12.0687;
7.98858;
8.07289;
8.63927;
5.63938;
7.03124;
12.7005;
6.84261;
23.0299;
9.45153;
8.06611;
19.8013;
5.57364;
22.7878;
5.20887;
11.169;
20.1536;
6.95202;
9.42647;
8.793;
22.0425;
10.6327;
9.87306;
4.0436;
22.646;
15.1418;
10.5806;
9.03516;
8.41241;
7.3321;
11.4595;
7.34249;
19.446;
7.20591;
8.51681;
14.4127;
5.64308;
18.6922;
9.09476;
8.11506;
6.55339;
25.6848;
7.38464;
18.0471;
6.87908;
8.43875;
6.71658;
6.50002;
9.40935;
23.3247;
6.95275;
26.6206;
13.7989;
10.0752;
12.6393;
8.93579;
9.16225;
9.11225;
26.0402;
9.62328;
10.3041;
7.40753;
10.5667;
9.72587;
9.63567;
9.35316;
20.5189;
8.98846;
30.5375;
9.27105;
25.129;
9.01661;
8.5913;
19.0328;
8.24879;
24.1435;
9.8561;
11.2588;
26.2207;
12.8997;
6.45999;
6.42732;
8.51369;
9.02184;
25.007;
10.8638;
26.9581;
11.2949;
6.961;
22.2645;
8.88956;
22.7329;
10.5663;
20.9445;
9.90446;
7.85887;
8.87556;
9.07621;
8.2915;
8.7402;
9.91239;
9.02589;
8.03244;
7.39695;
7.07576;
9.28084;
5.45436;
7.22557;
7.85569;
9.72003;
23.1895;
7.40835;
23.9688;
7.59733;
6.3548;
6.71079;
38.8174;
23.7057;
24.747;
10.4106;
18.4823;
7.18587;
17.4546;
7.41039;
7.07346;
20.6463;
8.6018;
10.3721;
21.7012;
9.26197;
9.02039;
18.3586;
9.3354;
10.2061;
24.0307;
7.55958;
9.04971;
8.43305;
17.1825;
12.347;
23.0234;
9.47707;
7.04189;
21.2296;
28.5603;
9.99146;
27.4145;
27.839;
9.06646;
25.9361;
6.16766;
23.3105;
9.84731;
7.71531;
8.03623;
8.3177;
9.44627;
6.76795;
10.0899;
8.19778;
9.8199;
9.22201;
8.36124;
7.6579;
9.85193;
8.6826;
8.80108;
12.1205;
7.2285;
13.4188;
8.73175;
6.05037;
7.16109;
11.8207;
6.35887;
7.98924;
24.8038;
7.40329;
21.4429;
6.9357;
8.41763;
21.0882;
7.5587;
18.4556;
9.16092;
19.9972;
9.21381;
16.5083;
20.6514;
8.3621;
7.16486;
28.9323;
6.52387;
9.40412;
29.3783;
10.7932;
18.676;
8.02001;
8.67155;
11.0746;
10.7021;
7.35324;
7.83517;
11.112;
9.35205;
8.33124;
13.346;
8.08254;
7.45758;
10.7948;
10.2575;
8.4425;
8.72897;
7.67;
6.47842;
9.34485;
25.3453;
10.6361;
23.0304;
8.22192;
28.3808;
10.8622;
6.26361;
8.36875;
10.2098;
8.66319;
6.51262;
6.20654;
7.26058;
27.0419;
27.2829;
19.6119;
5.34901;
9.27277;
6.96396;
8.74934;
6.31139;
10.3531;
7.10044;
11.5027;
8.4179;
31.1616;
8.90354;
25.557;
8.28108;
25.6065;
9.51678;
6.90151;
7.46352;
10.0029;
9.16261;
10.7043;
11.3537;
9.50258;
8.7707;
5.06459;
9.8806;
11.1576;
23.6698;
9.74916;
8.00909;
11.0368;
16.3335;
6.72663;
19.6544;
6.97434;
9.40439;
10.8134;
9.23668;
38.0643;
10.6892;
26.137;
6.55844;
22.7334;
28.0947;
25.2019;
8.50632;
18.3309;
7.88397;
24.5828;
7.60829;
20.6368;
5.9943;
4.70816;
9.05859;
10.7666;
8.74834;
4.56103;
7.22179;
20.0552;
9.94832;
17.6237;
8.2902;
7.31023;
7.95853;
22.6793;
17.0959;
10.7537;
9.12406;
9.62777;
25.6751;
9.34767;
6.50343;
8.41394;
7.49932;
10.9577;
7.6109;
5.19252;
10.9383;
20.0168;
7.2394;
7.77628;
12.9401;
7.38815;
9.14933;
9.41203;
5.85359;
26.4093;
8.10421;
5.10221;
6.62178;
30.7151;
15.644;
13.3084;
5.10125;
15.0129;
8.25816;
6.88737;
9.49328;
9.23876;
8.21079;
9.5187;
8.53251;
19.9484;
7.72396;
10.8527;
9.62449;
6.00447;
13.007;
6.58631;
6.84271;
9.75627;
7.18621;
6.55957;
11.9345;
6.34015;
6.15474;
24.1971;
9.76402;
19.5134;
6.42762;
18.0557;
8.24069;
8.71001;
17.7516;
9.39809;
19.204;
6.24289;
21.2317;
10.4303;
24.1743;
18.621;
41.0637;
10.3204;
7.25089;
24.2883;
9.54255;
8.54808;
7.42818;
15.4294;
5.19909;
8.29102;
9.17499;
22.5713;
22.5566;
10.07;
9.74695;
6.17232;
6.31781;
14.3148;
6.90501;
7.00086;
8.25733;
8.21484;
9.56225;
10.3248;
9.13056;
18.9189;
9.72162;
6.56208;
9.88999;
24.3643;
28.7101;
6.82701;
17.5646;
9.14902;
25.3599;
7.22775;
25.0802;
7.27994;
9.28114;
10.775;
22.5949;
9.78473;
8.89007;
30.9473;
11.341;
29.4018;
8.43405;
16.3551;
8.48258;
9.9184;
7.9351;
18.8398;
6.05037;
20.0635;
8.11102;
7.40084;
7.74434;
11.8494;
7.94572;
22.3393;
9.52408;
11.8214;
9.80974;
8.07246;
8.50417;
6.99495;
6.77543;
7.5049;
6.19883;
5.46191;
15.7812;
7.88498;
26.1894;
9.00398;
9.01561;
9.64555;
8.75556;
7.68166;
25.5959;
8.4283;
17.5229;
30.6845;
22.742;
11.0486;
7.81121;
10.6211;
7.67726;
9.33081;
10.4294;
7.41807;
17.0134;
18.3341;
15.3215;
23.8142;
8.07386;
16.8676;
7.01993;
5.87633;
7.37603;
8.60883;
9.21825;
8.68372;
5.35501;
5.20854;
6.34376;
6.82183;
7.20574;
9.16338;
9.12374;
6.94001;
7.18226;
8.34006;
7.76273;
5.41306;
20.5778;
7.68409;
8.90678;
18.825;
19.5603;
9.18649;
10.5805;
10.3882;
6.64151;
7.28162;
6.99765;
18.1316;
7.67363;
22.8973;
9.01878;
9.75375;
9.22734;
8.73955;
9.00536;
11.1608;
10.4547;
10.4823;
7.54951;
6.48579;
11.8172;
9.93145;
7.02439;
8.4863;
25.6943;
8.25313;
11.6236;
7.70677;
10.3822;
7.95557;
6.99407;
10.0226;
22.1783;
7.867;
24.2937;
7.13458;
17.9921;
8.28746;
9.59876;
19.8693;
6.28222;
7.02326;
8.60541;
17.6876;
7.89159;
9.24052;
26.9317;
7.91636;
7.92874;
6.04116;
19.4721;
7.42772;
17.5627;
7.9855;
6.56476;
21.9524;
9.92372;
6.0625;
7.53346;
8.48548;
7.97802;
4.32542;
10.2442;
5.80439;
18.8708;
6.33011;
8.68579;
7.90878;
7.59536;
5.84843;
18.4985;
11.809;
9.47693;
10.5977;
7.07868;
7.56657;
11.9021;
7.42619;
10.8623;
8.98607;
5.73533;
7.8814;
8.62818;
5.88507;
8.00838;
6.53551;
8.8908;
7.86667;
9.15796;
6.78031;
6.26731;
12.5973;
8.9413;
9.85818;
18.5774;
10.0551;
22.1917;
8.58064;
6.07178;
24.0456;
7.385;
25.8316;
7.84616;
19.5774;
25.9168;
8.89295;
6.55181;
7.90235;
6.17915;
9.71146;
10.0984;
7.9196;
9.97406;
23.2256;
6.19232;
17.3177;
8.31446;
5.48994;
23.7448;
4.18284;
6.79769;
22.9913;
7.29885;
5.57832;
9.15349;
20.9128;
10.0761;
11.0584;
20.9747;
5.18021;
6.64436;
8.97148;
10.2127;
27.1708;
8.12276;
25.5728;
23.0562;
8.74691;
10.6069;
6.4072;
18.5149;
8.81136;
24.9975;
6.13991;
26.2637;
13.276;
8.64174;
9.11497;
22.6732;
7.96818;
8.21598;
6.83434;
9.98171;
6.50238;
9.4394;
26.7823;
4.23559;
6.85607;
5.34688;
11.425;
10.6292;
4.6486;
31.5531;
6.82374;
8.08464;
8.35232;
22.2857;
8.92512;
27.4564;
28.4433;
7.39498;
5.41162;
8.96386;
7.20444;
6.25224;
3.85456;
6.11853;
6.17741;
8.30435;
7.92553;
5.43091;
24.6839;
8.22771;
26.1362;
7.29754;
26.207;
8.14411;
22.7716;
21.4868;
8.70737;
7.86808;
6.20377;
6.5269;
6.34513;
6.97413;
6.87866;
4.93578;
6.87095;
5.57527;
7.50666;
10.4106;
21.1233;
7.44856;
8.90563;
11.688;
17.1494;
6.25718;
21.1259;
8.83641;
20.0115;
7.16674;
27.6252;
6.5056;
7.09575;
7.2823;
5.1483;
6.99907;
7.47752;
8.30182;
8.2553;
11.2713;
19.4514;
6.37775;
24.543;
5.86541;
8.5353;
9.10772;
7.07294;
6.05269;
8.78269;
7.94216;
25.7175;
22.4227;
7.28111;
7.61401;
3.95441;
5.8246;
6.11823;
6.77949;
7.8886;
6.76323;
24.6852;
8.25812;
25.4112;
8.77488;
23.2666;
7.2949;
6.79448;
7.52732;
9.64679;
5.16552;
6.20626;
9.17065;
6.3708;
8.16192;
8.82814;
7.53991;
6.43793;
25.4502;
9.85424;
21.6477;
7.04475;
9.01122;
23.3051;
19.0855;
6.99448;
26.694;
8.2835;
20.795;
21.6951;
5.25527;
6.73652;
34.4899;
8.8771;
5.71464;
5.16337;
7.08165;
9.05515;
25.8726;
17.1249;
4.28236;
8.0701;
7.21126;
7.07626;
6.035;
19.0495;
8.2216;
6.95439;
6.13093;
7.68611;
20.8742;
4.90998;
17.6349;
7.30068;
22.7024;
7.52522;
7.2477;
6.24055;
4.62693;
22.0972;
6.48597;
6.34388;
8.39175;
25.0891;
23.7983;
9.28245;
5.69991;
8.10023;
7.75623;
8.47328;
17.7221;
11.7472;
21.8468;
7.5779;
25.297;
8.76586;
20.3146;
8.94874;
14.2885;
6.23887;
18.0497;
4.30778;
21.8305;
8.79224;
6.92976;
26.4321;
5.5792;
20.5857;
8.27247;
25.7509;
10.1525;
18.2186;
17.211;
16.8905;
9.04091;
24.7638;
6.21473;
7.57489;
6.59776;
24.3834;
5.76425;
22.7127;
7.96842;
24.1938;
24.9276;
7.83663;
7.46799;
19.4961;
22.1748;
6.46252;
7.79659;
23.2537;
7.10851;
8.38068;
6.87208;
23.5489;
7.87495;
5.97154;
19.5661;
8.06528;
22.4822;
7.50875;
4.87461;
5.18856;
8.24285;
7.93876;
15.911;
5.98941;
19.7888;
5.44675;
21.1435;
9.87283;
22.6256;
7.52361;
7.13969;
9.02809;
22.7178;
6.38695;
21.6119;
6.43319;
7.48373;
6.87851;
25.0953;
7.16924;
8.07023;
8.33859;
8.83677;
4.76244;
10.4575;
7.61648;
5.4806;
7.57815;
24.9049;
8.03547;
6.4831;
25.6619;
5.14683;
16.0508;
8.15535;
7.71578;
5.98222;
4.5207;
24.5656;
5.20307;
19.2079;
9.02305;
20.7039;
8.62805;
19.6082;
7.38044;
6.49184;
8.7344;
7.4525;
7.04813;
20.811;
8.0532;
22.6924;
10.4791;
4.39299;
9.27919;
26.455;
4.36052;
25.5328;
7.51558;
7.44013;
5.29765;
24.2266;
18.836;
7.56508;
7.99103;
7.52415;
4.9442;
8.77922;
7.65669;
20.9959;
8.78776;
22.8532;
9.00957;
25.8266;
7.1114;
5.07323;
21.2597;
5.55588;
19.9755;
6.50625;
28.5664;
20.4338;
5.02725;
15.9382;
6.36959;
7.33912;
21.3274;
5.91554;
24.1852;
4.67805;
4.0442;
17.879;
7.1479;
23.3631;
4.74498;
4.21233;
8.16116;
7.3276;
22.193;
6.28167;
6.49436;
27.1515;
5.55674;
6.67468;
8.74789;
23.9379;
5.41944;
24.5334;
21.4444;
22.8457;
2.76125;
9.95483;
8.51223;
9.49632;
5.91005;
25.1776;
4.79961;
7.36021;
8.72799;
5.23267;
26.1387;
8.32499;
17.5122;
4.74993;
28.2072;
28.0928;
6.11826;
16.8803;
4.5091;
23.3904;
9.42338;
6.99252;
6.68358;
7.26873;
16.5767;
5.32793;
30.4349;
5.87392;
28.3056;
23.4873;
17.6702;
6.23032;
23.1079;
7.2919;
17.8814;
6.32017;
6.15144;
5.07539;
23.7208;
7.46849;
22.0086;
26.8973;
3.8842;
19.7;
7.88144;
26.1617;
3.70389;
5.1365;
9.0407;
4.87112;
5.55615;
7.90797;
8.53953;
7.86418;
7.38122;
26.5319;
9.75166;
21.9278;
6.39412;
8.26687;
6.52465;
24.8063;
6.4559;
8.27651;
21.7365;
6.4064;
28.635;
5.41559;
5.20832;
28.9076;
4.60045;
7.10866;
7.12687;
7.64707;
6.71552;
25.4449;
8.39014;
8.61579;
20.9126;
6.24479;
3.70035;
7.8178;
25.3551;
8.18135;
5.55669;
3.94396;
17.845;
8.28333;
6.40249;
6.05556;
28.2468;
7.01011;
24.5064;
7.19319;
10.5793;
14.9734;
6.02447;
4.54539;
9.43015;
5.84226;
5.08435;
11.3684;
7.4415;
17.8236;
7.45518;
5.90126;
6.37846;
23.239;
8.18082;
5.5973;
5.45018;
10.0065;
9.92946;
7.81373;
7.28099;
6.89808;
7.43513;
5.8886;
6.12705;
10.1839;
5.64354;
3.403;
25.8826;
7.63955;
6.47071;
28.4511;
5.78187;
28.3011;
8.10622;
8.00824;
16.2117;
19.6216;
6.84626;
5.905;
6.07889;
23.1251;
8.49323;
27.8065;
6.96535;
5.16563;
8.2806;
21.6024;
9.05392;
19.9564;
23.9102;
7.09133;
4.5762;
7.58112;
4.78028;
21.7454;
29.7347;
17.1271;
4.11316;
6.38779;
23.4117;
5.48357;
6.70611;
8.96831;
20.5394;
9.05408;
5.73822;
9.40591;
5.28981;
4.42056;
8.63712;
5.4549;
20.634;
8.48454;
7.76545;
7.49311;
19.2717;
23.1121;
8.77386;
20.5571;
6.69256;
19.5234;
24.8264;
3.94041;
6.09556;
6.91302;
21.8341;
26.3767;
6.78022;
17.0222;
6.69625;
5.62721;
5.61804;
6.45281;
7.63796;
7.982;
24.4637;
8.62694;
6.95129;
23.8518;
6.3931;
6.78403;
7.94842;
7.92166;
6.14608;
7.9187;
23.5354;
6.82838;
24.0861;
6.57096;
14.6256;
4.30692;
25.9023;
7.6777;
30.5266;
6.95899;
22.9756;
7.35821;
8.49155;
30.4773;
5.81972;
9.6871;
22.3653;
7.64505;
5.94308;
6.169;
7.77072;
7.37081;
4.57847;
7.8518;
6.35798;
6.33631;
22.6564;
7.15784;
24.1867;
7.25318;
21.3208;
5.43877;
28.9575;
7.1718;
15.0702;
7.43131;
6.00771;
6.27509;
7.2614;
5.90695;
26.3002;
6.98415;
4.55208;
7.71364;
8.96986;
21.0508;
7.25824;
7.24877;
7.71361;
8.87473;
8.23002;
6.98098;
7.5579;
7.89626;
6.566;
22.8953;
21.3495;
7.29565;
28.358;
6.22493;
25.1718;
5.00457;
7.07609;
7.88691;
4.41704;
27.3538;
4.96193;
24.5348;
6.82581;
9.09833;
8.0931;
9.31315;
17.8084;
7.45453;
6.10358;
8.55153;
3.99214;
7.0683;
5.90863;
6.26541;
21.2888;
8.38942;
7.12481;
6.00144;
7.21949;
10.8294;
6.80587;
28.7408;
4.39698;
6.46285;
5.38109;
5.97256;
5.4698;
6.43109;
5.49816;
4.08579;
3.76479;
23.0133;
4.57201;
9.21802;
8.53562;
22.7776;
4.91686;
16.0377;
6.74471;
14.7001;
8.58959;
8.25676;
4.28596;
24.5284;
8.10368;
8.21138;
5.65569;
21.7905;
16.5181;
6.1636;
8.07116;
6.81668;
8.04189;
8.71591;
24.0538;
5.67471;
7.95143;
27.2642;
4.59784;
17.8876;
7.26355;
7.74777;
6.66175;
7.86985;
6.67871;
25.6095;
7.11146;
28.365;
6.2246;
23.9667;
4.81179;
23.1482;
25.4749;
8.19377;
21.377;
7.69421;
26.6836;
5.92352;
6.89499;
8.46105;
19.345;
6.78589;
6.93414;
22.1935;
5.20251;
6.37496;
19.5795;
8.60496;
27.2463;
7.43618;
24.5992;
3.39489;
22.5045;
3.86193;
5.58096;
6.31598;
4.82435;
8.88107;
8.30549;
19.207;
4.87002;
24.7814;
6.54525;
24.253;
8.90272;
24.0169;
4.96159;
24.0032;
4.93027;
5.88883;
8.9159;
25.4263;
8.88687;
17.8661;
9.77017;
5.5447;
5.29875;
10.559;
21.0188;
25.885;
6.79899;
22.3553;
7.92816;
4.64955;
8.65317;
27.3597;
5.66959;
6.46151;
8.82544;
5.71703;
7.9198;
9.62717;
8.16084;
25.6918;
4.78534;
5.96099;
16.788;
9.81317;
8.12319;
9.02872;
22.7044;
5.43343;
19.2156;
8.08944;
7.05741;
23.5422;
8.61622;
22.0682;
5.43312;
25.7106;
7.97071;
4.81164;
6.94188;
24.3298;
6.19146;
28.0805;
7.27046;
24.5267;
6.00136;
23.5531;
9.31195;
7.26183;
6.70991;
20.6628;
8.91819;
5.15016;
7.15181;
5.76145;
7.69339;
6.82236;
7.08891;
7.18889;
10.4607;
8.87831;
21.5129;
5.61659;
4.82289;
4.04251;
7.46642;
28.5303;
7.45511;
7.9735;
6.92364;
20.7715;
22.4383;
9.20423;
6.68918;
5.36255;
5.71934;
8.95835;
5.85695;
23.8859;
6.89993;
27.6944;
5.82808;
6.15213;
7.57673;
23.5227;
6.87074;
17.7626;
9.58828;
29.7424;
6.19115;
29.6796;
5.82452;
28.3843;
6.87825;
8.56769;
7.17314;
24.7715;
25.7661;
5.74933;
21.9348;
6.93144;
7.49497;
19.1649;
6.09061;
6.15644;
9.53594;
6.1511;
7.57833;
19.0297;
8.47904;
6.4035;
5.26075;
28.8116;
4.94703;
22.6224;
3.78491;
4.05703;
19.0234;
3.91781;
6.90857;
22.5479;
6.78867;
34.4817;
6.18815;
24.8812;
5.5761;
25.7108;
8.65584;
24.6329;
23.1292;
4.50601;
18.8675;
7.57567;
24.1338;
28.4151;
5.33427;
9.84433;
5.03556;
22.291;
19.9356;
8.01936;
30.7334;
8.86518;
2.74554;
27.8465;
8.03537;
20.0179;
7.96407;
6.72426;
9.86777;
26.0197;
7.9365;
27.0522;
8.2683;
24.4739;
18.665;
6.53084;
8.51797;
6.61596;
5.09146;
9.08079;
6.7084;
5.5689;
8.48273;
5.62615;
31.5501;
4.89205;
22.3311;
22.3684;
5.27926;
21.4718;
4.92174;
24.6001;
7.08659;
5.63997;
5.70675;
8.37559;
30.3009;
7.75608;
15.7626;
6.09193;
28.27;
5.86068;
27.96;
6.68961;
6.31694;
6.57533;
7.9479;
8.0599;
29.2368;
6.605;
7.61288;
6.60775;
7.01237;
4.7236;
7.65659;
7.70717;
4.24406;
6.65344;
26.9804;
4.62355;
5.49813;
19.3287;
8.77477;
6.38205;
7.2036;
23.8589;
5.58903;
10.738;
22.6422;
4.07401;
27.054;
7.50766;
29.0948;
5.36067;
19.0671;
7.11186;
6.5714;
7.72253;
10.5211;
27.5737;
19.8007;
8.35767;
7.65987;
7.6993;
6.62946;
8.89447;
6.13527;
4.69749;
5.05769;
7.37784;
5.38995;
6.41611;
7.94195;
7.93944;
23.4862;
6.95898;
3.84146;
24.4998;
7.07871;
26.5866;
33.2581;
5.65306;
6.7515;
5.99724;
4.62122;
6.48914;
7.42541;
7.92091;
3.59634;
5.55832;
5.82636;
6.2111;
5.92818;
3.62099;
8.69113;
24.8915;
8.40665;
28.4007;
26.6205;
29.8529;
6.98313;
23.9348;
2.62342;
27.5607;
5.01197;
31.7957;
21.1412;
7.74901;
21.4451;
6.5778;
5.27752;
5.28937;
7.76413;
2.91984;
29.0174;
5.48115;
9.33112;
6.17086;
7.55706;
26.1138;
5.41767;
8.93437;
6.67833;
27.1196;
23.2975;
8.31048;
22.2429;
6.62851;
24.8312;
7.42946;
28.7027;
27.8836;
6.43463;
6.55542;
20.5636;
6.29512;
25.3997;
26.2102;
7.92223;
6.19996;
7.06676;
5.25916;
26.6754;
7.60376;
19.2147;
8.8599;
5.91907;
8.58327;
5.82108;
30.5902;
5.6264;
5.28445;
6.73228;
7.69424;
7.84856;
26.2762;
5.94437;
17.889;
24.2189;
8.10941;
6.3941;
18.4769;
5.88928;
4.40535;
4.64376;
7.7885;
7.01788;
2.01502;
19.4926;
6.95306;
6.15968;
21.2177;
6.81986;
25.911;
5.31;
19.8412;
6.06049;
22.1042;
5.08792;
5.00893;
23.2382;
6.89232;
7.6533;
7.85736;
7.29597;
5.78855;
7.49583;
25.681;
6.2864;
9.03042;
23.9383;
7.4013;
9.16408;
4.18836;
2.69919;
9.53871;
6.49997;
23.8296;
4.24308;
29.5688;
5.5252;
25.9608;
6.96412;
4.95654;
26.6483;
5.87061;
6.21541;
7.64508;
6.87841;
9.04608;
6.25462;
24.9066;
5.27913;
7.71876;
4.14114;
21.7313;
7.19705;
28.5508;
6.70126;
4.79037;
6.24258;
3.98733;
22.2214;
8.01425;
26.2504;
7.93384;
25.5402;
6.46593;
25.1935;
8.34585;
24.599;
28.0186;
5.09256;
6.19266;
4.46729;
29.386;
8.89287;
22.9448;
5.92472;
22.0198;
6.57357;
26.4491;
8.03289;
4.57159;
4.23632;
27.6139;
5.40519;
6.28305;
29.5827;
7.64521;
5.79002;
19.0812;
7.48605;
16.5489;
5.99603;
21.0347;
7.13238;
5.58784;
9.7717;
20.4767;
24.8747;
20.3464;
25.5749;
6.58176;
7.3481;
7.58794;
23.9129;
6.23432;
30.591;
5.08696;
22.2852;
4.31415;
7.2458;
7.15936;
8.44678;
22.3914;
4.08497;
25.7189;
8.53943;
6.26964;
4.18702;
6.79907;
7.08702;
4.76365;
3.20386;
8.17054;
6.30394;
19.6772;
8.02621;
6.16213;
7.53628;
7.18602;
29.6294;
6.55558;
7.72904;
7.24505;
6.65011;
6.10689;
6.04022;
7.84444;
34.8041;
6.60493;
5.12365;
28.3219;
6.44465;
20.0979;
4.96096;
24.2198;
4.98342;
21.7245;
7.56498;
19.4144;
7.90014;
4.6185;
5.22166;
9.14598;
4.44261;
5.62178;
9.7646;
16.3219;
23.4546;
10.0917;
21.5578;
7.23063;
17.2111;
5.96454;
29.6899;
7.13178;
30.441;
5.55294;
20.306;
3.9668;
25.2967;
4.69252;
6.21611;
4.0908;
31.9982;
9.20743;
23.857;
5.8323;
19.4048;
8.97004;
19.9959;
7.10687;
19.7763;
6.98476;
21.9398;
8.85824;
25.2331;
5.66453;
5.01467;
8.14983;
3.93186;
29.6881;
7.3779;
8.21299;
28.416;
9.69133;
4.38496;
22.404;
6.63921;
6.45308;
7.25722;
5.19393;
8.17051;
6.83376;
5.98061;
25.86;
7.07807;
24.5765;
6.49248;
8.29614;
8.28018;
34.7999;
23.0935;
6.77617;
4.88403;
9.25907;
4.85693;
5.6828;
21.4384;
7.42441;
19.3633;
6.6739;
27.415;
23.0716;
6.05192;
23.4008;
6.90807;
3.93443;
5.19633;
4.44049;
4.18432;
3.9127;
5.29459;
4.76853;
27.0035;
4.1759;
18.3928;
7.0764;
7.82582;
5.81676;
29.4156;
3.37444;
22.1638;
6.27942;
20.8706;
4.9056;
4.0714;
5.04632;
5.64368;
6.30326;
7.15208;
7.80114;
3.51369;
25.2065;
7.46864;
7.68193;
6.77693;
6.58237;
7.38728;
23.1623;
5.83501;
27.168;
6.4873;
5.53025;
5.5533;
5.81837;
30.0373;
8.14388;
21.8268;
4.50201;
25.9524;
6.94188;
26.3423;
8.51836;
17.8403;
7.0589;
28.2215;
9.00548;
25.707;
4.43962;
5.24645;
6.2195;
28.6063;
6.04757;
25.7818;
6.13816;
26.9992;
6.99938;
20.4118;
6.40848;
6.28299;
7.42177;
27.303;
4.08752;
4.27577;
6.36721;
4.76202;
8.18053;
21.966;
21.9495;
5.71639;
18.7734;
4.53454;
24.8917;
4.70388;
6.11464;
25.8108;
7.27383;
24.5986;
7.88068;
6.06295;
23.0211;
7.08136;
22.5685;
6.02468;
6.55861;
29.6711;
4.47703;
4.63596;
6.50821;
8.47263;
5.25889;
2.68662;
22.262;
5.53127;
7.82229;
7.04973;
4.07894;
16.8955;
5.89219;
5.43112;
7.43516;
22.515;
8.00542;
24.6274;
5.86974;
7.91417;
4.50587;
26.7259;
6.14997;
18.2473;
2.88138;
3.98647;
25.3086;
6.643;
24.0644;
7.2722;
16.8661;
5.49632;
5.79457;
5.30862;
23.9962;
3.61154;
22.0683;
5.57168;
5.59138;
1.92859;
24.3292;
23.1677;
6.04418;
23.9582;
5.086;
19.3926;
4.46802;
23.9178;
25.3621;
6.8612;
5.21749;
6.50524;
5.6696;
6.1037;
5.82387;
8.06546;
22.1035;
7.39025;
24.6953;
7.96908;
23.9826;
22.3271;
4.22681;
6.24657;
25.0887;
6.58871;
6.50713;
3.37728;
8.51244;
5.53057;
28.7742;
7.93675;
21.3146;
6.17462;
21.5268;
6.62295;
6.67297;
18.3207;
7.38244;
7.99217;
6.25378;
6.22534;
23.5864;
6.02226;
7.4755;
4.55081;
6.90656;
8.20823;
5.86538;
10.4115;
5.85701;
3.5705;
7.07872;
25.3521;
4.6595;
22.1007;
4.52468;
4.25033;
6.47908;
6.44366;
7.69358;
24.232;
6.58521;
9.30793;
18.3564;
8.59514;
15.2572;
23.1681;
23.4879;
5.48878;
7.16951;
7.15969;
6.23648;
6.70423;
4.54169;
24.6828;
6.97405;
7.5364;
8.86512;
7.40446;
6.68056;
4.55308;
4.43649;
20.3847;
4.52005;
6.02405;
26.4091;
4.58416;
7.23526;
21.3021;
8.18372;
23.9495;
7.94019;
6.06403;
5.93105;
6.43843;
4.73684;
9.22385;
22.8775;
4.49625;
5.99095;
5.53845;
6.40636;
6.52371;
4.10147;
7.46739;
5.3965;
23.1968;
8.02064;
31.8432;
7.65786;
6.42126;
26.8531;
5.76264;
5.49476;
4.11229;
6.12095;
19.1632;
5.76876;
4.89306;
24.6678;
6.13192;
5.36786;
24.2252;
5.70397;
4.31404;
8.65056;
5.73204;
6.7201;
26.5537;
8.52969;
24.0132;
5.70678;
7.86109;
5.33723;
7.82987;
5.29181;
6.47705;
19.2836;
4.98742;
7.46349;
6.64168;
8.8002;
8.44758;
4.53491;
6.9264;
5.51469;
7.76045;
4.75762;
4.58243;
8.34597;
6.70212;
24.3788;
6.52691;
7.15042;
29.5585;
27.4555;
3.42847;
6.42311;
27.1915;
6.99365;
6.35358;
6.87531;
4.6445;
23.1864;
7.35115;
9.6688;
5.23934;
7.64548;
3.34694;
4.75791;
6.18462;
6.76881;
5.64632;
6.81794;
5.69503;
21.2934;
4.77364;
6.35455;
6.00877;
4.52953;
5.41246;
6.04914;
5.45276;
7.7771;
6.09872;
9.10336;
5.09032;
27.9239;
6.91675;
4.86714;
27.8408;
6.30341;
4.38761;
3.7881;
5.57374;
6.49091;
7.97465;
16.0293;
19.9153;
22.2232;
20.6754;
5.05538;
4.08722;
8.30951;
4.13297;
8.78422;
6.34033;
7.82871;
6.03964;
5.01477;
6.84316;
5.41735;
3.57442;
3.67117;
2.64914;
5.83182;
5.96979;
4.97649;
3.02615;
5.92164;
7.92031;
4.10641;
7.36688;
6.79596;
22.0333;
8.77674;
5.90174;
5.64952;
19.942;
4.75268;
6.28993;
32.3997;
6.34334;
6.61912;
5.6305;
7.46086;
5.36479;
7.1752;
5.93327;
5.94276;
7.92255;
7.08364;
25.4363;
6.69558;
5.19726;
5.97506;
7.35393;
21.13;
4.74454;
7.03879;
5.90961;
9.12295;
7.03391;
5.72133;
8.1376;
6.80677;
7.35894;
5.84996;
9.84552;
5.66098;
25.6416;
7.80198;
4.27311;
21.0158;
25.598;
20.3894;
5.87529;
5.24462;
4.63586;
6.01235;
18.5221;
5.14062;
7.67457;
6.54114;
25.9325;
6.35701;
6.25278;
5.9549;
21.2927;
5.68727;
6.05486;
9.19708;
4.47328;
7.12037;
18.2317;
7.59701;
6.78248;
4.66167;
6.02259;
8.11404;
8.39736;
3.23667;
5.50224;
6.81023;
7.50529;
3.74339;
4.46058;
3.23308;
21.1161;
6.27982;
5.56702;
21.076;
22.4676;
6.82104;
8.02927;
20.8301;
7.6954;
6.3165;
22.9079;
6.81128;
5.39211;
4.45114;
4.21325;
7.0563;
5.69887;
7.13633;
6.16675;
4.07401;
3.81486;
3.84499;
3.95042;
23.2702;
23.9424;
5.91316;
7.09492;
8.15934;
6.36908;
7.53306;
6.32393;
25.9513;
7.2525;
5.55216;
6.15901;
6.73258;
7.40572;
9.37556;
6.50506;
7.27284;
6.19077;
4.96822;
5.11794;
7.55203;
3.07365;
5.2543;
7.02129;
6.66544;
4.87603;
5.93609;
5.31862;
6.64317;
5.14664;
19.1437;
3.70924;
5.36794;
24.4873;
6.02463;
6.86199;
18.3795;
7.64503;
5.79029;
5.19541;
6.51868;
4.68186;
4.33043;
5.37841;
7.21664;
6.84615;
3.93742;
5.01716;
5.26247;
7.22051;
7.95056;
6.75616;
4.54973;
7.11136;
6.15249;
5.80667;
7.69643;
9.12663;
4.27158;
3.31184;
5.21068;
5.83195;
5.52281;
5.73511;
7.2414;
7.07494;
5.27997;
7.64529;
6.67059;
3.7571;
6.88831;
6.67579;
5.52772;
7.06106;
5.08173;
5.20564;
4.25341;
7.04121;
7.45146;
21.4627;
5.81902;
18.5437;
4.6324;
8.78394;
5.78344;
4.56367;
6.0776;
9.85903;
4.40648;
4.92208;
6.35121;
6.54572;
6.00275;
6.53931;
4.41187;
6.31799;
1.90056;
8.12209;
6.5275;
4.54438;
3.29824;
19.8275;
5.92644;
4.67799;
5.48518;
3.85269;
5.16643;
7.23872;
22.2063;
5.25362;
4.70096;
7.37497;
2.58838;
5.26367;
3.80619;
5.93701;
8.08864;
8.18692;
5.60477;
6.83949;
5.63587;
5.06084;
4.00324;
8.18226;
4.67085;
4.91356;
5.26653;
7.10014;
6.96012;
4.68008;
4.65887;
3.81864;
6.25923;
5.57297;
6.92146;
4.08707;
5.837;
8.00365;
5.69974;
6.9201;
4.57508;
6.08256;
3.49497;
5.61903;
2.89253;
2.99199;
5.07613;
8.31797;
5.52979;
4.15855;
2.93836;
6.18725;
4.89316;
5.14944;
5.15327;
6.05582;
6.08774;
4.29674;
6.55309;
6.42308;
6.92963;
4.92437;
8.19665;
5.39498;
5.6026;
5.60589;
3.98045;
5.09435;
6.66342;
5.38305;
8.1829;
3.3559;
5.42927;
4.2359;
5.23357;
19.0669;
4.55611;
5.26467;
4.68623;
6.83234;
3.02367;
5.52594;
3.22335;
5.36436;
5.74943;
5.41598;
4.63037;
7.74962;
5.66303;
5.13398;
4.9076;
5.17375;
3.3114;
6.69983;
6.97117;
5.07452;
4.97039;
4.17909;
4.45015;
3.00674;
4.64369;
6.13237;
5.23184;
4.20438;
3.71118;
4.39661;
4.60984;
4.90127;
5.85471;
5.5366;
4.6592;
6.03251;
5.43686;
5.00233;
6.30427;
5.40666;
3.64898;
2.51798;
4.79043;
17.4639;
8.67425;
4.50403;
6.01445;
5.90206;
9.32423;
6.55006;
4.91285;
6.47021;
5.14438;
5.58908;
6.35404;
4.85216;
7.51664;
17.5698;
4.68144;
4.84516;
4.99309;
5.36492;
5.61249;
5.23189;
8.22992;
6.88714;
3.44642;
5.48903;
5.65155;
5.01381;
4.95614;
3.71712;
4.17222;
3.22211;
6.88142;
8.89654;
5.35776;
6.76033;
5.7541;
4.80418;
5.97244;
4.86062;
6.0951;
7.45699;
29.1735;
18.1179;
6.01232;
4.9857;
6.70311;
3.03788;
2.39676;
6.70385;
2.73789;
6.81897;
6.95707;
6.7012;
6.98665;
5.11219;
4.46275;
4.8648;
8.26901;
5.14113;
6.83199;
4.68553;
5.46709;
3.62178;
4.27664;
6.73475;
18.083;
5.53716;
8.40384;
5.29086;
5.83389;
4.19966;
5.49589;
18.5575;
3.16144;
3.42459;
7.48813;
5.9449;
5.59879;
5.15484;
5.904;
4.44524;
5.66187;
4.50297;
5.79559;
4.2502;
4.38626;
5.88027;
6.13324;
4.83511;
5.72765;
5.86189;
7.0088;
5.90618;
5.87081;
6.03752;
6.948;
4.86036;
5.6954;
5.22373;
4.57444;
5.95857;
4.91319;
15.9939;
20.2942;
6.56466;
4.25852;
7.72933;
4.57554;
5.7084;
4.74705;
6.43726;
5.11724;
6.65412;
5.22355;
4.14885;
5.91262;
4.10484;
4.14759;
3.91969;
4.90063;
7.23927;
3.07027;
5.02431;
19.0934;
16.7558;
6.84273;
4.40038;
5.48969;
4.18577;
5.64289;
4.80506;
3.95245;
5.90264;
6.165;
7.83269;
4.80119;
5.01672;
5.63393;
3.81103;
4.182;
4.62064;
5.73305;
5.48946;
4.05844;
19.864;
4.586;
6.1248;
19.8104;
21.5674;
4.71691;
5.77598;
5.33882;
5.56555;
5.57556;
6.61377;
3.88316;
5.78153;
4.29619;
4.83354;
3.79396;
6.3587;
4.19889;
20.0513;
3.81094;
7.3596;
6.61322;
6.87736;
5.96736;
5.65176;
3.81593;
5.58806;
4.96881;
5.37115;
3.52557;
2.26257;
2.54938;
7.06977;
5.85855;
4.53286;
7.2608;
4.50171;
4.04889;
3.87935;
5.07964;
7.87687;
4.24025;
5.59356;
4.48836;
5.31471;
5.34483;
19.4528;
4.55894;
5.51733;
5.3207;
5.42414;
4.23714;
6.52843;
5.98359;
8.12116;
5.99109;
4.04581;
5.51458;
5.54233;
5.49321;
5.41702;
4.50483;
4.12125;
16.2976;
7.16334;
4.66495;
5.09773;
7.23186;
5.56124;
3.52307;
4.93924;
8.40206;
5.61412;
3.71503;
9.19499;
2.88095;
8.68533;
6.33872;
5.93308;
6.00488;
5.44059;
9.92841;
6.77048;
3.16197;
2.85019;
5.22749;
12.0024;
5.89394;
4.57656;
7.32212;
5.29758;
5.39825;
4.98147;
5.50599;
6.32559;
4.86399;
5.00782;
4.08571;
6.0504;
6.01756;
4.3807;
5.96419;
21.0861;
4.9909;
5.70975;
6.76102;
5.3651;
4.53987;
3.72753;
5.48328;
5.72145;
4.46562;
5.30244;
6.90745;
5.72158;
19.4215;
6.01017;
4.56402;
5.57244;
3.07801;
5.57614;
5.1162;
4.55422;
19.0925;
3.65208;
4.41221;
3.98454;
3.1151;
22.1721;
4.15231;
18.2633;
2.33872;
5.19422;
5.68761;
5.04092;
5.60671;
4.64724;
5.67448;
6.25178;
4.04922;
5.60309;
2.50471;
6.00615;
4.8143;
4.14405;
6.3806;
6.42387;
3.62607;
5.47176;
5.01783;
4.45461;
1.18053;
7.16644;
4.48699;
4.62774;
3.41038;
21.624;
5.08032;
4.89757;
4.19408;
3.64395;
2.86437;
7.79413;
4.29203;
4.54589;
6.37751;
7.69962;
6.88316;
7.60985;
3.58682;
4.96604;
3.83868;
5.96591;
5.172;
3.96322;
4.64019;
2.76277;
18.384;
7.17373;
4.40089;
7.54908;
5.09069;
5.85768;
7.3302;
4.86437;
3.50133;
5.895;
20.1865;
5.71129;
3.60622;
5.05107;
3.56657;
4.39985;
5.16002;
3.94083;
4.57282;
4.85168;
6.92134;
3.54143;
6.13735;
4.47005;
5.05734;
4.50714;
4.00773;
3.81622;
6.15166;
4.56107;
5.86591;
7.22376;
2.89609;
18.9405;
5.44069;
4.66973;
5.24784;
4.24672;
4.2247;
6.62677;
5.99162;
5.67774;
5.36119;
4.40319;
2.92651;
5.43511;
5.58733;
5.26346;
6.5299;
4.34024;
5.4697;
5.14139;
4.63222;
4.44126;
3.02942;
5.12682;
4.5607;
5.62691;
5.79435;
5.94813;
5.09468;
4.44872;
3.8455;
26.34;
5.18127;
1.76315;
3.89476;
4.11199;
5.27255;
5.4851;
6.3291;
5.3276;
5.72617;
5.64343;
5.43793;
5.97603;
5.22842;
5.71644;
3.52276;
6.37571;
6.15822;
4.54156;
3.9492;
4.04026;
6.20922;
3.86496;
3.67605;
6.62758;
5.43367;
4.12905;
3.61519;
5.29081;
5.25991;
3.40755;
4.23341;
5.34969;
5.62234;
5.0689;
5.46653;
16.1853;
5.64558;
3.30226;
3.76396;
4.93257;
5.36858;
6.03933;
4.39885;
2.89731;
4.95465;
7.93744;
5.97778;
4.91407;
5.01514;
6.40064;
5.66296;
4.42158;
4.37218;
3.92888;
5.72365;
5.96914;
4.92285;
4.99212;
3.89647;
6.7584;
22.8236;
4.29778;
5.41742;
5.54156;
6.65137;
6.484;
3.13453;
6.24956;
4.75712;
7.38592;
3.61128;
6.49843;
4.37618;
3.48629;
7.05536;
4.51792;
4.92051;
3.48225;
8.04279;
7.44729;
3.32936;
4.47645;
5.27513;
4.22532;
3.53736;
5.25786;
3.69891;
4.98632;
4.60327;
4.82247;
2.82256;
5.32036;
4.50529;
4.52957;
4.02383;
5.60978;
2.71229;
7.80515;
4.82783;
4.03329;
5.00283;
3.74561;
17.9235;
5.15487;
4.54531;
3.07872;
2.43211;
5.32521;
4.91723;
4.30612;
6.2451;
4.35788;
5.52696;
6.34732;
4.12528;
25.795;
5.26832;
3.1024;
6.3011;
6.7739;
3.11733;
3.41868;
5.7484;
6.48304;
6.27057;
4.94466;
4.70676;
4.39672;
3.98824;
5.80315;
4.57077;
3.11543;
3.0238;
5.04613;
4.72188;
16.2864;
5.03846;
3.85368;
2.49085;
5.23098;
4.03035;
3.99293;
6.46854;
6.63246;
5.77027;
4.23867;
3.98042;
3.75946;
20.3292;
18.1678;
5.60654;
4.75374;
3.38669;
5.38124;
6.6266;
5.47558;
6.10116;
4.86694;
6.65223;
5.40862;
6.19488;
2.92906;
5.21451;
5.69604;
19.3019;
3.58965;
5.28315;
5.23863;
3.00297;
6.2652;
5.05011;
3.37452;
3.7074;
4.80514;
3.97989;
6.88445;
2.95984;
4.61232;
4.88269;
4.37648;
4.89371;
4.38192;
3.80353;
3.4131;
5.93574;
17.6731;
16.1835;
3.87132;
7.37525;
5.97562;
3.67081;
4.71541;
3.63458;
3.92423;
2.78648;
4.06607;
3.91644;
4.28046;
8.0267;
6.93975;
2.65814;
5.32321;
4.21767;
3.95266;
3.45419;
4.49009;
4.77694;
3.68399;
2.9122;
4.94928;
6.25668;
5.13793;
5.73142;
5.56456;
12.1994;
5.2209;
6.1349;
4.12297;
3.80519;
5.24475;
5.36512;
6.23507;
3.80352;
3.45723;
1.67221;
3.6325;
6.65537;
5.51677;
13.7974;
6.22216;
3.83081;
6.24568;
3.67682;
3.73275;
4.44308;
5.06475;
4.48201;
5.11709;
4.39602;
4.50576;
2.7401;
2.55097;
2.74704;
4.8878;
2.94097;
5.29875;
2.00314;
5.33006;
4.92016;
4.16978;
2.73467;
4.16735;
4.93745;
6.04491;
3.82435;
4.71437;
5.75532;
4.28196;
5.27693;
5.99919;
5.39778;
4.31115;
6.20464;
2.8089;
4.35133;
2.24496;
3.47631;
4.3626;
19.7137;
5.68361;
5.67653;
4.70134;
3.8993;
4.81568;
3.83811;
4.43164;
4.02482;
4.30079;
4.92916;
13.4418;
4.37647;
5.02374;
5.32528;
6.53672;
2.48011;
3.76539;
3.00498;
6.09682;
4.44338;
2.8373;
4.81008;
2.49565;
5.00948;
14.622;
15.9131;
6.47721;
5.24474;
5.44802;
6.05182;
3.81046;
2.55006;
4.5531;
3.584;
6.0095;
3.33621;
4.1001;
4.1967;
3.41648;
4.64601;
4.46054;
4.37425;
4.18506;
12.2421;
3.73601;
3.37465;
3.8729;
7.09976;
4.54387;
4.14168;
4.11493;
7.1293;
3.97909;
4.0452;
2.6525;
3.47287;
5.48424;
5.3416;
4.09983;
5.23784;
4.24553;
5.38561;
3.07371;
13.8874;
5.58409;
4.16284;
4.60652;
3.94597;
3.19161;
3.10409;
4.80965;
4.67989;
6.06591;
2.12972;
3.87171;
4.38357;
4.62041;
2.15907;
4.38827;
7.71547;
5.33552;
4.27352;
6.46863;
5.50539;
4.14796;
6.90867;
5.42472;
20.1401;
4.85571;
3.94739;
5.65702;
4.776;
4.6046;
3.31325;
2.75597;
2.39813;
5.94188;
4.16317;
3.94295;
3.91455;
5.20877;
15.4244;
6.02479;
5.2319;
4.74283;
4.30196;
4.46382;
4.04133;
2.75894;
4.07287;
6.05684;
4.98911;
2.44153;
2.09542;
5.49305;
16.3644;
14.0254;
4.47092;
5.36605;
5.0567;
4.49947;
5.57344;
4.70442;
5.24519;
4.46797;
4.14441;
5.22976;
4.98706;
15.1104;
4.46959;
4.08728;
4.57693;
5.62353;
5.98604;
4.16237;
4.18128;
5.76042;
4.23395;
4.41241;
3.94668;
6.52498;
4.28221;
5.27576;
2.21364;
4.02904;
3.42626;
4.46541;
3.25082;
21.2864;
5.34124;
5.95055;
5.59846;
3.13892;
4.60734;
3.51516;
5.25885;
3.94553;
5.83769;
2.81585;
3.85974;
3.45749;
4.86166;
5.97984;
3.05956;
4.03779;
4.94758;
3.76401;
6.35826;
4.60352;
14.2292;
4.14256;
2.24362;
5.22601;
3.13692;
3.51305;
4.08604;
4.69791;
6.87464;
3.13484;
3.07092;
4.57163;
3.06276;
4.17421;
5.69484;
3.89111;
5.54716;
3.84781;
4.84865;
5.31942;
3.46356;
4.91966;
3.70272;
3.5911;
5.17336;
5.86019;
4.09369;
3.50024;
5.03366;
2.86184;
21.6833;
17.8198;
2.49533;
2.18362;
3.45307;
4.46847;
4.00242;
4.41788;
4.37288;
3.69832;
2.83885;
4.96107;
6.20958;
4.38075;
4.2611;
3.24222;
4.76286;
2.25495;
5.59289;
5.94635;
3.74785;
2.31552;
5.28036;
3.51159;
4.409;
5.31126;
1.62699;
5.79212;
2.77416;
5.79219;
5.48521;
4.84709;
4.55806;
1.94183;
3.42745;
4.99161;
3.74719;
4.27896;
3.70456;
2.82557;
13.6631;
17.7146;
5.96758;
5.1076;
2.28646;
4.16071;
4.6764;
3.45681;
4.22764;
3.4614;
3.82007;
4.11907;
4.3296;
3.02082;
3.23513;
2.41552;
3.73448;
3.24132;
5.55063;
3.80935;
3.20118;
6.31173;
4.6578;
3.52832;
4.08542;
5.49365;
3.53468;
2.90308;
3.38809;
15.2418;
3.48019;
4.77148;
3.84337;
1.84146;
3.32227;
3.12488;
5.14058;
4.42566;
5.31169;
5.28472;
4.2129;
4.84179;
1.98318;
5.06497;
2.6086;
5.96807;
3.93875;
3.80992;
5.42415;
4.31722;
3.43112;
5.76615;
4.54524;
3.91739;
15.1751;
2.6808;
4.54418;
5.02084;
6.24877;
4.36303;
4.34412;
4.63031;
6.47817;
4.2785;
4.54903;
6.35515;
5.17396;
5.69993;
4.21594;
5.12025;
2.39409;
4.00595;
4.69254;
5.69583;
5.43326;
6.71054;
5.77162;
2.71782;
4.16546;
5.25877;
3.41297;
3.84497;
5.14517;
3.80375;
5.28142;
5.11068;
17.3502;
4.21128;
1.93673;
5.84269;
4.35984;
4.25012;
2.56605;
3.77186;
3.83274;
5.1145;
6.77101;
16.7468;
4.72989;
4.23789;
16.3573;
5.24556;
4.01488;
4.44058;
3.36338;
3.23445;
2.69948;
2.8778;
4.41905;
4.23475;
2.83127;
2.72493;
4.68226;
3.31565;
3.51892;
4.79596;
4.74852;
3.63412;
1.96985;
4.6358;
3.56442;
5.04279;
4.90473;
2.99336;
15.3944;
4.89654;
4.38891;
3.02778;
5.2387;
2.73557;
2.85456;
2.60087;
2.93265;
3.23194;
4.53619;
3.43405;
4.69064;
15.609;
1.32416;
11.8013;
17.3633;
17.6613;
4.22039;
3.39606;
2.89611;
4.72352;
2.4666;
3.63411;
2.7207;
3.73768;
4.70328;
2.50203;
3.90521;
4.44492;
3.77134;
16.01;
3.96014;
1.74336;
4.13657;
5.55223;
3.74634;
2.20236;
2.72254;
3.62077;
3.33973;
4.2827;
5.10311;
4.1637;
2.98255;
4.57066;
1.09339;
17.9721;
3.97353;
2.79534;
5.20551;
2.86899;
3.48968;
4.65775;
3.72029;
3.36127;
2.28201;
2.53389;
1.40095;
2.4325;
4.79458;
3.82993;
3.22258;
3.23022;
4.54558;
3.37674;
3.43359;
2.36753;
3.09806;
3.47666;
4.28095;
1.86331;
2.66634;
2.64543;
2.48334;
2.40533;
3.25734;
4.35083;
3.8634;
4.06727;
18.2248;
2.52835;
3.97041;
3.58929;
3.83546;
4.11852;
3.87161;
2.43668;
3.46486;
4.83309;
3.68929;
2.72412;
4.77508;
4.10798;
2.81408;
16.2011;
2.25576;
3.28782;
4.68817;
3.79818;
4.76159;
4.90534;
3.70649;
4.18673;
4.02316;
1.11099;
4.67839;
5.19744;
5.61086;
4.28367;
3.55029;
2.83378;
4.78669;
4.07368;
3.69114;
3.79702;
3.7505;
2.04887;
6.17008;
3.10849;
3.45594;
5.15503;
4.2293;
3.64896;
4.56187;
4.38262;
5.14107;
4.9756;
4.89055;
4.19393;
2.65935;
1.58803;
4.95778;
2.81844;
7.30941;
4.83927;
5.68934;
14.7597;
5.47239;
2.71727;
4.42493;
4.65035;
3.70621;
3.32229;
2.76003;
4.78264;
3.26306;
3.76157;
1.15636;
4.2763;
4.38092;
5.51744;
5.02435;
2.35521;
3.77126;
6.23505;
2.25895;
1.63802;
3.12291;
14.7822;
4.49838;
3.54028;
2.34595;
2.67022;
3.9604;
2.61501;
3.61364;
3.05514;
3.90173;
3.3776;
4.53119;
2.46964;
1.90181;
5.24498;
3.81117;
2.68978;
5.36832;
2.49039;
3.59973;
2.96289;
3.57301;
3.86026;
3.17622;
5.43241;
5.3013;
3.12815;
14.0137;
3.77757;
2.5567;
2.47414;
6.16897;
3.57445;
2.69958;
5.91329;
2.23841;
6.73274;
3.41311;
3.78287;
2.8354;
19.5088;
3.72814;
4.4968;
3.8341;
3.11688;
4.21103;
5.02116;
2.2338;
4.69999;
4.40601;
4.52889;
2.0643;
4.57272;
3.98665;
3.0291;
2.17423;
3.5328;
3.53802;
2.75996;
1.86733;
3.95726;
3.49108;
4.21706;
3.13397;
3.2724;
3.68573;
3.86626;
3.24218;
17.8703;
5.29976;
2.149;
4.53407;
2.38851;
3.10785;
4.16033;
4.03377;
4.92732;
4.66586;
2.29797;
3.7556;
3.5718;
4.40806;
3.81338;
3.78358;
4.2786;
3.81482;
3.1419;
2.49097;
4.10693;
2.26158;
4.21926;
2.77405;
4.82975;
3.08837;
2.74095;
14.2759;
4.13086;
2.89261;
2.41539;
2.89646;
3.22341;
2.73269;
2.53307;
3.73572;
5.06789;
3.20799;
3.63901;
3.88693;
2.58979;
4.04379;
5.6295;
2.86465;
2.69504;
3.03885;
3.10993;
5.16738;
3.23808;
4.65043;
5.90658;
6.13426;
2.68354;
4.55858;
4.85674;
3.94541;
4.65154;
2.68588;
2.64857;
3.02336;
12.1063;
3.58429;
2.56838;
3.46303;
2.53416;
3.60697;
4.03703;
4.12186;
2.49281;
2.51464;
2.01222;
3.00655;
2.55027;
3.79827;
4.00872;
2.91915;
4.48953;
5.24636;
2.71373;
3.9591;
4.3182;
3.82061;
3.13737;
4.89163;
3.99911;
2.15718;
3.18551;
3.91682;
2.58366;
4.82524;
2.99799;
4.70411;
3.55979;
2.55936;
5.75373;
2.72879;
4.7564;
2.60793;
4.37976;
5.31985;
4.66555;
2.68284;
4.47777;
3.5442;
17.7575;
3.67009;
2.40102;
3.28755;
3.80316;
1.77943;
4.46852;
3.98335;
3.35213;
2.12993;
3.53198;
4.38472;
3.09878;
4.06472;
2.85154;
4.26915;
4.52292;
3.94036;
2.98572;
3.66322;
4.67058;
3.51238;
3.12383;
3.53765;
3.69132;
4.6676;
4.0774;
4.18919;
6.80626;
4.2034;
5.6828;
3.90915;
6.38079;
2.08945;
1.88483;
3.06301;
4.58276;
1.57683;
13.2273;
16.195;
1.22028;
4.27212;
2.29035;
3.85391;
2.58694;
14.3495;
3.43191;
3.2258;
5.92546;
4.05589;
3.07687;
3.13401;
2.13555;
6.54649;
4.41106;
3.36723;
3.35818;
4.18259;
4.01829;
3.18767;
2.82804;
2.47061;
13.2076;
2.1273;
3.99081;
3.94894;
3.32038;
3.76655;
1.67062;
2.87051;
2.37395;
4.1659;
3.34575;
3.15445;
4.96199;
3.67072;
3.32353;
1.63753;
2.70449;
1.71077;
4.84742;
4.04992;
4.53424;
4.54865;
1.95671;
13.7484;
2.52084;
1.78792;
2.71886;
2.33583;
1.76737;
2.48041;
4.18514;
2.42981;
2.49866;
4.62679;
3.3917;
3.17194;
4.12016;
2.96569;
3.59841;
2.8577;
3.78102;
2.80539;
2.88557;
2.96876;
3.77166;
1.44353;
14.2144;
17.4552;
4.99741;
3.36656;
4.90039;
3.39967;
4.19794;
3.13087;
12.6002;
2.59015;
5.50905;
3.03774;
3.60862;
2.68204;
3.56408;
2.31137;
2.68708;
2.83302;
3.64415;
2.3323;
16.3302;
2.85327;
2.25562;
2.81605;
3.99203;
3.87846;
2.43699;
12.7085;
2.55202;
3.12392;
2.7817;
2.72682;
3.15711;
3.56582;
4.17779;
4.42088;
3.31514;
3.1412;
4.35245;
4.09861;
3.47746;
2.00373;
4.98385;
2.27551;
3.33797;
3.36968;
2.99287;
4.27254;
2.79507;
2.87184;
1.99514;
1.95304;
2.47683;
3.82552;
3.46613;
3.6636;
2.56792;
4.16164;
3.76672;
4.5681;
4.60368;
3.72005;
3.05073;
1.93604;
5.00108;
3.44472;
3.62002;
4.43438;
3.9219;
2.61761;
2.55534;
4.97849;
2.48577;
2.75791;
2.45879;
2.88165;
4.15918;
4.19642;
3.46373;
3.57367;
3.75639;
2.65837;
12.8413;
14.7935;
2.9117;
2.42458;
2.96498;
3.63324;
3.40725;
2.08328;
4.55188;
4.86631;
3.50182;
3.06538;
3.698;
3.83237;
1.52336;
3.81473;
1.80139;
3.35935;
4.63835;
3.25361;
3.15287;
3.04184;
3.13412;
2.61335;
2.76655;
3.94514;
4.76043;
2.24198;
4.09088;
3.08416;
2.71617;
2.62366;
4.94871;
3.5014;
2.29293;
2.98862;
2.74558;
2.64639;
3.35053;
5.1964;
2.20903;
2.427;
3.95341;
2.50445;
1.40633;
2.37665;
12.5994;
3.49574;
2.14609;
1.82209;
2.60106;
5.19618;
5.65192;
4.56624;
3.96491;
2.11516;
2.63268;
2.13197;
1.56935;
5.42052;
3.50519;
2.1984;
4.34945;
2.82001;
3.019;
2.18369;
16.3562;
3.74089;
2.26915;
2.43286;
2.58966;
3.90268;
4.52732;
3.74384;
2.92414;
3.01972;
2.41376;
4.38828;
2.85305;
3.52769;
3.10978;
1.90841;
1.55904;
1.5651;
1.56789;
1.40684;
3.73297;
3.31118;
3.95232;
2.80327;
1.68666;
2.05328;
3.48689;
2.63195;
14.7697;
16.2723;
3.30329;
2.77171;
3.70359;
3.20404;
4.5054;
3.45398;
3.61291;
1.65976;
3.72365;
1.94119;
2.80618;
2.30727;
2.84464;
2.13829;
1.82581;
3.65966;
2.32319;
3.71374;
2.75678;
3.86852;
0.620585;
2.92241;
1.94906;
3.9061;
2.70383;
2.70575;
4.19971;
4.39485;
3.47769;
3.39197;
3.8091;
2.18459;
1.56773;
3.02646;
16.5047;
1.81052;
2.36287;
3.122;
16.7487;
2.46537;
3.17203;
2.78188;
3.31733;
1.80598;
2.3216;
14.1625;
2.84366;
5.44841;
1.96109;
4.72466;
2.98567;
3.57078;
2.31365;
20.2149;
1.69468;
2.08152;
5.36535;
3.49741;
3.17068;
4.12824;
0.255406;
2.20589;
5.55263;
3.50905;
4.3603;
12.6186;
2.10762;
3.20656;
1.63655;
1.89079;
3.54748;
1.87472;
2.94566;
1.93115;
3.82456;
3.73607;
4.95938;
3.03929;
2.68039;
3.06572;
10.4435;
2.34657;
2.62491;
2.03431;
3.06515;
3.82741;
3.05006;
3.62777;
2.15342;
2.59008;
3.061;
3.61252;
1.27298;
2.84302;
4.35412;
2.02972;
13.1907;
2.4646;
3.02186;
3.00306;
2.98224;
3.3244;
2.00767;
2.78283;
2.36623;
3.31915;
2.27928;
0.908359;
2.51815;
3.31941;
4.77862;
16.458;
6.0348;
3.70023;
2.87752;
4.61356;
3.47422;
3.2403;
1.59072;
3.33045;
3.257;
2.79082;
4.14129;
1.11093;
2.44279;
3.91512;
4.7819;
4.14082;
2.81742;
3.27194;
1.91836;
2.00178;
0.902702;
2.70815;
3.00842;
1.85748;
3.31899;
2.79452;
4.721;
3.03314;
1.87317;
3.72841;
4.50949;
1.66599;
2.45619;
1.31387;
3.41052;
4.03658;
2.7312;
3.17127;
1.81239;
4.46521;
2.41237;
3.35439;
14.5216;
1.7518;
4.96771;
4.02398;
2.66822;
2.71508;
5.12429;
3.65956;
2.66472;
4.09777;
4.11698;
3.51279;
4.14068;
2.37928;
3.90454;
3.97321;
1.57304;
3.37524;
1.71411;
5.01057;
1.95689;
1.38931;
4.23953;
2.35246;
2.33503;
3.50288;
3.81196;
4.20965;
3.61612;
2.88998;
3.36162;
14.7347;
1.76764;
3.5094;
5.53862;
3.37185;
1.20845;
1.94292;
11.5195;
4.0337;
3.87861;
3.45542;
2.78432;
3.35027;
2.26642;
2.65142;
3.70258;
2.85304;
2.11909;
2.22118;
3.14508;
2.8522;
2.5397;
14.1999;
2.64792;
2.99359;
1.92177;
0.665219;
1.91297;
1.89393;
3.3272;
2.71761;
0.798643;
1.25371;
0.830001;
4.48436;
1.56947;
2.79765;
4.58149;
2.53132;
2.66249;
2.13945;
1.95565;
14.2217;
2.94016;
3.68893;
3.24426;
3.28278;
1.85461;
2.31396;
2.8715;
1.80417;
3.50485;
4.31781;
0.387727;
2.3226;
3.43059;
3.82547;
3.3545;
3.62157;
16.8809;
2.80456;
3.96797;
4.591;
2.15939;
2.38687;
2.61568;
2.36553;
5.12601;
1.44432;
2.98227;
3.01445;
2.88798;
2.45143;
3.87008;
2.61032;
2.85705;
1.96707;
2.64972;
3.76085;
2.7932;
2.94477;
12.9612;
2.91557;
3.63685;
3.54803;
4.56683;
1.4331;
1.01537;
3.18056;
3.27175;
3.77065;
16.0934;
2.88914;
3.77579;
2.50092;
3.26525;
2.73154;
3.17187;
4.12418;
1.73195;
3.37014;
2.88998;
3.43484;
2.11552;
4.23319;
3.12451;
2.68617;
3.06964;
3.58765;
12.5405;
2.25401;
1.66696;
2.99461;
4.07291;
1.08918;
2.87501;
1.58525;
1.87609;
3.99132;
3.34823;
2.76747;
2.61578;
2.12138;
3.12575;
3.07093;
2.87929;
2.33793;
1.60317;
3.19954;
3.31483;
2.80386;
1.56842;
2.96561;
4.41651;
1.93779;
2.48607;
2.71594;
3.57684;
2.42935;
3.09054;
3.95135;
4.2413;
3.47367;
2.34626;
2.4711;
3.45337;
17.0906;
2.71767;
4.55975;
2.8292;
1.43511;
2.48716;
2.03914;
2.48523;
3.10956;
4.26813;
0.692423;
3.18657;
3.79938;
2.37824;
2.78302;
3.7045;
4.391;
2.96092;
3.81435;
3.62189;
2.923;
2.61504;
2.38583;
3.22816;
2.25726;
2.63279;
2.97559;
2.60067;
2.88345;
2.23552;
3.80047;
2.73492;
2.79799;
2.54369;
11.9724;
2.71397;
3.05395;
1.56502;
1.82933;
2.66031;
2.1092;
1.89903;
1.46649;
2.37471;
1.0253;
2.31261;
3.23141;
2.26451;
2.66479;
3.01195;
16.4111;
2.00013;
2.60477;
1.44242;
2.21832;
2.36025;
2.30351;
4.48291;
2.04704;
4.30008;
2.8157;
4.15556;
2.24684;
3.02574;
2.40367;
12.7514;
2.22792;
2.91944;
2.09201;
3.916;
3.57182;
3.13988;
3.48439;
1.8472;
2.21606;
2.65053;
4.04618;
5.01445;
2.37244;
2.19908;
2.27529;
4.31139;
2.55118;
2.93263;
4.49669;
2.61223;
2.7352;
1.57491;
2.53332;
3.04502;
2.94637;
1.86758;
4.5353;
2.30939;
1.3237;
2.15639;
3.12253;
2.09414;
1.90185;
2.37941;
2.07149;
3.01807;
3.51092;
3.10867;
4.27883;
3.92442;
2.55955;
2.20838;
2.3851;
12.6289;
3.18979;
2.70629;
3.48302;
2.78384;
2.39638;
1.81403;
2.96567;
4.06236;
2.37273;
3.09544;
2.15832;
3.61707;
3.77722;
2.4987;
2.63419;
2.54687;
1.13427;
1.82828;
2.07132;
2.98887;
1.771;
13.7202;
3.5027;
2.49716;
1.76908;
1.16475;
3.80111;
2.33622;
3.6668;
5.87583;
3.19968;
2.42589;
3.10101;
2.68386;
2.43787;
2.38058;
3.27461;
1.80143;
3.31516;
1.7176;
2.86658;
2.56928;
2.15574;
15.1739;
3.06186;
3.00674;
1.24347;
3.11716;
1.68114;
1.72826;
2.72121;
2.38881;
4.05921;
0.509565;
17.0645;
2.09566;
1.70892;
3.04498;
1.79899;
4.52032;
2.3329;
3.85117;
2.471;
2.55284;
1.44136;
1.93465;
1.75203;
2.08207;
2.93711;
3.04635;
3.93556;
2.55633;
2.65832;
3.75736;
2.42194;
2.97076;
1.00635;
4.09849;
1.35718;
2.71249;
2.96201;
3.50664;
3.02231;
4.48148;
2.00377;
2.11146;
1.85416;
2.96699;
2.3972;
2.32487;
2.37024;
2.5946;
2.49943;
2.22567;
3.14953;
2.37141;
2.88723;
3.16035;
1.27225;
4.78451;
3.32648;
2.74878;
3.65141;
3.52846;
5.22493;
2.67175;
2.85805;
2.34698;
2.487;
12.3608;
1.56494;
2.80746;
2.69853;
3.17495;
2.1876;
2.10007;
2.19817;
3.05638;
3.12247;
3.82126;
3.31619;
3.32257;
2.80574;
2.52128;
2.29693;
2.0442;
2.46022;
3.06361;
2.5478;
12.9499;
4.83984;
1.37184;
2.56725;
3.0841;
2.16363;
3.21367;
3.65391;
1.19877;
3.4747;
4.61413;
2.74869;
2.202;
3.60853;
3.49359;
1.13809;
3.71743;
2.65034;
1.38512;
4.28892;
1.64239;
2.60377;
12.6786;
2.50827;
2.48688;
2.38583;
1.99664;
2.40948;
1.63669;
3.08836;
3.76386;
1.44615;
2.33059;
2.79816;
2.51473;
2.88378;
1.56351;
1.28434;
2.49872;
3.2313;
3.16848;
1.64467;
2.44642;
2.02454;
1.70799;
2.34086;
3.65467;
2.11189;
3.09054;
2.59417;
2.39907;
2.92393;
3.55628;
1.23483;
3.35225;
2.36601;
2.78923;
4.11447;
3.39716;
4.10776;
3.7084;
1.3481;
2.02843;
1.34741;
11.3115;
3.38789;
1.86329;
2.36664;
1.93465;
2.8025;
2.47596;
3.1103;
1.69149;
3.11564;
2.39171;
2.79981;
3.16626;
3.13478;
4.01045;
14.2287;
3.04823;
3.27834;
1.85848;
2.54224;
3.21822;
3.48323;
1.6882;
2.62738;
3.82619;
2.2678;
2.83593;
1.26434;
3.82214;
2.13165;
3.43308;
4.36299;
3.2239;
2.33006;
2.08226;
3.8496;
1.76559;
1.88316;
2.82112;
1.44891;
1.45439;
3.88985;
1.2662;
1.1633;
2.71747;
3.49586;
3.01041;
3.51736;
3.9115;
2.80043;
2.83468;
11.6511;
12.7269;
14.1349;
0.735008;
3.26619;
3.06082;
3.38156;
2.59865;
3.10965;
1.06523;
2.09427;
2.45511;
3.34011;
3.69198;
1.92759;
1.79658;
2.59807;
1.21444;
2.44053;
2.88038;
3.16645;
1.45261;
1.10311;
1.25147;
2.4996;
2.88035;
2.04094;
2.35511;
3.10277;
1.56429;
2.95;
15.8185;
1.9804;
2.87482;
3.03573;
3.78571;
0.870085;
4.8291;
2.3322;
3.96335;
2.07662;
3.51709;
2.47171;
1.14612;
3.54831;
1.90272;
12.1583;
1.84011;
2.57089;
2.59875;
4.28175;
4.56935;
1.97485;
1.03388;
2.14803;
1.50375;
2.79794;
0.192535;
2.92997;
11.8419;
1.20664;
4.07678;
2.0187;
3.87045;
2.47842;
2.35821;
1.94059;
3.73513;
1.30098;
1.29794;
3.16919;
2.43059;
2.92502;
3.41852;
3.41661;
3.12847;
2.96239;
2.09869;
1.64868;
3.47073;
0.552926;
3.13316;
1.81662;
1.87031;
1.20619;
2.73921;
2.03953;
1.91048;
3.54325;
1.99642;
3.02575;
1.64883;
1.59431;
12.5149;
3.45659;
0.796405;
2.37042;
2.11803;
2.39724;
4.35218;
2.53938;
2.55653;
2.31011;
2.61468;
2.71582;
3.00893;
1.88615;
2.62282;
2.53202;
2.02702;
14.7061;
1.04951;
3.33556;
2.42428;
1.06365;
2.937;
1.80091;
2.33417;
3.83527;
2.54249;
2.10934;
3.13661;
13.6133;
0.62861;
2.65567;
1.89862;
3.21223;
2.26736;
1.85604;
3.07036;
3.52892;
3.85374;
1.73405;
2.63805;
3.2044;
1.6197;
2.42183;
3.20518;
1.93412;
0.918839;
3.3038;
3.15655;
1.98483;
3.02869;
2.19195;
0.411871;
3.31591;
4.14449;
5.39938;
2.04185;
2.78789;
1.64864;
13.7969;
2.46426;
3.35436;
2.15414;
3.25539;
2.24767;
3.7249;
3.42955;
1.91547;
1.18201;
3.46408;
3.12045;
2.17412;
0.857394;
1.0669;
3.43437;
10.6191;
1.85553;
2.7209;
2.39993;
1.21058;
2.47571;
2.58947;
1.92884;
1.09803;
3.56753;
1.81675;
1.56496;
2.60108;
2.90257;
2.05674;
4.40786;
2.49605;
2.24219;
1.91206;
1.24921;
2.39792;
2.09063;
2.22854;
2.00228;
0.806728;
2.72429;
2.32937;
1.27993;
2.40254;
0.887706;
11.8367;
4.83874;
1.80566;
2.85074;
3.4248;
3.64156;
1.36518;
2.25978;
1.95057;
2.61531;
1.57937;
2.49472;
1.35615;
13.9686;
1.30071;
3.35978;
2.36406;
2.69892;
4.04527;
1.87734;
2.74962;
2.42697;
1.499;
2.37971;
0.831141;
2.7607;
3.90234;
3.23454;
1.16522;
1.50498;
1.75618;
1.34986;
3.53433;
1.96831;
1.20254;
2.36008;
2.52756;
4.10849;
2.14279;
2.38183;
1.69488;
0.928919;
15.1462;
2.75658;
3.2969;
3.03795;
1.59056;
3.55281;
3.27981;
1.00004;
2.69011;
2.61547;
2.59618;
2.45043;
2.65414;
3.60675;
2.79723;
3.18556;
1.41092;
1.25738;
0.682934;
1.62411;
1.74006;
2.57321;
2.64987;
2.19446;
2.4439;
14.6657;
2.38899;
0.953419;
1.61238;
2.60347;
1.59093;
2.40802;
2.0241;
1.96031;
2.20598;
3.17677;
2.33868;
4.35474;
0.944994;
2.21694;
2.13591;
2.63741;
11.5286;
2.90434;
2.29513;
1.65577;
4.85897;
2.40869;
2.0703;
2.25405;
3.41094;
1.72277;
2.61009;
3.6757;
2.92798;
1.22509;
0.43092;
4.6899;
3.76206;
1.55869;
2.21887;
2.90433;
1.80464;
10.5828;
1.71849;
3.00715;
1.04947;
1.2566;
1.75768;
3.60689;
3.85063;
1.49761;
0.428291;
2.2062;
2.34733;
2.9105;
4.7502;
12.031;
14.3543;
1.96079;
0.875818;
2.60411;
2.04384;
1.7235;
1.66974;
1.80889;
3.43837;
0.945679;
4.07036;
1.65394;
0.975868;
3.16055;
2.27464;
2.49282;
0.572411;
2.3674;
1.93465;
2.59214;
1.95203;
1.83991;
12.4996;
1.48749;
4.20735;
3.04126;
2.58024;
2.1804;
3.34957;
2.38566;
2.399;
2.03724;
2.00136;
1.36513;
1.68096;
1.69909;
0.693964;
2.63579;
2.42542;
0.552806;
2.22112;
2.91347;
3.25691;
1.14861;
2.40178;
1.3435;
1.5514;
1.11677;
1.95382;
3.45271;
10.9675;
2.93752;
2.22181;
3.29208;
1.15917;
3.35071;
1.25999;
2.07485;
1.51951;
1.19156;
1.73215;
2.51716;
3.09713;
2.87095;
10.2008;
1.67289;
2.33465;
3.20433;
1.43866;
0.973364;
2.95539;
3.95181;
0.952177;
1.63673;
3.00813;
1.99237;
1.43364;
3.98757;
1.6599;
2.92825;
1.48233;
2.37371;
1.79016;
1.53673;
2.13124;
1.68132;
1.71286;
3.5114;
12.1776;
2.49681;
3.24478;
2.60091;
0.791497;
2.42065;
2.52275;
2.20253;
2.19113;
3.03469;
1.79534;
1.35946;
1.84491;
1.81466;
2.20092;
1.36484;
1.68616;
1.5916;
2.16418;
2.23446;
2.33323;
2.69762;
1.37362;
3.03019;
1.78124;
2.45577;
1.96625;
2.07771;
2.25237;
1.41696;
2.65116;
1.81851;
9.6377;
2.02616;
2.02377;
2.87527;
1.69163;
2.18603;
1.59806;
1.85649;
4.04598;
1.19245;
2.28491;
0.86699;
11.0577;
1.91538;
1.57046;
1.18285;
2.40313;
2.19532;
1.85098;
2.32218;
2.01578;
1.38058;
2.2535;
3.156;
2.12965;
3.05602;
1.19546;
10.3156;
1.70245;
3.10644;
2.94161;
0.910682;
1.13551;
2.87068;
1.70512;
2.643;
1.43829;
1.23814;
2.18887;
2.73356;
2.21594;
3.02644;
1.20134;
1.33339;
2.6687;
1.11037;
3.90397;
11.4845;
2.71531;
2.10664;
1.37415;
2.89315;
2.52314;
2.48295;
3.3309;
1.7511;
2.71664;
3.64332;
1.79912;
2.15107;
1.21858;
1.40112;
10.2369;
2.05672;
1.63551;
1.78462;
2.43678;
1.18081;
2.89489;
1.12565;
1.60089;
3.24385;
1.36523;
1.49356;
1.6547;
2.29552;
1.87132;
1.26854;
2.61944;
2.71548;
2.69016;
2.22214;
2.45692;
2.10553;
2.15418;
1.18369;
2.04349;
0.905208;
3.03347;
1.03738;
1.90592;
3.01204;
1.43652;
2.20713;
1.77173;
2.82847;
1.21955;
2.92736;
1.4031;
1.10582;
1.84502;
2.41912;
3.91437;
2.4928;
3.55715;
12.7724;
1.58292;
2.49311;
3.59834;
2.73231;
2.89458;
1.15688;
1.86071;
2.28194;
1.49488;
2.2638;
2.81354;
2.28459;
1.46568;
1.71526;
1.76997;
0.952466;
3.06739;
1.81745;
2.88749;
12.6158;
1.28265;
2.16335;
1.62002;
2.95688;
1.84405;
2.41249;
2.57539;
1.87835;
2.154;
1.35253;
1.73111;
2.58802;
2.6408;
3.02556;
2.46149;
1.13121;
2.37562;
11.691;
2.98931;
2.02584;
2.98497;
2.99023;
1.21735;
1.04277;
2.32633;
1.98486;
1.4213;
1.97794;
2.12014;
2.9241;
1.4904;
2.51381;
3.30732;
2.44638;
2.76624;
1.04463;
10.3264;
1.29071;
1.10754;
1.59395;
1.56645;
2.46529;
1.79282;
2.0846;
2.32306;
2.03535;
4.19851;
2.39211;
1.28752;
1.51079;
2.33097;
1.18885;
1.41176;
2.68392;
1.14366;
1.49949;
2.53083;
2.97398;
2.55326;
1.1128;
2.66535;
2.46946;
2.02421;
2.8029;
1.47913;
1.07652;
2.63605;
2.3511;
1.22881;
1.62261;
1.66848;
1.87462;
2.45647;
2.2636;
1.54962;
1.45431;
0.777296;
2.29452;
1.12894;
4.90475;
1.61016;
2.03238;
2.79453;
2.83232;
3.15425;
2.24754;
2.43869;
1.27646;
1.69351;
1.75379;
16.7194;
1.97725;
1.8697;
2.09014;
2.6712;
2.47779;
2.73263;
3.68338;
0.953702;
1.58155;
2.22755;
1.73833;
2.33479;
1.91433;
2.04087;
2.21696;
2.53059;
1.978;
0.819118;
1.36423;
2.04875;
1.64365;
1.49129;
1.94046;
2.66327;
1.35223;
2.7437;
1.45013;
2.33452;
1.66707;
2.20017;
1.66074;
1.585;
3.23704;
1.71517;
1.4529;
2.63132;
3.4356;
3.12975;
1.10836;
1.8222;
2.39732;
0.661187;
2.20519;
2.06795;
3.31294;
2.41479;
1.84737;
2.41089;
2.07209;
4.00886;
1.8946;
1.52662;
1.42704;
1.91417;
1.4303;
13.0837;
3.57322;
1.52068;
3.4911;
1.74393;
2.49592;
3.00966;
2.32181;
0.66202;
2.1319;
1.7412;
1.59747;
2.39446;
1.60023;
2.41785;
2.44763;
3.03578;
2.6365;
3.30403;
3.10865;
1.55235;
1.89417;
2.1011;
11.8358;
1.03096;
3.71613;
3.11483;
3.08819;
2.13928;
1.24281;
2.37457;
1.9063;
2.18996;
1.42377;
3.08283;
1.98593;
2.5507;
2.26049;
1.31496;
2.76387;
1.83256;
3.63558;
1.72948;
2.60738;
1.35681;
2.11033;
1.39671;
2.47706;
13.4396;
