22.351;
17.3679;
26.0408;
19.286;
20.8016;
22.5826;
20.7661;
15.3699;
22.1131;
18.4798;
18.1855;
19.9579;
17.8544;
20.0301;
27.8498;
19.7635;
20.2709;
17.3827;
22.7697;
16.6273;
17.7541;
28.9528;
20.4411;
17.4633;
27.4119;
28.4875;
20.4176;
16.805;
25.188;
18.5924;
21.5178;
24.2825;
21.2345;
18.2878;
16.0783;
20.6849;
27.3903;
20.1237;
19.122;
22.5289;
17.04;
24.1819;
16.9546;
24.3837;
17.0256;
18.4836;
19.431;
17.2375;
16.8386;
19.3775;
25.6187;
26.6506;
15.4549;
21.4888;
25.0635;
25.6475;
19.9124;
19.5445;
20.6391;
20.1146;
21.9704;
22.7043;
19.5777;
19.2898;
28.4117;
21.6723;
18.6486;
24.55;
22.0622;
18.9422;
19.3434;
22.283;
21.4571;
22.1161;
16.1548;
17.1653;
16.7733;
25.496;
25.7523;
27.1616;
20.0048;
21.816;
20.5653;
21.9072;
19.6747;
27.0804;
16.7319;
22.6545;
12.9495;
18.4284;
18.3074;
28.7466;
21.3683;
29.024;
22.0355;
22.7227;
16.9816;
19.5874;
19.7538;
22.4402;
18.224;
22.1496;
14.9769;
23.0959;
22.2628;
29.9697;
21.9764;
21.0658;
25.7606;
26.2089;
18.4731;
19.2376;
31.1402;
27.1111;
26.4762;
18.9386;
26.7986;
18.0491;
20.0997;
15.836;
19.1172;
18.3334;
22.791;
17.5501;
23.2877;
20.4118;
20.5633;
21.8075;
19.9351;
17.9523;
19.7799;
21.5282;
16.6706;
23.9552;
20.4795;
21.1536;
24.728;
17.0167;
25.9609;
21.3261;
18.9185;
18.2482;
17.3064;
24.4734;
17.5781;
28.4757;
12.652;
20.6957;
20.3273;
24.4396;
22.9674;
22.6978;
24.2939;
24.2947;
14.5581;
19.9812;
23.5407;
17.6272;
31.175;
18.115;
18.5489;
32.3761;
24.0722;
21.7839;
22.4919;
24.6694;
14.8481;
20.7929;
20.3001;
27.2442;
17.1245;
19.3157;
22.3373;
23.3904;
23.0945;
20.233;
17.4112;
23.5943;
24.3473;
20.3421;
16.7252;
26.6374;
13.0729;
23.9977;
21.3575;
20.7151;
24.022;
18.9247;
24.6579;
20.9718;
13.5469;
26.8329;
22.8225;
17.6429;
16.9371;
23.5674;
19.4486;
21.8622;
9.36657;
16.2598;
24.474;
16.4836;
28.5613;
16.5442;
25.5892;
18.2824;
19.6458;
21.587;
18.9606;
25.2245;
22.3422;
19.768;
16.7638;
23.434;
22.2122;
26.6469;
26.6852;
21.7814;
24.4523;
17.9971;
22.2881;
23.866;
22.8476;
25.7912;
25.2918;
25.4689;
24.6883;
13.9763;
26.5392;
23.9084;
22.5733;
22.8123;
19.6339;
17.0416;
21.8583;
20.594;
20.6066;
20.3535;
24.7541;
23.2767;
22.6789;
20.0031;
19.2249;
23.4504;
23.1847;
15.834;
17.9916;
20.1732;
23.5416;
18.7289;
19.4125;
34.0923;
30.5029;
13.1378;
23.5042;
16.3079;
22.6754;
20.014;
26.767;
19.7818;
29.8917;
21.065;
21.2645;
27.1783;
22.9366;
22.9413;
23.0634;
19.2051;
19.011;
26.9765;
21.1195;
33.0323;
27.3597;
28.2706;
26.0087;
17.7478;
22.2864;
21.6375;
20.0369;
16.3242;
25.9843;
26.8791;
11.9328;
21.6592;
29.7449;
20.1761;
27.5504;
24.3004;
31.7842;
22.3479;
21.6375;
17.8877;
33.055;
19.9975;
18.249;
28.9181;
21.5222;
18.7455;
25.5286;
27.6454;
21.1092;
17.6549;
29.9729;
24.3986;
25.3427;
18.289;
25.9421;
20.7918;
24.9062;
20.0398;
23.7867;
25.1996;
20.8248;
15.8601;
17.4041;
30.1431;
24.5844;
22.2953;
19.9238;
23.3817;
31.6615;
18.728;
17.4275;
26.1038;
28.4681;
22.1568;
17.3338;
17.1271;
25.2337;
19.9175;
25.7555;
21.8033;
21.5355;
22.6802;
27.8201;
26.2835;
16.6372;
22.6789;
20.366;
17.9193;
22.207;
17.0737;
25.7654;
26.3907;
27.6923;
24.279;
21.7313;
25.4439;
22.0295;
24.8243;
23.5298;
22.3446;
22.2938;
25.853;
20.3931;
30.4158;
15.2059;
28.6375;
19.7899;
35.9371;
24.4561;
18.4097;
19.6185;
22.8964;
29.9599;
22.7317;
15.4617;
21.0869;
20.9981;
22.9232;
19.1822;
18.3153;
16.4672;
23.9241;
25.6866;
25.7108;
18.5419;
23.7354;
17.7921;
20.5029;
32.3432;
20.4362;
22.557;
29.1076;
23.8893;
21.6252;
28.2246;
26.5226;
19.1252;
19.0345;
21.0135;
21.3703;
22.1897;
19.799;
17.6137;
23.308;
23.129;
20.0201;
25.5413;
22.6872;
23.268;
29.3096;
23.6469;
29.8819;
22.5645;
19.2583;
18.7333;
19.2814;
21.4297;
21.9059;
22.4323;
22.0369;
32.1265;
21.9503;
23.5832;
24.1767;
22.247;
22.9149;
21.233;
27.3581;
18.3654;
20.7143;
25.3877;
25.2954;
21.7758;
26.066;
20.9449;
20.0554;
17.291;
21.1689;
25.0616;
23.1305;
30.3936;
23.2769;
19.6617;
20.9339;
18.9149;
24.3683;
26.5401;
26.2974;
25.8065;
18.4448;
24.0632;
22.1948;
25.4454;
19.9513;
23.466;
33.3751;
17.8013;
23.4866;
23.9133;
16.7979;
23.9106;
29.8845;
22.4156;
28.4053;
17.6652;
22.0866;
25.4937;
22.7161;
29.3481;
21.6324;
19.5721;
25.1595;
22.173;
16.0174;
16.1108;
21.9355;
23.1871;
16.5427;
32.0905;
15.4069;
23.4714;
20.618;
28.7879;
20.0309;
23.6461;
26.1981;
26.116;
22.0925;
31.0849;
20.03;
24.6291;
27.3597;
24.051;
24.3955;
17.7247;
19.6209;
18.9304;
25.5772;
30.2758;
23.2546;
28.7083;
22.5076;
23.0921;
23.2307;
19.0584;
27.2704;
20.0443;
22.5955;
27.0903;
19.8109;
23.3773;
22.7609;
26.8534;
24.9383;
21.4922;
20.7922;
34.1999;
18.2862;
25.6225;
24.9797;
19.4419;
21.5691;
14.9551;
22.6823;
24.5614;
21.8452;
29.4434;
22.2139;
22.633;
23.0561;
24.3225;
19.8906;
25.1137;
13.5295;
22.4111;
21.5702;
23.6115;
21.7766;
30.876;
21.6244;
23.977;
17.1019;
18.9643;
19.3967;
21.8612;
21.1678;
21.1737;
18.1915;
18.1655;
23.2174;
29.8661;
18.6638;
16.1258;
19.0435;
20.3418;
18.7275;
29.7756;
17.8374;
26.8773;
17.9129;
27.4768;
22.2992;
23.0917;
13.6402;
24.1066;
28.453;
21.4191;
23.1146;
23.9229;
28.2317;
14.4405;
31.5763;
27.6065;
25.9193;
25.5059;
19.228;
19.6241;
21.2216;
25.6786;
21.0098;
18.2705;
23.6148;
12.5851;
27.0795;
17.9163;
30.7633;
20.0109;
21.0096;
17.1959;
21.5192;
25.6806;
17.7518;
20.4196;
25.527;
24.3796;
24.3058;
14.9091;
24.1789;
27.3217;
24.1569;
21.5716;
24.4417;
21.6287;
30.12;
26.7378;
21.7076;
20.529;
19.9139;
22.0196;
19.6235;
21.6931;
25.886;
20.7581;
20.1964;
17.0489;
22.0892;
22.4502;
21.4427;
23.3346;
29.2977;
26.1065;
17.4864;
25.4859;
25.456;
31.5399;
28.1172;
23.2661;
25.1673;
19.3764;
24.3284;
14.5575;
28.4647;
16.44;
21.2009;
24.45;
20.6231;
24.2683;
23.2795;
16.683;
23.6614;
19.5799;
26.0572;
17.8812;
23.0434;
19.4433;
16.2483;
17.1143;
22.5853;
26.1598;
22.8824;
21.7607;
17.5074;
29.7109;
19.8312;
19.1364;
24.5537;
24.5975;
16.0299;
26.242;
17.5303;
22.2724;
24.6399;
30.0679;
28.4632;
20.9704;
22.0476;
25.6425;
19.3426;
19.6969;
17.8244;
16.6063;
21.6425;
27.4934;
22.4287;
31.794;
24.917;
19.9074;
27.0881;
23.1244;
25.4208;
17.6738;
22.5687;
24.3909;
26.3693;
18.4273;
31.8923;
23.2475;
18.2016;
20.4224;
27.6029;
23.3394;
21.8901;
21.0668;
22.6532;
22.9865;
20.679;
21.2801;
21.3721;
22.0847;
19.2997;
14.5775;
23.8034;
21.3941;
22.6492;
17.1668;
29.9882;
22.5961;
24.4866;
19.39;
20.8435;
29.6722;
15.6112;
26.6676;
24.6263;
25.1861;
18.6839;
16.6904;
14.6123;
22.8199;
24.3141;
23.4411;
26.339;
25.7674;
18.5116;
22.0792;
26.84;
22.7944;
33.36;
25.8425;
14.0617;
25.4589;
19.6808;
24.0579;
24.8693;
21.9741;
28.5823;
23.6953;
21.9057;
29.7068;
26.6473;
20.9054;
16.4434;
31.2025;
21.8981;
22.763;
22.6588;
21.9863;
21.5414;
25.2821;
19.0343;
31.6564;
24.2741;
25.784;
17.1604;
23.2307;
24.9749;
18.3726;
22.9989;
30.4113;
19.2729;
22.1839;
15.3148;
22.7872;
23.5765;
24.7831;
26.6127;
25.921;
22.6293;
27.4432;
20.0633;
16.2558;
24.2127;
24.7479;
29.2916;
23.9035;
20.7112;
25.2253;
25.9867;
22.8193;
20.8216;
26.7275;
22.4917;
24.728;
19.2963;
17.7846;
22.7118;
18.291;
31.3916;
28.7284;
24.1047;
23.5149;
20.6767;
23.8518;
33.1158;
22.8045;
25.0786;
25.6954;
25.7469;
21.5603;
20.0109;
23.0554;
19.324;
24.4475;
17.5012;
22.7796;
29.7833;
20.2216;
18.618;
24.529;
32.7973;
22.3424;
18.254;
16.0703;
16.4166;
16.4428;
24.3781;
27.6501;
21.7689;
25.973;
35.6158;
23.5753;
19.062;
18.5281;
21.2207;
27.0956;
25.8436;
22.2522;
22.2785;
24.5581;
24.852;
26.8222;
18.377;
23.0992;
19.6942;
26.1182;
22.8044;
21.4023;
19.2518;
21.0496;
17.4878;
27.2404;
22.1358;
23.0898;
13.2937;
23.0407;
14.752;
25.9163;
19.0083;
24.6569;
17.1825;
17.8413;
20.6002;
25.057;
21.2692;
23.2656;
24.5382;
21.937;
17.756;
33.0505;
27.4788;
17.9628;
24.0303;
18.0187;
18.792;
24.093;
21.1586;
23.5722;
28.4559;
19.0441;
19.7025;
22.8216;
26.5951;
23.8125;
20.125;
21.0901;
25.2445;
20.6332;
26.9159;
21.8329;
16.6165;
13.4837;
22.6702;
24.8837;
23.4958;
19.9127;
23.4188;
23.0854;
25.3897;
17.4991;
20.4683;
20.3296;
19.0578;
28.1572;
23.1654;
22.9989;
22.5126;
17.6536;
16.4642;
16.6091;
27.6781;
20.6902;
17.9495;
19.4097;
23.9308;
23.3901;
18.7232;
21.864;
23.1612;
19.5277;
20.5957;
20.5105;
22.4333;
20.6282;
20.602;
19.3292;
23.1701;
22.2164;
26.121;
24.1887;
19.8311;
26.3067;
25.8738;
29.245;
24.143;
16.7607;
20.5395;
21.4803;
26.1635;
24.0467;
23.6369;
19.8313;
20.4805;
19.0844;
22.4492;
13.1488;
17.8499;
17.3181;
23.2655;
18.9764;
27.2353;
23.7043;
25.0492;
20.986;
20.2563;
21.8906;
24.4128;
25.9068;
20.2475;
17.2954;
22.6638;
19.4915;
22.2743;
16.9143;
26.1775;
26.884;
20.5969;
22.3115;
15.1736;
18.6549;
18.8545;
17.3899;
24.0425;
24.2511;
28.1774;
20.7817;
23.706;
23.0076;
20.089;
25.6123;
21.4168;
24.0318;
25.2291;
21.0041;
15.5506;
19.9711;
17.0405;
22.5106;
16.5507;
27.6756;
28.1688;
21.8622;
25.3058;
21.9419;
16.9502;
27.6915;
33.4394;
23.7387;
21.1414;
19.7341;
22.881;
16.4618;
25.9938;
25.4325;
27.2561;
18.8487;
19.703;
17.9419;
20.5296;
23.0014;
15.6848;
22.3315;
15.4559;
23.1103;
24.1712;
14.7729;
27.8728;
15.0502;
27.9989;
23.107;
17.9221;
15.9193;
27.9847;
18.2207;
22.3295;
19.1947;
21.474;
23.1703;
27.2327;
19.9169;
33.4113;
28.5218;
20.8674;
27.4038;
17.2923;
21.5635;
16.8965;
22.6323;
22.6375;
20.1093;
22.8464;
22.3096;
19.9992;
27.93;
22.5844;
26.1508;
21.4405;
26.2267;
16.4278;
25.6207;
16.2552;
14.9905;
21.8168;
42.3771;
30.9182;
22.4451;
23.8763;
18.2775;
24.0992;
20.0366;
21.5402;
19.888;
19.1719;
21.5363;
27.7478;
22.324;
20.4011;
23.2567;
19.3358;
16.8697;
20.9651;
21.9415;
12.9104;
16.7827;
27.7119;
15.6146;
29.8549;
19.5967;
21.6345;
21.0747;
24.5191;
26.1764;
20.5323;
24.1972;
24.1014;
36.0897;
25.7178;
18.7891;
41.4217;
17.1001;
21.2084;
27.5267;
31.2218;
24.0055;
24.4416;
18.7702;
20.484;
22.8231;
33.3847;
23.3239;
22.2083;
15.9332;
21.9425;
17.3184;
18.5171;
25.9361;
14.9318;
17.5382;
16.8974;
21.354;
25.9077;
20.6735;
23.0338;
17.6077;
20.5303;
22.1989;
23.7592;
24.0514;
26.9864;
22.5692;
25.8298;
25.4668;
24.349;
17.0695;
25.9173;
20.4722;
18.9709;
22.482;
27.9222;
13.2496;
19.7645;
28.7211;
18.4129;
19.863;
21.865;
15.8316;
23.8164;
28.2088;
24.3846;
12.5633;
26.4949;
26.9736;
19.2304;
18.5505;
17.2859;
19.6251;
22.2707;
17.7754;
24.1653;
19.0651;
20.2947;
17.9091;
23.8442;
24.2955;
23.2905;
21.7795;
25.1946;
24.9496;
23.5187;
29.3394;
22.8669;
23.4575;
23.3152;
26.6991;
24.4583;
16.5827;
24.2556;
27.1219;
14.4534;
22.9612;
25.4166;
16.043;
24.6882;
26.1186;
29.383;
20.7152;
21.475;
28.1531;
24.8485;
23.6587;
15.785;
19.1022;
25.6002;
29.7659;
29.4429;
27.9233;
15.9533;
25.6959;
22.1239;
24.4929;
21.0601;
22.842;
32.8828;
23.0553;
26.7395;
20.9794;
22.8943;
19.4575;
19.3309;
19.743;
26.8565;
19.2921;
24.7203;
29.1641;
20.6605;
20.6751;
17.0941;
24.2688;
20.4172;
17.4961;
16.5631;
33.8648;
23.9259;
15.5501;
16.4007;
34.0853;
20.3298;
19.7956;
24.1881;
16.5075;
15.1908;
20.2005;
19.08;
21.2182;
22.8976;
23.483;
26.6185;
25.221;
22.5963;
29.008;
22.1307;
33.1159;
23.2719;
22.1395;
18.8567;
17.7035;
26.552;
19.8042;
27.8323;
19.0887;
36.2205;
27.9966;
23.8602;
29.2709;
23.994;
22.1037;
14.6293;
18.314;
22.1955;
16.3827;
25.6802;
27.6923;
21.5417;
18.0615;
20.3692;
17.7692;
18.7799;
18.9341;
22.3917;
17.095;
25.5725;
28.7765;
15.2455;
29.174;
17.8085;
22.1759;
26.2531;
24.786;
22.1222;
19.2674;
14.8993;
26.094;
22.8356;
27.4313;
21.3717;
18.7194;
22.3274;
22.9454;
19.2243;
21.129;
21.4245;
20.2781;
20.8286;
23.8218;
22.3543;
26.4208;
13.8187;
27.286;
19.4146;
18.6025;
19.6644;
29.6322;
19.7215;
20.2128;
26.6472;
17.1539;
28.7823;
20.8851;
20.7235;
24.5139;
19.8216;
26.398;
19.3864;
26.1012;
18.383;
26.5906;
18.1737;
22.3854;
27.7952;
22.74;
23.1321;
20.6797;
17.8685;
23.1315;
20.1434;
29.7278;
28.8137;
21.6184;
19.9656;
17.2919;
24.4047;
22.4602;
19.7706;
17.5332;
18.6366;
18.6643;
18.2097;
24.5239;
27.9262;
22.3484;
29.2954;
18.8011;
21.5921;
24.605;
17.6085;
17.7623;
20.3698;
25.6894;
24.0758;
22.8255;
20.4096;
31.0657;
24.0762;
25.1286;
24.6937;
27.9166;
17.626;
22.6835;
30.4346;
27.0152;
19.0102;
27.0734;
19.1059;
17.959;
17.4022;
22.5906;
22.2048;
19.3744;
25.11;
27.0536;
19.7989;
28.2395;
16.6348;
20.8009;
18.3354;
24.6499;
18.2465;
31.9747;
20.0536;
18.3395;
14.9263;
25.7548;
15.913;
25.1722;
27.2639;
18.1383;
30.9129;
25.6745;
29.6166;
20.714;
27.4863;
29.521;
24.0833;
20.1833;
14.3944;
19.9994;
23.6369;
26.7894;
22.3292;
18.9285;
21.3864;
26.8825;
18.9097;
19.9665;
20.5278;
24.2204;
18.1988;
27.3618;
26.4333;
25.0034;
21.6957;
20.8623;
19.1343;
21.8734;
21.8135;
20.875;
21.252;
18.0465;
17.7712;
32.1659;
24.0278;
23.308;
18.6512;
21.8882;
14.891;
22.0956;
21.8866;
21.5403;
42.316;
16.4404;
18.8361;
22.515;
16.4853;
16.7953;
24.5188;
19.007;
22.9734;
19.2527;
24.0294;
22.9151;
24.7478;
22.5187;
20.1553;
19.4834;
23.9359;
24.589;
32.7799;
17.5319;
24.8726;
20.9615;
20.8832;
21.817;
22.0836;
23.1724;
16.8633;
23.5097;
11.7396;
19.6486;
18.9648;
19.0258;
25.3656;
25.6592;
18.6595;
21.3167;
23.8688;
25.8712;
16.8545;
20.6187;
24.7627;
21.6211;
16.533;
20.7466;
17.8786;
18.448;
23.9676;
17.6594;
28.7619;
18.7755;
18.4392;
19.7264;
18.5594;
20.2332;
17.0578;
30.3122;
28.0615;
18.061;
41.6412;
23.7654;
25.6942;
19.2317;
21.1546;
22.4235;
28.2934;
19.9586;
15.4267;
22.5691;
21.3533;
19.2686;
24.1545;
18.559;
15.2837;
18.4221;
20.0061;
23.287;
31.6637;
18.134;
19.6547;
31.3153;
19.5434;
24.6027;
21.1984;
27.6017;
28.9728;
23.8054;
23.8917;
19.5201;
13.227;
24.8164;
19.4847;
15.9154;
24.0249;
17.867;
18.8939;
19.6504;
21.6314;
18.06;
17.4758;
18.5572;
24.4261;
22.3541;
22.4271;
20.7564;
22.1064;
16.3295;
26.7541;
18.9126;
19.1568;
23.0707;
22.8119;
26.1845;
17.3579;
20.4904;
21.7624;
19.9908;
17.742;
19.169;
28.1568;
15.8114;
23.7146;
33.1461;
24.1738;
16.8414;
21.7754;
20.4683;
19.9216;
25.3202;
19.2148;
14.7558;
25.9978;
24.1146;
19.2305;
25.5955;
24.0495;
27.4511;
13.1669;
26.6694;
21.0815;
26.0227;
19.9856;
19.3685;
25.1934;
24.7211;
15.1728;
23.9503;
18.52;
25.5226;
28.7887;
20.6451;
23.3209;
18.6047;
15.7256;
17.6191;
28.0848;
25.5669;
25.9462;
15.9523;
20.0125;
21.6926;
25.8821;
16.6529;
18.585;
20.8139;
23.4652;
28.0412;
23.5574;
21.7725;
27.1977;
17.2164;
19.8279;
18.1449;
37.1472;
24.2186;
17.269;
22.3028;
27.0503;
22.4041;
23.0411;
16.0465;
14.6945;
15.8879;
25.3696;
19.0951;
18.2063;
22.3606;
19.8157;
29.8313;
14.9029;
19.4048;
11.9793;
14.8248;
21.9758;
15.6608;
20.1916;
23.1382;
18.879;
14.6787;
19.0126;
22.281;
21.8192;
18.8842;
20.2106;
12.2026;
19.4286;
28.0717;
12.4713;
23.2117;
19.8507;
18.8283;
21.7038;
18.3055;
19.5396;
26.8313;
19.1329;
21.5925;
17.0361;
15.2666;
26.3583;
19.1782;
17.9753;
23.12;
18.6741;
16.8368;
16.5569;
23.2731;
21.7554;
18.1163;
29.6928;
20.4991;
16.635;
28.784;
21.9524;
18.9858;
25.532;
18.149;
20.7925;
19.7661;
24.1865;
15.951;
28.5134;
27.9705;
21.3101;
20.2722;
21.0338;
12.5994;
19.2644;
22.3387;
18.0737;
22.3924;
19.1426;
14.8319;
17.1108;
20.4359;
24.5469;
21.2907;
18.1481;
21.2218;
18.7635;
24.7622;
18.5895;
24.1492;
17.8334;
19.6676;
18.1699;
20.4997;
28.0868;
22.0605;
27.22;
15.4596;
22.5418;
19.4442;
23.704;
23.3542;
19.5337;
18.8377;
19.5274;
26.8305;
20.1116;
21.1571;
22.0036;
24.0344;
23.1023;
19.5579;
12.4195;
22.5206;
15.6035;
23.9459;
17.6831;
20.3631;
16.0661;
19.8981;
17.5386;
15.8941;
35.6333;
23.5569;
30.4433;
25.1135;
24.7455;
15.0018;
24.0415;
14.3414;
18.6715;
22.731;
16.9367;
23.3979;
20.026;
17.1028;
18.9964;
16.7937;
17.8601;
25.4047;
19.321;
13.915;
23.4931;
23.4334;
24.1075;
22.854;
20.756;
22.3858;
16.8623;
19.9183;
18.003;
21.8461;
27.1374;
17.7703;
17.4476;
25.945;
20.7722;
19.4019;
21.0526;
15.3892;
23.9197;
13.4293;
21.2064;
23.4699;
21.6064;
14.8814;
14.5334;
15.0729;
18.9132;
15.373;
17.7701;
30.0014;
21.4988;
27.6274;
26.1843;
15.4004;
15.2008;
18.1288;
22.844;
16.4793;
35.86;
24.2389;
13.7041;
27.6217;
20.9855;
27.0813;
28.3296;
20.1704;
22.075;
21.5941;
31.3763;
22.79;
14.2742;
21.1164;
28.5367;
20.2231;
17.1324;
14.0502;
12.9186;
21.7649;
21.1803;
27.1942;
16.5431;
29.8667;
18.652;
21.1029;
18.6759;
19.669;
18.4116;
18.5469;
24.3543;
19.3176;
21.9556;
17.4735;
19.8411;
18.9457;
17.5163;
18.276;
17.4787;
19.4521;
16.6714;
21.9609;
17.9539;
21.451;
19.1493;
15.7947;
19.164;
19.058;
27.6088;
22.2169;
24.5096;
20.0939;
15.4587;
19.0612;
15.9079;
16.0905;
17.9382;
14.8896;
26.2301;
22.6567;
22.8463;
23.9909;
19.7167;
16.0096;
16.9708;
20.9068;
16.5277;
36.2738;
21.1257;
20.9517;
22.4832;
20.0552;
19.8921;
20.2445;
18.6086;
21.3553;
17.6749;
18.9411;
22.7769;
20.3866;
19.6889;
24.664;
28.0007;
24.6235;
19.4838;
16.6529;
25.3481;
27.1241;
20.4008;
19.4096;
14.2574;
23.2242;
13.0583;
18.0778;
15.3294;
18.8754;
22.8959;
22.1461;
19.7589;
14.0504;
26.323;
18.1653;
18.0136;
15.6501;
24.0459;
21.4567;
19.8518;
21.287;
21.5898;
16.5239;
21.4385;
19.065;
21.1614;
15.8554;
21.6041;
17.1843;
25.1073;
14.8923;
23.534;
25.8963;
17.2727;
11.7858;
21.6309;
17.621;
17.7039;
17.0123;
20.9608;
15.3886;
21.9175;
20.6781;
21.8407;
21.7878;
16.8258;
20.5462;
15.6684;
14.2997;
16.5855;
15.8869;
21.7398;
23.0687;
16.5557;
17.3404;
25.4549;
20.9283;
16.0482;
16.148;
17.4816;
23.8651;
20.0385;
19.5892;
19.662;
17.2921;
16.4207;
23.566;
22.1178;
19.7631;
19.6238;
19.4429;
18.1587;
18.1285;
22.9515;
24.3825;
20.8748;
23.4153;
20.2043;
23.7504;
11.9046;
21.3866;
20.3719;
13.8178;
22.7212;
21.4471;
18.557;
21.7504;
23.2737;
15.5115;
23.3012;
17.6805;
18.3806;
17.5932;
18.0952;
13.5481;
18.6821;
21.3211;
22.8889;
19.3558;
32.1534;
21.147;
24.8766;
30.5023;
15.0652;
17.7813;
19.7222;
16.6368;
20.4405;
16.2357;
19.0925;
16.8894;
22.5123;
15.6771;
12.3895;
17.3713;
21.431;
14.7012;
13.509;
21.9819;
16.088;
21.7056;
16.2879;
18.778;
19.8964;
24.1517;
19.4214;
21.0442;
16.6589;
17.4441;
20.1153;
19.4093;
16.9865;
19.6895;
24.1818;
24.5765;
17.4102;
18.2699;
16.2522;
25.2475;
27.4657;
16.2796;
18.0577;
19.8299;
16.1745;
20.5296;
21.2436;
23.4121;
17.0121;
20.3887;
23.8467;
22.1636;
15.399;
21.6815;
24.3509;
20.0205;
17.713;
21.2133;
19.0332;
18.3662;
18.2348;
11.2759;
21.848;
19.284;
22.5983;
34.302;
22.547;
22.097;
10.4631;
18.6799;
18.38;
25.3545;
17.0664;
17.4859;
19.6019;
12.0635;
16.2346;
19.2022;
16.7911;
15.6721;
15.9079;
18.686;
29.9392;
19.9451;
18.3557;
23.6624;
26.6208;
21.7884;
21.0284;
21.3115;
13.4804;
17.8167;
23.907;
18.223;
22.4103;
17.6303;
18.2156;
30.6036;
32.04;
20.3457;
15.2241;
17.2813;
19.7671;
18.8697;
19.1367;
22.8901;
18.3491;
13.9559;
29.9621;
13.2821;
21.221;
16.2881;
22.8244;
21.8589;
14.5635;
17.5094;
29.92;
15.8694;
16.4146;
18.6069;
23.4613;
16.9168;
19.4248;
20.3115;
18.5067;
17.934;
34.338;
24.1249;
18.934;
21.9501;
19.2428;
10.1714;
15.0551;
19.9672;
20.1109;
18.0367;
13.4316;
12.8499;
33.3353;
25.796;
19.1862;
18.0741;
20.9949;
15.6697;
16.1338;
13.787;
16.2637;
20.672;
17.3618;
25.9673;
16.6265;
25.2125;
27.1246;
20.1257;
13.9123;
15.308;
20.4387;
20.8638;
21.6224;
14.9852;
19.7039;
23.553;
15.1923;
20.3108;
17.2754;
19.6356;
19.0152;
21.1768;
18.5705;
28.8684;
21.43;
16.7407;
20.7808;
25.908;
20.4691;
18.2661;
22.8811;
18.417;
22.0942;
27.7903;
15.5188;
29.7609;
19.7046;
14.9048;
16.1502;
19.0784;
20.4209;
14.8443;
15.858;
19.8481;
17.9068;
14.333;
18.7773;
20.9484;
21.8485;
16.5928;
22.1919;
19.6721;
28.6489;
18.2112;
23.968;
16.6487;
14.0868;
27.6972;
21.7316;
21.1499;
14.4101;
20.1648;
16.3334;
18.2219;
24.2568;
14.8112;
19.5998;
16.3763;
23.1775;
20.5039;
23.1099;
24.3436;
19.6008;
20.0229;
17.9072;
15.5381;
20.1087;
14.0596;
27.3005;
20.0027;
15.7874;
13.8018;
18.6434;
18.2724;
24.6002;
20.6237;
16.8216;
22.0152;
15.1304;
24.8853;
14.5196;
19.7727;
18.2372;
26.4415;
18.4536;
32.9703;
22.8037;
19.3093;
17.6402;
17.6911;
20.0744;
27.2218;
22.2005;
12.0917;
18.2496;
18.2661;
23.5824;
15.6228;
25.2113;
19.9135;
20.0736;
13.7261;
26.0299;
25.5982;
19.5291;
15.3007;
14.9767;
16.3419;
14.0627;
13.2337;
20.6227;
16.6299;
14.6264;
30.7296;
21.2716;
18.0831;
15.0933;
21.2157;
19.6279;
22.8942;
20.2516;
18.0124;
16.2059;
22.107;
16.8291;
28.081;
16.9523;
15.502;
22.7692;
10.1448;
21.6833;
14.7256;
16.5942;
19.257;
20.2354;
23.4605;
18.9401;
16.9882;
12.0969;
22.7568;
27.2657;
36.0242;
18.6096;
33.3326;
23.2275;
19.1599;
20.6585;
17.1559;
23.8599;
22.0964;
24.2722;
18.7293;
22.8535;
18.2567;
12.7302;
17.8641;
13.7796;
18.073;
24.2486;
14.9902;
29.517;
25.2814;
27.3251;
28.6453;
26.7316;
16.3679;
24.199;
20.5279;
18.3261;
15.7585;
17.1879;
22.3024;
22.3797;
28.9348;
25.0438;
17.9598;
17.9638;
21.1013;
16.9885;
26.2196;
28.4644;
16.846;
19.8354;
14.271;
29.4435;
16.6431;
28.2563;
22.9092;
19.8894;
16.4128;
19.4506;
21.8999;
19.7788;
25.1548;
24.4516;
14.0978;
19.0139;
15.3828;
26.151;
13.5182;
20.2977;
16.1343;
20.4446;
20.6958;
33.1068;
20.981;
16.1595;
15.9857;
20.2531;
21.6023;
20.4803;
12.4135;
19.2416;
19.7941;
20.2863;
17.8334;
18.6658;
19.3409;
20.8658;
17.4649;
24.5876;
17.1305;
17.059;
16.6709;
17.8741;
15.1249;
17.0588;
17.5347;
14.0225;
19.9972;
14.6784;
15.1716;
18.7038;
26.9044;
16.6328;
18.4245;
23.662;
22.3967;
20.5531;
18.2734;
16.3621;
23.9466;
15.1325;
14.3285;
24.5705;
22.8669;
23.2127;
19.5669;
14.3514;
26.2512;
15.4881;
15.7238;
19.1131;
20.5317;
23.3385;
21.5297;
15.8454;
28.4093;
16.0578;
23.1686;
29.4048;
17.1894;
15.9564;
20.1073;
24.6241;
31.1945;
34.5419;
20.189;
14.586;
17.7971;
19.4072;
16.8794;
20.3952;
22.2973;
17.3706;
18.6194;
16.0743;
16.059;
19.3911;
22.3723;
14.0913;
19.8882;
14.3319;
28.7185;
17.0292;
23.7342;
12.2037;
21.3903;
14.6599;
23.7088;
15.813;
30.899;
15.2825;
35.5192;
21.4819;
19.0865;
13.8531;
15.9707;
17.7166;
16.3099;
17.7511;
21.4214;
15.8969;
21.0205;
24.7229;
16.6863;
14.5105;
23.396;
12.5267;
10.5412;
21.5752;
14.3129;
16.9033;
17.8125;
18.141;
14.0846;
16.8835;
23.3862;
14.0843;
14.7036;
30.7309;
18.5159;
25.6312;
24.0144;
19.6399;
20.0162;
18.5815;
16.2774;
20.7972;
26.5788;
29.3676;
18.8397;
17.2484;
19.6958;
21.2391;
24.105;
27.8726;
16.633;
17.2943;
16.8297;
27.2874;
15.1805;
25.3284;
17.2339;
15.7913;
16.1196;
15.6009;
10.5019;
17.4233;
17.9977;
16.2459;
18.9587;
18.4013;
21.4201;
20.5525;
14.623;
19.2685;
22.1218;
19.4378;
14.1066;
32.8492;
14.2912;
29.6821;
18.1434;
16.0794;
17.6637;
33.0055;
21.3621;
18.4265;
16.3599;
28.7063;
21.2153;
18.6964;
20.1631;
24.7499;
26.0786;
18.7793;
19.8681;
22.2278;
21.2905;
15.4139;
16.0406;
17.5433;
18.6095;
15.5577;
14.2786;
14.1065;
19.2819;
14.4389;
14.9867;
21.663;
14.685;
17.9722;
19.6369;
14.6852;
17.7753;
19.1437;
18.7217;
28.7213;
25.4536;
33.4805;
19.2194;
14.8806;
20.7232;
21.5185;
28.3187;
12.9481;
15.8758;
32.2381;
11.5759;
23.9505;
16.5981;
19.2986;
20.2671;
18.3228;
19.2648;
18.5572;
10.954;
18.1115;
19.2477;
20.2962;
19.5932;
20.2945;
20.3241;
19.2237;
29.7288;
20.8219;
22.0006;
15.1496;
24.8509;
12.0445;
15.8453;
15.4069;
19.5024;
21.6964;
20.9265;
21.7442;
17.8582;
12.6864;
16.7342;
24.3651;
15.1118;
23.0405;
20.0967;
14.8903;
15.7651;
21.7314;
15.7976;
13.5986;
21.5521;
14.5946;
24.1517;
14.8125;
16.2422;
19.6963;
19.1767;
13.3474;
21.8739;
26.7732;
14.863;
18.538;
13.7485;
22.3887;
23.7917;
16.5192;
15.3895;
11.916;
14.048;
17.05;
22.0289;
14.5005;
16.6513;
15.3292;
19.3414;
19.5495;
21.6722;
19.1801;
31.7234;
26.0467;
20.3818;
25.8969;
20.4784;
26.5569;
10.4843;
16.5761;
19.6651;
19.9303;
14.668;
17.4658;
13.1553;
18.1044;
20.3661;
16.0104;
27.5512;
22.9878;
15.118;
14.161;
16.6026;
12.3302;
21.0948;
26.7793;
17.3978;
17.9923;
25.8015;
18.6674;
15.9909;
11.4689;
15.4784;
16.0161;
20.0984;
20.2258;
28.8061;
19.1208;
19.6443;
19.7144;
18.2909;
16.8584;
15.5256;
11.9047;
18.5148;
19.6494;
14.565;
16.6652;
13.9591;
20.2633;
14.5582;
15.0044;
16.1473;
16.6613;
17.3528;
19.4251;
16.0783;
21.189;
16.559;
19.9996;
16.9567;
14.2318;
15.2839;
18.9439;
20.2598;
18.814;
30.2546;
14.0957;
14.2312;
13.4752;
15.2033;
23.9169;
16.8593;
23.6284;
16.2544;
14.9626;
14.5789;
18.7106;
16.9327;
15.8908;
33.7444;
17.5984;
29.3294;
14.0544;
10.5515;
16.8023;
16.2838;
31.0359;
18.3639;
14.9171;
21.0162;
18.2227;
12.5319;
17.8318;
16.7589;
16.6781;
19.0998;
20.1714;
21.1258;
18.8221;
18.8146;
18.6934;
20.7847;
17.0689;
17.8576;
16.9377;
21.7959;
17.1352;
19.406;
18.228;
13.3923;
14.3509;
15.5217;
18.309;
16.478;
11.0992;
18.5351;
15.2756;
18.8505;
18.2131;
24.894;
13.8477;
15.916;
19.6961;
15.5428;
20.5412;
16.4104;
13.4479;
23.3701;
24.5767;
14.2837;
15.5256;
21.5979;
21.7347;
13.5238;
21.7714;
17.577;
15.8211;
18.3563;
18.3837;
19.0087;
26.934;
16.2659;
23.1218;
16.5366;
18.0921;
16.8352;
24.9726;
16.2703;
18.5595;
21.8467;
23.367;
19.6636;
17.4958;
13.659;
19.0167;
16.7538;
28.9877;
18.102;
15.3617;
24.4983;
35.1244;
18.3825;
16.7844;
21.7609;
19.4957;
15.9759;
16.8235;
24.8248;
14.753;
12.4001;
17.7761;
18.9547;
21.0743;
20.5863;
22.2592;
19.323;
17.2768;
25.2;
19.9605;
23.45;
12.0793;
20.6044;
15.8853;
12.8972;
15.7221;
12.9166;
19.8792;
16.0967;
19.6223;
19.0318;
18.1158;
17.8768;
17.9839;
25.7777;
17.4709;
20.6092;
20.0445;
15.3918;
22.131;
23.1047;
15.7503;
19.1569;
19.7818;
32.8566;
26.4669;
15.2551;
19.9567;
14.7391;
18.2902;
15.4102;
32.6753;
20.0763;
31.2519;
33.8698;
21.4129;
17.8855;
18.561;
17.6754;
18.0449;
13.6405;
9.42183;
17.5625;
11.26;
19.9643;
19.4533;
20.5879;
17.1119;
22.7039;
21.2749;
20.309;
13.7948;
18.4064;
18.0209;
18.4344;
16.2199;
16.6381;
17.2674;
23.9719;
18.7761;
24.299;
18.3374;
29.7807;
26.9401;
19.5355;
22.5889;
16.1773;
14.5474;
20.0118;
14.4921;
15.486;
20.304;
18.3041;
17.7695;
18.2671;
14.4209;
17.366;
19.7548;
17.346;
13.7698;
15.0102;
12.5139;
15.206;
20.6527;
15.8766;
21.9985;
19.416;
18.2046;
17.1325;
13.2976;
13.9871;
16.1134;
23.5686;
13.8286;
15.6368;
14.6342;
21.197;
21.5474;
15.8512;
17.1093;
34.8488;
18.4186;
15.2742;
18.4345;
20.2124;
31.2101;
14.1856;
15.0787;
12.208;
15.7447;
20.3428;
13.0669;
19.2758;
13.7546;
12.1635;
18.8732;
15.3031;
15.703;
11.1221;
16.9418;
8.88155;
15.8674;
16.6664;
19.2051;
15.631;
32.2653;
11.3356;
14.5016;
15.573;
11.0404;
15.0312;
15.6478;
12.1836;
14.3746;
19.7314;
13.4374;
16.695;
18.0079;
32.1446;
18.8224;
11.3529;
20.5729;
15.4191;
16.0167;
15.5198;
21.6623;
32.4608;
18.71;
16.0052;
20.7978;
15.0995;
33.8634;
10.788;
14.487;
14.1881;
15.4553;
17.6078;
18.6071;
14.47;
14.8603;
20.7745;
14.6801;
16.7861;
17.0975;
20.8582;
14.7784;
15.004;
16.6429;
16.6862;
33.9109;
18.902;
20.6109;
12.721;
28.6551;
25.4521;
22.1093;
26.9598;
18.106;
16.8491;
16.2472;
23.9019;
22.4629;
12.7736;
17.3433;
16.3278;
20.9279;
21.9381;
16.2973;
16.1455;
20.4521;
19.0298;
14.6034;
21.5162;
17.228;
10.6017;
14.0301;
22.7428;
14.8742;
14.7717;
14.6816;
18.9118;
15.6244;
17.7025;
11.5797;
20.8273;
13.4001;
15.472;
17.2216;
14.9492;
11.4586;
17.4628;
21.3195;
16.4553;
17.1286;
18.1624;
12.9487;
22.1515;
23.2257;
15.5877;
11.8977;
17.0112;
12.3529;
16.7342;
19.2819;
31.8887;
16.5512;
13.7002;
12.253;
15.9541;
18.0102;
18.9404;
12.7041;
18.8456;
16.265;
13.6822;
14.4486;
16.4625;
19.9079;
15.6718;
16.8435;
17.9311;
12.815;
12.1191;
28.0383;
14.6128;
15.6802;
16.1454;
15.0749;
10.1453;
14.9487;
14.5781;
11.4625;
14.2569;
18.046;
17.5221;
17.9317;
13.9404;
21.0119;
15.5766;
16.1332;
20.0547;
19.5878;
17.1519;
18.7489;
10.9913;
19.2837;
15.3861;
13.5941;
12.8345;
18.7382;
15.6813;
14.8102;
19.5644;
14.5329;
12.0696;
17.2422;
19.9758;
19.2537;
12.2216;
14.2637;
17.594;
32.9987;
13.5803;
16.9649;
17.91;
16.2988;
12.264;
13.8396;
19.2172;
14.2137;
16.2884;
14.8752;
11.3803;
14.3508;
14.6901;
16.782;
16.3298;
14.4841;
11.5714;
14.7361;
17.1843;
13.1766;
13.8991;
10.6872;
15.3494;
11.9853;
14.0971;
23.1478;
18.7924;
20.4083;
18.2387;
16.6675;
12.4365;
15.318;
18.6241;
14.9032;
14.0375;
16.4951;
12.7171;
14.6139;
26.4451;
16.2382;
12.9332;
16.0307;
12.6906;
18.2197;
21.1508;
12.4322;
18.8053;
16.9613;
12.978;
15.1922;
17.5277;
21.3438;
19.5771;
10.6492;
12.9402;
20.4735;
14.0144;
17.9248;
12.594;
13.7572;
17.6311;
14.2572;
20.5183;
16.5874;
13.1383;
31.1009;
12.7966;
26.6413;
14.1839;
22.2081;
13.4882;
27.2558;
12.6444;
15.0407;
19.1647;
22.4314;
14.7088;
15.1731;
20.5675;
14.0163;
16.7661;
14.7989;
14.5697;
18.429;
16.1447;
16.904;
13.3447;
17.3701;
16.3883;
34.2907;
29.6719;
16.3718;
31.3438;
15.4169;
14.6033;
14.6756;
18.2082;
14.7591;
12.4294;
13.1828;
24.4972;
13.1748;
14.2717;
17.8928;
11.1402;
16.5294;
12.4654;
14.5055;
14.6173;
11.2215;
16.5185;
14.6257;
15.9779;
14.2865;
19.0891;
17.3437;
14.2338;
16.336;
14.4768;
15.7262;
15.6074;
18.0536;
18.0159;
14.0251;
16.1022;
11.5906;
17.7252;
34.0046;
13.6688;
17.5158;
15.8396;
17.6685;
10.6345;
20.6546;
13.6721;
19.2004;
9.58843;
20.8483;
20.2088;
17.2907;
15.7192;
15.8065;
20.8705;
14.006;
19.2166;
10.4993;
14.1612;
17.0819;
19.8968;
16.1742;
12.5448;
13.7194;
21.723;
14.7546;
14.5122;
18.328;
14.8056;
14.9446;
14.5375;
21.0315;
10.4075;
19.6229;
14.282;
12.3095;
20.3774;
18.5013;
13.6108;
16.5828;
13.4923;
16.7212;
12.6477;
14.415;
11.7601;
14.2098;
20.5449;
31.0994;
12.3308;
19.9034;
14.8806;
18.9323;
17.0755;
13.8351;
16.4479;
15.5286;
14.0805;
16.4915;
19.8631;
10.697;
13.4553;
13.5773;
24.3062;
15.6051;
20.0554;
20.0077;
14.1712;
13.2371;
15.3234;
19.6064;
14.4629;
18.3117;
22.4031;
20.5565;
17.5042;
11.6888;
9.69919;
15.7022;
11.9305;
12.5717;
15.1605;
17.5117;
12.9231;
12.952;
19.7818;
16.7042;
19.8702;
13.9311;
14.3526;
19.2539;
13.6687;
18.4254;
32.5371;
17.8292;
13.177;
17.6602;
16.907;
18.7835;
17.7925;
19.5726;
26.3823;
13.8073;
19.4318;
14.3938;
11.3552;
14.5323;
17.7236;
18.1322;
19.1119;
17.0227;
16.2205;
16.1146;
18.3983;
14.0271;
17.7899;
18.7253;
17.7779;
18.9001;
12.5193;
15.9406;
11.8415;
15.6701;
18.2869;
17.6688;
12.1991;
11.9131;
20.1538;
12.3462;
16.2759;
12.8144;
12.7341;
13.8564;
15.3001;
15.9342;
26.4973;
10.7893;
18.0083;
14.391;
11.8025;
16.1601;
11.3778;
18.2719;
12.5647;
17.3299;
14.8155;
12.5238;
14.6261;
15.695;
15.7415;
14.1407;
19.3414;
13.5359;
11.3255;
17.8411;
18.6606;
23.6904;
15.928;
17.4668;
15.215;
17.2059;
14.9939;
8.50172;
15.9249;
22.7453;
18.7058;
13.3563;
13.1853;
13.6583;
12.4672;
29.0159;
15.7012;
17.9317;
16.874;
13.3993;
15.1218;
24.3823;
12.5078;
12.6504;
15.3519;
23.0544;
18.1492;
13.194;
19.5601;
10.8569;
14.2447;
12.7953;
17.8186;
14.5291;
10.7638;
16.7163;
17.6813;
23.0617;
15.4138;
16.983;
16.0536;
17.4768;
15.1478;
10.6444;
18.2558;
17.76;
16.0251;
14.3741;
13.9155;
9.13823;
16.9383;
33.1357;
14.1626;
14.5745;
14.8726;
13.5041;
17.1325;
15.4269;
12.6965;
17.4591;
17.0284;
16.3444;
19.8061;
15.8093;
15.4239;
14.0453;
20.111;
16.8213;
21.337;
16.6364;
15.7726;
12.3914;
13.6328;
12.9467;
14.7792;
20.2799;
17.4913;
12.8024;
9.35324;
17.8138;
16.5824;
16.2463;
21.5518;
14.8935;
18.0759;
16.0379;
25.3973;
16.3595;
12.388;
12.9573;
17.358;
27.7255;
12.1522;
16.8839;
13.388;
14.4919;
17.4862;
14.6279;
14.8073;
16.8144;
19.5315;
15.8363;
19.3625;
14.4785;
13.2642;
13.7069;
12.2522;
13.884;
13.5293;
17.2275;
19.7842;
11.3042;
17.167;
28.8753;
28.3942;
16.6989;
14.735;
14.0956;
14.4686;
15.1991;
9.8114;
17.0528;
16.6508;
15.8254;
13.6087;
10.9645;
14.4636;
13.1766;
12.509;
13.0077;
17.1244;
16.4118;
16.8302;
19.9557;
14.7925;
15.8562;
15.2298;
11.0381;
19.6722;
14.7229;
10.1566;
14.9978;
14.7496;
17.381;
19.4508;
12.8255;
17.6807;
14.296;
20.5863;
13.865;
27.5219;
27.022;
11.5725;
15.7992;
34.9077;
15.9262;
19.5912;
14.3997;
17.0867;
16.2661;
21.3592;
15.0848;
15.7745;
19.5368;
13.8017;
14.2775;
10.7798;
7.87851;
23.8702;
11.7864;
26.3913;
16.9214;
14.4504;
8.99203;
14.5953;
14.7705;
11.9951;
13.0274;
12.8451;
17.6254;
12.5023;
12.144;
13.0128;
13.3415;
11.5012;
12.6702;
11.7511;
14.7042;
13.1136;
14.5213;
18.6236;
10.329;
13.4797;
15.5896;
13.3424;
12.5008;
12.3679;
13.0102;
15.3719;
15.0703;
16.5597;
14.2951;
16.764;
12.8822;
17.0603;
16.225;
13.7954;
16.3693;
15.458;
18.8659;
12.7639;
11.402;
15.9;
13.8954;
14.9136;
16.519;
12.4137;
13.7704;
15.2591;
28.2667;
12.7355;
12.784;
17.0359;
14.9037;
19.9499;
12.2429;
15.2605;
15.6284;
13.0875;
9.74113;
11.4113;
15.3326;
13.3574;
11.6273;
35.298;
13.375;
17.6172;
14.9595;
17.4695;
14.2221;
12.2863;
15.7029;
16.982;
8.82963;
14.2513;
14.7663;
18.0253;
13.2443;
16.9191;
33.6976;
21.5549;
12.5416;
17.244;
21.1117;
15.5216;
14.3012;
14.1492;
14.5632;
12.7067;
9.29188;
11.1805;
15.2101;
17.5088;
9.85529;
10.6306;
17.5068;
11.1227;
12.3677;
15.9131;
19.1218;
14.1928;
10.8551;
14.1726;
12.9101;
11.8118;
18.4755;
15.6439;
17.2015;
11.9438;
12.907;
15.7438;
16.3298;
22.8106;
31.4109;
15.6957;
20.8767;
14.3951;
13.8343;
16.1829;
15.6586;
12.7873;
14.523;
17.2255;
10.2651;
12.0926;
12.2423;
13.8719;
15.9064;
15.3246;
15.7587;
14.0304;
15.7532;
12.3806;
21.6469;
14.1349;
20.181;
21.8601;
11.8696;
11.5071;
12.1911;
9.52876;
16.7451;
14.5966;
14.0941;
14.5573;
14.1919;
10.0701;
13.6603;
12.6674;
11.9714;
7.43352;
14.0418;
9.65549;
13.6652;
15.0159;
19.509;
10.1407;
12.801;
13.0209;
18.89;
20.6815;
16.4021;
16.2463;
15.6111;
17.0288;
10.6614;
17.522;
11.8988;
15.6568;
19.4835;
11.1463;
16.7974;
12.8025;
14.7686;
21.5255;
13.7674;
14.0956;
16.0579;
16.2461;
13.2253;
16.2316;
12.7611;
20.0388;
14.9656;
25.828;
18.2326;
18.5952;
26.2363;
13.6404;
13.541;
17.8519;
10.3158;
17.8372;
15.9596;
10.4184;
15.1417;
17.4923;
14.5896;
14.582;
7.80749;
8.60579;
17.6173;
12.3085;
16.7019;
25.662;
12.4834;
13.3778;
18.0602;
12.9695;
16.7815;
11.7076;
12.8632;
17.0941;
14.2988;
14.246;
15.2563;
15.296;
14.9834;
20.1091;
11.8937;
15.1627;
12.5591;
12.7266;
12.8455;
13.1456;
16.9838;
7.96741;
8.73077;
11.0167;
13.3249;
17.3809;
12.5533;
15.9057;
13.3832;
33.6845;
12.6515;
15.2291;
25.5901;
13.0612;
12.8068;
11.1619;
14.9422;
16.0034;
14.3333;
11.2743;
13.7021;
21.0369;
14.2545;
14.9118;
9.18869;
30.5168;
11.4527;
15.341;
11.0257;
17.1007;
26.3192;
27.1114;
14.6515;
26.1961;
13.5488;
10.4625;
14.4141;
11.078;
16.768;
13.872;
17.6019;
13.1962;
12.9227;
12.6731;
14.1543;
13.8708;
16.2975;
11.3523;
13.4666;
13.159;
12.8317;
17.106;
13.9045;
11.9237;
11.98;
9.6734;
13.7873;
13.8024;
14.8516;
28.1748;
11.6125;
7.61715;
12.2254;
13.8898;
17.7375;
9.85015;
15.8054;
12.6464;
11.6858;
16.0632;
16.051;
17.1556;
13.6333;
9.38927;
16.6611;
14.7239;
30.407;
14.1561;
13.4931;
12.8235;
23.7958;
17.229;
13.2953;
15.2125;
14.901;
16.6816;
11.1924;
15.935;
15.5004;
12.4012;
26.1336;
13.9521;
15.8555;
13.0797;
19.0897;
12.6312;
15.1738;
16.9355;
11.98;
11.0697;
14.0814;
8.97354;
12.4193;
11.5912;
17.1107;
11.6737;
26.4408;
11.0488;
14.7767;
24.9918;
12.0085;
14.1977;
14.2203;
13.4651;
7.05801;
14.6819;
18.9276;
16.7762;
14.6827;
9.05219;
13.9459;
9.60415;
15.0644;
15.3922;
13.2066;
14.3172;
12.7154;
15.5594;
13.6725;
12.4937;
11.5044;
16.188;
19.9439;
12.7579;
13.7578;
16.3775;
11.3638;
24.4876;
13.0984;
22.2985;
16.7952;
10.0002;
13.4435;
14.3803;
15.3133;
14.9868;
14.3111;
16.6721;
16.7369;
10.134;
16.6958;
13.2256;
31.5174;
18.0493;
9.40246;
15.1303;
16.6191;
18.6686;
14.9013;
9.975;
13.0014;
12.2802;
7.32284;
11.1008;
18.5103;
12.5628;
12.6388;
14.5588;
15.4699;
14.6265;
19.8271;
16.4455;
18.6293;
11.3148;
10.6917;
12.7245;
12.3533;
12.0418;
15.5803;
26.4356;
31.58;
11.1129;
16.4542;
13.4174;
10.1046;
11.9911;
16.0414;
11.505;
16.556;
10.1211;
13.7149;
28.064;
11.6227;
15.1336;
11.9624;
11.9463;
11.3337;
25.5356;
12.318;
10.9352;
19.0135;
11.4774;
15.456;
11.5395;
15.5458;
15.2571;
13.4647;
12.5441;
12.4334;
29.5016;
17.9225;
15.6233;
15.8511;
8.52436;
13.0801;
9.67458;
10.9188;
11.7806;
26.6069;
24.5021;
25.727;
10.1019;
14.7493;
29.0117;
16.1364;
11.1483;
13.3994;
14.4628;
14.2706;
13.3831;
15.2742;
15.9428;
15.9708;
15.8978;
12.4422;
24.855;
11.995;
14.2948;
16.6022;
14.0557;
10.9582;
14.5192;
26.439;
11.4054;
14.4496;
12.9267;
17.1782;
10.3942;
15.504;
13.6673;
13.9899;
13.644;
9.58404;
7.88573;
14.81;
12.097;
11.9349;
12.8403;
16.1374;
23.8571;
15.6829;
14.4257;
12.5289;
11.3284;
11.9881;
16.0074;
13.1588;
12.8752;
11.1175;
15.1885;
10.3926;
17.0653;
11.0394;
9.26463;
7.40358;
24.0897;
11.9274;
13.4144;
15.1062;
18.7411;
13.937;
12.3219;
13.4749;
13.0631;
15.7104;
10.5943;
15.0198;
12.7829;
20.229;
13.8092;
17.5509;
23.4823;
28.8022;
12.5345;
14.7355;
15.3438;
12.815;
14.7452;
16.0979;
10.1296;
11.9774;
14.2604;
15.728;
20.5189;
17.1544;
15.0738;
16.29;
13.7664;
12.9558;
13.721;
8.99218;
15.5976;
11.0363;
13.5663;
12.5427;
12.8541;
10.5299;
14.2217;
14.1774;
9.30022;
15.9024;
9.20397;
15.7196;
14.366;
16.0008;
9.88243;
14.6182;
13.5749;
9.24929;
12.6835;
11.4651;
11.8961;
9.57566;
15.4684;
31.0009;
12.7147;
10.169;
12.2619;
15.4786;
13.3952;
17.123;
12.3858;
7.95741;
10.2395;
13.6934;
8.21368;
8.38144;
10.4033;
12.8107;
16.0485;
8.57837;
12.9815;
18.9146;
30.8004;
16.4284;
16.7739;
11.9153;
9.06209;
14.5047;
14.0884;
12.9438;
17.498;
16.1724;
7.79656;
12.8777;
10.6906;
11.7594;
12.7191;
13.5763;
12.4913;
9.59918;
11.368;
5.50731;
28.9533;
13.9276;
13.768;
11.5709;
11.7027;
14.5062;
28.8197;
13.5991;
11.831;
12.0746;
13.8074;
13.1711;
14.3646;
9.13751;
10.6179;
9.08626;
11.9245;
16.3426;
12.8998;
30.7701;
17.0752;
24.7701;
8.8864;
9.95103;
11.5098;
18.3364;
13.6328;
15.6849;
13.3895;
14.3959;
13.2232;
12.2395;
13.5108;
13.1836;
28.2874;
11.0676;
18.4214;
15.3092;
10.7432;
15.0212;
11.5181;
11.3303;
11.3412;
16.2244;
13.4896;
13.1446;
15.1567;
14.2396;
27.7088;
29.6244;
21.9278;
9.70316;
10.1088;
11.5609;
12.7042;
8.04352;
16.684;
21.7021;
24.142;
14.1064;
13.3475;
5.50462;
12.6608;
25.4261;
8.91283;
10.9568;
13.307;
15.7262;
8.90305;
12.7012;
12.0978;
12.0034;
16.0101;
14.3814;
10.1853;
8.8553;
11.7569;
14.4146;
30.2516;
18.5009;
14.7715;
21.7893;
28.8778;
12.0216;
13.2436;
12.628;
10.5314;
32.6065;
11.511;
24.7422;
7.42653;
7.91541;
10.7413;
12.8143;
13.1073;
14.0083;
11.5723;
14.6761;
9.93014;
8.7129;
23.8006;
10.0939;
16.8282;
18.5602;
15.3237;
11.9695;
8.53619;
15.5323;
14.6361;
7.8951;
10.7792;
12.0896;
9.37405;
12.8424;
16.9338;
11.3521;
13.5715;
14.6082;
14.6708;
15.1673;
10.139;
14.8658;
13.0318;
16.0431;
12.9623;
7.0417;
17.7621;
9.89758;
12.0965;
16.1932;
12.364;
12.8684;
9.24939;
8.79034;
14.0455;
9.86619;
28.0087;
12.0192;
14.7508;
13.3839;
13.7027;
9.64395;
12.7898;
6.62901;
7.99659;
14.2566;
15.4818;
22.412;
13.1229;
10.4729;
14.0203;
13.5469;
16.2014;
21.5194;
11.5662;
12.2061;
17.4279;
10.1326;
10.9463;
16.7782;
12.4645;
15.9205;
16.9075;
11.2494;
11.5927;
8.15765;
10.0385;
9.28766;
12.1773;
12.5284;
16.9316;
11.5049;
11.6258;
12.9403;
9.44764;
14.7368;
10.7611;
10.9538;
10.3003;
14.2644;
12.8996;
8.82795;
14.8445;
11.5649;
8.22945;
14.7549;
8.91503;
12.904;
14.6117;
12.7015;
12.7005;
14.5911;
15.7571;
12.2962;
10.755;
9.54095;
9.88573;
15.5246;
13.5932;
13.6237;
12.1515;
14.4194;
8.74896;
8.52966;
16.6214;
8.17511;
9.72673;
11.5235;
12.563;
8.73378;
12.3071;
30.9754;
9.9548;
12.9278;
13.1401;
12.499;
13.7354;
10.2669;
11.9911;
12.9512;
10.3759;
14.2605;
12.7105;
11.7863;
10.4434;
10.6528;
9.18512;
12.855;
14.4309;
11.5258;
13.0107;
13.5489;
9.66853;
10.9571;
10.5682;
16.6777;
11.3323;
9.71846;
13.0809;
9.52836;
6.3797;
23.2239;
11.4546;
12.02;
14.6275;
13.8887;
13.2845;
16.1153;
12.866;
13.4121;
11.9514;
14.8605;
12.5464;
15.9161;
12.8768;
13.6884;
12.6787;
22.3661;
10.0428;
9.26282;
18.9974;
10.2487;
17.4139;
9.95387;
14.2128;
10.0687;
13.2378;
11.7446;
11.1137;
13.2584;
8.4394;
15.4424;
9.78714;
9.04283;
27.7593;
11.8842;
13.7016;
9.71797;
14.5036;
12.1969;
13.9197;
13.6237;
9.4183;
16.0342;
11.0899;
11.0073;
10.3645;
14.6761;
11.2679;
13.0342;
9.03856;
6.11561;
16.3196;
12.5717;
12.3132;
9.72802;
15.5859;
9.64361;
11.3486;
9.87003;
16.6664;
11.3937;
12.0139;
10.7142;
11.6369;
13.8268;
10.1742;
11.0213;
12.8531;
8.02453;
10.5468;
11.4456;
8.2841;
24.3309;
12.4431;
8.3828;
8.46527;
14.4564;
11.9727;
13.1936;
8.97971;
13.0992;
15.78;
13.9984;
12.2494;
16.2186;
14.894;
15.0645;
12.2705;
15.3799;
7.85411;
17.4475;
14.4394;
9.29866;
10.5192;
32.5193;
15.5204;
11.7773;
9.32774;
12.6415;
16.4594;
13.9449;
8.91018;
10.6999;
10.3788;
10.252;
10.0892;
13.5028;
8.88938;
28.6988;
10.3477;
8.65339;
16.4394;
12.4642;
18.0607;
9.7196;
12.613;
13.2165;
11.1517;
12.7459;
9.69845;
13.1639;
13.0087;
13.9193;
9.48822;
27.3222;
11.2003;
14.2522;
22.8836;
16.6386;
10.0147;
12.33;
7.97429;
12.6814;
10.7986;
10.5138;
15.517;
10.5897;
7.81547;
13.3479;
11.5464;
9.01842;
11.3786;
11.0885;
9.67383;
16.1822;
11.9758;
27.121;
13.9201;
8.22923;
11.2749;
15.6368;
11.6151;
9.37279;
13.1347;
16.6645;
12.3787;
11.4865;
10.9596;
9.70048;
11.7814;
15.6729;
13.4012;
9.94917;
14.2422;
12.293;
13.9145;
13.3147;
11.2975;
8.82243;
11.1433;
6.80126;
14.9466;
12.5592;
9.46655;
16.8853;
12.313;
9.9238;
10.004;
11.6123;
7.64267;
7.61217;
8.83741;
26.0723;
12.0634;
14.9199;
29.611;
12.1696;
12.3184;
10.0284;
10.148;
13.6331;
11.9136;
10.2572;
14.0103;
6.76038;
10.2854;
11.0042;
10.2955;
28.4449;
8.43413;
25.9323;
9.63646;
12.485;
11.0487;
10.6261;
12.6655;
15.3236;
7.95786;
15.2392;
11.4204;
9.8254;
14.4914;
9.831;
19.0605;
12.3875;
26.8001;
8.7151;
8.71087;
12.2178;
10.9583;
12.3181;
12.9059;
9.51049;
12.6099;
7.70442;
8.1053;
17.6963;
8.23856;
8.32173;
8.3779;
10.319;
10.2972;
12.6506;
8.51809;
14.5962;
13.3091;
10.5843;
10.6167;
11.013;
13.3417;
11.0218;
13.3028;
7.49605;
11.7417;
11.4691;
8.68656;
9.21055;
11.8597;
13.7416;
11.4438;
10.2107;
12.7234;
25.8652;
8.0002;
13.3646;
7.3614;
7.22814;
7.5535;
13.6539;
9.57996;
13.6917;
7.88668;
10.1907;
9.86499;
10.1304;
10.8604;
8.80523;
15.7183;
8.82872;
12.1323;
15.8692;
18.1561;
12.7544;
11.9247;
12.3913;
14.3278;
11.5696;
11.3979;
17.9311;
12.5278;
7.53043;
9.48469;
11.0978;
22.7237;
11.2673;
13.7978;
10.6485;
10.7817;
8.53868;
9.97965;
6.43297;
10.3605;
10.2865;
8.24311;
10.9062;
11.674;
25.6788;
14.6407;
8.16952;
16.5356;
25.6987;
12.3761;
9.50138;
8.81002;
10.8254;
8.33762;
10.4867;
9.14751;
9.63758;
13.2273;
13.505;
9.30336;
12.4588;
10.4038;
9.91175;
7.70512;
24.5288;
13.0691;
11.7093;
11.4454;
9.12074;
12.0317;
11.026;
13.596;
10.0601;
9.95158;
8.34361;
10.603;
7.26342;
10.0579;
11.5107;
12.9877;
33.5161;
11.5574;
13.7811;
13.0908;
11.1753;
11.269;
10.9849;
10.3624;
11.4066;
13.5087;
8.63753;
14.6457;
10.4846;
12.8184;
10.9141;
8.81248;
13.8871;
9.81557;
10.2572;
24.4509;
11.1348;
14.0032;
13.0382;
10.1139;
6.19677;
9.24723;
9.74617;
9.26696;
8.91033;
10.1628;
11.9125;
7.69084;
7.51553;
16.4448;
12.4393;
14.147;
13.6885;
12.4401;
8.34723;
10.8958;
27.6668;
21.2866;
11.2074;
13.1415;
12.8111;
10.253;
8.83462;
11.9255;
8.69739;
10.2322;
12.4737;
12.3084;
31.3024;
11.3404;
9.22506;
10.7227;
8.5739;
10.6325;
9.46522;
6.98989;
14.4237;
13.9846;
11.5436;
10.8107;
11.0099;
11.5738;
12.0467;
8.26585;
9.39352;
12.3027;
8.78111;
8.29043;
9.9332;
11.0323;
11.9336;
9.21743;
10.7797;
8.40034;
13.1958;
12.2377;
10.7235;
22.7963;
28.0352;
12.0531;
16.1638;
13.5414;
12.9944;
8.00581;
7.79116;
11.7656;
9.08966;
12.5895;
17.3905;
11.4309;
10.1066;
11.0072;
8.18944;
15.7873;
11.7619;
8.31261;
15.8292;
10.126;
27.3932;
13.1433;
12.3823;
12.4642;
11.3969;
13.2922;
8.37266;
15.2245;
7.40003;
10.8284;
10.1282;
8.36336;
29.2392;
8.86926;
13.0279;
9.9198;
15.3233;
12.3787;
11.5767;
11.4106;
10.685;
7.68545;
14.8142;
11.4024;
12.8785;
11.2045;
12.0565;
10.1986;
13.4718;
16.0814;
28.006;
9.06424;
12.5409;
9.89949;
8.92432;
7.62112;
9.88273;
8.44996;
12.2608;
9.18644;
11.0504;
13.2146;
5.9524;
10.8611;
11.8169;
6.49855;
12.2442;
7.19395;
7.80527;
8.9625;
7.00827;
13.2324;
9.2546;
10.4058;
10.148;
28.5642;
6.69964;
10.5038;
9.25664;
30.8517;
9.06079;
8.36314;
9.53856;
7.10535;
10.1747;
12.551;
12.3345;
4.50329;
10.7478;
11.298;
11.1934;
8.70338;
12.9365;
11.5006;
11.7494;
12.3942;
8.64655;
10.2015;
11.611;
11.1454;
11.2918;
6.77309;
15.6417;
11.1541;
8.44813;
8.8291;
7.98339;
13.8166;
8.21705;
10.6635;
12.7866;
7.39489;
8.56449;
13.8308;
34.0042;
10.0155;
9.41666;
8.41121;
7.61882;
9.5146;
7.89813;
9.60648;
10.6557;
10.9152;
11.3215;
10.0602;
11.4432;
11.1487;
10.1594;
11.1575;
9.10487;
25.0219;
9.0927;
13.5351;
13.1419;
25.2937;
8.28782;
11.3854;
9.1283;
10.1535;
10.653;
9.86847;
25.4231;
11.3161;
11.714;
8.59604;
9.61713;
8.31451;
12.8238;
8.13055;
9.37925;
8.72451;
10.8821;
9.30459;
11.4324;
8.26039;
8.00542;
13.1944;
12.7951;
8.93071;
27.2317;
25.7945;
10.7134;
8.77076;
11.6324;
12.0398;
13.0443;
11.5668;
8.80815;
7.70043;
9.4665;
8.08214;
12.8996;
9.46073;
8.75232;
10.8136;
7.37222;
16.7157;
10.457;
26.1993;
7.89879;
9.37372;
11.6406;
5.93762;
8.3179;
9.28001;
7.3196;
10.0595;
11.7365;
12.2453;
8.65843;
8.38862;
9.90304;
6.94067;
13.0622;
10.8468;
8.68667;
8.79236;
14.6579;
8.87374;
21.8113;
11.1879;
13.9691;
9.93218;
11.9891;
11.2513;
10.5341;
9.64032;
10.2094;
7.83736;
9.46664;
13.0896;
8.23402;
13.843;
9.40275;
13.2155;
26.2213;
10.5583;
8.50491;
12.6445;
10.6151;
7.11267;
8.56604;
9.67704;
12.6603;
14.4064;
10.7331;
15.2099;
13.7211;
13.1858;
13.6518;
7.27713;
8.17084;
11.1985;
6.85055;
8.80971;
21.4631;
9.63339;
12.173;
7.04527;
9.35632;
12.6802;
10.7345;
6.95968;
10.8579;
7.61299;
10.3952;
7.4138;
28.021;
6.65798;
9.16307;
12.0233;
12.3721;
15.1499;
9.54698;
7.96312;
12.3289;
12.0826;
9.07478;
14.5323;
14.2855;
10.4392;
8.0695;
11.6228;
8.44654;
13.4266;
9.69135;
11.1559;
8.19827;
8.15842;
10.9843;
9.44429;
9.9183;
9.84891;
9.3609;
28.5501;
10.0896;
9.39063;
11.4698;
12.6142;
8.56816;
10.7564;
10.8;
9.40449;
8.66066;
8.70566;
8.75432;
10.4603;
10.8359;
14.3413;
7.59367;
14.8937;
6.34415;
9.03641;
10.6335;
8.23391;
6.29989;
7.70944;
29.4109;
7.07088;
10.9645;
11.2541;
7.96009;
9.23665;
11.7503;
10.0551;
8.7576;
21.2612;
13.2222;
26.9686;
9.09247;
10.2717;
10.7194;
9.16685;
11.1983;
8.40825;
8.68956;
9.10464;
11.2041;
5.59734;
13.0875;
9.12675;
8.14189;
8.85801;
25.287;
6.81665;
7.77636;
11.4155;
9.99977;
11.1756;
9.4155;
6.44873;
14.0364;
10.5447;
8.90784;
7.39899;
6.80273;
10.7412;
8.84767;
7.98933;
10.0778;
11.8041;
10.4902;
12.2827;
8.76611;
8.78745;
9.13307;
7.13015;
8.41399;
12.6609;
10.5188;
5.77943;
9.55132;
8.67637;
28.4658;
9.40015;
12.4308;
22.9124;
6.89029;
9.23758;
8.8156;
9.37923;
8.30329;
13.3366;
8.77903;
9.385;
16.0134;
8.71597;
9.94434;
9.25012;
5.50302;
8.77368;
8.72384;
9.56576;
10.4687;
11.533;
23.8149;
10.9949;
10.609;
7.29051;
6.77439;
8.58801;
8.44816;
12.0852;
10.2102;
8.19857;
9.39403;
8.75249;
7.5673;
8.91054;
12.2184;
9.74723;
7.0237;
13.5649;
7.93079;
9.79672;
7.94693;
8.30012;
10.8544;
10.6078;
9.70461;
11.671;
10.9178;
8.31231;
8.4013;
8.12152;
21.7537;
12.1323;
10.785;
11.2738;
9.08729;
8.02441;
10.1331;
13.457;
12.2467;
9.21798;
12.3345;
11.4795;
8.56573;
9.40923;
7.76876;
9.98051;
8.88732;
11.6839;
8.447;
9.737;
8.68397;
6.42034;
9.32865;
11.7152;
10.8858;
11.996;
8.22092;
6.89487;
8.29216;
10.2764;
9.21867;
7.07057;
8.41162;
8.57877;
9.02414;
9.88243;
9.58131;
7.29811;
8.44171;
10.9958;
7.33085;
11.5421;
8.37268;
12.6965;
9.35259;
14.0385;
6.88081;
6.33902;
7.10486;
11.7017;
10.6841;
9.95078;
8.66245;
10.1649;
10.6516;
7.20632;
7.13452;
8.92569;
21.7287;
22.3386;
9.27791;
6.61033;
11.1596;
8.37833;
7.34102;
8.2317;
8.05783;
12.7387;
6.68932;
7.00221;
6.39146;
11.6847;
9.02714;
9.45571;
8.1631;
10.6859;
6.06273;
12.041;
13.3813;
11.6685;
10.8829;
10.765;
28.6467;
8.66755;
7.27012;
9.70486;
8.25049;
10.6194;
12.0989;
8.17764;
7.32203;
7.63106;
7.74701;
10.9923;
9.90775;
10.3828;
8.18821;
8.81438;
6.65412;
10.1914;
9.1922;
29.8854;
8.38718;
11.4148;
10.783;
29.3027;
5.43356;
10.2147;
8.29881;
8.40877;
9.88721;
5.84717;
6.57273;
12.1671;
9.22335;
9.5252;
9.21219;
11.7547;
10.6238;
8.59939;
9.64117;
5.90529;
9.31666;
6.51115;
6.60484;
21.2817;
8.72872;
6.54116;
12.1876;
10.4599;
10.4666;
5.8759;
7.15065;
24.3811;
6.15998;
8.9093;
8.59264;
14.3283;
13.4518;
8.6957;
11.7205;
8.35477;
11.7428;
8.58459;
7.29325;
5.8442;
10.5857;
8.50674;
8.09598;
13.6177;
10.2423;
9.40525;
9.80103;
7.69048;
6.51509;
11.7084;
10.9068;
9.42141;
7.04999;
6.42369;
7.90848;
9.35001;
13.1557;
8.97477;
7.66869;
9.43337;
8.00251;
7.48634;
8.57756;
10.5884;
10.9071;
6.88353;
9.31822;
10.1858;
8.37376;
9.91141;
9.25544;
6.77555;
8.85622;
6.30746;
5.94626;
9.50276;
12.5418;
20.1486;
8.08072;
9.80031;
8.63404;
6.63305;
8.57855;
7.66152;
14.7983;
7.67167;
9.10288;
9.17392;
11.1118;
5.89165;
8.48331;
10.167;
7.85609;
8.12245;
7.34069;
8.3393;
6.61927;
7.9847;
9.49247;
8.24184;
11.6304;
8.68332;
9.76026;
11.3208;
21.8995;
4.70583;
8.00281;
9.9181;
11.1391;
10.0928;
7.7551;
7.80871;
10.6608;
7.08963;
9.64377;
9.75064;
8.37378;
9.67478;
7.56581;
8.36914;
7.42225;
5.47508;
11.5921;
5.9673;
4.69213;
10.9294;
9.19697;
11.6026;
8.6779;
7.73235;
8.85;
13.5545;
11.7174;
8.17063;
9.38099;
9.9038;
10.321;
7.96041;
11.8669;
29.4369;
9.61522;
6.19446;
7.39645;
7.5515;
6.93505;
25.124;
7.42884;
12.7689;
7.59801;
8.82305;
11.8711;
6.78354;
8.69013;
9.60685;
4.40108;
10.5604;
6.90126;
10.3494;
7.84112;
6.92825;
6.35659;
8.36283;
8.06441;
6.64991;
10.5055;
9.37827;
7.87127;
10.3706;
26.5516;
7.81529;
6.37664;
8.12773;
11.0665;
6.4924;
9.83503;
6.43847;
9.47911;
11.8077;
7.31055;
9.53482;
6.82879;
21.0614;
10.0125;
8.20604;
8.49902;
9.17753;
6.08954;
8.12271;
11.0716;
5.69546;
10.9828;
7.08528;
9.61542;
7.68492;
7.98598;
7.92757;
6.25742;
20.0319;
10.329;
4.51817;
10.4852;
10.6389;
5.62986;
9.26051;
11.3284;
12.8316;
6.16798;
7.95731;
7.16584;
7.44083;
6.11268;
6.72312;
8.0253;
5.50277;
6.00892;
7.1486;
8.32038;
6.64982;
6.50331;
6.59116;
6.77992;
9.67928;
10.5821;
6.42473;
7.97828;
10.1614;
5.92218;
10.6907;
8.47872;
9.03748;
10.4229;
9.10665;
27.855;
7.79102;
6.89555;
9.69328;
10.557;
8.97473;
6.142;
7.39486;
8.07198;
7.09662;
8.66766;
29.2554;
8.25306;
7.1595;
9.97605;
5.82016;
10.098;
6.471;
7.8662;
7.67458;
7.52946;
7.70592;
8.58075;
12.9772;
8.23894;
11.5905;
10.5152;
7.62713;
8.48375;
6.66391;
7.99576;
5.33331;
10.1207;
9.00078;
6.06567;
9.17305;
25.1233;
7.03189;
6.91065;
6.47223;
7.65062;
7.9353;
12.4011;
6.84322;
20.8217;
12.3589;
8.41068;
6.01513;
8.84027;
8.80138;
7.49039;
6.04301;
8.41875;
7.33389;
7.66119;
8.83035;
5.89059;
6.60588;
9.04786;
6.56601;
6.3807;
8.36084;
9.11285;
5.69253;
10.1721;
7.20618;
7.77856;
29.4435;
4.09391;
7.20372;
7.12397;
26.3014;
21.8498;
7.1494;
6.07832;
5.9978;
4.85035;
7.9521;
9.88201;
7.77056;
10.9301;
7.8434;
6.59389;
7.85015;
10.2572;
8.21511;
5.49865;
7.81087;
5.86593;
6.23998;
9.42815;
10.2083;
7.60677;
7.68677;
7.45117;
22.4228;
6.19837;
6.44142;
9.73133;
8.46333;
11.3296;
11.1482;
7.62223;
7.88865;
7.83225;
8.64438;
9.75155;
10.4429;
7.25005;
5.30919;
6.15951;
9.87196;
9.43644;
20.6308;
8.24874;
9.34265;
6.41954;
6.09779;
5.99333;
9.26375;
5.47325;
6.09359;
7.40766;
12.2578;
9.17395;
9.22171;
6.81554;
8.80821;
7.69911;
7.91686;
20.5669;
9.77783;
3.17406;
9.76883;
6.74894;
8.40937;
7.91919;
5.16886;
9.32719;
7.25813;
9.22747;
21.9228;
6.75872;
5.93341;
6.71364;
5.98375;
7.4249;
8.77467;
7.78302;
8.7657;
6.25612;
5.8217;
8.55042;
13.6827;
6.64369;
7.28883;
8.50575;
11.0454;
10.3527;
9.61876;
11.4168;
7.86494;
8.80601;
7.63085;
9.03075;
9.61451;
6.47773;
7.94797;
6.61121;
8.23955;
6.60716;
9.34322;
10.4416;
6.23274;
8.26998;
11.9147;
12.144;
11.7617;
6.31267;
7.70687;
5.65505;
7.33426;
7.85978;
8.37188;
6.73804;
7.39456;
24.4092;
6.74908;
8.83833;
6.68844;
8.78837;
5.59278;
5.38539;
7.6884;
8.97037;
7.60611;
8.30546;
5.79586;
9.9208;
5.49748;
9.05227;
5.28148;
6.74673;
17.6425;
6.82921;
6.55598;
6.12441;
7.39969;
5.93167;
4.69789;
7.61334;
10.2294;
8.7285;
6.94762;
8.4134;
30.9861;
8.09835;
5.44507;
6.2328;
9.64459;
5.40137;
6.37754;
8.24326;
8.25962;
7.78128;
9.02717;
5.93639;
8.39328;
4.86544;
12.3399;
10.2316;
10.0087;
22.765;
7.81027;
5.64423;
6.42582;
7.8537;
8.53242;
8.1645;
5.52868;
6.54029;
8.1432;
10.2971;
11.5857;
6.03472;
7.30507;
7.55793;
8.74924;
8.0819;
7.61418;
7.53861;
8.64046;
6.96833;
24.583;
8.94723;
7.87417;
10.0179;
9.51797;
8.67751;
11.7206;
7.09309;
11.0589;
7.28629;
6.96958;
5.19992;
5.95374;
5.42448;
8.58268;
9.83109;
6.73134;
7.76783;
6.29392;
9.23386;
6.05968;
7.6189;
7.23491;
5.79141;
7.31057;
8.91257;
10.5692;
8.30473;
7.59161;
21.0654;
6.83274;
7.51988;
8.60056;
8.79587;
9.32364;
7.75296;
7.52729;
20.749;
5.72178;
12.6868;
7.71052;
4.16863;
7.10463;
7.89311;
9.25904;
5.8511;
11.0687;
6.33012;
6.72166;
6.60371;
10.155;
4.06307;
10.7255;
9.35994;
5.95418;
8.65574;
7.99154;
23.4807;
4.32166;
7.18329;
5.89762;
6.51811;
5.38618;
6.69368;
7.75646;
6.52197;
6.96108;
8.55658;
10.1896;
6.09126;
4.73701;
8.24542;
7.49223;
8.76207;
22.1388;
6.81965;
5.65684;
10.6379;
6.26944;
6.76474;
9.83219;
6.42421;
8.67846;
9.13273;
8.48254;
9.31678;
9.55383;
8.32683;
8.15499;
5.3505;
24.3082;
4.68526;
8.10627;
10.4627;
5.29005;
5.47152;
10.0567;
7.13884;
23.463;
6.51738;
9.95513;
7.77993;
7.23426;
8.86724;
7.93548;
7.95665;
8.89919;
8.03468;
5.52204;
9.13453;
10.0093;
4.67252;
5.58897;
6.15366;
8.58735;
10.0863;
9.82857;
6.99029;
9.50027;
9.38277;
6.14522;
6.50798;
6.87631;
19.7251;
6.99079;
6.31925;
7.42447;
6.90659;
10.1867;
6.63004;
8.28403;
4.83962;
6.24582;
5.00702;
8.92927;
6.02521;
5.5204;
7.84383;
5.47141;
6.67968;
8.86155;
4.13809;
8.98769;
8.193;
8.44637;
10.2513;
6.37596;
6.98666;
6.32433;
8.17012;
6.98157;
5.67506;
7.65877;
9.38888;
8.35174;
6.57977;
7.51514;
6.92487;
24.2975;
8.32078;
9.51064;
6.71178;
7.22215;
6.75364;
7.89046;
7.20638;
6.42814;
7.07897;
7.10432;
4.35868;
9.20724;
4.05261;
8.03747;
4.1451;
5.0749;
5.86068;
6.0046;
9.05134;
6.11164;
24.3861;
22.3765;
5.33369;
10.844;
7.86399;
6.28219;
5.07646;
6.89411;
4.56317;
6.54933;
8.18409;
6.06502;
8.72964;
10.3814;
9.21286;
9.15777;
9.17201;
10.5824;
7.21727;
8.61254;
7.51594;
5.93117;
7.37558;
7.76949;
8.16552;
6.04242;
7.20581;
6.35532;
4.26404;
8.96431;
7.05638;
3.63276;
4.52258;
3.84961;
8.19712;
7.25168;
7.34234;
9.13288;
19.9026;
5.83762;
25.6686;
5.92564;
8.20432;
6.94644;
8.53154;
6.7242;
7.63942;
9.12581;
8.1136;
4.62629;
10.0021;
5.13294;
6.12483;
5.93012;
4.82734;
5.8388;
8.73361;
4.88109;
6.80975;
7.62158;
5.53455;
6.74432;
22.6801;
11.9911;
10.5607;
5.29967;
7.37577;
6.49849;
10.3391;
6.34265;
8.68919;
6.67741;
5.68076;
8.16286;
6.72262;
10.4807;
8.20354;
6.47867;
4.68389;
6.03557;
23.5241;
6.18338;
4.87431;
8.1138;
4.10524;
5.74864;
8.12384;
8.75939;
5.41648;
7.67698;
6.24814;
9.64564;
8.51979;
7.47836;
6.0301;
8.05314;
9.39655;
3.72802;
5.94825;
8.35917;
6.05956;
20.768;
6.86908;
5.92753;
7.66411;
4.59325;
5.59698;
6.00755;
8.70199;
6.25496;
5.8462;
26.5098;
6.88664;
7.07446;
4.81179;
7.02223;
5.05371;
5.06993;
7.97586;
23.0092;
4.05747;
3.79436;
7.47169;
6.08965;
6.93328;
8.25304;
7.86229;
7.66385;
7.61355;
8.28763;
6.08735;
7.08147;
7.35471;
20.0082;
4.80943;
10.9105;
5.51219;
7.44286;
5.07802;
5.67563;
6.57019;
6.79028;
4.02274;
23.6691;
5.95192;
7.98351;
6.68922;
10.5504;
8.07916;
7.79415;
7.66472;
5.82273;
7.07971;
4.20698;
5.70159;
6.26123;
8.01443;
7.24987;
7.57802;
8.44801;
6.72284;
8.69693;
7.03572;
10.8807;
5.8996;
18.5563;
6.59536;
5.8713;
6.37134;
7.42644;
8.94342;
7.68492;
4.41856;
5.76095;
8.14978;
7.23953;
6.08168;
6.70101;
5.82669;
9.68408;
6.94856;
8.31431;
8.32132;
7.95567;
6.37414;
8.32518;
5.13262;
7.95335;
28.0577;
3.87264;
10.3979;
4.83539;
6.75785;
5.48471;
5.18569;
5.38723;
9.75026;
7.7196;
5.87132;
6.75652;
3.48862;
9.00844;
4.26156;
7.87067;
8.94904;
23.1315;
6.80264;
6.32841;
5.84945;
9.14599;
4.95961;
4.37213;
5.43697;
8.85359;
5.9985;
3.60704;
4.27721;
7.61533;
4.6076;
8.40358;
6.39118;
8.10172;
26.3689;
6.57477;
5.76709;
5.21421;
7.29861;
8.21323;
8.01561;
5.94223;
6.3782;
6.12028;
8.28443;
9.99677;
7.86336;
5.82194;
6.75046;
5.35647;
7.22208;
6.48491;
9.8335;
6.9777;
5.17768;
4.60181;
20.1687;
7.2967;
6.68037;
7.4399;
5.36598;
6.26556;
8.99568;
4.57361;
8.46279;
6.89509;
4.69978;
8.50187;
5.61561;
6.39221;
6.60441;
7.02106;
8.44679;
6.01577;
7.47963;
6.0822;
5.17743;
8.9771;
6.62753;
6.67793;
5.40741;
6.99761;
4.99142;
8.56231;
6.79601;
6.73274;
4.74207;
9.6293;
6.20522;
4.39782;
6.46839;
6.53799;
7.64943;
6.26591;
24.1425;
8.10704;
6.91102;
7.45596;
6.35425;
7.61574;
5.90696;
7.7141;
8.40491;
7.64421;
7.77276;
5.67361;
6.06538;
6.53991;
6.03864;
5.05156;
4.61848;
6.06161;
6.23816;
4.95142;
7.64245;
7.09708;
4.5859;
8.98876;
7.64526;
5.9627;
5.78533;
21.8672;
5.99024;
4.88427;
6.01388;
4.52512;
4.84616;
7.443;
6.28085;
7.9835;
6.65817;
7.84658;
3.29343;
11.0436;
8.56379;
6.27968;
4.80937;
5.72263;
18.295;
3.50444;
6.28047;
9.14969;
4.19055;
6.81809;
11.2742;
3.15504;
8.69831;
10.4111;
8.89169;
4.8488;
6.92676;
5.40574;
21.5997;
5.07117;
3.58192;
5.76525;
4.60709;
3.94573;
6.961;
6.13318;
4.62981;
4.36623;
6.26821;
6.19516;
5.78902;
9.45949;
5.29142;
6.98751;
6.69026;
8.62679;
10.8228;
19.9301;
3.83072;
8.69491;
6.15714;
5.73619;
7.08197;
6.15317;
5.21331;
4.16013;
7.06599;
9.33913;
5.15349;
4.51314;
6.66939;
8.58177;
6.74624;
7.26999;
5.25895;
3.51044;
8.17708;
3.99811;
5.35054;
8.45319;
4.2892;
6.51769;
5.82496;
18.8358;
8.2637;
7.92394;
6.57597;
8.97876;
6.51835;
6.29682;
4.92523;
4.81742;
7.98217;
6.52031;
8.01834;
4.30681;
8.25452;
4.41865;
4.73945;
6.43453;
4.35805;
4.08784;
3.5973;
21.3258;
4.62911;
3.68741;
7.73527;
8.63277;
5.66883;
6.37449;
6.8234;
5.48558;
7.18453;
9.94288;
20.1554;
5.4806;
7.04343;
6.38032;
9.00167;
5.58479;
5.62899;
6.09883;
4.01324;
5.79124;
5.91699;
4.14197;
6.43827;
6.12183;
6.3897;
7.29206;
5.59859;
7.19992;
10.1118;
21.0098;
8.94578;
6.26876;
6.2099;
5.75103;
5.0192;
6.44744;
7.31895;
6.67479;
4.49042;
5.04989;
4.1486;
19.4181;
5.21239;
6.52966;
4.22824;
6.74066;
5.83615;
6.23463;
4.16256;
3.55231;
8.93157;
5.44316;
4.9063;
7.35896;
6.59571;
4.73793;
7.62652;
5.23671;
5.419;
5.61306;
5.33078;
7.04021;
7.55419;
7.6028;
4.00368;
5.50371;
4.45576;
6.61243;
4.45943;
4.29487;
7.10314;
7.6582;
5.14416;
7.16738;
5.85079;
5.03557;
7.70087;
6.02761;
3.93323;
5.4091;
3.83923;
4.63245;
8.08347;
5.51681;
6.66849;
4.92519;
5.47741;
17.2053;
6.25542;
6.98744;
6.12137;
4.25183;
6.77615;
4.35819;
5.91312;
4.03397;
5.86111;
9.36847;
10.6847;
5.13546;
6.20153;
7.59417;
7.41623;
3.35384;
6.5522;
6.52526;
5.44611;
4.56853;
5.23543;
5.67537;
20.6211;
9.07554;
5.80509;
5.24713;
6.38644;
6.19556;
5.41237;
2.90703;
6.51392;
7.15422;
6.58371;
5.36295;
5.81957;
8.88628;
5.38225;
5.46502;
8.74905;
19.2123;
5.49905;
7.54241;
4.67995;
5.07092;
3.02167;
10.7099;
7.9718;
9.50773;
5.21004;
6.54246;
3.97135;
6.99975;
18.9546;
4.26872;
5.10171;
6.38505;
4.08081;
6.64419;
3.63567;
4.53237;
4.8173;
6.31461;
4.79794;
5.46665;
20.9269;
4.91392;
6.89559;
4.45479;
6.87493;
4.48515;
4.00852;
9.10325;
5.30753;
3.85158;
7.946;
3.98455;
7.04252;
6.02384;
6.87902;
6.60931;
26.0579;
6.67042;
5.90545;
4.78966;
7.17608;
4.06824;
7.06389;
5.06599;
5.71269;
5.44727;
5.1675;
5.4029;
5.45007;
3.92606;
7.6742;
21.7879;
4.74929;
4.30164;
7.00146;
6.3521;
8.08239;
6.32121;
5.71073;
5.58513;
8.85643;
7.00775;
5.69022;
5.06098;
5.46438;
7.85582;
9.48393;
23.6107;
6.10985;
4.46511;
5.26077;
6.05022;
4.5641;
6.93019;
4.72776;
6.59146;
6.67791;
3.76948;
3.79963;
6.33357;
6.18762;
5.84307;
5.88855;
4.48814;
6.01238;
7.22282;
5.0306;
3.75091;
20.0964;
4.81931;
5.10589;
7.1722;
5.74981;
4.06142;
1.69173;
6.04161;
2.87823;
6.402;
3.78694;
4.39565;
7.54219;
6.52711;
4.26469;
6.66737;
5.01161;
5.77091;
9.8482;
24.6106;
5.0155;
7.02014;
7.78155;
8.24111;
3.49093;
3.40768;
5.29962;
5.36725;
3.43373;
5.10578;
6.5879;
6.70457;
8.1998;
4.86076;
4.22467;
6.16624;
6.06538;
4.42482;
6.63006;
4.32522;
7.69465;
4.1124;
4.01817;
18.9607;
6.34746;
6.64941;
9.16859;
5.37182;
4.37298;
5.62638;
6.90644;
6.49803;
4.78941;
4.0484;
5.94605;
4.72807;
4.17835;
4.48425;
5.11274;
5.90413;
6.03959;
6.03268;
5.15141;
6.00607;
4.73867;
5.46418;
5.38847;
6.12353;
5.53114;
3.55249;
6.28337;
5.44314;
6.65388;
4.66838;
6.52607;
24.34;
4.60672;
4.00458;
6.95387;
5.58325;
3.52247;
6.5464;
3.65601;
7.90724;
6.38752;
3.66919;
6.92848;
3.83751;
4.08641;
6.73795;
5.15543;
5.65412;
6.42558;
4.72268;
5.1368;
7.19536;
4.52505;
21.2891;
3.87959;
2.98028;
5.90694;
2.7893;
8.33724;
5.98887;
5.06002;
5.66716;
5.95747;
6.26355;
4.52937;
4.14;
4.59023;
6.02722;
7.34185;
5.26383;
7.11155;
4.40946;
4.42977;
6.97605;
4.43139;
4.80619;
3.04611;
5.81525;
5.24215;
6.60673;
20.7181;
8.46204;
4.249;
5.08248;
6.05415;
5.86934;
5.51433;
6.13122;
4.06901;
3.93056;
4.16008;
5.39122;
5.87631;
4.76781;
4.8973;
3.665;
3.15689;
3.41296;
5.09837;
4.42672;
4.5447;
3.964;
3.86773;
4.40913;
3.73666;
6.38798;
2.87691;
6.08698;
4.57268;
2.36636;
4.29575;
16.7719;
6.0361;
3.17162;
3.73619;
5.50985;
4.73249;
4.90703;
5.2705;
7.99983;
4.7091;
5.45331;
5.28155;
5.42465;
7.0083;
4.09806;
3.53632;
7.40511;
2.90363;
3.87475;
4.0031;
4.67108;
4.74708;
5.16491;
4.06552;
6.30479;
24.3541;
2.4067;
3.52907;
3.8527;
3.29801;
5.90559;
4.38568;
4.62753;
5.24318;
6.48023;
4.72224;
3.66916;
7.1523;
4.27292;
17.114;
5.54796;
7.29496;
4.99626;
6.91599;
5.87405;
3.83006;
6.70717;
3.62743;
4.46458;
6.50781;
5.35043;
4.21236;
8.29298;
4.74535;
4.26079;
3.03785;
7.00007;
5.44404;
5.10081;
2.82706;
9.50644;
5.57037;
4.5011;
7.66235;
5.94446;
19.5172;
4.00788;
4.27441;
6.58207;
4.08681;
18.768;
6.48173;
2.97277;
5.74103;
3.59322;
5.81594;
5.1669;
4.40296;
6.82557;
5.62791;
5.57997;
3.543;
3.40886;
3.16505;
5.79867;
6.86094;
4.15557;
4.91786;
6.04578;
17.9411;
3.56716;
4.32499;
5.42027;
5.95998;
4.76634;
5.4881;
5.0359;
4.96059;
6.22738;
5.86759;
5.33058;
5.01745;
1.79523;
5.83417;
3.18695;
4.3308;
2.86258;
5.98273;
6.70997;
5.1793;
4.83546;
4.12477;
3.72584;
4.07531;
8.14064;
5.6189;
4.89898;
20.2047;
3.3322;
5.20958;
4.98322;
2.23386;
4.18074;
3.6391;
6.28067;
4.02312;
4.26269;
6.11237;
6.3323;
4.29709;
4.58178;
4.49889;
5.87836;
4.95239;
5.21113;
4.83322;
5.5136;
4.93241;
3.82258;
5.38709;
5.49876;
4.76479;
5.23525;
4.72683;
5.64406;
4.67226;
3.8908;
4.89217;
3.10563;
5.3764;
4.64983;
20.7571;
5.65549;
4.88489;
8.78198;
2.83294;
2.5854;
4.53037;
5.09221;
5.83056;
4.83926;
5.18209;
19.8117;
6.35425;
2.40215;
5.95535;
6.23825;
4.49089;
3.53254;
5.57836;
3.70317;
5.37499;
4.48858;
4.14493;
3.30753;
5.7895;
5.16544;
4.05562;
4.23002;
5.80792;
4.84005;
5.09777;
6.75863;
5.94298;
6.1189;
5.85635;
19.8761;
7.56475;
7.13252;
3.91032;
3.69726;
3.627;
18.3933;
4.37551;
3.56678;
3.19808;
4.98452;
3.82588;
5.87614;
6.53192;
2.44773;
6.79232;
20.8808;
16.7274;
4.08867;
1.97835;
6.69247;
7.2253;
5.42027;
3.81838;
3.76453;
4.02755;
2.97514;
4.7753;
4.78441;
2.03756;
5.1019;
5.29849;
4.53679;
3.61374;
4.65107;
6.54519;
2.49498;
4.09118;
3.73182;
3.54159;
3.4739;
4.81328;
5.00878;
3.83251;
7.65562;
21.0731;
6.57472;
4.56216;
3.79897;
4.09626;
3.07033;
4.79595;
3.17096;
6.12025;
3.72457;
5.67668;
8.54742;
7.36076;
6.81457;
3.60947;
3.22327;
7.9159;
5.04734;
3.94208;
3.08138;
4.44854;
6.14863;
5.69262;
3.39187;
7.39593;
3.97827;
5.90148;
4.53285;
4.30437;
6.8962;
4.87025;
3.68472;
4.44739;
5.02498;
6.48954;
2.98673;
7.06707;
6.24646;
7.53993;
4.61346;
19.7164;
4.43354;
4.18524;
7.36067;
6.94054;
4.40411;
5.25204;
6.39261;
6.26253;
3.90953;
3.14957;
5.04278;
4.94925;
19.3971;
3.97905;
3.59734;
4.95694;
4.34262;
3.88945;
5.71323;
5.4733;
8.2;
4.09797;
5.87435;
4.25635;
5.48361;
4.06095;
4.39199;
4.11093;
21.8741;
22.0221;
19.9137;
3.7607;
5.73886;
4.98534;
4.65984;
5.99583;
4.62953;
5.52799;
3.17538;
4.02064;
19.8646;
4.09882;
3.5682;
5.17333;
4.48977;
2.68056;
4.15247;
2.70833;
5.90676;
5.34379;
3.45964;
4.8694;
2.88906;
4.69047;
3.78286;
4.32857;
5.14125;
4.04551;
5.49987;
6.01622;
3.60671;
3.5206;
4.12147;
2.9094;
3.65551;
6.23002;
4.92015;
4.89635;
5.33879;
6.37149;
6.32982;
3.36153;
3.08305;
6.13552;
3.07695;
4.5748;
6.20493;
5.21744;
5.19241;
3.98507;
4.04579;
6.84893;
3.31286;
5.25471;
4.94858;
6.57522;
1.69899;
4.57432;
3.0233;
5.51379;
5.25621;
18.6539;
3.62235;
4.95446;
3.59041;
2.29878;
5.10747;
2.95819;
4.06317;
4.91298;
20.0826;
4.93237;
2.13299;
3.30312;
4.25058;
3.9628;
3.33531;
4.83478;
4.09236;
4.46803;
19.6207;
4.77889;
4.82963;
7.19686;
7.2527;
3.78752;
6.17085;
2.80372;
4.6063;
5.57671;
4.53685;
5.85553;
4.47691;
3.34457;
4.32279;
5.83238;
8.28066;
3.03342;
18.6773;
7.62476;
7.2119;
4.08082;
3.17382;
3.22928;
5.48654;
3.76966;
4.99325;
6.42438;
3.78522;
5.83806;
6.07031;
22.3882;
3.36455;
1.91967;
2.52033;
4.45148;
5.45903;
2.13234;
2.78253;
1.49834;
2.63576;
6.02615;
4.61482;
3.47557;
3.23351;
3.12244;
4.39689;
3.42578;
4.86018;
7.55516;
6.05144;
3.34783;
5.54197;
3.27525;
4.23295;
4.34015;
19.2891;
3.57825;
4.22217;
4.82002;
6.43316;
5.3852;
2.78313;
4.41312;
5.72446;
23.6531;
2.36283;
4.54429;
3.40165;
6.53747;
4.00625;
3.76172;
5.71674;
3.53587;
7.09413;
4.1237;
4.16038;
3.24071;
3.79647;
5.64506;
2.78716;
4.98422;
3.86299;
4.18561;
2.52571;
6.37772;
2.09944;
3.04065;
4.03948;
20.5227;
4.47995;
2.71896;
3.15371;
3.6788;
4.05826;
4.55646;
4.29438;
5.13411;
5.66272;
5.66464;
5.82755;
4.5047;
3.80617;
3.9584;
4.77496;
5.45236;
4.33714;
4.35844;
4.15886;
5.69441;
4.3937;
4.29943;
5.59261;
3.12484;
5.28853;
3.71391;
5.59544;
5.02757;
5.77892;
3.26115;
3.189;
6.47298;
2.10378;
5.40204;
4.96587;
5.52224;
3.61552;
3.58523;
3.25779;
3.75221;
3.67397;
3.6611;
2.39646;
6.3064;
3.80118;
3.46184;
1.92492;
2.51262;
5.68888;
2.92446;
3.76907;
4.28013;
4.99297;
9.44084;
3.13375;
4.62224;
5.49766;
3.50087;
5.97547;
4.73347;
5.6085;
4.73436;
7.79598;
4.66448;
6.15937;
4.91006;
4.48095;
5.99352;
2.93192;
3.78527;
21.4397;
4.53086;
4.20679;
4.6211;
3.35463;
5.15917;
4.23808;
3.95731;
4.14219;
6.81246;
4.58361;
2.44892;
5.08576;
3.8674;
4.54099;
2.68997;
2.97858;
3.4834;
1.81986;
3.53797;
5.23303;
4.31717;
4.40445;
3.70759;
2.85386;
6.68717;
2.83182;
4.70665;
5.18031;
3.99502;
4.55266;
4.54001;
2.1713;
4.77685;
2.09057;
3.10805;
3.64802;
3.02048;
5.26117;
4.66767;
5.24376;
3.192;
4.01365;
17.7592;
5.21561;
4.6066;
1.64562;
5.8218;
5.51406;
2.16673;
4.25895;
5.86468;
4.15269;
4.09188;
6.64133;
4.41669;
5.05105;
4.94822;
2.57374;
6.10508;
16.9244;
1.98242;
4.28538;
5.57096;
3.67633;
5.88542;
2.75347;
3.19508;
3.7092;
4.63742;
3.09664;
3.04559;
2.37128;
3.94576;
5.46172;
5.88673;
3.92631;
5.40442;
3.94566;
4.97565;
6.2343;
3.3861;
5.4649;
2.53088;
19.1408;
4.84632;
4.0464;
3.71248;
2.65341;
4.90067;
3.4571;
3.61006;
3.76291;
4.95371;
4.45313;
4.75539;
2.50037;
2.27998;
4.26082;
4.79221;
5.35427;
5.34372;
3.9881;
4.11713;
6.87883;
5.43324;
3.45806;
2.89247;
5.42256;
6.15159;
3.32704;
5.04503;
5.01027;
4.48594;
1.97602;
21.0145;
3.25629;
3.44333;
4.83964;
3.00268;
4.765;
4.61265;
4.78378;
4.7836;
2.60181;
3.82767;
3.79325;
2.86659;
5.09093;
3.49187;
2.65909;
3.58257;
5.61299;
3.56897;
7.0601;
4.62662;
4.50522;
3.97241;
3.18315;
2.91748;
3.90998;
4.9387;
5.29841;
4.36239;
5.87319;
4.61285;
5.4506;
4.84099;
3.33527;
3.07805;
15.7263;
3.10089;
4.70981;
2.07631;
3.12983;
6.00044;
5.35399;
3.56827;
4.86852;
2.2913;
2.74348;
5.60338;
3.12288;
2.258;
3.65536;
4.68289;
3.67996;
4.3946;
3.42072;
5.02332;
2.80953;
3.8167;
2.62117;
5.15757;
3.70012;
3.50388;
4.01576;
3.31331;
3.05939;
2.49458;
3.35702;
2.63985;
8.67842;
4.57743;
3.31264;
3.9851;
4.07605;
3.83596;
4.477;
3.37153;
3.9861;
3.72289;
2.90353;
4.54347;
2.7159;
17.6357;
2.02106;
4.68954;
2.98668;
7.47812;
3.3329;
3.50893;
5.36168;
6.81004;
4.27572;
20.767;
4.65319;
2.52078;
4.00437;
3.11746;
2.68903;
3.58771;
2.34737;
1.47691;
2.66015;
6.72275;
7.62942;
2.97907;
5.10829;
3.73621;
4.55035;
5.68227;
3.48183;
5.57985;
4.46808;
4.20452;
3.3098;
5.2374;
3.81366;
3.11833;
3.2502;
21.9525;
5.92105;
3.83543;
4.2048;
3.18826;
3.1937;
3.31754;
5.44234;
1.86181;
3.02427;
2.61918;
1.46373;
2.04724;
3.45581;
2.24529;
3.78175;
3.45749;
1.57122;
4.62579;
19.8305;
2.99518;
4.18229;
3.19694;
2.31163;
3.86798;
2.90102;
4.25812;
5.22798;
4.17453;
3.75737;
3.32168;
4.79207;
3.34374;
3.96116;
5.80815;
3.07921;
5.52583;
2.45009;
2.16212;
3.15689;
2.65429;
4.96064;
4.0804;
4.39995;
5.01615;
4.42718;
2.16038;
3.20398;
6.35841;
1.81098;
3.48723;
5.14302;
2.19765;
3.02865;
3.23553;
3.22927;
3.9219;
2.72399;
2.6541;
2.59216;
7.13786;
3.24451;
2.72649;
4.91182;
21.5134;
3.26516;
3.99196;
3.14038;
3.50222;
4.08525;
3.63937;
6.44081;
2.96691;
4.18564;
4.06414;
2.1427;
4.10544;
1.58484;
3.55425;
19.8844;
3.87042;
4.08047;
3.02821;
3.68696;
3.16487;
3.9347;
5.27303;
3.10473;
3.33014;
5.46355;
3.81542;
5.14609;
3.75329;
3.21149;
4.82575;
3.29257;
4.52997;
2.74115;
3.92035;
3.85014;
17.0177;
1.88218;
3.40754;
4.63409;
6.00689;
3.55281;
1.69572;
1.69081;
3.09911;
3.1716;
4.21843;
3.30003;
2.19524;
2.63495;
4.20774;
3.77749;
19.5839;
3.9912;
4.97046;
3.30369;
4.04696;
6.50351;
3.74067;
2.65186;
2.77257;
3.81807;
3.54797;
3.23347;
1.83864;
4.29028;
2.96263;
3.46744;
2.60336;
4.01317;
5.63015;
2.81597;
3.16899;
1.08423;
2.96077;
2.15514;
2.34945;
4.17216;
4.99591;
3.6624;
4.65638;
4.22152;
2.51717;
4.91611;
3.91966;
5.44139;
4.34229;
2.0845;
1.648;
3.11302;
3.97866;
1.52372;
15.4781;
4.20227;
3.9178;
2.7297;
4.02626;
7.6999;
2.07226;
3.30713;
4.94987;
1.8517;
2.46641;
3.44603;
1.5747;
2.10259;
5.955;
5.00786;
3.941;
3.90738;
2.76232;
2.32839;
4.85623;
17.8555;
4.40124;
3.55506;
3.70565;
3.56171;
4.90849;
2.13774;
4.56224;
4.67048;
4.22699;
3.27773;
1.76134;
1.94291;
2.67298;
3.25706;
5.79582;
16.1237;
2.71339;
4.03745;
2.88373;
4.26575;
2.19119;
5.19504;
4.16193;
1.69961;
3.04367;
4.21881;
5.66267;
2.26737;
2.89334;
2.35368;
3.17704;
4.67956;
3.21846;
3.7483;
3.50243;
1.38113;
1.87082;
3.24007;
2.91269;
3.51496;
3.6693;
3.40251;
15.1924;
3.32852;
2.29507;
6.16327;
4.6117;
3.14286;
18.6128;
2.44924;
4.84966;
2.24259;
3.44468;
3.98873;
4.45365;
2.96421;
2.25218;
3.14371;
4.78001;
4.61652;
5.75696;
4.70846;
3.92693;
3.0893;
2.95281;
5.46916;
2.3404;
3.10574;
2.95215;
3.0501;
4.17118;
3.07802;
2.89033;
2.53681;
1.48746;
18.8758;
3.32914;
2.52806;
3.74784;
2.33904;
1.99241;
4.65113;
1.18006;
4.03048;
3.19157;
4.33101;
2.2466;
1.52049;
3.56303;
2.9771;
21.3971;
3.45795;
3.18854;
3.68549;
1.29669;
4.08985;
1.91202;
3.30863;
3.37737;
2.47661;
3.17003;
4.04378;
4.02223;
3.24627;
2.26491;
2.04106;
3.35678;
3.8857;
1.70488;
3.02719;
2.95897;
4.4284;
18.2561;
4.25301;
4.23895;
1.57703;
2.27818;
4.23307;
2.12058;
2.88538;
0.98281;
7.14543;
1.48257;
4.82907;
4.04825;
2.25891;
2.70447;
2.59624;
3.87469;
3.5063;
3.00466;
4.54682;
2.64375;
1.46102;
2.40072;
6.28323;
2.11481;
2.51795;
2.28231;
4.08005;
1.43898;
3.95225;
2.43722;
1.55589;
2.14531;
2.50396;
3.11401;
16.8803;
3.95385;
1.87884;
4.42906;
4.09292;
4.26963;
4.60041;
2.30967;
3.34301;
4.31202;
2.64718;
2.87429;
2.49852;
1.55368;
2.14265;
1.83267;
3.85012;
2.50471;
4.44082;
3.73166;
1.277;
18.5834;
2.88213;
6.04287;
3.22274;
3.7064;
0.682709;
2.3291;
3.42289;
1.63339;
2.00261;
4.42086;
2.99882;
3.50999;
4.83533;
2.41713;
2.36189;
2.87974;
2.27893;
4.61245;
3.42145;
2.88692;
3.71839;
4.31953;
2.44487;
5.12568;
2.91945;
2.36429;
2.07264;
2.05786;
2.65426;
2.16203;
2.70053;
3.04778;
3.11028;
2.14286;
4.37738;
2.41928;
3.09697;
2.95112;
2.66541;
4.69135;
3.46233;
3.95044;
3.11958;
2.39608;
2.13961;
3.38977;
3.76705;
2.74634;
3.60175;
3.56052;
2.4369;
21.4753;
2.69924;
1.84701;
3.32171;
2.30907;
4.11286;
2.71259;
2.24717;
2.90388;
6.01303;
2.5814;
3.8454;
2.50934;
1.55985;
3.79215;
1.66712;
1.99676;
2.25183;
2.19033;
4.16369;
4.21932;
1.76872;
18.5048;
4.11838;
3.33885;
1.94991;
2.97644;
3.54395;
2.46245;
2.4935;
1.52311;
2.45169;
2.53314;
3.05418;
2.73994;
5.0094;
17.2318;
3.95894;
3.74983;
3.10093;
1.76026;
1.07303;
4.75566;
2.94123;
2.22476;
3.23724;
2.55406;
1.97118;
3.32342;
2.8988;
4.42516;
3.45939;
2.54524;
4.59747;
5.04244;
2.57905;
2.55236;
6.77673;
3.36842;
1.99777;
1.30961;
3.71004;
3.8641;
2.83962;
2.60256;
1.71662;
2.40425;
2.46996;
2.27927;
3.40182;
18.7399;
0.941351;
2.89069;
2.81186;
1.80164;
4.22594;
4.77802;
2.39943;
2.95205;
2.6351;
2.84687;
2.58108;
5.27903;
4.59625;
4.23616;
3.67885;
2.00558;
4.77149;
2.12788;
3.13341;
1.80304;
2.48418;
2.32266;
4.10839;
2.403;
2.38317;
5.06328;
3.80707;
3.37079;
2.86473;
2.25267;
2.75352;
3.36792;
3.16234;
2.87349;
1.55716;
2.04791;
3.03768;
3.90029;
2.73301;
2.04171;
3.44323;
3.97736;
2.82398;
3.38118;
3.62041;
3.50497;
5.91332;
2.87422;
16.5701;
3.23646;
2.30791;
1.8833;
3.26622;
3.46735;
2.90725;
3.28297;
3.89722;
2.4718;
1.55637;
3.12643;
3.72552;
4.053;
2.55607;
3.46886;
2.64461;
1.93672;
2.54023;
3.34989;
3.44638;
4.05996;
2.20752;
4.33451;
2.07089;
3.18431;
1.79208;
3.41593;
3.58095;
1.37421;
3.82234;
1.75218;
2.85255;
4.67676;
1.82931;
4.52936;
4.11298;
18.6456;
1.3884;
3.62102;
4.01881;
1.50597;
2.77232;
2.43345;
3.8895;
2.16409;
3.3093;
2.52596;
3.17073;
3.26473;
4.77888;
2.64996;
3.27034;
2.74963;
2.28474;
2.23195;
3.09359;
3.08173;
3.82802;
4.06211;
2.96355;
1.56018;
2.45623;
4.7316;
3.29438;
2.59292;
5.96373;
2.3939;
2.38784;
4.32096;
3.00496;
2.47904;
17.5605;
2.48574;
3.07199;
3.04406;
1.98316;
3.64001;
4.52373;
2.99809;
2.70727;
4.67288;
2.49706;
4.31951;
2.21178;
3.67499;
2.67994;
2.6954;
4.22665;
3.30944;
1.20882;
2.84379;
4.35563;
14.5232;
4.18833;
1.69559;
4.08239;
3.71445;
3.01749;
1.06382;
1.54435;
2.72007;
2.88501;
2.85587;
2.54939;
3.86657;
2.67355;
16.9073;
3.70408;
2.48243;
2.81971;
3.29515;
2.78862;
0.654608;
3.78186;
1.53752;
2.69976;
3.10728;
6.18794;
2.49557;
3.15492;
4.58316;
2.99654;
3.84463;
2.13392;
3.96652;
1.79906;
2.08208;
2.97373;
2.14754;
1.37819;
4.07907;
1.62224;
2.28982;
2.89595;
1.58796;
16.2441;
3.94535;
3.85403;
2.92635;
3.80925;
3.00999;
3.62478;
2.51761;
2.18018;
1.82006;
1.91768;
2.3231;
2.6859;
2.06797;
3.6726;
1.7874;
4.22187;
4.23235;
2.5063;
2.292;
2.64625;
2.51452;
2.15756;
5.37825;
3.03403;
1.67281;
1.25039;
4.4856;
3.81355;
2.48698;
1.82586;
4.20786;
2.42096;
3.22494;
2.51247;
2.46191;
0.929359;
3.03186;
0.935427;
2.23118;
1.60203;
4.30592;
17.2862;
4.39603;
1.75717;
2.65209;
3.32951;
2.85334;
2.79806;
3.37449;
2.32713;
1.72086;
3.27037;
1.53673;
1.77566;
1.9506;
2.77773;
2.00486;
1.29417;
1.97278;
0.859714;
4.11921;
1.20803;
1.95401;
2.4603;
2.72229;
1.67085;
15.3922;
1.89498;
2.32714;
2.56678;
2.23151;
2.16548;
3.72429;
3.92132;
1.30002;
1.7097;
2.76846;
3.53394;
2.16818;
3.37939;
1.26872;
2.56483;
4.46205;
2.54842;
2.71883;
18.3273;
4.01942;
3.07249;
2.55195;
2.2763;
2.40481;
2.14436;
3.45755;
2.14715;
1.958;
3.34355;
3.70471;
5.6227;
3.20178;
2.92319;
3.11938;
2.2711;
1.63925;
2.78726;
3.66836;
2.85313;
4.46884;
3.47841;
1.59315;
2.90293;
1.25036;
3.47384;
1.76532;
3.28452;
1.71615;
2.37225;
2.54243;
3.81136;
3.15015;
3.19257;
3.83032;
2.67947;
2.64373;
2.14996;
3.13368;
4.87802;
1.93236;
2.86161;
2.05309;
2.52809;
2.03536;
1.71283;
2.07946;
1.10473;
2.55205;
4.50523;
1.15868;
3.17199;
2.01545;
2.59977;
3.06915;
16.8649;
5.24353;
1.84667;
2.94838;
2.67571;
0.322532;
3.77863;
1.64856;
1.91143;
1.37402;
3.89202;
2.63766;
2.36839;
2.68971;
5.473;
2.0369;
1.93292;
2.68461;
2.16991;
1.66874;
1.98213;
0.77036;
1.65416;
2.17846;
16.3897;
1.99611;
3.40894;
2.4511;
2.51252;
2.83356;
1.52262;
2.29743;
2.71535;
2.71103;
2.6943;
2.39926;
3.36058;
1.97933;
2.95818;
3.64186;
3.72442;
2.10682;
2.14799;
2.15423;
1.71542;
4.40963;
3.32966;
1.79628;
13.9371;
2.3948;
1.99528;
2.60334;
1.8706;
1.54655;
3.34412;
2.29693;
2.20717;
2.65833;
2.80434;
1.4949;
0.730782;
2.4756;
1.62506;
2.16338;
3.14421;
2.81104;
2.24574;
15.7131;
3.89985;
4.11645;
1.15163;
1.81509;
2.12661;
1.76097;
1.63174;
2.59872;
2.18257;
3.07562;
1.93428;
1.35955;
3.07883;
1.77;
1.79434;
3.14172;
17.2384;
2.24948;
3.36806;
2.67542;
1.73738;
1.58822;
2.63283;
3.3787;
1.60025;
0.632877;
2.86516;
3.33266;
2.59836;
2.91287;
2.47851;
2.24737;
2.63707;
1.16985;
3.39258;
2.2991;
2.44703;
14.4771;
4.81303;
2.61094;
2.09125;
1.9544;
4.24597;
2.18108;
1.1735;
2.54507;
1.47018;
2.84869;
3.09143;
2.97959;
3.34574;
1.76021;
15.7633;
15.7651;
3.35959;
2.0174;
1.39452;
2.12501;
3.18994;
1.77034;
1.50278;
1.82202;
2.31495;
3.64612;
1.44128;
0.811974;
3.39748;
1.55094;
1.34477;
2.70675;
1.4296;
3.6672;
1.75024;
2.60984;
1.30867;
2.3823;
3.04666;
2.44203;
2.39975;
1.96204;
1.68459;
2.89961;
3.53161;
3.24988;
1.50631;
2.93422;
3.17555;
3.11172;
17.393;
3.88178;
2.45184;
0.98962;
2.24872;
2.25905;
3.38961;
0.986688;
2.67951;
1.7935;
1.8079;
2.06856;
2.46699;
2.05729;
1.53594;
1.8557;
2.95221;
2.30534;
2.40118;
1.029;
2.6971;
4.12023;
3.0643;
16.9439;
2.89394;
1.16435;
2.50339;
2.76377;
1.19727;
1.07976;
1.3164;
1.66789;
1.37997;
2.74816;
1.36604;
1.89197;
2.39138;
1.27458;
1.15398;
1.51708;
2.21807;
0.939776;
1.73415;
2.0699;
2.45978;
0.711331;
3.26446;
0.793668;
2.53351;
2.3629;
14.4486;
3.16361;
2.39007;
2.15654;
3.94856;
3.42621;
2.57604;
2.257;
2.0983;
0.551219;
1.69477;
1.74644;
1.57075;
3.04273;
1.10157;
3.47645;
2.48223;
15.2571;
1.7716;
3.25927;
3.44704;
2.44899;
3.24448;
1.29737;
3.24208;
2.81026;
2.25654;
2.96277;
4.04176;
3.38532;
3.96826;
3.50618;
1.77048;
2.96576;
2.6954;
2.15251;
4.52284;
3.68958;
1.31176;
1.41805;
1.99386;
2.02567;
2.58734;
1.44413;
1.87425;
3.1586;
2.69355;
3.30321;
3.00525;
0.963113;
2.67644;
2.05603;
1.57725;
2.81813;
4.16139;
2.65693;
17.2727;
