14.1908;
10.6928;
16.3725;
12.0394;
14.7047;
11.3095;
11.4703;
12.3503;
12.5372;
11.6391;
17.147;
9.43805;
17.5137;
9.38297;
13.4578;
14.8153;
20.8473;
11.7834;
20.3402;
10.5125;
11.2602;
16.0207;
11.6411;
12.2831;
14.3279;
15.6724;
13.6089;
14.3681;
12.3965;
21.3363;
15.0549;
14.6717;
17.1798;
20.945;
13.4173;
19.9832;
14.7988;
11.0519;
9.48989;
10.8985;
11.5558;
11.4937;
17.1159;
11.3219;
20.4887;
19.7243;
25.8603;
16.8034;
18.8624;
17.9386;
14.398;
16.2068;
21.9454;
12.4782;
15.0976;
15.9803;
12.7433;
18.8407;
16.0228;
13.6472;
16.7746;
15.1476;
12.0095;
11.6853;
20.0272;
14.1477;
11.8717;
11.3706;
13.5879;
14.041;
18.7052;
13.6904;
13.6138;
17.1955;
12.1196;
13.1821;
23.9762;
14.302;
11.1384;
12.513;
15.6182;
18.6993;
18.3678;
13.893;
16.1678;
21.2126;
24.7409;
13.3279;
15.6073;
14.7075;
14.648;
17.8558;
18.0499;
20.3255;
16.3178;
17.7941;
13.2349;
15.1739;
16.0311;
17.1812;
15.837;
18.2277;
17.6443;
15.7444;
15.7887;
9.16919;
18.3464;
14.2283;
9.38331;
9.06888;
14.5903;
17.8382;
8.3408;
23.0937;
15.6522;
15.4008;
13.0894;
19.0712;
16.5452;
11.0604;
20.9477;
17.4189;
17.973;
18.5957;
14.2735;
18.1691;
15.5521;
11.6331;
19.6286;
12.361;
10.0781;
10.3723;
17.7882;
13.8062;
17.354;
10.4072;
10.1027;
12.4519;
16.8074;
17.6278;
20.3089;
17.5907;
17.0797;
11.0487;
17.2205;
15.8902;
20.0714;
18.0904;
17.6336;
20.468;
11.1281;
11.3821;
14.2975;
15.2903;
19.0382;
11.6674;
11.8587;
15.5731;
19.1088;
13.4879;
22.6262;
16.8482;
15.5484;
13.5341;
9.99651;
18.4002;
11.1021;
19.6614;
19.074;
15.1484;
21.6907;
20.0949;
18.1618;
19.6437;
23.2367;
12.4272;
10.0236;
11.2997;
27.5236;
13.1804;
9.86039;
19.1694;
13.4132;
11.8386;
15.8085;
12.8435;
17.8545;
17.8355;
25.005;
15.354;
25.0883;
13.8944;
18.3834;
12.5924;
12.1884;
9.05433;
15.4434;
15.8725;
15.3059;
17.7862;
9.8922;
17.1302;
11.1931;
23.2254;
8.61825;
15.2657;
14.9905;
18.8445;
17.9177;
19.5588;
12.4924;
9.57325;
16.4239;
15.1665;
18.6232;
23.8235;
21.7617;
19.2031;
18.7256;
19.958;
18.1358;
9.2325;
8.89276;
11.2291;
11.7641;
18.993;
13.2351;
19.8427;
14.4533;
11.6176;
15.9443;
19.3806;
21.742;
18.0571;
14.8833;
20.2281;
15.5026;
12.3021;
14.1707;
24.0788;
17.5299;
20.1967;
16.9417;
21.9037;
20.9212;
16.666;
23.3744;
11.615;
17.9418;
13.2629;
21.9598;
14.1099;
13.3504;
16.9684;
17.1453;
19.0249;
21.0455;
15.9369;
18.3386;
12.2452;
16.718;
19.185;
20.551;
17.6446;
14.0118;
16.8637;
20.8864;
17.8185;
13.6708;
11.833;
20.1458;
16.2627;
16.526;
10.5142;
15.0694;
20.729;
11.4052;
15.7278;
18.2576;
18.3285;
17.6822;
12.2657;
16.3287;
14.1466;
14.9195;
22.9603;
14.4933;
16.0708;
10.1829;
12.312;
12.1515;
13.2982;
15.0094;
21.2531;
13.6995;
18.5346;
18.6518;
23.2671;
16.9907;
14.7399;
21.524;
14.7281;
16.648;
19.6271;
9.70035;
11.4471;
18.9426;
11.9558;
16.8832;
10.8659;
16.2697;
21.0066;
19.6209;
22.154;
11.1477;
22.6694;
9.5452;
19.0366;
24.405;
17.7909;
9.08308;
24.4043;
10.4939;
26.2117;
14.3923;
16.5305;
14.4037;
10.3018;
17.3061;
16.9266;
10.3746;
17.1515;
8.48342;
22.4481;
18.4305;
9.70186;
12.3995;
9.84349;
11.4247;
13.2713;
11.9142;
17.3201;
19.4562;
21.3978;
20.3904;
23.2974;
20.9949;
12.898;
12.771;
19.9064;
18.8086;
18.0741;
15.1144;
14.6186;
13.1831;
16.6246;
15.5888;
11.6961;
20.8779;
17.3012;
21.326;
19.7854;
25.9319;
14.9309;
14.2314;
14.2987;
13.8518;
12.2271;
16.4195;
15.768;
15.8887;
25.3763;
8.87211;
17.6797;
18.4332;
13.3772;
23.856;
22.7419;
12.8268;
13.3809;
22.4056;
16.9497;
20.3113;
16.8823;
17.9829;
16.6346;
14.7005;
16.1925;
17.7361;
12.8137;
19.1731;
15.8137;
14.2689;
16.1259;
10.8593;
17.5109;
21.2321;
20.6363;
8.29763;
23.8247;
8.80898;
16.7838;
12.913;
9.06976;
15.5566;
13.0011;
17.1818;
9.62192;
16.5441;
22.4457;
12.0857;
15.9007;
11.3356;
9.25133;
23.4933;
14.4111;
23.6657;
18.19;
13.3787;
19.5562;
16.7332;
20.7903;
21.266;
13.0536;
20.5304;
15.0758;
14.5364;
17.0587;
12.4607;
16.7903;
18.2495;
11.1213;
15.6387;
13.9269;
10.7061;
18.1645;
19.7989;
25.2425;
16.5584;
14.9458;
20.1037;
22.3071;
16.6688;
20.857;
19.9931;
16.997;
26.28;
22.3348;
13.7911;
12.5556;
19.0402;
17.71;
11.0603;
12.8412;
10.2846;
19.5526;
22.7193;
12.4925;
14.7232;
10.1809;
12.7913;
15.5299;
22.712;
21.5551;
16.7402;
21.6953;
21.2852;
13.5962;
20.0681;
15.5132;
19.7266;
15.4771;
16.8302;
15.2197;
19.9771;
20.4611;
15.2509;
14.1324;
16.0423;
19.696;
19.8113;
11.6962;
16.8959;
21.8914;
25.1403;
15.4379;
21.8277;
15.3669;
24.1042;
18.2209;
21.383;
21.9357;
16.1534;
10.2055;
17.6295;
14.4134;
23.4392;
11.2109;
12.3281;
20.7873;
20.7315;
21.6058;
14.7971;
12.6064;
11.4719;
10.3506;
14.0019;
15.853;
8.59263;
21.3915;
15.345;
9.83532;
12.7493;
20.0827;
16.7746;
20.3526;
20.9826;
15.822;
12.0745;
20.7341;
17.4144;
24.5023;
18.3693;
24.9745;
25.0412;
21.1185;
16.6463;
28.4564;
19.028;
13.8682;
14.6468;
17.7166;
18.457;
14.9225;
23.4013;
24.2236;
18.7651;
15.7027;
29.2073;
19.6834;
18.1335;
15.6501;
20.2911;
27.8389;
18.9044;
20.9534;
26.4785;
9.80043;
16.5399;
23.0877;
24.0206;
19.7036;
17.7174;
27.4879;
10.2298;
18.1048;
19.3645;
16.9412;
25.9206;
9.28189;
18.5334;
19.3793;
21.5162;
16.3896;
12.6616;
11.5559;
14.8866;
20.6428;
23.8384;
23.1859;
24.3324;
20.1139;
12.5713;
13.8206;
20.2296;
12.4379;
16.5133;
13.8502;
7.24552;
20.8104;
15.7727;
24.2557;
26.3092;
14.0701;
19.7532;
11.5897;
18.5247;
28.2663;
18.7671;
19.6171;
16.4194;
12.9022;
21.4666;
14.4028;
16.3182;
17.4604;
19.2629;
20.5361;
12.1467;
20.739;
19.0505;
19.7127;
15.3245;
17.1983;
23.4377;
21.1918;
19.0096;
14.6391;
12.8919;
13.7748;
28.8772;
19.107;
25.0353;
15.4352;
20.7763;
25.5847;
21.0223;
12.0357;
23.7477;
25.3271;
20.0591;
16.863;
11.8536;
8.8003;
13.1329;
24.6236;
14.1457;
17.8615;
11.831;
24.6029;
14.9985;
19.4302;
17.1935;
26.3162;
20.2258;
19.2607;
24.4836;
22.6855;
23.7451;
17.5066;
19.8413;
13.1255;
22.8158;
17.3059;
20.5673;
17.0847;
13.2338;
14.2565;
20.3257;
23.3938;
22.0486;
15.7307;
23.4689;
17.7509;
25.0382;
15.052;
17.0221;
11.5589;
14.0453;
15.7409;
20.5896;
16.9798;
12.4889;
12.6211;
16.2923;
23.3749;
16.9325;
14.3856;
12.5205;
11.7172;
18.0455;
21.2445;
15.8431;
15.0588;
15.4617;
27.1552;
21.3759;
22.0616;
11.3819;
10.9306;
13.6678;
18.2058;
24.2148;
11.517;
17.5585;
23.6929;
19.1183;
24.1919;
19.127;
17.4419;
21.8814;
12.3348;
18.7732;
24.3054;
20.0032;
17.599;
23.3634;
8.51322;
18.0186;
10.4944;
23.469;
15.3588;
15.5241;
15.6239;
11.0674;
20.8589;
14.1429;
14.8747;
15.0961;
13.3295;
29.7275;
14.0428;
13.1955;
11.4741;
9.85342;
25.2324;
10.8801;
11.6177;
18.6501;
16.08;
10.9155;
18.0527;
13.7958;
12.8328;
11.6763;
17.3057;
26.4636;
17.9944;
18.8046;
19.0583;
23.9221;
20.0548;
19.5921;
23.8398;
13.0969;
16.3411;
18.2698;
13.1521;
22.0131;
23.7197;
18.8359;
19.8233;
17.4793;
12.968;
12.4892;
20.6982;
24.1386;
21.1927;
25.0361;
18.7993;
17.1893;
20.9661;
13.6837;
16.1384;
17.7906;
20.4468;
11.7784;
11.1609;
16.2443;
16.478;
17.4479;
12.5068;
21.1208;
18.924;
14.9383;
22.3878;
15.7699;
25.2684;
16.2893;
12.8427;
19.0892;
22.2548;
26.2193;
20.7878;
14.8231;
22.5308;
21.0108;
23.0942;
17.099;
10.4455;
21.507;
20.4428;
20.6702;
22.1982;
23.6836;
20.6555;
19.2193;
20.4818;
13.5972;
23.4409;
19.6604;
21.0408;
17.8518;
19.2095;
18.1046;
10.6655;
14.2509;
12.3171;
24.5982;
25.2349;
16.3829;
23.2889;
13.5128;
30.0921;
15.2795;
12.7185;
19.5413;
11.8898;
20.8689;
14.3039;
18.3187;
19.5989;
20.6931;
22.6594;
17.3086;
22.4718;
32.5996;
17.0366;
17.2023;
21.0363;
23.6463;
11.7578;
21.9905;
14.0367;
14.6969;
22.493;
22.7885;
22.1733;
23.5307;
15.5214;
17.4083;
16.5366;
18.4906;
17.6073;
10.8613;
24.2753;
21.1441;
16.4978;
13.7754;
21.6016;
10.4505;
9.10338;
11.2508;
22.7999;
18.3533;
21.4388;
21.3914;
16.9931;
19.0013;
11.8408;
21.3782;
24.2763;
18.8102;
12.4029;
23.5295;
17.3436;
21.1071;
16.8444;
19.4378;
13.1685;
15.0495;
25.8892;
19.4667;
25.4447;
14.4063;
15.4163;
17.0271;
19.4275;
13.6223;
16.8909;
14.238;
15.8645;
20.8467;
15.4713;
21.4867;
17.073;
15.9983;
22.484;
10.2978;
20.4254;
15.3969;
9.9099;
22.7097;
19.3136;
20.1746;
15.1983;
22.0587;
10.3811;
12.865;
16.8647;
14.4742;
10.3879;
21.0561;
20.9601;
21.4247;
25.9471;
30.8696;
12.622;
16.5734;
24.4575;
8.00713;
19.9808;
16.9297;
16.4203;
23.9542;
16.0577;
15.1747;
25.5611;
19.4527;
24.2344;
23.2858;
18.0598;
16.0087;
24.133;
21.1267;
21.3796;
15.5382;
16.8594;
23.1487;
12.7914;
18.4223;
27.5858;
15.5604;
13.2791;
22.0822;
19.2753;
17.3369;
18.8156;
14.2732;
12.3447;
19.0346;
14.9943;
24.6624;
17.886;
22.5353;
10.2193;
18.2473;
24.6032;
15.6158;
26.3407;
21.8283;
10.3969;
19.1109;
17.5342;
12.1652;
16.2127;
24.8372;
26.5008;
14.1658;
18.1917;
15.0907;
11.3039;
13.9537;
9.06944;
20.7809;
21.9809;
19.0547;
16.7311;
20.3914;
19.9936;
19.4339;
25.4597;
15.5968;
20.5347;
11.1133;
10.3216;
16.7829;
18.3463;
9.97033;
20.4516;
17.612;
25.2412;
20.5717;
16.6743;
11.3978;
14.3593;
14.9885;
13.5149;
10.1258;
22.3147;
18.6223;
14.004;
18.0428;
12.9336;
17.5182;
25.6198;
26.6976;
16.2612;
8.41076;
19.6004;
16.5101;
22.9307;
21.6906;
11.0152;
9.71871;
28.1898;
13.1381;
14.6981;
23.912;
17.4566;
25.5069;
21.7365;
8.95585;
18.8674;
28.8568;
19.8883;
18.0053;
12.689;
13.1312;
19.3533;
18.5325;
21.5239;
20.5619;
20.2007;
20.6534;
13.2399;
9.38827;
11.7555;
16.1527;
14.6314;
19.5084;
22.639;
23.4728;
21.5662;
20.2998;
17.4007;
16.9558;
13.33;
15.5205;
17.2622;
14.9931;
11.717;
10.6463;
29.5113;
12.556;
13.5541;
17.019;
19.2067;
23.308;
25.4072;
27.139;
25.1173;
11.0093;
21.1426;
27.3215;
13.8245;
11.5294;
21.573;
22.4118;
20.2647;
20.7533;
24.3973;
22.3555;
24.1181;
15.0511;
17.3417;
18.3317;
17.3084;
21.1864;
20.2141;
16.1386;
15.7554;
16.3003;
22.014;
16.3998;
24.8773;
24.0344;
11.8631;
20.8164;
17.1788;
11.3681;
12.1555;
21.1251;
20.2021;
20.064;
15.6957;
11.2562;
8.85077;
16.8344;
11.9608;
14.2287;
18.254;
20.2134;
13.4803;
14.2555;
16.8557;
11.8326;
21.5591;
16.7292;
19.7999;
11.1856;
13.2996;
11.3185;
14.3209;
20.9759;
18.7728;
22.1505;
17.4264;
25.8923;
12.5326;
19.4164;
13.1717;
14.8847;
16.1138;
12.4412;
17.0482;
16.7966;
19.7686;
13.5309;
21.122;
18.8693;
27.4775;
17.6043;
21.3011;
18.5709;
20.4823;
19.5354;
21.9348;
25.4005;
27.4854;
24.5942;
23.7539;
29.7412;
21.4596;
17.5579;
25.9142;
18.6651;
20.8235;
17.179;
17.8447;
21.8837;
14.0983;
15.8939;
21.7616;
11.7972;
15.4482;
12.1123;
11.9941;
10.5404;
29.9964;
28.8628;
23.3197;
26.4519;
28.1889;
14.5397;
19.8895;
22.7593;
15.8031;
13.454;
21.9418;
26.5524;
17.5841;
16.9239;
26.2774;
16.4032;
17.6273;
9.01053;
15.0138;
13.671;
13.4236;
23.4469;
19.9378;
13.5256;
22.9055;
19.6246;
16.8059;
21.0888;
18.6535;
21.5208;
23.3262;
20.4458;
21.5839;
17.9026;
16.4381;
17.8104;
20.3626;
15.1449;
22.0869;
12.3818;
22.8688;
21.1799;
16.9345;
20.1668;
18.4554;
18.217;
19.5235;
18.9293;
18.4897;
22.1546;
14.1986;
17.9465;
12.4855;
15.1261;
20.6973;
17.4999;
20.1486;
18.8142;
24.283;
15.6916;
13.8499;
15.3244;
17.7213;
15.1043;
17.7342;
16.8889;
20.432;
21.7888;
23.5551;
19.0911;
16.792;
24.2835;
24.2387;
18.467;
16.6144;
11.0931;
20.3185;
25.4488;
17.6342;
17.7855;
28.3497;
19.2716;
14.7451;
23.4687;
13.3355;
13.6832;
16.8708;
17.6074;
19.8749;
26.2269;
22.839;
26.0589;
24.992;
17.883;
14.8934;
16.7506;
10.5657;
10.83;
17.5728;
20.583;
14.7339;
21.6354;
24.0066;
28.1309;
20.3014;
17.9291;
13.9707;
15.4091;
30.6455;
19.9587;
25.1721;
16.1059;
12.8834;
33.9981;
10.1066;
18.0766;
15.2466;
20.1952;
21.6011;
12.5234;
21.6309;
29.4499;
20.0382;
22.3042;
13.0473;
19.8793;
17.0979;
19.7509;
12.4901;
16.0376;
12.1441;
16.9263;
21.9667;
12.3998;
8.40229;
21.781;
14.434;
15.4371;
19.1879;
25.4243;
21.1599;
16.3012;
13.4317;
19.1485;
11.5415;
21.6378;
17.3532;
16.0051;
17.5538;
20.6536;
22.6715;
18.9707;
23.7383;
21.4027;
23.4189;
26.4883;
24.3944;
22.8317;
26.5279;
26.8067;
16.4974;
28.168;
24.0156;
24.9573;
19.4063;
12.9847;
15.9427;
11.4264;
12.5838;
20.1217;
12.7717;
17.835;
24.6075;
26.953;
19.7418;
17.776;
21.6141;
17.6619;
22.0554;
22.2911;
14.5308;
11.4726;
17.2029;
19.0861;
20.6169;
25.6544;
13.7593;
19.992;
22.1014;
20.5009;
27.6043;
15.7584;
17.6813;
19.2363;
21.4711;
19.491;
22.2797;
18.0843;
23.4426;
17.1359;
17.0293;
16.2617;
18.8904;
17.097;
25.6382;
24.2607;
21.5371;
23.0956;
18.2011;
18.0878;
33.6141;
19.9315;
19.5678;
19.25;
14.5315;
22.0017;
22.5747;
16.4404;
19.2924;
15.4666;
17.7834;
12.0405;
10.1498;
14.8392;
18.0908;
9.23582;
15.345;
11.6722;
19.3619;
10.5732;
18.2359;
15.5183;
20.1629;
16.4659;
12.6907;
24.061;
12.3669;
12.7471;
14.8499;
15.8966;
27.0839;
29.8263;
22.0668;
14.281;
15.7162;
23.4017;
18.0899;
18.8507;
25.7162;
19.8684;
13.4848;
28.2502;
28.6903;
31.2276;
20.346;
23.9523;
24.5039;
22.8183;
22.0086;
19.0295;
20.8214;
13.9037;
25.2883;
18.2008;
12.2172;
19.1301;
21.7223;
13.7929;
9.8868;
23.8106;
26.6507;
21.687;
17.1611;
12.6916;
29.5614;
16.7772;
12.7908;
12.9397;
17.6189;
12.728;
23.7338;
20.8908;
22.6479;
20.8138;
18.0945;
15.0426;
23.8473;
20.6544;
20.0289;
9.54008;
21.8782;
25.8871;
19.8102;
9.77181;
23.4495;
22.5347;
17.3349;
18.7502;
9.64682;
12.8415;
20.3923;
15.7403;
15.4192;
15.4866;
16.621;
15.3931;
22.4336;
12.8633;
18.0098;
25.273;
24.1689;
18.4226;
24.7763;
22.5471;
19.2807;
21.7715;
24.5325;
21.5046;
17.8676;
22.5541;
19.5377;
12.1558;
8.53159;
20.6139;
16.8197;
12.2803;
22.2746;
20.3278;
25.0429;
22.2995;
18.0685;
21.7931;
17.8032;
23.4672;
26.9738;
9.40048;
7.97556;
11.1114;
27.023;
16.3399;
20.1584;
18.0121;
13.2029;
19.2429;
22.1444;
24.6831;
13.1659;
8.34125;
9.17864;
20.8908;
14.0089;
13.841;
17.178;
16.8401;
18.474;
23.8734;
14.885;
20.8884;
22.2963;
20.9624;
25.346;
17.5957;
15.6535;
15.9037;
12.7983;
19.4435;
26.0045;
21.5618;
22.0578;
11.9585;
25.5926;
18.299;
21.2751;
18.0082;
15.6011;
8.54738;
14.637;
15.6038;
10.6435;
17.5273;
20.6008;
18.308;
20.0192;
21.1484;
24.1784;
25.3524;
19.9589;
15.2146;
18.5727;
20.7429;
18.5542;
15.8981;
13.8735;
17.6099;
25.9436;
15.3628;
22.6406;
20.7406;
26.3159;
10.8526;
18.026;
16.6749;
12.8048;
21.8186;
19.4357;
21.9538;
24.0114;
8.89979;
22.3238;
14.4551;
19.562;
13.957;
16.5438;
20.1252;
17.0786;
15.2678;
18.1918;
19.0151;
22.6493;
17.587;
21.8636;
13.3772;
21.1228;
14.4075;
16.5949;
16.5426;
24.6857;
26.86;
17.197;
11.3383;
11.5509;
22.6547;
10.3554;
25.7527;
16.4456;
18.2156;
24.0964;
14.7465;
19.2571;
24.6588;
23.6667;
21.3384;
20.152;
12.935;
20.3817;
23.7678;
21.327;
17.5144;
18.2168;
21.7079;
14.7066;
29.0876;
21.1688;
24.7242;
17.6114;
17.0157;
22.1363;
12.7589;
26.3833;
17.6034;
17.6535;
17.5928;
23.2876;
17.5891;
13.8499;
18.1362;
18.815;
11.5861;
17.0252;
9.3434;
21.3126;
22.4478;
14.053;
19.354;
15.7925;
14.84;
9.34951;
18.0469;
23.7534;
22.8473;
18.4231;
17.947;
21.3916;
20.0602;
21.8963;
27.4355;
22.5023;
21.2227;
18.3254;
24.236;
11.9097;
21.0221;
24.2017;
15.1377;
18.281;
22.4653;
14.9001;
14.7528;
25.7938;
16.5306;
20.3696;
21.2836;
14.2578;
17.5469;
17.1535;
21.2947;
23.0011;
19.0838;
21.7044;
17.233;
12.0633;
17.8402;
14.4196;
12.9669;
20.1314;
20.0895;
25.0463;
21.5739;
13.5318;
23.6757;
13.656;
11.3257;
18.8956;
20.154;
10.2715;
13.0096;
14.7942;
23.8833;
12.7245;
11.8221;
17.0774;
14.6816;
20.611;
14.7357;
18.9154;
24.8286;
17.3356;
17.8812;
16.4842;
21.5696;
13.665;
16.365;
17.1692;
17.6345;
22.4719;
21.2557;
19.2852;
18.9717;
11.0309;
18.0214;
19.2804;
15.4915;
17.3235;
20.5255;
19.2544;
14.9305;
21.9822;
12.4555;
13.0559;
19.3386;
23.2195;
19.1822;
25.9847;
13.1242;
13.1871;
20.6726;
10.613;
15.4884;
18.5007;
16.4724;
10.8717;
22.0164;
10.2045;
17.4112;
17.9684;
20.8235;
23.5923;
14.8342;
26.4643;
17.1528;
19.5915;
23.7523;
12.6832;
17.7551;
20.2968;
27.7476;
21.6365;
13.2035;
10.8851;
23.0581;
17.3001;
15.9357;
24.5616;
25.1733;
24.4411;
21.6586;
18.9723;
19.2055;
22.1383;
23.254;
22.9265;
23.8839;
22.8227;
19.5222;
21.5834;
23.3868;
14.4868;
22.3113;
20.0935;
20.3098;
26.9865;
17.5477;
22.2726;
17.2078;
25.3608;
20.3028;
21.81;
23.0379;
17.6459;
22.2287;
14.3839;
24.0918;
21.6263;
17.0663;
13.285;
13.2478;
21.4331;
25.6605;
11.8219;
16.4841;
13.2918;
23.7388;
15.0238;
16.711;
18.9142;
18.6289;
22.4465;
10.7066;
16.9583;
17.3116;
16.4222;
19.6038;
23.9857;
13.3774;
20.9312;
16.7921;
18.632;
17.9739;
12.3611;
20.7831;
13.7048;
21.3019;
21.1937;
19.2963;
20.4272;
21.6746;
13.1423;
9.2753;
20.2673;
16.3614;
23.2901;
23.1926;
12.1393;
10.2555;
11.653;
10.1697;
15.0198;
9.61331;
13.2835;
14.8881;
14.9777;
8.87743;
28.8171;
13.4633;
12.1164;
27.9944;
26.0561;
16.6696;
15.6923;
22.4955;
17.0659;
24.0453;
16.7476;
29.1176;
20.1534;
12.5538;
11.3573;
17.2011;
18.8847;
14.2738;
22.3526;
23.9443;
22.3265;
20.0206;
33.2143;
15.7853;
15.993;
21.6298;
16.723;
20.2065;
21.5743;
16.0963;
14.2206;
17.2497;
18.44;
19.5492;
18.9713;
20.2674;
19.2264;
26.763;
26.6351;
19.5005;
23.1741;
15.3881;
19.368;
20.8277;
13.5748;
23.6457;
18.3414;
25.9174;
17.4576;
17.5497;
26.2704;
20.2272;
19.5876;
27.802;
25.1066;
28.7106;
16.3336;
12.6402;
18.1612;
20.9251;
13.2105;
9.26966;
13.5273;
15.8479;
24.94;
23.8985;
21.0411;
22.6369;
15.9955;
21.2903;
13.0907;
22.6389;
9.92845;
15.2727;
14.19;
15.6083;
17.473;
13.7354;
16.0568;
22.4718;
20.5403;
22.1026;
14.0206;
14.2003;
25.2864;
18.9089;
20.5823;
21.8055;
20.3401;
24.0219;
15.2864;
9.97976;
23.7004;
14.183;
17.3556;
16.2551;
18.7864;
11.9294;
21.2589;
14.105;
18.5811;
18.8904;
17.9007;
21.86;
17.0735;
20.1921;
17.3369;
16.7427;
13.3053;
16.5294;
14.6362;
17.3115;
17.2538;
18.6294;
17.8625;
24.7484;
13.7311;
18.2609;
20.4753;
16.1168;
27.9584;
15.695;
20.2933;
30.0597;
17.5736;
12.4247;
20.193;
22.0576;
19.3862;
16.1982;
17.3341;
13.9498;
27.4565;
24.8296;
18.3759;
25.2218;
15.5905;
29.0194;
23.9282;
19.98;
20.3728;
18.984;
23.1785;
15.7551;
21.3579;
22.5176;
11.4072;
17.0563;
19.699;
23.5327;
23.1914;
21.6459;
18.4957;
15.118;
17.0351;
15.3848;
20.5515;
12.5591;
16.82;
21.8969;
16.2632;
19.4652;
17.7178;
17.8631;
22.5889;
27.2376;
22.2981;
27.7456;
22.8045;
23.1843;
19.6005;
27.034;
18.9322;
11.4806;
11.9963;
22.3345;
24.0586;
25.4435;
15.6946;
18.6053;
27.0805;
26.3116;
28.2401;
22.366;
13.8722;
27.5527;
24.9009;
21.3861;
15.3998;
21.3614;
24.2819;
18.9352;
21.5945;
25.9538;
17.0219;
23.5645;
18.1986;
19.5879;
13.1766;
13.2645;
26.1078;
21.8387;
11.3835;
21.0685;
20.441;
19.3809;
27.458;
35.6184;
25.2061;
17.7058;
19.4068;
17.1791;
15.433;
26.9535;
29.4406;
20.244;
23.7344;
18.9469;
23.1958;
20.9687;
22.015;
21.0861;
18.992;
16.3645;
22.392;
20.7254;
28.3784;
22.6014;
25.945;
23.6315;
21.3999;
22.5952;
21.6925;
23.871;
20.3793;
20.6386;
21.7856;
14.1694;
25.0205;
16.8354;
19.4042;
11.6252;
16.976;
13.4604;
16.2577;
24.4589;
13.8412;
23.8834;
19.0034;
20.3152;
13.0873;
23.7369;
25.342;
13.5203;
14.4544;
19.2329;
14.6652;
13.2238;
13.6165;
21.3368;
14.5309;
15.4042;
19.3248;
13.175;
13.4873;
15.5887;
13.7445;
20.4964;
13.0868;
19.6685;
20.8693;
20.0313;
13.3948;
22.7372;
17.7058;
21.8279;
23.6999;
17.189;
18.0834;
18.4117;
14.8432;
20.0725;
13.908;
26.1627;
22.5552;
20.1309;
16.1039;
18.5738;
8.5619;
10.9939;
12.355;
13.8597;
18.4704;
12.0052;
12.7435;
15.6593;
14.4779;
8.66555;
21.8033;
22.6319;
18.908;
16.333;
24.966;
14.1756;
17.4991;
28.36;
17.3112;
15.4482;
19.0058;
18.0268;
23.8534;
26.3983;
16.9096;
18.8495;
23.9062;
22.3917;
25.531;
25.9364;
13.3096;
15.4316;
20.8048;
21.6672;
17.6654;
15.5898;
18.7234;
12.4013;
18.3022;
15.3849;
24.4481;
10.9023;
16.3124;
12.5363;
17.698;
17.1288;
17.5243;
11.4452;
22.2862;
18.8502;
30.572;
21.9441;
21.986;
17.6491;
23.4348;
28.706;
19.3986;
24.2262;
23.5503;
29.4271;
21.0412;
22.3466;
21.7867;
22.537;
22.7945;
19.3801;
24.2182;
17.3317;
17.6782;
24.0608;
20.388;
12.696;
16.9396;
18.917;
22.5163;
23.8651;
13.9734;
20.2677;
21.0525;
27.3046;
16.5313;
14.933;
21.7129;
22.562;
8.87077;
17.733;
29.6406;
17.3392;
15.2396;
11.044;
19.9166;
24.2066;
17.4524;
21.5161;
18.7931;
14.2032;
26.6281;
11.0555;
14.6182;
22.9267;
25.8467;
21.1704;
18.1405;
23.4294;
24.6574;
15.2307;
15.3576;
23.5835;
26.1435;
22.2873;
23.292;
22.437;
11.9724;
14.3223;
22.8031;
14.7848;
21.274;
15.9692;
26.1027;
21.1177;
24.2179;
15.8038;
14.7227;
17.9405;
15.9446;
20.0609;
11.4514;
19.2229;
24.3629;
22.8177;
18.0932;
17.7918;
28.222;
16.1553;
18.6838;
11.2348;
15.7314;
19.833;
12.9789;
11.3737;
12.8903;
13.4265;
15.3985;
14.6916;
12.1385;
22.4526;
21.9289;
16.549;
21.4562;
9.70962;
19.9139;
10.7899;
20.5091;
24.9217;
17.3387;
16.9964;
24.4768;
13.0493;
17.1424;
19.0105;
22.9512;
23.8686;
17.3244;
24.3878;
22.7089;
16.8766;
15.7667;
13.8237;
17.3254;
18.6703;
24.2968;
13.165;
13.9987;
15.5097;
15.9192;
24.718;
20.0098;
20.141;
18.6394;
17.2633;
15.4613;
18.8803;
25.4097;
26.5;
24.8448;
22.2177;
19.4757;
24.2252;
11.442;
15.2513;
13.3703;
15.0703;
15.2205;
16.8745;
20.919;
16.9444;
13.5551;
22.8024;
21.2699;
10.7974;
17.9674;
11.292;
13.48;
21.2954;
25.0173;
14.7342;
20.5001;
17.6873;
15.7904;
19.8623;
22.0438;
19.9094;
21.0991;
13.4013;
17.2834;
19.8426;
16.1945;
22.338;
21.7778;
18.1002;
27.0626;
18.5951;
16.5272;
27.0836;
12.813;
17.7963;
18.9469;
25.3739;
18.5528;
15.9859;
17.5842;
17.2885;
19.8262;
10.8301;
33.5301;
23.5916;
23.5209;
29.4588;
22.5431;
21.1704;
20.0524;
22.0737;
15.6405;
19.7108;
16.398;
13.5353;
20.7526;
24.2343;
15.8192;
17.4386;
13.4932;
16.9264;
17.9836;
24.4992;
16.032;
15.2144;
16.6957;
29.2458;
18.9684;
26.8635;
14.7932;
20.4278;
14.3445;
14.6622;
30.9439;
15.0136;
18.9372;
29.7778;
20.9375;
21.8742;
24.5465;
24.7844;
18.9979;
18.8469;
19.9285;
17.1012;
18.391;
26.1097;
12.5055;
20.2178;
20.7575;
14.9954;
15.2006;
19.1101;
17.1996;
12.0349;
26.5044;
24.4961;
22.0204;
24.7542;
25.2753;
16.4647;
19.2851;
21.3746;
19.1243;
18.5289;
21.2227;
19.6969;
18.1167;
21.7923;
19.5066;
15.358;
15.4438;
11.9895;
13.1435;
19.5855;
26.5447;
19.3754;
20.6474;
12.3955;
21.5173;
18.1469;
25.8642;
16.2353;
29.2852;
20.0385;
18.6627;
19.6666;
31.7272;
25.5692;
25.7366;
17.9915;
10.9495;
20.6555;
15.1539;
18.882;
17.7168;
11.7599;
19.3465;
17.9482;
17.9177;
18.0695;
24.3126;
18.6695;
17.6291;
20.391;
26.4007;
31.816;
17.4078;
20.9827;
16.9174;
16.0961;
22.7642;
10.9582;
20.8864;
33.604;
25.9923;
21.856;
20.4539;
18.4326;
10.8188;
22.8493;
15.0482;
22.5851;
21.0788;
14.8924;
19.7209;
10.0355;
19.0031;
13.9434;
20.1678;
18.1918;
14.0421;
15.8618;
22.1738;
24.4549;
12.3299;
15.0424;
22.8584;
20.5236;
27.1689;
18.1962;
15.3901;
11.0065;
12.9526;
9.25382;
10.76;
18.2977;
26.5483;
19.144;
21.1853;
12.3184;
14.1419;
17.924;
21.3594;
18.5972;
22.1287;
25.6652;
16.8822;
21.0954;
15.6889;
19.052;
22.4953;
23.4397;
20.041;
13.4788;
16.6841;
23.2439;
19.6601;
16.9845;
21.4884;
21.0492;
20.4811;
15.4431;
23.3089;
19.1349;
23.6037;
24.5591;
17.9781;
14.7952;
16.1182;
18.9243;
12.2008;
19.4937;
14.6725;
19.1776;
27.3536;
15.9079;
23.094;
17.9782;
20.171;
20.7206;
19.6565;
14.7851;
17.1935;
19.4253;
22.0986;
15.0118;
17.9377;
14.9782;
17.1534;
19.3363;
21.9616;
16.4685;
20.4778;
19.1853;
19.9083;
22.7596;
20.2943;
18.8793;
19.2036;
11.8856;
15.3013;
18.1374;
21.9112;
24.2271;
16.9598;
26.5529;
16.6777;
21.5417;
23.9817;
16.756;
18.4925;
14.8376;
15.0905;
13.5066;
19.1854;
25.5035;
27.7597;
16.8893;
13.3657;
18.0815;
19.9656;
26.9974;
19.6005;
16.3874;
18.6801;
21.8573;
15.9773;
19.5279;
20.9598;
22.9062;
12.7057;
22.8805;
15.7373;
18.4159;
17.066;
11.4957;
20.6887;
14.0828;
11.349;
18.4394;
14.361;
14.7476;
22.0459;
15.832;
13.1589;
22.1442;
15.2589;
19.0292;
24.2843;
15.5145;
15.9178;
23.3231;
17.0255;
17.3982;
16.7743;
27.4497;
22.66;
12.6175;
18.6369;
13.6879;
17.9134;
12.6841;
21.2464;
24.236;
13.9925;
21.8184;
23.1278;
17.1342;
20.2395;
16.8932;
18.9;
9.80163;
19.9465;
18.3607;
13.2743;
19.966;
20.7102;
20.5689;
13.9893;
20.6067;
23.0249;
15.6186;
20.5266;
14.3317;
16.8491;
25.5808;
14.1833;
13.819;
30.6533;
15.5589;
16.9178;
12.759;
20.4384;
20.4256;
17.226;
22.0618;
22.2015;
18.4847;
20.5658;
21.8079;
19.1283;
12.5728;
19.8545;
17.504;
23.342;
22.1327;
26.0072;
25.5068;
18.4819;
17.1544;
20.5516;
16.8541;
20.7376;
20.2355;
19.8812;
27.8161;
17.7741;
18.3498;
28.5899;
14.3356;
25.82;
18.9553;
21.8498;
32.4946;
17.0719;
22.8483;
16.1938;
16.6218;
18.2086;
22.4176;
23.2683;
14.0877;
19.4844;
19.5096;
23.0692;
22.7437;
15.4705;
20.1563;
18.2994;
14.6434;
12.674;
25.9846;
21.6678;
17.9814;
15.934;
19.0832;
22.1793;
26.7288;
31.6502;
17.0878;
13.8836;
16.1589;
26.472;
22.424;
22.2637;
14.302;
21.7639;
27.3956;
23.0648;
18.2454;
18.0527;
18.9615;
25.6482;
27.3683;
24.0833;
24.0586;
16.2574;
20.6498;
16.0487;
22.9529;
27.311;
22.3379;
20.2111;
20.2832;
19.5819;
17.0723;
18.1454;
19.9089;
18.6641;
15.3884;
21.0478;
22.7483;
23.161;
19.3709;
26.1185;
10.6598;
20.1033;
14.5575;
17.6877;
22.6901;
22.4927;
20.0557;
18.1737;
25.4475;
15.9197;
22.2101;
20.0318;
24.2875;
33.6376;
16.788;
14.3673;
24.2838;
18.8949;
20.9114;
14.5382;
31.6499;
22.2536;
15.4946;
12.5516;
19.3935;
17.8833;
16.8829;
19.6676;
19.8705;
27.4177;
22.0467;
25.521;
19.7294;
21.7439;
10.2811;
13.1164;
22.5622;
21.3267;
20.2262;
17.1091;
13.6674;
21.1593;
16.3251;
23.0687;
18.8485;
19.5468;
17.7803;
19.0812;
26.6343;
19.2817;
14.1446;
19.42;
12.4879;
24.4626;
12.8288;
22.5831;
15.294;
21.6548;
17.0403;
17.6092;
22.0067;
21.4739;
20.7443;
18.6121;
28.5767;
16.0602;
24.0084;
19.284;
22.3833;
23.7975;
15.5524;
18.9966;
14.8586;
30.6607;
19.707;
21.2878;
19.0108;
19.9033;
16.1146;
23.7495;
17.0871;
21.9665;
24.173;
18.3263;
20.4631;
23.7573;
21.909;
12.2009;
24.1128;
19.4571;
22.3696;
16.0932;
23.5917;
15.0606;
21.5065;
17.2119;
17.8158;
17.8669;
34.6502;
18.5435;
22.4233;
25.5079;
20.9447;
23.4538;
14.8001;
25.1162;
29.429;
20.828;
22.2035;
14.1345;
21.5365;
15.2808;
20.9625;
18.1447;
14.8886;
23.7005;
23.6025;
12.7625;
23.6673;
23.4037;
17.418;
22.6433;
20.7073;
12.4196;
15.6202;
18.5318;
23.0572;
19.9932;
21.7261;
23.8606;
15.071;
13.5116;
15.0503;
29.8051;
18.2181;
19.9266;
18.4092;
16.0501;
19.5735;
22.2286;
17.9015;
20.3204;
17.8603;
22.5578;
22.2618;
16.222;
28.3731;
18.7678;
23.4081;
17.7415;
12.9085;
26.6176;
14.4903;
21.9937;
22.0688;
23.5329;
22.0313;
21.3818;
16.2909;
20.1774;
17.2652;
17.7001;
25.2667;
20.4378;
26.0623;
21.9412;
14.4815;
18.5988;
22.5568;
16.1758;
16.8983;
18.4779;
24.1336;
19.7603;
16.7694;
21.7569;
19.2132;
27.6159;
20.7016;
15.6272;
14.7249;
19.2977;
18.534;
16.443;
15.5674;
21.1531;
21.6349;
15.0432;
18.9641;
26.5333;
24.7127;
25.2769;
20.0575;
17.4568;
17.4181;
14.3611;
17.8341;
23.9478;
12.9279;
22.6406;
22.1864;
22.6546;
23.187;
13.1945;
16.4813;
26.2541;
18.0938;
12.6852;
24.2762;
23.0525;
20.8875;
16.3283;
22.1879;
13.6887;
13.779;
20.9044;
10.9709;
15.9562;
22.3032;
12.7186;
19.339;
25.6864;
15.9782;
15.8801;
28.1917;
17.7714;
15.4393;
26.6706;
25.1033;
21.282;
14.4612;
17.9597;
17.3546;
16.8485;
15.1881;
19.4488;
19.7911;
23.9453;
14.3574;
26.7013;
14.8311;
17.158;
21.5978;
14.6002;
21.7301;
21.9859;
28.6162;
20.8636;
23.587;
25.9331;
20.1658;
22.4325;
21.797;
22.4308;
17.6402;
21.2581;
19.6596;
21.3883;
25.278;
25.0297;
15.9256;
24.9539;
16.5679;
21.9027;
21.8769;
18.586;
25.5856;
20.6421;
19.7623;
19.4215;
28.8471;
24.2808;
13.57;
16.3112;
19.3984;
26.8636;
15.154;
13.6453;
21.9809;
17.3386;
19.3552;
23.1536;
16.1846;
17.7658;
19.0275;
14.3195;
11.9657;
17.1252;
16.3706;
15.3084;
25.7264;
22.8314;
23.894;
34.7445;
22.2623;
21.758;
16.5687;
15.8576;
21.9177;
17.8873;
18.741;
25.3792;
27.6797;
16.4664;
22.4119;
19.3874;
26.4805;
12.9011;
21.5017;
23.7913;
15.0252;
20.1551;
24.9528;
15.3413;
16.4266;
26.1464;
18.6789;
13.4214;
15.7028;
22.9882;
22.3154;
23.5934;
17.2938;
18.4898;
24.876;
23.6213;
23.9266;
22.3224;
31.542;
20.6023;
20.0227;
17.3011;
21.7965;
21.07;
21.3945;
17.6945;
29.4114;
13.2406;
15.6336;
26.7619;
19.0838;
14.7706;
16.8217;
23.5423;
22.7047;
17.0761;
25.6117;
14.2095;
15.8776;
18.9313;
17.5659;
10.4687;
20.1819;
20.3863;
24.7076;
21.6187;
26.1833;
24.8533;
22.0854;
23.7671;
19.4349;
27.3042;
18.2658;
20.213;
23.903;
16.7253;
15.543;
20.7954;
22.0232;
14.7932;
20.4399;
18.8358;
27.6378;
19.1745;
23.9547;
24.4477;
27.7054;
20.8324;
20.4342;
16.688;
20.0488;
20.54;
16.6749;
22.3372;
19.9099;
25.2625;
21.785;
16.0992;
21.2836;
17.3408;
14.8035;
20.7486;
15.8887;
19.2198;
24.9636;
24.8156;
12.7065;
17.6627;
15.9861;
21.9349;
14.8705;
18.7841;
21.9774;
19.5091;
19.8867;
18.1076;
19.4913;
17.8197;
16.8901;
25.4432;
16.8692;
14.883;
22.3482;
13.7098;
15.9114;
15.3017;
20.8325;
16.2823;
17.7161;
20.068;
25.5174;
18.5554;
25.3419;
21.629;
14.9074;
21.3719;
19.9684;
23.815;
14.6161;
19.6763;
19.9201;
20.9598;
21.3763;
16.3811;
23.4349;
14.5826;
16.6094;
21.3398;
18.4344;
26.8279;
23.345;
28.0801;
22.2506;
28.7297;
15.2266;
22.3552;
18.5652;
29.2136;
17.5975;
20.6447;
24.6458;
13.7384;
21.2378;
23.4995;
16.7518;
16.0623;
16.3958;
19.682;
22.2189;
21.31;
25.3668;
29.5438;
13.5558;
18.7171;
21.1087;
20.8081;
14.8768;
31.3492;
19.3641;
23.037;
14.2112;
22.7382;
20.1133;
19.4888;
20.8831;
13.288;
14.8809;
20.6007;
26.6809;
21.4492;
13.231;
15.4783;
18.2018;
17.4352;
16.305;
25.0678;
24.5353;
19.1678;
13.9363;
17.5485;
13.4568;
20.4225;
26.9917;
20.9346;
24.679;
20.8003;
20.0842;
19.5957;
13.2039;
25.881;
17.4431;
17.4403;
17.5955;
27.2767;
28.0994;
19.5124;
20.7236;
21.797;
18.1101;
18.7446;
18.4453;
22.1499;
14.2731;
13.7046;
24.6146;
16.0417;
24.0223;
20.9645;
19.4619;
17.0332;
13.4047;
14.9327;
20.9506;
15.631;
16.0881;
21.6058;
17.0172;
25.0452;
23.9702;
21.3616;
29.6771;
26.8097;
22.4956;
19.7872;
14.1818;
17.3654;
18.3676;
17.9903;
16.9124;
22.6208;
20.4183;
18.3669;
24.0481;
28.2695;
18.0923;
17.0128;
16.6036;
18.3854;
30.3238;
19.2351;
26.2073;
21.6537;
13.37;
18.5759;
23.6597;
18.0563;
27.6323;
29.6001;
17.8177;
19.8116;
16.0257;
30.3387;
20.1765;
16.352;
18.6019;
17.0934;
9.04623;
16.7383;
18.5257;
21.0487;
17.3184;
17.1229;
16.4565;
24.7324;
25.9832;
16.3851;
25.5262;
29.2017;
10.3095;
18.7769;
12.7699;
19.0359;
27.5767;
21.1129;
18.7375;
14.4732;
20.3601;
9.34154;
19.1429;
19.2248;
22.8429;
17.7284;
27.5382;
21.4149;
21.3601;
20.0431;
19.1999;
19.159;
17.2061;
24.8397;
21.9485;
22.5582;
23.7607;
22.0972;
18.4607;
20.6784;
18.423;
19.8864;
19.2056;
27.796;
23.0937;
13.3453;
21.3184;
24.566;
19.3414;
18.6378;
20.6361;
24.1492;
22.2239;
16.5619;
19.259;
18.1645;
25.8414;
22.2283;
17.3628;
21.5454;
16.9377;
15.2791;
13.5209;
15.4086;
19.7057;
18.9877;
28.7197;
26.2082;
13.944;
16.5239;
17.2975;
25.8852;
16.6024;
13.4266;
14.9669;
21.2432;
16.3347;
16.2291;
24.6634;
18.0189;
24.8142;
21.6088;
25.5659;
25.6793;
19.6849;
20.0509;
27.1442;
16.5718;
24.9991;
18.7292;
20.2227;
17.6123;
15.4002;
23.3211;
22.1644;
22.3096;
17.1698;
17.4855;
31.1388;
17.7713;
24.4493;
17.1501;
28.8841;
22.5331;
15.1353;
20.4613;
15.4921;
23.7081;
22.7978;
23.8449;
18.2572;
19.2948;
16.251;
18.5376;
23.4386;
15.1035;
16.0936;
24.0172;
24.7554;
19.0144;
22.7663;
21.6078;
14.4144;
25.2775;
23.2929;
17.3721;
20.215;
23.1617;
19.2918;
20.2948;
20.373;
17.5588;
27.6812;
21.0224;
13.196;
14.0023;
15.6136;
24.0485;
23.2476;
14.9179;
21.8145;
20.5556;
24.5083;
20.15;
14.0457;
18.0671;
20.5734;
24.3107;
15.1862;
24.6623;
24.6761;
26.5465;
24.2811;
29.9302;
15.3051;
21.8155;
23.1267;
23.063;
24.3705;
15.4564;
21.4562;
35.6527;
24.2836;
27.0285;
21.9153;
18.6574;
22.5092;
22.7417;
24.7746;
10.9397;
15.0438;
23.2662;
11.9407;
19.9266;
17.6921;
21.0525;
13.8028;
19.8961;
22.4727;
15.6338;
16.3771;
20.5878;
23.6222;
25.4192;
21.6125;
28.252;
15.0615;
16.8479;
26.2138;
20.4108;
11.3371;
19.0765;
14.2207;
11.07;
17.2701;
19.9415;
15.0457;
21.0616;
17.1336;
20.4724;
14.6273;
23.5709;
24.5376;
21.4408;
16.1477;
17.9983;
17.8325;
25.9857;
21.7254;
24.6096;
21.9696;
13.286;
23.0268;
20.2859;
18.5393;
28.3791;
19.0223;
17.3179;
20.7065;
26.9261;
16.832;
24.3656;
31.9536;
15.4617;
18.1765;
18.8771;
17.443;
17.5067;
13.9879;
20.224;
14.9106;
18.0643;
19.5325;
17.5341;
19.1569;
16.8257;
22.3554;
30.6895;
16.0001;
16.7719;
18.0035;
23.4799;
23.4465;
20.176;
28.4845;
24.3995;
32.9738;
15.8547;
16.6438;
16.437;
29.1397;
18.2314;
18.512;
21.9006;
17.5897;
25.8802;
23.7549;
18.3578;
21.7072;
16.0293;
18.8793;
32.3959;
17.1219;
25.1914;
17.2653;
14.7867;
17.9853;
14.8787;
22.4323;
21.002;
19.0626;
27.4554;
24.4393;
26.2964;
21.8003;
18.1837;
17.4203;
17.928;
26.7399;
23.6554;
20.7726;
20.3351;
22.945;
17.7933;
22.652;
18.9045;
20.9032;
16.2071;
16.5613;
20.0126;
17.3718;
18.4446;
18.3807;
20.5635;
19.4816;
19.2241;
21.1341;
20.7319;
17.4231;
17.3262;
20.6422;
13.9118;
16.1621;
16.0047;
14.3346;
21.9548;
24.3133;
17.6437;
21.286;
20.0463;
22.0426;
17.347;
18.7111;
19.5915;
22.7216;
20.2455;
21.635;
21.8053;
15.5287;
22.896;
20.1159;
20.0046;
20.751;
16.0598;
27.8042;
19.4621;
22.2978;
23.8245;
17.48;
20.8173;
17.3912;
22.1172;
14.2218;
29.996;
23.5789;
15.7015;
27.7174;
17.0943;
20.5724;
24.9576;
17.3093;
11.6793;
23.5516;
22.1704;
17.199;
17.7836;
19.2448;
18.6449;
25.3001;
20.4349;
15.4289;
23.0757;
21.7299;
15.9568;
23.2227;
24.2016;
28.3095;
16.516;
20.0306;
19.9943;
24.7917;
20.3594;
24.3629;
25.0767;
29.3133;
29.4428;
19.8153;
29.3837;
24.2748;
21.2097;
22.3652;
27.5859;
27.494;
23.3834;
31.1243;
21.9223;
23.2545;
25.1224;
26.8051;
24.2969;
17.7051;
17.4103;
17.6923;
26.9621;
22.204;
17.5241;
13.4506;
23.5531;
17.9311;
18.3901;
25.0879;
16.4613;
19.6248;
14.3894;
23.1703;
29.0613;
23.9823;
25.1726;
13.4098;
21.9805;
18.0597;
20.8839;
20.1004;
23.037;
20.2594;
15.6005;
18.2936;
28.4498;
18.9515;
19.446;
20.5837;
18.1033;
16.2316;
19.7746;
14.6225;
14.2299;
17.5476;
20.6387;
21.7011;
27.3116;
17.1147;
18.0414;
23.4709;
32.4192;
16.1379;
19.5065;
19.5101;
13.5308;
20.6505;
19.472;
21.0417;
22.6031;
21.5477;
23.3711;
19.3747;
17.3133;
22.6296;
18.0049;
24.8709;
20.743;
25.4621;
21.2971;
18.3998;
26.7131;
14.0136;
20.6668;
20.4085;
14.5181;
29.7867;
19.7172;
22.1559;
25.0694;
17.3337;
19.8851;
28.3257;
24.4286;
19.2712;
17.0066;
17.439;
21.4589;
22.0787;
21.9744;
19.1638;
22.5484;
14.6493;
21.012;
20.371;
18.9302;
20.1683;
14.6098;
21.5414;
11.9231;
19.8148;
17.5259;
19.7811;
17.9089;
19.2801;
21.2374;
20.8214;
19.4879;
21.5675;
16.8934;
14.13;
21.8748;
19.5112;
24.179;
19.6317;
16.6307;
14.2262;
22.2391;
16.2972;
21.5009;
22.1256;
23.939;
15.0495;
19.974;
13.0213;
22.4605;
11.5098;
15.4036;
16.4473;
24.4809;
20.4942;
18.4254;
16.8674;
20.3902;
28.4072;
31.5076;
19.6737;
14.7652;
18.8665;
13.2566;
26.4112;
17.4975;
18.6896;
25.6408;
20.1369;
20.389;
21.7121;
17.9393;
15.7134;
21.5889;
18.1769;
23.8482;
29.6106;
19.3273;
19.4838;
16.8857;
18.5197;
27.9685;
24.3537;
16.6278;
26.211;
19.0503;
19.2902;
19.9251;
19.759;
17.6251;
14.3594;
17.4571;
26.2569;
21.5695;
18.7448;
21.6235;
22.2168;
29.0861;
16.8279;
15.7557;
19.2296;
17.05;
18.8705;
17.4064;
19.2183;
13.964;
24.2915;
21.3484;
17.2313;
19.1835;
22.7768;
16.0012;
17.4306;
17.2546;
16.8968;
18.8317;
28.7964;
17.728;
23.1303;
19.0042;
23.4197;
29.6505;
20.3485;
17.7678;
13.4864;
21.2968;
18.4633;
21.0846;
20.4885;
29.265;
23.8655;
17.7091;
20.5744;
21.2326;
14.0795;
16.9848;
15.1085;
20.8787;
19.0754;
21.3773;
20.3516;
15.4529;
18.2445;
23.1513;
23.6023;
24.675;
13.7532;
24.2631;
22.4957;
18.5636;
23.764;
22.6273;
18.3296;
15.5841;
18.8661;
17.4379;
17.4007;
20.0677;
21.9136;
17.6635;
20.1953;
14.3051;
22.5014;
22.5722;
15.1447;
12.8143;
18.2876;
21.8809;
25.511;
15.2834;
21.1042;
15.8584;
23.504;
24.1949;
24.8031;
21.3232;
19.4117;
16.444;
28.1324;
18.0044;
17.4702;
17.8981;
21.642;
24.7363;
20.4157;
16.6626;
20.4966;
15.7133;
16.7439;
16.8197;
16.5891;
16.0916;
26.0883;
21.5882;
21.8563;
22.098;
20.682;
19.5935;
20.5564;
18.4724;
20.3562;
24.7098;
20.2604;
22.2525;
13.8807;
23.4146;
24.3121;
17.9403;
16.9452;
22.2103;
19.2394;
30.2464;
23.3149;
24.3384;
22.1786;
18.816;
23.2391;
17.7983;
19.2704;
25.0881;
21.3303;
26.4177;
28.0833;
17.2016;
23.8612;
17.983;
20.2409;
19.824;
24.0397;
16.4413;
17.2689;
18.1862;
22.1049;
16.8171;
25.8871;
25.0518;
23.5135;
24.5352;
16.7097;
18.6521;
18.1467;
22.0239;
21;
20.2504;
20.3186;
22.8437;
22.0472;
19.4017;
19.0903;
14.8692;
22.1869;
20.1955;
17.0139;
25.3271;
26.3374;
17.84;
17.2186;
17.2249;
19.7106;
20.182;
16.8193;
18.9724;
15.979;
15.2369;
20.9357;
29.0264;
17.1793;
20.6053;
21.292;
17.4386;
23.2642;
20.6959;
15.6206;
19.8341;
17.5475;
14.1161;
18.4423;
19.3037;
16.0854;
17.9538;
15.2409;
21.2103;
22.1525;
20.1057;
14.9729;
24.8207;
21.1447;
25.9012;
17.5945;
21.7641;
27.475;
29.446;
18.336;
23.1406;
21.3348;
13.6552;
24.3636;
19.0008;
28.9942;
16.4119;
21.4223;
26.3852;
16.9625;
22.2753;
16.8888;
15.7502;
26.3619;
17.8677;
24.4777;
21.2945;
16.0354;
15.5173;
26.2306;
19.6744;
24.0191;
17.0668;
19.9458;
20.0512;
18.1301;
19.7465;
20.937;
22.4701;
12.9348;
24.0382;
26.7251;
23.3395;
22.6929;
22.0355;
17.6987;
21.4156;
22.8162;
23.1187;
25.1155;
19.3072;
24.5565;
19.9581;
19.8508;
20.4351;
20.2653;
20.919;
17.0699;
16.2707;
24.6512;
17.7594;
19.8764;
25.7011;
20.2824;
19.1246;
23.4746;
27.3109;
17.5956;
19.2683;
16.2754;
17.8594;
22.6359;
14.6617;
24.5748;
18.6065;
17.2994;
19.6652;
20.3954;
17.9707;
14.6806;
15.9018;
21.631;
14.9389;
27.268;
18.4441;
27.5235;
26.5343;
20.6711;
15.4667;
22.1134;
22.211;
22.1622;
15.3873;
21.451;
20.9139;
24.1981;
18.5533;
24.3729;
18.0654;
19.8191;
21.2339;
15.3417;
24.8331;
26.2205;
17.5906;
15.9305;
19.4701;
18.9909;
15.8817;
25.6406;
16.6762;
25.0421;
21.9495;
19.3249;
25.9646;
14.5302;
21.5024;
22.6529;
18.8874;
19.5885;
12.1493;
19.8245;
19.2376;
19.3448;
20.6363;
18.449;
17.4934;
23.9185;
22.7005;
17.5414;
23.6826;
23.8314;
23.8419;
24.3936;
20.028;
18.65;
18.7195;
21.7959;
23.6834;
18.9631;
21.4626;
21.7773;
22.1611;
23.0275;
16.6548;
22.1408;
20.3967;
31.0187;
22.5093;
21.7961;
24.1039;
18.0155;
21.8433;
17.8977;
19.3765;
22.8446;
21.2528;
19.5489;
18.4715;
20.5678;
19.8653;
21.8513;
23.7557;
21.3903;
18.8346;
21.8688;
20.9051;
15.3102;
16.5427;
19.9967;
30.535;
17.848;
20.5407;
21.7537;
25.2273;
17.1238;
11.8804;
21.5181;
17.3076;
18.6534;
18.2344;
21.5475;
14.8342;
23.0297;
14.0471;
13.6943;
21.9989;
19.6359;
24.0172;
17.0317;
21.512;
19.4755;
15.6441;
11.6165;
22.7247;
22.3518;
18.3469;
16.5356;
20.396;
18.4406;
25.5627;
22.5131;
19.905;
18.2274;
22.176;
18.2982;
16.9545;
22.2005;
23.251;
24.334;
20.4892;
19.8962;
23.0302;
22.925;
27.4603;
17.8183;
20.8793;
17.5487;
15.3444;
22.6355;
21.9537;
29.1708;
22.1405;
20.5306;
20.3511;
19.6751;
23.5913;
23.928;
21.7566;
19.3728;
23.2166;
24.3749;
21.5497;
21.7547;
27.7659;
18.8843;
26.434;
17.915;
20.7038;
20.5042;
23.8961;
25.2615;
19.5655;
21.7712;
28.5673;
21.0425;
23.059;
22.0334;
18.33;
19.9418;
19.461;
17.2582;
23.5284;
19.1828;
21.4838;
17.4953;
15.6878;
20.1908;
22.4712;
20.1561;
24.3416;
22.3068;
22.6531;
24.8235;
23.6849;
21.1984;
22.5575;
19.005;
31.5038;
27.6327;
19.9215;
24.1735;
20.0747;
19.1988;
26.3722;
24.9574;
16.3116;
23.937;
17.1846;
16.937;
23.5534;
21.2548;
21.4547;
20.4689;
18.3466;
19.5921;
15.0777;
17.485;
20.3054;
31.9487;
24.1298;
25.7662;
21.7466;
23.9444;
33.458;
23.0975;
16.7711;
19.0692;
15.841;
21.5223;
26.1627;
22.6058;
20.0467;
17.411;
23.7834;
21.1839;
17.3512;
15.3051;
22.304;
22.6684;
17.2006;
15.0696;
19.4685;
27.427;
22.2002;
25.7228;
22.6347;
22.1313;
29.6897;
19.32;
19.7388;
17.9625;
23.4842;
15.3258;
17.3099;
19.7223;
24.0645;
19.586;
26.863;
22.9378;
25.374;
25.3568;
25.835;
28.5871;
18.96;
18.457;
19.7604;
19.0657;
20.3167;
22.7751;
21.1777;
15.1263;
16.2723;
20.657;
13.6415;
18.4706;
18.7098;
17.1404;
17.5163;
16.4669;
19.8949;
27.0165;
21.0643;
22.6645;
13.897;
18.8111;
23.5279;
19.7617;
21.2681;
17.7384;
18.9364;
15.3112;
20.7455;
21.3858;
24.233;
19.8465;
22.5664;
18.2198;
22.294;
25.2175;
21.6452;
23.5284;
22.9061;
19.965;
30.2407;
19.5295;
26.5234;
24.0887;
24.1548;
22.3451;
24.7817;
25.2501;
18.1045;
23.4661;
18.7882;
25.9849;
21.1109;
21.6787;
20.5;
21.2222;
21.6501;
17.3171;
16.4688;
22.3258;
21.3036;
20.7946;
15.3519;
19.2444;
22.4136;
17.3887;
17.2514;
18.3522;
18.7694;
22.9925;
18.2051;
21.4452;
24.1405;
17.8168;
20.1389;
18.7959;
18.6962;
22.1248;
24.5594;
15.5666;
18.4968;
26.5748;
21.1399;
22.3717;
25.4647;
22.6818;
13.6782;
23.7885;
15.5688;
17.6142;
22.5591;
15.728;
17.6122;
19.4434;
26.4767;
24.4293;
23.0849;
15.8149;
17.7602;
20.0646;
16.7011;
23.4286;
20.5402;
18.1786;
24.4781;
19.2959;
26.314;
21.4778;
22.3756;
24.3844;
22.1335;
23.6151;
18.2767;
19.1258;
21.5877;
19.3773;
18.9951;
22.9926;
19.476;
23.8129;
21.6455;
23.9323;
25.2059;
21.402;
24.2055;
27.0368;
18.466;
22.7564;
26.0223;
17.544;
20.5685;
18.8448;
16.9482;
14.8825;
27.5913;
20.8145;
19.3974;
17.8121;
19.8264;
21.365;
14.7302;
17.4647;
28.1125;
17.2011;
25.177;
17.7431;
12.5486;
21.6952;
22.1075;
22.1389;
21.3318;
19.0856;
18.3259;
23.0825;
18.2195;
21.3581;
15.1345;
18.3589;
23.8193;
19.2937;
21.831;
20.4296;
18.8811;
18.1605;
24.2816;
21.2453;
21.1874;
21.1067;
16.7066;
24.633;
26.0924;
19.0119;
21.8719;
17.6362;
21.4443;
19.6276;
13.5275;
23.7017;
20.4483;
18.605;
17.8174;
16.7833;
22.7955;
26.1679;
22.2828;
27.0682;
23.002;
21.2718;
22.5449;
17.5881;
23.953;
18.5868;
19.8525;
19.4335;
20.6664;
29.7966;
23.1484;
18.3486;
23.4139;
19.0509;
13.2521;
17.8102;
19.2289;
19.9169;
20.5532;
24.2178;
25.2097;
21.883;
19.9671;
17.9042;
22.0532;
15.4283;
20.9976;
15.6823;
17.7774;
17.6116;
17.7154;
20.0063;
22.6685;
15.7799;
21.7369;
17.2077;
21.3293;
20.9843;
14.2942;
18.9649;
30.1121;
22.5962;
21.7052;
22.5123;
21.8255;
19.2852;
19.9437;
16.2443;
22.9041;
17.0474;
23.9349;
21.1777;
16.4727;
21.0757;
20.137;
27.5049;
17.9985;
24.6337;
20.1088;
21.325;
18.7242;
22.8255;
18.955;
30.7939;
23.5917;
20.4627;
21.07;
22.0986;
23.2965;
17.4904;
21.5578;
24.1874;
15.238;
16.4343;
21.9864;
18.3817;
21.8813;
24.1881;
14.3415;
24.0184;
23.5854;
18.8626;
18.0502;
22.837;
21.9408;
25.2961;
25.4028;
19.7416;
18.3856;
20.6009;
20.7175;
21.1159;
17.951;
25.9341;
27.6724;
18.1556;
18.7892;
22.5025;
18.3713;
22.9819;
25.1351;
26.0837;
17.5729;
20.9119;
19.0493;
24.8104;
18.0333;
18.815;
19.5065;
22.2798;
19.5511;
20.889;
22.13;
21.845;
27.1993;
24.2293;
23.5617;
24.6382;
22.9984;
26.4353;
22.3955;
22.2945;
20.1122;
25.6382;
22.9152;
19.1595;
17.5486;
18.4481;
20.9588;
19.7315;
15.8168;
16.1131;
29.9008;
16.5554;
25.4219;
23.1301;
25.5563;
16.0727;
17.8332;
17.7081;
26.8577;
23.277;
18.2121;
24.4882;
21.0506;
28.6716;
18.9936;
18.7889;
20.0987;
22.1992;
22.8588;
22.8229;
20.0183;
25.1825;
20.9808;
18.3681;
25.6793;
17.5418;
21.6967;
23.6156;
19.6215;
19.5964;
21.8859;
15.133;
18.3756;
23.1611;
15.2034;
22.8993;
22.8791;
17.2245;
23.5043;
20.5213;
22.0197;
23.204;
23.6946;
22.191;
21.777;
19.271;
15.6843;
25.3501;
19.2134;
19.8616;
20.6826;
20.4076;
20.8873;
23.9999;
24.882;
19.8194;
22.189;
23.5273;
23.0258;
19.7407;
19.2227;
17.0677;
18.3722;
19.4177;
18.7583;
21.0238;
21.4889;
25.0596;
19.3707;
23.2897;
16.3533;
15.4376;
22.3162;
21.8292;
25.0157;
18.571;
21.0428;
26.396;
26.4268;
20.1235;
23.9072;
19.4679;
17.4061;
27.7234;
19.3927;
19.618;
28.6013;
20.0828;
20.4956;
19.0294;
24.829;
23.4784;
30.4745;
19.7613;
19.0409;
24.8419;
15.648;
20.7287;
30.0052;
23.2479;
18.9313;
24.6958;
20.3841;
18.6785;
16.9097;
20.3461;
17.3268;
21.8355;
20.5787;
23.7191;
15.093;
19.5632;
26.589;
21.3983;
23.3187;
19.5555;
26.9735;
22.1683;
23.0436;
19.8117;
18.4012;
22.6437;
20.6831;
20.9272;
22.712;
22.7172;
18.2949;
20.5932;
18.8;
17.2093;
20.9857;
22.4591;
28.005;
16.911;
20.5267;
17.9595;
15.555;
18.9622;
24.3341;
27.018;
21.7308;
26.159;
16.0241;
18.6974;
15.2453;
18.5401;
26.0261;
19.5955;
19.6022;
20.9738;
23.3452;
18.1521;
20.3066;
17.6025;
22.8934;
19.1862;
25.7381;
22.4299;
22.6476;
22.7701;
21.6046;
25.8779;
19.9259;
19.2794;
21.9785;
21.3843;
18.5767;
23.3446;
23.4347;
21.4076;
16.8821;
22.6214;
23.3169;
17.9745;
21.1617;
20.7216;
19.94;
21.4619;
21.2853;
16.792;
24.7151;
14.8556;
21.8449;
21.612;
22.1767;
13.6308;
21.1102;
20.1339;
13.8593;
23.1276;
17.1688;
18.3359;
19.0277;
27.7506;
17.0532;
22.8841;
15.9761;
21.0268;
19.7583;
18.5802;
18.6176;
22.4195;
16.2433;
23.2784;
20.5243;
27.3495;
19.9542;
19.8331;
22.3734;
17.0056;
16.1657;
21.0874;
18.2152;
26.3831;
23.3982;
19.1711;
20.4169;
20.9209;
26.2892;
16.443;
19.6212;
20.1461;
19.1221;
19.2275;
20.4644;
22.6231;
18.5683;
23.6865;
22.947;
18.0373;
23.975;
17.2252;
23.1551;
22.7933;
23.31;
21.0139;
27.0619;
17.4021;
18.0766;
18.2266;
19.8554;
19.1238;
18.9661;
16.5184;
18.0609;
19.7625;
21.3795;
20.2705;
26.7357;
17.5859;
18.5192;
19.3809;
18.9251;
21.3554;
24.8815;
16.3416;
17.9784;
15.9853;
20.661;
14.8294;
20.6719;
21.7133;
24.6873;
16.0638;
21.9562;
28.3344;
23.1636;
22.9575;
19.8927;
19.9459;
15.0756;
20.3506;
19.3784;
12.3656;
21.8452;
20.8056;
21.0215;
19.8875;
16.525;
18.9467;
17.7923;
23.4646;
23.7277;
19.1498;
14.0297;
26.8504;
24.6619;
20.2013;
22.7899;
24.9705;
22.2829;
17.0063;
19.8445;
17.2741;
25.6075;
18.5272;
14.6145;
15.0329;
21.9921;
15.04;
19.3091;
22.3683;
20.6588;
20.5288;
21.5074;
19.1965;
15.754;
23.8469;
23.5056;
23.0024;
22.9952;
19.0353;
18.4926;
21.4475;
19.0253;
19.8875;
22.4467;
21.1595;
21.9359;
14.7323;
20.7324;
22.3929;
19.0789;
20.7185;
20.2379;
26.8386;
17.6227;
19.2597;
18.2082;
21.57;
22.4174;
21.3095;
24.2695;
17.881;
21.3979;
19.7906;
25.7325;
19.073;
20.876;
29.0943;
18.2282;
15.7831;
30.5709;
23.2645;
22.5334;
17.7414;
17.6354;
20.4667;
23.3234;
18.4584;
18.2058;
21.2954;
18.3252;
17.2906;
21.8897;
28.484;
20.3618;
16.0461;
21.5539;
24.4415;
21.8307;
18.3176;
22.0625;
19.0049;
20.1766;
20.7837;
21.6762;
19.5799;
16.2907;
19.0193;
22.4804;
19.456;
23.9042;
20.8833;
20.1907;
20.5779;
19.2072;
18.7502;
20.6737;
16.6532;
17.198;
18.1599;
22.4702;
25.2569;
15.1355;
16.0008;
15.44;
17.392;
19.9674;
19.7765;
14.5165;
19.0321;
21.8807;
18.7523;
18.0694;
26.909;
21.1204;
19.7877;
19.8119;
21.8039;
16.5797;
24.8218;
17.4025;
20.7053;
21.2083;
23.5789;
25.8611;
17.693;
19.2115;
20.3207;
20.1885;
23.0585;
21.6715;
28.6107;
23.174;
17.0987;
25.0806;
16.8043;
19.4382;
20.5068;
20.668;
18.1274;
22.2296;
23.3082;
13.0364;
22.0239;
20.0121;
23.268;
15.2525;
19.6392;
24.8536;
15.9241;
20.1532;
16.9936;
20.6027;
21.2474;
17.7994;
22.1185;
23.9411;
21.543;
22.4205;
20.3865;
24.0518;
16.1436;
17.5619;
15.92;
21.0191;
21.7751;
16.6782;
12.6555;
19.0532;
23.29;
23.6733;
19.7983;
25.2913;
19.1994;
18.2774;
17.248;
23.8037;
21.8019;
22.6389;
16.9747;
18.9254;
25.0061;
19.7178;
22.0987;
20.3636;
22.0608;
18.0654;
17.441;
15.0055;
19.7745;
23.9195;
19.522;
16.0719;
20.4516;
18.729;
17.313;
18.4517;
21.2055;
21.1234;
15.7248;
20.8209;
21.1904;
21.7198;
16.1463;
22.2742;
21.6782;
24.2314;
18.296;
23.2212;
24.255;
17.9099;
19.8801;
24.6566;
19.5286;
17.1167;
23.5088;
24.4268;
15.4208;
17.924;
24.079;
18.6808;
20.4542;
21.1419;
23.9564;
25.9247;
17.4884;
19.3187;
18.2272;
22.9344;
23.3546;
16.359;
23.4306;
20.7356;
20.9307;
24.9316;
25.3431;
14.9991;
17.8009;
21.0624;
23.2661;
19.3943;
15.8568;
18.5964;
24.4478;
20.6362;
18.9319;
20.0417;
18.1467;
21.9154;
22.3669;
19.0983;
19.9188;
23.4537;
23.5981;
17.039;
16.6372;
18.9263;
14.5433;
21.8634;
15.7673;
25.5053;
21.7218;
20.2271;
18.628;
22.0725;
18.4858;
19.4994;
13.0103;
22.1306;
27.6848;
26.8432;
23.6942;
18.9447;
20.1003;
21.1994;
22.0678;
23.9297;
17.266;
15.0351;
22.787;
17.1732;
18.6533;
21.5961;
19.107;
21.8048;
20.0048;
21.8165;
22.5258;
17.9614;
20.6612;
18.429;
17.7091;
22.2535;
23.2957;
18.0504;
19.6586;
16.7627;
23.6066;
23.1609;
18.8275;
18.2189;
21.524;
21.1447;
22.0873;
14.3255;
22.5226;
21.9677;
18.0834;
16.7751;
24.0109;
19.4465;
18.1422;
24.9712;
16.7517;
21.7976;
23.3166;
16.2996;
17.1292;
18.3731;
19.2022;
17.9687;
21.19;
16.9689;
20.6135;
22.8576;
20.2132;
21.1477;
16.1964;
17.368;
20.0384;
19.1595;
19.7822;
22.606;
15.0423;
18.4968;
19.8653;
16.7982;
17.1387;
13.0094;
24.366;
19.8119;
19.5943;
17.238;
21.2764;
20.8761;
15.4544;
16.9375;
22.0088;
18.6636;
19.6272;
24.4776;
17.5406;
17.0552;
17.6573;
11.4707;
18.8099;
25.5946;
26.0869;
22.4631;
17.1579;
21.9589;
16.1084;
17.9386;
18.322;
13.779;
16.3027;
18.3578;
17.4998;
16.7443;
16.4811;
18.6189;
19.2238;
18.7192;
19.0271;
18.8161;
20.1929;
17.4402;
19.7315;
19.8429;
21.7056;
21.0501;
14.8504;
21.6748;
22.1426;
17.4188;
21.2123;
23.7556;
23.7577;
15.9318;
17.3152;
24.3509;
18.4718;
24.8603;
22.5856;
18.0421;
16.6502;
20.4608;
16.7495;
18.0346;
18.0931;
16.0422;
19.0818;
17.8261;
20.1638;
19.9972;
18.8336;
17.1928;
17.791;
21.8595;
17.4913;
18.1848;
22.0074;
19.9232;
19.2869;
18.1839;
18.8273;
20.8906;
22.3225;
20.9971;
26.8381;
18.4203;
21.5943;
18.6976;
22.089;
27.0282;
18.9641;
19.8332;
21.1205;
21.0153;
19.6465;
17.5507;
14.638;
17.6487;
19.2385;
18.6695;
18.8592;
21.8173;
18.0352;
15.9383;
18.3156;
14.661;
19.5986;
16.3734;
18.4672;
16.764;
25.7167;
19.2364;
22.6073;
18.62;
15.2213;
15.8533;
16.9509;
15.8183;
18.2427;
17.2849;
19.8848;
18.091;
20.0103;
18.0749;
20.0542;
22.2347;
15.705;
18.636;
16.8013;
14.1381;
22.4624;
21.8972;
17.1779;
19.7738;
17.6173;
15.2251;
19.2259;
19.2602;
18.7174;
18.7843;
17.3875;
20.7093;
18.1561;
16.949;
19.3203;
19.2617;
14.1054;
22.0467;
20.9875;
15.3121;
19.8305;
22.1457;
14.0347;
20.0368;
12.4199;
21.9145;
21.1033;
20.6453;
17.5604;
18.8462;
18.0713;
17.8602;
22.2201;
18.7796;
15.1197;
18.758;
20.8569;
15.4392;
23.1502;
16.5268;
23.1562;
18.4108;
20.3506;
19.325;
19.0601;
16.406;
17.7646;
15.4638;
17.3944;
21.2598;
19.5053;
19.6535;
20.7612;
23.7835;
17.6498;
19.812;
15.7115;
21.6614;
13.8368;
16.371;
22.7165;
18.0437;
19.6584;
19.9266;
17.2652;
16.734;
13.8609;
19.1106;
16.7567;
20.2927;
19.4755;
14.1074;
15.7692;
16.9581;
17.2839;
19.1464;
18.7495;
21.1851;
20.5472;
16.8502;
18.2121;
21.1017;
20.3651;
21.494;
18.0511;
17.9766;
18.0607;
19.998;
17.3233;
20.0819;
20.4446;
20.2601;
17.7314;
24.0597;
20.2409;
20.2367;
16.5181;
15.978;
19.73;
23.9719;
17.672;
18.6045;
22.5739;
16.7956;
19.3388;
15.5382;
17.7907;
21.1431;
21.715;
19.6449;
15.9304;
18.9907;
18.6068;
17.308;
17.951;
27.9632;
17.2527;
17.1494;
18.9971;
16.6556;
17.8414;
21.3894;
20.3844;
17.0236;
18.6284;
13.0394;
22.2966;
20.4296;
24.492;
20.4167;
19.4474;
15.6983;
21.3966;
16.7226;
17.9775;
20.1391;
15.2129;
15.757;
23.4067;
16.3498;
19.0565;
18.8222;
16.5334;
14.8263;
20.5161;
17.8007;
21.464;
16.7289;
18.1162;
15.3988;
17.1632;
19.7146;
19.5503;
16.6866;
19.0637;
24.6101;
14.1539;
17.5328;
13.6429;
19.2186;
17.9224;
17.3447;
16.9155;
19.0663;
19.5374;
20.0137;
18.4188;
17.1809;
19.174;
18.991;
23.6233;
23.652;
17.8528;
20.2952;
17.9703;
21.0543;
17.5413;
24.3014;
16.0556;
21.938;
18.0999;
19.4212;
20.5866;
19.0262;
19.2212;
20.6004;
16.6469;
19.9193;
19.9797;
22.5727;
16.4039;
19.7522;
18.7328;
16.0803;
16.4694;
18.5751;
21.8394;
20.3949;
16.1433;
18.7521;
14.0604;
18.1537;
18.2218;
18.3749;
21.5735;
18.7542;
20.3038;
19.5763;
19.4133;
17.7469;
23.6158;
19.84;
15.2815;
19.4387;
16.7977;
15.9655;
19.6992;
18.2966;
17.4718;
19.7836;
18.8637;
18.6354;
20.73;
13.8725;
14.739;
21.2564;
22.3634;
24.4815;
23.137;
19.4427;
17.6866;
20.6816;
17.5004;
17.8592;
20.1471;
22.6237;
17.0683;
18.7491;
17.0781;
23.9731;
18.3963;
21.0249;
17.0684;
14.8401;
17.6844;
19.1571;
17.3352;
15.4724;
19.5233;
15.0554;
20.4111;
18.2775;
21.7964;
19.6525;
18.8259;
21.4956;
17.4902;
20.494;
14.5776;
25.2021;
22.8129;
21.555;
15.4311;
19.3395;
19.1593;
23.8446;
22.0275;
12.9705;
21.1137;
18.3241;
16.6366;
13.0842;
15.5847;
18.406;
15.1862;
20.4285;
20.5017;
22.0483;
17.9608;
20.7123;
20.0853;
17.4393;
20.6876;
19.7533;
23.0408;
18.0114;
19.1096;
17.0105;
19.1537;
19.7032;
20.1314;
24.0629;
15.4655;
17.1182;
16.4313;
23.0867;
17.9676;
15.8716;
17.9829;
17.0267;
15.6574;
23.6227;
18.3832;
21.2973;
23.5036;
20.6102;
21.1724;
15.9071;
17.4394;
21.9429;
19.2888;
18.8902;
19.9209;
21.8159;
24.1398;
18.6901;
16.4448;
20.7596;
15.7809;
24.9185;
17.1967;
15.0855;
13.4131;
20.0972;
18.3733;
21.9258;
20.1121;
23.1951;
10.7847;
22.4222;
18.1606;
17.9787;
16.9135;
18.1393;
18.1524;
17.6598;
15.8743;
22.7875;
26.1826;
18.786;
17.0761;
15.804;
15.3582;
18.5226;
17.0978;
19.378;
14.3412;
17.247;
15.8612;
16.4031;
18.6306;
13.8623;
15.4455;
20.5909;
21.854;
16.1047;
19.5562;
22.8179;
17.5526;
21.8787;
17.697;
16.7046;
20.0924;
17.0301;
18.5761;
22.1616;
19.9738;
17.4814;
18.6397;
13.9722;
18.198;
17.1267;
17.9094;
17.7332;
15.7629;
17.6923;
18.2258;
21.5917;
16.9589;
18.4756;
23.8791;
21.2375;
18.9778;
17.2723;
16.8682;
14.4451;
19.0663;
16.7178;
17.1295;
20.5433;
16.6004;
19.8861;
20.4988;
19.8801;
16.6671;
15.605;
16.5255;
19.6487;
19.0696;
21.2328;
15.315;
20.1279;
16.733;
15.1756;
23.8579;
16.4194;
18.2696;
18.1512;
25.5739;
17.2593;
18.8492;
19.2586;
20.6097;
17.629;
16.9662;
22.4187;
15.0706;
15.3606;
18.0436;
16.5248;
18.3219;
20.646;
16.9724;
18.5406;
21.7798;
20.329;
19.7855;
20.6128;
18.5555;
19.5767;
20.6525;
18.854;
25.3149;
15.0892;
17.7117;
25.5397;
17.9547;
20.3867;
17.3423;
14.8675;
13.5348;
18.4338;
15.3049;
16.1687;
20.0955;
17.1575;
13.4675;
20.8046;
13.2852;
20.0517;
21.3882;
21.2967;
18.1147;
19.8049;
21.7979;
19.6341;
20.9975;
17.6088;
14.9172;
22.5248;
20.5619;
20.3209;
18.2592;
16.1477;
17.4332;
17.713;
22.4189;
21.3556;
18.1325;
16.5399;
24.6796;
18.8858;
16.3585;
19.8709;
17.2803;
19.7989;
18.7806;
19.5593;
19.9999;
15.3645;
17.9092;
21.8933;
19.7388;
18.354;
16.2086;
17.9999;
22.9933;
13.2878;
20.4376;
20.9395;
15.93;
16.4184;
17.5815;
15.7326;
20.4023;
17.9454;
16.7305;
18.8926;
17.0992;
19.3383;
21.9913;
20.3473;
20.2459;
21.697;
20.2013;
18.9854;
18.518;
19.8409;
22.7401;
16.1409;
22.4079;
11.5894;
19.5956;
14.1745;
20.8887;
17.9978;
19.9252;
20.2476;
17.5358;
18.9405;
24.2092;
21.8552;
16.0323;
20.886;
20.5336;
16.4452;
20.4709;
20.2794;
16.9526;
14.7327;
17.5847;
20.2364;
15.4556;
19.7151;
15.7554;
23.4248;
18.4012;
20.4576;
21.02;
20.5285;
18.2227;
13.755;
25.1035;
16.4965;
20.8516;
16.394;
23.076;
17.6222;
20.0631;
16.3229;
21.2581;
19.4907;
23.2441;
16.7142;
14.4987;
21.6416;
18.743;
19.1062;
20.3553;
15.5076;
21.0848;
18.3091;
18.3163;
15.7804;
19.9198;
17.9148;
16.519;
17.2953;
20.2058;
20.4456;
17.3041;
17.0469;
20.1018;
19.7495;
14.7846;
16.2695;
18.4239;
18.1413;
16.8415;
16.1011;
20.7772;
18.1014;
15.7924;
17.6848;
18.8573;
20.9357;
19.5277;
17.2302;
16.988;
21.2511;
15.6425;
18.5242;
21.0981;
22.0059;
18.1974;
18.3633;
18.9775;
13.7019;
21.2269;
15.871;
21.6079;
15.549;
15.2085;
16.8054;
20.6199;
17.3776;
13.3798;
24.59;
21.8668;
17.6621;
18.3313;
16.344;
19.5825;
21.4857;
22.8225;
16.0181;
24.0454;
14.1027;
17.6123;
17.8235;
16.9726;
20.1107;
19.3479;
17.2989;
15.5844;
13.6724;
18.0718;
15.4897;
17.5465;
15.2164;
19.9289;
19.4836;
21.657;
15.8591;
20.2332;
18.8585;
19.9549;
16.5697;
20.1449;
17.9612;
17.3094;
18.2412;
16.9237;
18.7334;
14.7175;
16.5459;
18.4966;
17.3239;
13.6443;
21.3232;
17.6501;
25.1298;
17.6339;
21.2645;
21.6023;
21.9935;
19.4493;
16.6431;
18.7326;
16.7625;
15.2995;
18.9266;
18.9158;
15.855;
16.284;
18.3414;
19.0887;
20.2906;
19.9185;
13.8184;
16.2605;
19.172;
18.4731;
19.7134;
19.5494;
17.1902;
19.7016;
21.9189;
18.3288;
16.9272;
15.2863;
17.326;
17.5663;
14.3935;
18.3137;
16.6967;
18.3081;
20.987;
15.973;
14.4179;
14.0906;
20.0979;
18.4584;
16.7228;
27.6191;
23.5245;
18.2355;
17.3559;
22.2409;
16.5362;
20.0152;
15.3304;
17.7831;
15.2355;
15.1437;
18.6946;
19.1824;
17.7216;
18.0458;
18.0892;
15.805;
20.3007;
16.774;
18.5464;
14.6305;
15.0944;
18.3396;
17.5695;
16.744;
20.7337;
15.1975;
20.8537;
16.52;
19.0084;
13.9474;
19.4119;
22.292;
19.107;
19.9096;
19.5702;
17.8529;
16.0111;
19.2098;
16.5911;
16.3366;
15.7043;
17.3859;
15.2655;
20.2967;
19.1339;
17.8764;
19.8791;
16.85;
15.4016;
21.3538;
19.77;
16.6168;
19.9796;
16.5244;
24.8397;
19.4357;
16.6872;
17.3017;
18.9413;
17.3652;
17.5178;
17.6482;
21.2972;
12.3106;
22.7925;
19.2001;
21.4341;
17.8129;
18.4754;
16.1687;
17.5817;
17.206;
15.5378;
13.5678;
16.6291;
15.5171;
21.8287;
18.0805;
18.9045;
18.2236;
19.2663;
20.4419;
20.8844;
16.0548;
16.1053;
14.7728;
13.5536;
18.4262;
19.8139;
15.8932;
16.3889;
20.5391;
15.1234;
16.8266;
21.2379;
15.5496;
17.7157;
17.5255;
18.4261;
14.9575;
16.2486;
19.3869;
15.971;
16.6349;
18.5658;
17.1404;
21.6676;
23.5958;
19.1073;
18.4502;
19.2404;
19.2532;
16.5047;
17.6704;
13.9673;
19.6503;
19.1303;
19.3555;
20.2146;
15.9767;
18.4283;
20.3232;
13.8172;
20.6792;
15.9336;
15.947;
21.5187;
12.9996;
20.411;
17.8521;
12.4131;
23.5903;
16.6035;
17.3179;
24.5508;
19.0016;
15.5727;
19.5818;
15.9392;
19.2684;
22.0566;
16.3814;
15.3943;
17.0152;
21.0058;
15.3052;
14.53;
17.7187;
18.0835;
21.417;
17.7014;
20.2767;
17.109;
19.2636;
17.0184;
18.0382;
19.9702;
19.4957;
22.1815;
16.6342;
16.729;
17.6194;
17.1398;
20.7275;
20.7903;
21.4531;
18.9938;
19.1816;
17.1125;
20.8457;
21.7191;
22.5905;
19.953;
21.0798;
14.0561;
19.185;
19.3834;
16.5231;
20.5924;
18.3389;
18.6625;
17.0012;
17.8896;
18.7028;
20.793;
17.2032;
22.3884;
23.8246;
18.042;
17.5565;
19.112;
19.3125;
18.6313;
21.5891;
19.041;
15.8948;
21.0275;
15.4472;
16.5399;
16.6206;
19.629;
17.1185;
18.9899;
16.2037;
27.8128;
18.9629;
21.3414;
22.3419;
20.6094;
20.2223;
21.0233;
18.3035;
20.9147;
16.7412;
17.9841;
17.6402;
20.3059;
20.0752;
18.6471;
17.8945;
15.1623;
18.2733;
20.4228;
18.5948;
20.319;
16.2834;
15.6974;
16.5637;
17.6072;
16.7035;
12.8265;
19.3482;
20.907;
18.2415;
26.6992;
17.3988;
16.0042;
14.2465;
17.2494;
16.3552;
14.2544;
15.5203;
17.8348;
17.9438;
16.1738;
14.8324;
22.9807;
16.6774;
21.3622;
15.6096;
17.3596;
16.8789;
21.4856;
18.3992;
14.9621;
20.5088;
21.6664;
16.6721;
17.385;
17.6005;
16.3501;
20.7855;
14.1624;
16.8204;
17.1111;
16.3762;
18.1631;
16.3344;
16.4849;
18.0299;
20.0657;
16.1883;
17.4864;
17.2028;
17.3379;
22.1025;
19.4647;
19.0383;
16.6108;
18.4794;
22.2755;
25.8548;
16.8173;
15.6728;
14.2431;
17.2655;
20.2592;
18.8478;
21.75;
16.0719;
23.448;
20.1067;
17.2709;
19.3007;
19.2342;
21.516;
17.7718;
20.6783;
14.2356;
15.0265;
17.1619;
20.0535;
15.4111;
24.7908;
19.615;
17.51;
18.0162;
19.0847;
17.3547;
18.5625;
14.1706;
19.2898;
18.3526;
17.5104;
19.3399;
15.5343;
18.2953;
16.089;
23.0359;
17.248;
15.7779;
19.9064;
19.1623;
16.3666;
17.4026;
15.7892;
17.2157;
14.852;
16.3956;
20.0528;
18.989;
17.4631;
17.2554;
18.7968;
17.0994;
14.999;
20.2291;
16.8876;
18.1134;
21.3882;
20.381;
20.7412;
18.1493;
16.7134;
21.8108;
17.0769;
14.8182;
17.7009;
16.5647;
17.8766;
18.7779;
18.9962;
15.0727;
18.2549;
17.2017;
18.3831;
17.5469;
20.6591;
20.2493;
18.4298;
22.0059;
17.1637;
15.6286;
17.1466;
18.6969;
16.3482;
15.888;
16.9425;
18.3123;
21.1436;
18.3586;
19.9938;
14.8565;
16.521;
20.9276;
20.5567;
18.3569;
15.5063;
18.1661;
18.4831;
17.5358;
24.8226;
21.1047;
21.4528;
21.9764;
21.3495;
16.5568;
16.7456;
20.5786;
17.8894;
23.6348;
20.3974;
18.5453;
16.382;
17.3502;
22.5711;
19.903;
17.409;
16.0242;
17.284;
18.8826;
19.3924;
14.3326;
18.155;
21.703;
15.699;
18.6318;
17.3651;
19.3664;
15.8755;
17.027;
16.1076;
15.1737;
18.0554;
14.2013;
18.7432;
19.5291;
14.1273;
19.253;
18.3641;
19.6268;
16.4424;
21.2818;
17.8793;
16.054;
15.4786;
14.1995;
18.054;
19.3408;
16.8137;
14.4412;
24.997;
15.8532;
16.4967;
16.8622;
21.2827;
18.8457;
18.2165;
13.2567;
20.5071;
17.7801;
19.944;
17.4141;
20.4878;
16.4992;
21.5078;
15.0597;
17.8031;
18.1556;
20.0768;
20.9802;
17.1502;
18.6331;
20.9146;
17.0621;
16.4887;
22.1956;
18.2424;
13.2382;
19.3729;
17.752;
18.3681;
16.721;
20.388;
17.7304;
17.8911;
22.6172;
20.0429;
20.5645;
18.249;
17.062;
16.8009;
16.694;
18.5713;
18.1696;
14.85;
21.3717;
16.7506;
17.8085;
17.4116;
18.5515;
18.3224;
15.3961;
15.9367;
16.593;
13.9678;
20.9392;
17.4603;
17.5275;
23.147;
19.0624;
22.0403;
18.8255;
17.3852;
19.3755;
16.0803;
20.5988;
15.4495;
18.2739;
15.3502;
19.3614;
17.7614;
19.3552;
14.6454;
15.4764;
22.9296;
20.0384;
16.1575;
19.016;
24.1103;
22.3979;
20.8755;
16.5481;
23.5524;
14.5378;
16.8647;
20.545;
15.8885;
18.371;
19.0507;
13.0029;
19.9421;
22.9588;
20.9375;
19.7867;
15.4;
16.1206;
16.9477;
19.8476;
18.9387;
18.3628;
17.806;
15.5462;
23.4824;
15.1529;
15.3447;
18.1592;
13.2776;
18.1599;
15.7447;
17.744;
16.5498;
20.1993;
15.273;
15.6824;
16.8937;
14.3221;
16.5928;
15.5411;
18.1268;
16.2262;
14.5492;
19.5206;
19.1763;
18.2027;
19.4789;
20.4382;
19.4868;
21.2072;
19.1546;
14.9461;
20.5966;
15.783;
17.8976;
14.9697;
14.4609;
18.4166;
15.1166;
19.8599;
18.0837;
13.2691;
20.8819;
17.0241;
19.3237;
17.6171;
20.5509;
19.2519;
12.6442;
17.596;
18.4871;
17.9803;
15.5415;
18.1316;
20.4826;
17.2829;
17.1286;
15.8122;
17.6768;
21.3625;
16.4707;
18.1834;
15.6707;
21.5101;
18.1621;
16.6386;
22.2098;
21.5553;
15.0655;
19.6505;
22.0257;
18.9457;
20.6627;
20.6967;
18.0367;
18.4395;
20.1871;
21.5699;
20.9628;
15.7086;
17.1747;
19.107;
18.7267;
14.81;
18.9072;
18.3401;
19.9792;
15.6876;
16.3985;
19.4393;
18.9441;
18.2406;
19.191;
18.5551;
18.0188;
17.8266;
19.1268;
20.3341;
12.1758;
20.3804;
17.0678;
18.6025;
20.3933;
16.9598;
18.0631;
18.2113;
16.9599;
17.4778;
16.1884;
11.482;
19.2747;
21.4784;
16.7124;
15.4452;
16.7442;
16.1138;
18.578;
16.6293;
18.8128;
17.9748;
19.9075;
20.3067;
19.4155;
15.1225;
16.2829;
21.6196;
19.0833;
18.2804;
20.5674;
20.0693;
20.8462;
22.3259;
21.8364;
19.403;
21.3202;
17.5778;
20.6666;
16.3864;
16.0785;
16.7235;
18.4251;
18.5514;
15.7974;
19.0368;
17.6214;
16.9024;
18.9584;
14.5329;
19.7058;
18.6752;
18.0437;
15.8938;
17.3298;
17.9067;
20.3227;
17.7369;
19.1841;
17.3912;
18.096;
18.4418;
17.033;
16.7512;
20.3581;
17.5145;
14.6612;
18.5383;
17.8508;
20.2389;
16.7604;
17.5431;
15.226;
19.9053;
16.1549;
22.5384;
19.2755;
19.056;
16.8646;
15.7274;
19.0648;
19.9955;
16.4863;
19.2801;
19.0603;
17.5296;
17.172;
15.2167;
15.5099;
18.2527;
18.5625;
18.7229;
13.7759;
17.8283;
16.5285;
20.7358;
18.3009;
15.8367;
19.7497;
16.3262;
20.6172;
18.4496;
16.006;
13.8476;
16.3192;
18.6285;
16.8257;
16.9892;
19.3494;
14.8055;
17.5142;
17.1135;
18.4605;
15.5222;
18.4906;
16.8242;
16.3914;
20.3536;
20.3849;
17.8686;
20.3556;
18.062;
20.1005;
17.3092;
18.3381;
18.7082;
18.0062;
15.4102;
17.5655;
17.7261;
17.2596;
18.9717;
22.123;
18.5714;
20.2672;
12.3525;
19.2928;
16.5405;
23.8495;
19.684;
12.7827;
18.945;
16.8156;
15.3188;
19.0288;
19.7458;
17.2693;
19.5676;
18.1475;
16.6567;
17.6368;
16.7652;
21.4935;
19.6541;
17.134;
20.1371;
20.0672;
20.1982;
16.6172;
17.4417;
14.823;
17.0391;
18.6967;
15.3027;
18.4667;
17.1953;
17.6729;
17.0264;
17.8328;
18.633;
20.2501;
19.0099;
20.3089;
15.8091;
18.5451;
19.0442;
18.272;
18.1653;
22.0915;
18.4509;
24.2191;
16.4063;
15.0366;
16.2226;
15.0168;
16.3074;
17.8314;
19.7267;
17.7771;
14.5363;
17.0431;
16.0721;
15.7305;
19.9643;
16.3685;
17.9562;
17.7909;
20.9645;
16.2652;
21.5123;
19.2524;
17.8395;
21.0701;
15.4857;
17.4962;
21.3073;
20.1902;
20.4854;
20.0243;
14.7963;
21.9633;
22.1364;
15.0478;
16.6674;
19.6211;
17.9015;
17.1423;
20.3425;
23.2096;
23.1674;
18.7399;
20.2671;
15.7234;
18.019;
19.2462;
17.5045;
18.9346;
19.5328;
16.321;
13.5415;
17.0043;
18.877;
16.1071;
18.8096;
16.1823;
13.7076;
15.8793;
16.6189;
20.0916;
19.7122;
18.1971;
15.8673;
17.2825;
14.0716;
16.4946;
20.7333;
12.816;
17.0261;
19.3574;
16.6914;
21.0394;
20.5481;
12.1324;
17.1165;
20.1092;
18.8429;
19.426;
19.0966;
15.8985;
13.3009;
18.4263;
13.4044;
20.7485;
16.4773;
16.4038;
20.0099;
14.6912;
19.1619;
19.3691;
17.3989;
15.3637;
16.1641;
18.0342;
17.2042;
14.712;
17.4992;
21.0591;
20.7809;
16.4979;
19.4202;
16.8696;
16.6098;
19.8051;
16.772;
17.2343;
18.7374;
16.0958;
21.0198;
16.0971;
16.908;
16.6674;
21.5422;
18.6631;
18.1973;
17.2175;
18.7657;
19.5331;
19.8833;
13.2978;
17.2148;
13.9917;
12.6789;
15.243;
16.8215;
19.7655;
17.2189;
20.5269;
18.1336;
16.7156;
19.8683;
15.5346;
20.1431;
20.8197;
18.1507;
17.3496;
17.0426;
16.5019;
16.4548;
16.0733;
19.6258;
18.8757;
16.365;
17.1849;
17.7973;
18.3153;
16.7023;
17.3402;
16.2321;
14.3379;
19.7803;
16.7136;
17.4509;
19.085;
16.0132;
18.1439;
17.1831;
15.2218;
16.209;
17.1989;
18.6947;
17.7738;
19.1765;
15.7268;
18.5503;
21.1155;
19.861;
16.5581;
20.4725;
16.5991;
18.6063;
23.2222;
15.2194;
17.5406;
15.4879;
14.1038;
18.2142;
16.3959;
21.3213;
16.002;
21.9269;
17.0185;
16.3726;
18.2135;
16.0948;
19.4235;
20.112;
20.3659;
16.5372;
20.5769;
18.6917;
18.7577;
14.9583;
15.7522;
19.9261;
21.0654;
19.1944;
16.6498;
19.7477;
17.5287;
18.7894;
18.0741;
17.764;
16.8874;
14.9207;
16.631;
15.464;
21.6867;
17.5496;
15.4184;
21.7201;
18.6398;
22.5878;
15.7342;
17.6445;
16.69;
16.6971;
21.7161;
16.7136;
17.5809;
20.4487;
19.1655;
22.0719;
17.7304;
18.7238;
18.2879;
16.724;
16.2088;
16.0894;
19.7649;
16.2857;
15.2603;
14.082;
15.4441;
18.2028;
19.5753;
19.1837;
17.1281;
16.689;
18.5079;
22.4851;
18.7085;
18.0104;
15.8751;
18.2877;
18.7548;
20.0307;
18.7461;
18.7298;
17.3766;
20.8779;
15.3469;
20.6394;
14.6;
14.3527;
16.8794;
17.8339;
18.0352;
16.9729;
19.1292;
17.646;
19.601;
18.1751;
18.7079;
18.5781;
22.4132;
18.6921;
19.5274;
20.3989;
15.3178;
19.7804;
17.825;
17.0024;
15.6642;
17.1685;
19.5039;
20.9557;
18.2401;
17.1568;
14.5251;
17.3917;
19.8554;
15.8542;
18.551;
17.2234;
15.922;
18.3463;
18.2676;
18.8436;
18.3377;
19.5029;
17.8159;
19.0952;
19.6268;
19.8024;
18.2048;
17.5089;
19.2069;
16.7121;
18.1534;
16.0294;
18.463;
18.3757;
17.6263;
15.2987;
16.2102;
19.4284;
18.4673;
15.6632;
17.0356;
17.9653;
19.6911;
15.7227;
17.9323;
20.0543;
18.26;
18.1735;
20.1122;
17.7451;
14.6668;
14.0749;
18.8231;
17.8335;
18.464;
18.4634;
18.4732;
18.1684;
21.3266;
18.1829;
18.055;
18.2855;
18.3841;
14.1065;
14.633;
16.105;
18.1788;
18.9595;
15.1359;
19.5624;
21.7063;
17.7778;
19.982;
16.6201;
18.793;
22.7514;
19.1807;
15.6662;
17.2563;
17.2064;
18.1916;
18.9495;
15.5541;
18.36;
20.1002;
19.479;
17.8666;
23.2902;
17.0666;
17.8308;
21.0984;
15.7158;
16.3941;
19.9118;
18.5723;
19.7751;
17.0196;
18.3488;
17.8088;
13.7243;
18.3254;
15.8257;
16.8619;
17.4707;
19.4146;
18.4144;
20.2027;
17.3682;
21.0424;
18.2812;
15.6347;
17.7047;
23.4201;
17.2672;
15.232;
18.6008;
14.3393;
18.3324;
16.3851;
17.3348;
14.7718;
16.426;
17.1108;
16.9225;
16.0242;
20.1128;
18.0249;
15.6413;
15.9538;
15.7877;
17.5633;
15.792;
17.0557;
18.6289;
16.0697;
18.5696;
17.1217;
15.7623;
19.7414;
17.4283;
18.9484;
21.5672;
14.893;
19.5824;
15.9457;
17.5014;
17.1755;
15.4014;
16.8994;
18.4225;
18.1907;
18.0254;
19.3065;
20.4249;
23.1506;
16.1807;
16.9824;
20.7333;
17.609;
19.2416;
17.3892;
21.1057;
17.5852;
13.9587;
17.3581;
15.471;
16.0397;
19.3444;
19.5978;
15.5953;
14.3615;
20.2046;
19.0411;
15.2359;
17.4127;
21.1633;
19.8894;
14.7663;
15.4435;
16.1276;
17.6886;
19.073;
20.41;
17.5089;
22.5673;
19.1558;
18.6562;
17.6431;
20.2238;
19.8514;
15.1168;
20.0049;
17.0495;
18.887;
18.7464;
12.3841;
19.4519;
18.0895;
18.7245;
17.0986;
14.843;
20.9333;
16.7954;
18.1186;
20.6767;
14.184;
16.8756;
15.0392;
15.0418;
18.8311;
19.6388;
18.6585;
16.9827;
19.1923;
19.4257;
19.1022;
18.3538;
16.2255;
16.9842;
16.1474;
17.5096;
18.4938;
16.34;
18.3213;
17.9213;
15.9448;
18.4606;
17.7929;
14.5607;
19.3945;
17.7924;
15.6865;
15.0946;
17.7529;
17.9479;
18.9386;
14.2563;
20.8555;
15.4494;
16.7278;
18.2029;
15.7022;
16.6878;
14.5619;
18.727;
20.853;
17.9289;
15.7704;
16.8409;
19.362;
15.3311;
16.5269;
17.5329;
18.875;
16.3791;
16.8989;
15.5365;
18.2018;
13.2651;
17.8427;
15.897;
17.4677;
14.7957;
17.3573;
17.9298;
15.4812;
19.0278;
20.4788;
16.8097;
15.7665;
15.0196;
14.4258;
17.0618;
19.0408;
16.8568;
17.2901;
17.86;
17.8598;
15.9737;
19.0807;
16.4522;
19.6993;
15.9057;
18.1969;
15.3709;
16.1529;
15.5476;
17.3694;
16.9251;
15.5722;
18.4475;
15.9875;
14.3898;
16.5936;
15.3046;
18.1808;
16.9811;
15.6964;
16.7246;
17.4611;
17.6242;
17.42;
15.8266;
12.4071;
14.4811;
14.7066;
15.7278;
14.6926;
14.6013;
18.8428;
16.7536;
16.7162;
18.3073;
16.2507;
20.8023;
18.942;
18.2023;
17.154;
17.3226;
17.0114;
19.9512;
13.6514;
21.1256;
17.4611;
16.9981;
24.9924;
17.6498;
14.5907;
20.1069;
17.7643;
17.314;
19.0794;
15.9637;
17.5323;
18.1262;
22.4933;
14.3188;
17.2275;
17.7493;
15.9671;
14.3757;
14.5093;
15.8819;
14.5273;
18.5162;
16.3516;
11.9636;
16.6258;
17.3455;
14.1029;
16.6295;
17.9088;
17.3211;
19.238;
16.5354;
14.5695;
15.0627;
19.2199;
17.065;
14.771;
17.7206;
16.3724;
17.1789;
18.819;
18.4163;
16.2035;
16.1343;
13.8168;
17.7035;
17.7689;
18.1366;
17.3261;
18.8853;
20.4829;
16.8232;
17.4324;
17.3288;
15.6751;
16.5204;
17.3468;
18.5694;
17.6666;
19.5798;
17.0376;
16.3829;
16.2598;
17.5838;
15.0884;
17.6066;
19.0193;
16.3287;
19.4793;
16.7982;
18.934;
19.2063;
14.7479;
18.6852;
17.5275;
17.431;
17.5567;
16.9273;
14.8019;
14.222;
15.87;
17.7206;
15.9947;
18.7336;
19.0301;
16.095;
15.8537;
16.8583;
20.6275;
14.7385;
17.9733;
20.1278;
14.7623;
16.5897;
20.2315;
17.4479;
18.613;
19.2525;
16.4071;
14.5282;
16.3777;
16.6324;
15.9138;
16.7407;
15.3118;
17.3102;
16.0764;
23.1796;
16.2391;
15.4087;
18.2215;
14.3959;
18.1787;
16.002;
16.6175;
14.0515;
15.1807;
16.0211;
16.2121;
16.4768;
19.5457;
14.8605;
18.9602;
17.5126;
16.4038;
17.1981;
16.6117;
16.946;
16.313;
13.719;
18.1975;
15.7208;
16.5979;
18.0892;
15.4208;
17.0516;
15.5311;
13.6528;
14.5442;
15.7755;
19.4831;
17.7286;
19.5713;
17.8254;
17.6669;
15.56;
19.751;
16.4111;
15.2183;
18.3365;
15.8357;
18.7644;
14.406;
15.4179;
15.7493;
13.1499;
17.0685;
15.5044;
15.6798;
17.9765;
18.9466;
15.8266;
16.41;
17.2145;
15.3802;
12.9686;
14.7237;
18.5417;
14.6001;
16.9093;
19.6515;
16.104;
14.96;
18.1021;
15.8597;
14.9727;
16.8272;
17.2482;
18.1336;
16.7741;
17.569;
18.9995;
17.0053;
14.6171;
16.3694;
21.2568;
16.1105;
13.5498;
18.0217;
15.6483;
15.3426;
15.7337;
14.6649;
16.0494;
17.5692;
13.8232;
18.6271;
16.5907;
18.5926;
20.5074;
12.7395;
16.7124;
14.4596;
23.2612;
18.7205;
15.2747;
16.1829;
18.4117;
16.7796;
16.8916;
17.864;
12.835;
15.1013;
17.7549;
13.957;
14.7866;
20.2308;
20.1342;
14.8029;
16.5024;
15.1313;
21.3705;
18.1455;
18.7129;
14.6419;
14.7753;
14.0409;
16.7091;
18.5184;
15.7851;
17.2205;
16.1407;
14.9486;
16.1498;
19.5023;
16.1457;
18.1638;
18.2328;
18.3012;
14.9842;
15.4841;
16.7604;
17.8738;
17.2731;
17.8838;
17.8323;
14.3936;
18.0774;
15.66;
17.3178;
17.5081;
18.3784;
17.3312;
16.4255;
17.5855;
18.253;
18.2511;
15.6248;
15.4642;
16.417;
15.0281;
19.1505;
17.7;
16.3897;
14.4427;
15.4375;
17.4985;
17.1741;
17.947;
18.9905;
14.9481;
19.7249;
17.3634;
18.8027;
19.4193;
13.9552;
16.9171;
15.5225;
18.6938;
18.8632;
17.276;
21.3987;
18.5947;
14.7094;
17.5678;
13.8051;
14.2297;
17.3567;
14.2173;
16.3766;
17.7287;
16.3681;
18.523;
16.9515;
16.5865;
17.4078;
14.9168;
18.163;
16.5016;
15.9541;
20.3103;
16.7207;
17.2516;
17.6315;
15.3103;
15.0307;
17.0493;
13.2655;
16.5861;
16.6754;
13.8278;
16.7872;
16.345;
16.5408;
16.9857;
18.175;
18.733;
16.5965;
15.2419;
14.9398;
16.4267;
16.5628;
19.9165;
17.541;
16.8848;
15.4064;
17.4431;
15.7591;
13.4276;
11.9214;
16.8606;
16.4336;
16.5746;
16.3906;
20.5574;
16.2416;
16.0207;
17.4153;
16.4999;
17.4441;
16.6305;
14.3397;
14.3984;
16.8777;
16.759;
16.2789;
17.2709;
19.7122;
20.6547;
16.2428;
15.7727;
16.3352;
16.8496;
16.7353;
16.4241;
17.0139;
20.8714;
19.4166;
19.2461;
14.9545;
14.4472;
15.4085;
13.193;
14.3973;
14.5627;
15.3171;
16.1657;
17.148;
14.0268;
15.2721;
19.3924;
18.9955;
17.1057;
16.5158;
17.316;
17.8037;
18.8609;
15.7562;
16.9875;
14.6686;
17.6188;
16.5994;
14.3477;
16.1951;
14.423;
14.9735;
16.5706;
20.0295;
16.6692;
20.7347;
16.2366;
18.3698;
15.8473;
20.8327;
20.3222;
17.8487;
16.3226;
17.0744;
16.7222;
15.5068;
14.9139;
15.2517;
14.2792;
18.7333;
14.7799;
15.9675;
19.7229;
14.8874;
15.8353;
17.1407;
16.2687;
15.266;
13.9987;
14.9016;
16.3885;
15.2514;
14.9065;
16.0302;
12.721;
12.8341;
20.6177;
13.6635;
13.4073;
13.9643;
15.3013;
17.7691;
19.5472;
18.8829;
19.8798;
16.3183;
17.2797;
15.2773;
15.7333;
14.3365;
17.8014;
17.8557;
15.8496;
19.7894;
18.8989;
14.72;
15.7865;
15.8604;
20.3036;
15.2492;
18.2701;
15.2958;
16.8309;
17.4755;
17.0949;
19.5793;
18.9011;
21.4811;
17.478;
14.6247;
15.2463;
14.0432;
16.9533;
14.5187;
16.5159;
16.6005;
16.5556;
14.8068;
15.0732;
15.1292;
16.3254;
14.449;
14.1403;
16.6857;
17.7803;
16.7572;
14.6139;
20.4145;
17.993;
17.6072;
13.3266;
17.929;
15.5249;
16.4608;
13.4066;
14.6434;
19.3069;
17.0512;
15.2517;
22.1252;
17.8965;
18.2858;
14.6962;
19.3287;
18.4105;
14.3209;
13.5732;
16.4322;
14.5727;
17.8257;
13.9929;
17.2508;
14.2957;
15.6178;
15.1101;
13.4894;
17.1967;
17.4794;
13.5933;
15.0497;
14.6881;
16.1103;
17.2874;
19.6862;
15.512;
15.7609;
14.4941;
14.9616;
20.0115;
17.3624;
17.4103;
16.8906;
18.1397;
14.1511;
18.6268;
18.183;
17.2234;
15.6974;
15.83;
15.6827;
15.7068;
17.0163;
15.7367;
17.4859;
16.7855;
15.7438;
16.2576;
17.1048;
16.2844;
15.6547;
17.9193;
16.2087;
16.6296;
15.7286;
19.0157;
18.5955;
17.7661;
15.8811;
19.7413;
16.7509;
16.3018;
19.0744;
20.5193;
17.5984;
15.3021;
18.3397;
18.2523;
18.4649;
16.9467;
14.6003;
17.5622;
15.9686;
21.8142;
13.7721;
15.5204;
15.6356;
19.2034;
16.2199;
16.7153;
14.0844;
16.6504;
17.2475;
14.9682;
14.6487;
15.9067;
18.0071;
16.4807;
15.3295;
15.8686;
14.6767;
16.558;
16.2377;
14.1631;
16.2311;
15.4662;
14.7813;
16.8711;
17.2749;
17.5869;
15.0672;
18.4852;
16.8394;
19.5139;
17.6484;
18.7146;
14.8756;
16.9987;
17.6324;
15.6424;
17.0834;
17.0732;
15.6793;
14.7597;
18.4999;
16.5255;
16.4954;
12.5865;
16.6531;
16.5012;
16.3559;
17.4904;
14.7953;
17.344;
19.0419;
14.3249;
16.0377;
17.3162;
17.5063;
17.0981;
17.094;
16.5874;
14.5839;
15.9934;
15.8319;
16.3158;
15.4324;
17.1089;
15.6099;
16.6365;
17.0229;
17.3917;
18.2899;
20.6509;
20.6412;
16.6179;
18.216;
19.984;
16.0984;
15.9713;
16.4887;
16.013;
17.0523;
14.6224;
14.7026;
16.0269;
16.1334;
14.8477;
16.6595;
13.865;
14.0488;
15.0148;
18.3127;
18.245;
15.2776;
15.6706;
13.5137;
16.0923;
17.8186;
15.1163;
13.2251;
17.0202;
16.5431;
16.5757;
16.0571;
17.8379;
14.6095;
15.6055;
18.7787;
16.2058;
21.7558;
16.0605;
15.2532;
17.2292;
16.5769;
15.9988;
15.7083;
16.85;
14.6979;
15.8764;
16.398;
16.1366;
16.0697;
19.5184;
16.1605;
18.4578;
18.3883;
15.48;
15.3512;
14.738;
14.9261;
14.2865;
16.4895;
15.9911;
15.8467;
15.5449;
15.3186;
15.5684;
16.7407;
17.2441;
16.6717;
13.1445;
16.4038;
18.2679;
14.2563;
15.5009;
16.9616;
16.9869;
17.4302;
15.8504;
17.7469;
18.7654;
18.6761;
18.3981;
17.5892;
15.4652;
14.238;
15.3713;
14.1621;
16.1575;
15.9975;
15.0438;
14.3945;
13.7005;
15.1691;
17.6952;
16.2469;
15.4755;
16.9275;
18.045;
15.4433;
12.1463;
17.4437;
17.8888;
15.8811;
17.5616;
12.2776;
12.6459;
16.5789;
16.7811;
17.9433;
16.7278;
19.1321;
16.3337;
14.3502;
16.5517;
19.3244;
13.5964;
15.6667;
17.4608;
15.6689;
16.1352;
17.43;
16.7302;
16.1616;
15.2008;
14.959;
14.6404;
15.2186;
17.6957;
20.1195;
18.6049;
15.0025;
16.2784;
16.7637;
16.0809;
19.1338;
12.7076;
16.7348;
14.2675;
16.2732;
15.3657;
12.4946;
14.6626;
21.2835;
15.1802;
16.03;
17.7609;
14.3198;
20.4014;
16.1463;
16.2377;
14.7714;
16.2981;
15.9607;
19.5373;
15.9683;
13.9676;
21.5009;
14.6301;
20.7711;
15.6601;
13.9502;
15.6368;
15.2039;
15.9189;
17.9543;
18.454;
16.2957;
17.5362;
13.6524;
17.17;
15.7867;
17.6293;
16.5306;
15.6999;
15.0042;
13.8988;
15.7083;
16.1499;
18.2579;
14.5366;
16.1044;
14.1216;
15.2931;
17.0088;
17.1132;
15.6532;
18.9194;
18.2601;
15.8806;
13.4629;
15.1096;
15.0366;
16.4307;
13.5747;
15.6702;
16.3868;
15.6633;
19.8246;
18.7483;
17.0441;
17.3194;
15.9316;
16.0713;
15.7413;
17.8141;
15.6466;
18.2139;
14.4963;
19.8389;
13.6513;
16.5956;
19.19;
18.6369;
20.2183;
15.2551;
15.7427;
14.9293;
18.8004;
17.3652;
13.8982;
13.7345;
16.2126;
16.3125;
13.5647;
15.8271;
15.5416;
16.4886;
16.9543;
14.1857;
14.1357;
17.3202;
15.4472;
15.8635;
16.3134;
22.4896;
15.8368;
14.3217;
16.8952;
15.3498;
15.61;
21.7481;
15.7579;
15.2651;
13.8735;
15.3709;
13.9047;
13.7976;
15.0814;
16.5657;
17.0451;
15.0996;
16.832;
15.2051;
15.4282;
14.1922;
15.8242;
16.6846;
20.3423;
16.3118;
12.5576;
14.9371;
15.6934;
14.6465;
14.8964;
13.2741;
16.9304;
14.2294;
13.8253;
21.4508;
13.2373;
15.2748;
13.6921;
17.4819;
17.3823;
16.6829;
14.6172;
15.9327;
16.6747;
15.0854;
14.4406;
14.6783;
14.741;
16.0411;
16.9136;
14.903;
16.0198;
14.5396;
13.2752;
22.1952;
15.3445;
14.9275;
14.3266;
14.9585;
15.2224;
19.9281;
16.0849;
14.5926;
15.0101;
15.5185;
16.2899;
13.7344;
14.712;
15.9012;
18.9998;
19.2556;
16.6379;
16.9682;
15.5682;
15.2312;
14.5671;
14.7001;
15.3368;
14.2718;
16.3552;
15.8639;
15.4212;
17.2659;
16.9561;
21.1693;
16.946;
17.5228;
15.0492;
15.7437;
15.0716;
15.3094;
15.7415;
14.9004;
17.1097;
15.4458;
15.3213;
14.8474;
15.0219;
14.0103;
15.186;
19.9273;
18.2836;
18.1999;
17.4542;
16.0437;
13.7671;
14.5945;
14.559;
16.3692;
16.1937;
17.2158;
15.6763;
15.5071;
15.119;
16.3457;
14.0783;
16.7523;
14.5876;
14.2141;
17.0471;
14.1538;
13.7733;
15.5718;
15.5692;
15.0695;
18.3172;
18.5339;
15.1156;
