24.5969;
26.4133;
19.6316;
22.9956;
22.5991;
20.7617;
22.1253;
21.8709;
20.9238;
20.2808;
20.0034;
21.217;
25.2408;
21.9229;
20.7849;
22.3798;
25.2596;
25.2231;
17.5593;
25.511;
21.6546;
22.988;
16.0183;
13.3563;
23.3817;
24.9359;
23.7166;
24.0933;
25.0441;
24.4648;
16.3961;
12.4244;
22.0609;
16.059;
12.1571;
22.4989;
14.2075;
21.1699;
25.1894;
23.1836;
22.3165;
17.2179;
19.4102;
20.5836;
25.0203;
19.6672;
15.2333;
21.6956;
22.7374;
14.9907;
25.4133;
24.6209;
21.5255;
12.8433;
13.4073;
23.3706;
22.5211;
22.7947;
19.6298;
22.2054;
22.9426;
24.439;
22.9804;
25.703;
22.667;
21.2252;
20.1977;
20.8067;
22.3229;
21.1336;
25.1409;
23.3699;
18.7846;
23.2556;
23.8565;
25.2587;
14.2986;
26.4085;
26.926;
14.1906;
20.0912;
25.2883;
21.7831;
17.9716;
15.3993;
21.7483;
21.0569;
13.5885;
18.6874;
14.9361;
22.4602;
14.3723;
22.1462;
14.8883;
22.423;
25.9333;
22.6779;
20.2317;
13.7166;
11.6239;
26.0937;
20.599;
19.2428;
14.4109;
20.3487;
21.9634;
20.5138;
22.8633;
23.5122;
17.5434;
14.9244;
20.8554;
15.2053;
21.2834;
14.2073;
22.8905;
22.3529;
22.0494;
20.8453;
23.0295;
16.9387;
22.4066;
16.4869;
18.8828;
14.7715;
24.5835;
20.5016;
24.107;
14.6989;
17.0815;
19.3044;
26.9078;
21.9225;
21.3145;
13.7962;
15.7211;
15.6908;
13.157;
15.3065;
20.0666;
13.8838;
15.0581;
20.6573;
21.4063;
17.786;
12.7554;
13.0775;
21.6965;
22.6785;
21.7095;
25.8998;
22.9444;
19.7201;
22.187;
21.1837;
19.9039;
23.2776;
21.6578;
24.8093;
22.3368;
22.982;
22.1519;
19.2164;
20.9064;
24.2083;
24.4882;
19.2304;
19.3269;
22.0445;
12.7346;
22.2854;
14.7332;
14.3007;
21.5033;
22.8381;
18.3505;
13.4142;
24.4008;
23.9571;
19.6992;
21.2523;
19.7262;
22.5126;
13.9443;
22.6254;
27.4165;
23.8748;
12.025;
17.57;
21.5354;
15.5818;
19.9403;
18.5472;
18.6825;
19.2553;
22.7671;
19.8302;
22.1399;
22.7327;
23.9027;
21.3346;
23.0195;
24.4686;
22.2193;
23.3093;
20.2879;
22.9314;
12.9502;
22.0637;
14.8627;
22.7171;
23.0632;
21.1156;
21.5576;
20.5947;
19.6458;
22.7314;
22.7228;
23.7975;
13.5285;
15.4341;
18.5123;
21.275;
20.3779;
23.6058;
21.7836;
23.494;
13.4162;
14.5271;
21.8095;
21.9339;
21.545;
23.7133;
19.6515;
20.5406;
22.8244;
20.391;
19.182;
22.0303;
20.2654;
24.9441;
21.6378;
19.1488;
24.3696;
20.1514;
22.89;
16.5598;
19.4996;
20.9607;
18.3564;
25.7708;
14.8884;
20.2934;
14.1645;
19.8586;
20.6635;
14.0012;
23.6516;
21.3177;
23.0978;
19.3009;
20.9669;
20.2762;
17.6679;
21.4662;
18.625;
22.3278;
20.7044;
23.8907;
19.7107;
23.6595;
23.0332;
22.897;
18.9466;
19.6057;
19.6317;
24.8036;
23.4002;
20.5212;
20.5742;
18.6987;
20.5026;
23.6391;
12.602;
17.2909;
20.673;
19.728;
18.4694;
19.2222;
16.4404;
21.2317;
18.9426;
18.8378;
22.9473;
21.6253;
18.4799;
20.7119;
23.7984;
18.4445;
20.2651;
21.4713;
20.4335;
21.26;
21.1734;
20.2787;
14.4369;
12.6839;
20.1539;
18.6606;
14.1852;
16.6042;
11.3713;
21.4118;
15.0022;
18.2164;
22.6055;
15.0808;
13.2306;
19.4255;
23.2961;
22.4364;
22.7877;
16.3251;
21.5513;
21.1755;
19.1507;
20.5791;
20.8556;
22.6987;
21.38;
19.8523;
20.0192;
22.2835;
21.3712;
19.3952;
16.637;
12.025;
15.0531;
17.0445;
15.2778;
21.3893;
15.0504;
19.8151;
20.9731;
20.7047;
21.7385;
19.1885;
12.4339;
20.1827;
20.9942;
19.3484;
18.2716;
16.4643;
21.0453;
18.3984;
19.5811;
21.5699;
18.1241;
20.9408;
22.02;
20.4746;
21.0417;
18.9799;
19.1397;
20.6066;
17.0919;
20.373;
18.7125;
18.9801;
20.6698;
21.244;
22.6902;
19.3868;
23.6638;
20.9465;
21.6181;
21.4111;
18.5954;
21.2646;
24.3622;
19.3119;
24.2811;
18.754;
15.9597;
19.1777;
21.2425;
21.1775;
16.6773;
21.2764;
20.9434;
20.9776;
22.5781;
20.4791;
20.1436;
24.0806;
17.9615;
20.9811;
20.5414;
21.7063;
21.5959;
22.4873;
23.2333;
17.0205;
21.3693;
23.6116;
21.8012;
20.2486;
19.8738;
24.0793;
14.0092;
22.4721;
21.2823;
21.0343;
22.212;
16.0895;
23.2703;
20.6401;
21.6078;
14.1909;
20.0772;
13.4798;
13.4783;
11.9591;
22.3106;
21.4088;
21.8666;
18.8962;
19.134;
17.1109;
17.9196;
21.8925;
16.5637;
20.0715;
20.5086;
18.5707;
21.3358;
23.0649;
21.8265;
20.8715;
19.828;
22.7631;
23.3879;
21.3365;
19.1417;
20.5879;
20.1163;
18.3803;
16.4989;
23.5609;
21.8026;
21.2936;
16.9691;
19.5807;
22.8223;
22.0469;
24.3874;
21.4536;
23.1339;
21.9903;
18.8275;
22.3921;
19.9482;
17.5933;
15.3043;
19.3296;
22.7604;
17.9797;
12.905;
20.1528;
12.5989;
22.6177;
23.2322;
21.224;
18.3385;
18.0645;
19.3298;
22.3813;
14.5411;
21.6592;
20.5797;
18.3169;
12.9801;
27.2718;
17.4193;
20.1801;
13.3574;
17.2458;
14.0897;
17.3531;
21.6635;
23.9361;
21.3909;
20.5936;
22.3456;
18.3894;
23.3657;
17.4081;
14.0744;
17.0321;
19.2257;
23.6519;
15.4414;
20.8564;
20.2815;
18.6104;
12.1136;
21.1431;
20.2444;
19.2321;
18.4874;
22.2354;
14.7817;
20.1822;
17.0915;
19.7789;
13.1369;
18.5445;
13.0353;
20.3048;
12.25;
21.61;
13.3037;
22.0016;
14.0128;
20.8177;
22.0638;
20.3915;
17.6307;
14.1099;
17.8741;
13.6588;
19.1693;
18.8814;
19.5907;
20.0853;
15.8111;
21.0934;
21.1007;
21.1778;
20.0175;
17.3264;
13.5152;
19.4008;
18.1216;
18.54;
22.1378;
16.9567;
19.2614;
14.6117;
20.9872;
20.8834;
17.9872;
19.718;
20.5478;
21.8391;
19.442;
21.3736;
17.9054;
21.0069;
21.5907;
20.2393;
19.6317;
14.2932;
14.1767;
12.7213;
22.5709;
16.1646;
19.5503;
21.3336;
20.4288;
15.6281;
22.2815;
11.9012;
14.6906;
11.038;
18.7984;
22.3722;
17.4538;
18.4992;
22.4022;
21.5209;
20.544;
18.6467;
19.7026;
22.3641;
17.8945;
16.8394;
15.5437;
15.784;
25.7169;
20.1482;
23.1357;
20.1899;
19.6162;
18.4722;
23.7306;
18.2562;
10.567;
23.3008;
20.7936;
19.201;
18.7075;
14.4529;
23.5873;
21.6238;
18.3612;
18.9388;
22.309;
11.8634;
14.6431;
18.442;
13.1899;
19.0024;
16.478;
21.1225;
19.9094;
18.8152;
18.3086;
17.6068;
12.0578;
20.7176;
17.9595;
19.4356;
18.9479;
21.4784;
23.8124;
18.9174;
21.9784;
17.328;
20.8164;
22.8484;
20.7519;
18.9339;
17.087;
21.518;
19.7539;
16.5449;
19.5386;
20.4431;
18.2002;
21.3406;
18.4065;
18.7371;
20.4071;
21.1795;
17.817;
19.1087;
18.0306;
17.9288;
18.0522;
22.8632;
14.3053;
22.0439;
18.88;
19.7506;
18.3105;
16.9335;
20.4265;
17.5163;
15.6854;
20.5366;
18.7394;
18.6899;
19.8923;
19.6667;
21.6334;
19.6519;
22.635;
16.5694;
19.4742;
21.1684;
20.3191;
18.8759;
19.5267;
19.9194;
18.8517;
21.0653;
21.1617;
19.2792;
16.1541;
16.9512;
19.0907;
19.144;
19.5415;
22.2365;
18.9017;
17.1812;
20.4698;
11.8443;
21.3264;
14.4481;
17.4629;
17.1507;
14.2932;
18.0469;
18.6747;
14.1202;
19.7652;
20.1674;
20.1265;
20.2943;
17.6826;
17.1405;
19.7628;
20.5965;
13.2547;
17.2926;
17.1417;
15.0463;
14.4627;
22.2372;
19.4899;
16.6663;
21.0792;
22.5223;
17.8202;
18.004;
19.2256;
18.7167;
22.2579;
23.2288;
19.4115;
19.3704;
18.3844;
22.1923;
20.16;
12.7232;
18.8068;
13.2705;
17.4983;
18.7464;
19.0075;
18.1718;
17.183;
19.532;
20.2557;
21.1055;
22.2049;
15.5809;
20.0173;
12.3825;
15.6566;
14.3111;
15.8219;
18.7848;
18.339;
20.3627;
20.0327;
19.321;
17.9324;
18.7777;
15.2343;
19.336;
18.035;
16.5067;
16.6287;
18.8909;
21.0541;
19.8478;
17.3862;
14.9755;
19.0512;
16.8256;
17.3159;
19.8462;
21.9284;
20.4661;
19.3836;
16.8699;
19.5621;
20.4909;
15.3379;
22.2864;
21.0081;
18.8311;
18.9738;
15.7961;
19.9026;
18.7281;
20.2762;
17.415;
18.5273;
21.7265;
18.697;
19.525;
21.2115;
16.7551;
16.1717;
18.7548;
17.7098;
17.7414;
21.4556;
18.674;
15.6145;
18.1882;
19.3867;
23.0031;
18.996;
11.9635;
19.6779;
15.4085;
17.661;
11.3375;
14.138;
19.0175;
18.1952;
17.3611;
17.7434;
15.8412;
19.9744;
20.8891;
19.7212;
20.8636;
18.8921;
19.9458;
19.7912;
17.7139;
11.8039;
15.2862;
20.0409;
20.2636;
21.6364;
11.4254;
18.8119;
18.164;
16.1446;
21.5904;
21.6556;
19.8485;
19.2982;
19.0997;
18.4061;
19.4075;
12.7019;
18.23;
20.9303;
18.87;
19.0429;
18.8608;
21.2437;
16.7429;
18.5303;
13.0425;
20.0618;
17.9297;
18.2252;
19.9044;
17.7475;
19.8131;
18.4831;
18.5208;
16.5509;
17.8971;
19.8589;
11.9822;
19.7772;
17.5921;
16.5177;
19.5219;
11.797;
12.3792;
12.9069;
21.971;
18.4682;
15.1137;
20.6902;
18.1718;
20.3887;
18.3127;
12.1943;
18.7324;
17.7756;
19.9914;
20.0149;
10.8646;
21.1661;
12.2982;
22.1632;
11.2664;
17.8928;
12.7695;
16.9933;
14.4145;
19.2802;
19.7269;
17.667;
19.936;
19.8279;
19.3024;
19.5719;
21.3564;
20.7324;
21.2663;
16.8165;
18.9217;
12.5334;
12.2445;
19.8081;
18.2364;
16.5567;
19.1836;
11.2033;
16.7415;
20.378;
17.5888;
17.9454;
18.0155;
17.1533;
19.517;
20.1011;
18.2063;
18.0845;
18.071;
20.3913;
16.1206;
19.8192;
19.7445;
16.3389;
20.6519;
15.0101;
20.2774;
20.8498;
16.8188;
21.4459;
17.9619;
19.4662;
19.7457;
21.669;
11.5693;
16.1975;
18.6636;
14.3014;
19.2752;
19.1791;
19.1228;
20.0517;
16.6852;
17.5885;
16.9477;
11.262;
16.8408;
18.5743;
21.0056;
22.0191;
18.3058;
19.5515;
18.6751;
19.7743;
17.4133;
17.7076;
19.1007;
18.1941;
18.0934;
18.0158;
18.3434;
15.4061;
16.1512;
18.0199;
15.7881;
18.935;
16.4129;
19.0947;
21.1493;
22.7525;
19.0987;
18.9653;
19.6646;
17.2687;
18.0385;
20.3785;
19.983;
17.9672;
17.4643;
17.9023;
14.0598;
19.8045;
19.8814;
19.1559;
16.9884;
18.7982;
16.6233;
17.8143;
21.7115;
18.0644;
19.1709;
20.8869;
18.1495;
19.6392;
18.7548;
16.37;
17.8896;
19.0908;
17.3293;
19.3381;
18.8134;
20.2961;
17.5962;
16.2918;
14.8211;
18.1816;
20.2667;
17.8861;
18.7788;
17.9331;
16.5329;
21.0768;
17.7281;
16.1227;
16.0797;
18.1805;
19.1163;
17.0824;
18.2897;
15.8462;
19.3718;
18.0969;
18.3038;
14.9554;
17.6088;
17.5665;
18.272;
17.8344;
21.1795;
17.559;
16.4853;
16.0935;
18.1214;
17.5458;
19.6146;
17.0437;
15.2188;
19.0343;
18.0334;
17.3505;
19.9228;
19.3558;
18.3368;
19.1145;
18.7279;
19.877;
18.2857;
18.0737;
20.4119;
18.0265;
18.1261;
13.2365;
15.9759;
17.5652;
18.7747;
18.8073;
17.4216;
18.1182;
16.8941;
20.2366;
11.9859;
13.5134;
19.0977;
20.5055;
17.9093;
17.5846;
15.9341;
15.5959;
20.3035;
11.7226;
11.7072;
11.0863;
18.7658;
14.5616;
14.3607;
12.6049;
18.8855;
10.4889;
17.9344;
18.9824;
19.0535;
17.2279;
18.4984;
14.081;
16.4404;
20.8947;
20.9419;
20.5115;
13.7026;
19.718;
12.2474;
12.3804;
16.0009;
19.4807;
17.0102;
21.335;
14.9422;
13.2576;
16.0781;
19.0244;
18.9917;
22.326;
17.5404;
20.5335;
20.0156;
17.1908;
18.1597;
16.9498;
17.6579;
17.3858;
11.5578;
15.4923;
14.4504;
16.807;
18.0766;
18.1402;
18.0008;
16.359;
15.9956;
18.6634;
17.4713;
16.3172;
18.2373;
19.2281;
18.7992;
18.4818;
12.4358;
12.6195;
10.5595;
11.5698;
16.5453;
18.0849;
16.7936;
18.3098;
16.4654;
15.4188;
13.0791;
20.1918;
18.2122;
9.0376;
13.5404;
11.6937;
18.1233;
13.1481;
16.7569;
15.0198;
18.9167;
17.9936;
17.0803;
17.2542;
17.0943;
17.5122;
11.7798;
17.3673;
20.6673;
18.7935;
16.1366;
16.7267;
11.862;
16.7485;
13.5201;
18.1779;
17.406;
10.5571;
18.3948;
13.2043;
15.5503;
12.6168;
15.7477;
14.8226;
17.1365;
16.1193;
13.7597;
20.4355;
18.9226;
10.9162;
18.3001;
19.071;
11.8683;
16.4901;
17.0575;
19.3735;
12.3571;
16.4158;
18.0855;
19.028;
14.0852;
12.1362;
14.3432;
15.408;
18.9387;
13.5358;
17.378;
16.4572;
16.8898;
17.5557;
18.2078;
13.1846;
17.9174;
12.2086;
18.0009;
14.3076;
13.6873;
15.106;
10.619;
11.8178;
13.5134;
14.3404;
16.4246;
15.9129;
15.8334;
16.4757;
10.0925;
16.9247;
16.7796;
17.1265;
18.8942;
18.5884;
9.82704;
17.7962;
13.963;
18.9047;
13.4269;
13.038;
12.3662;
15.8224;
18.2675;
17.7462;
20.2413;
12.6287;
15.8139;
14.9618;
18.8711;
14.794;
14.8015;
15.0722;
15.6061;
11.0055;
15.0113;
12.2331;
10.1921;
15.974;
12.8621;
17.6692;
12.656;
16.001;
16.6206;
13.0101;
11.2429;
18.2549;
15.6206;
14.2752;
17.6432;
19.2841;
17.2162;
15.3446;
15.0939;
17.6861;
17.9064;
17.6304;
17.294;
16.7447;
18.9562;
16.2806;
16.4742;
16.71;
16.6235;
12.5319;
13.104;
9.76564;
11.924;
17.0596;
18.912;
17.6387;
16.6519;
15.0942;
15.5961;
17.6524;
16.9008;
13.1846;
15.5506;
10.8196;
12.9909;
12.6303;
15.0666;
16.8561;
15.193;
14.3282;
14.8072;
14.9034;
17.6498;
17.8929;
16.4465;
17.5953;
15.4306;
14.9077;
18.0242;
17.9755;
17.6226;
18.6165;
18.7307;
15.3074;
16.6364;
16.2903;
18.1469;
15.3624;
16.5129;
19.0223;
18.0087;
12.6538;
16.9269;
16.8934;
17.8663;
15.9537;
12.6778;
16.179;
18.5079;
15.8712;
13.9318;
17.6306;
16.4194;
18.3527;
17.4937;
16.9148;
18.0445;
15.4984;
17.2221;
13.0159;
17.0921;
16.9055;
17.0427;
12.8321;
18.8528;
18.3676;
9.80036;
15.7621;
11.2616;
10.5113;
16.3199;
11.66;
15.9837;
14.4458;
11.5185;
16.5399;
16.114;
15.0619;
16.617;
17.6655;
15.8412;
13.0369;
17.2397;
16.1138;
13.4046;
12.4105;
14.2646;
15.54;
17.4762;
11.8137;
13.3934;
11.0891;
17.6168;
14.5685;
12.9104;
14.788;
17.228;
11.1175;
9.03013;
18.2389;
15.6584;
13.3926;
17.1619;
13.3962;
18.4234;
14.1656;
15.808;
16.5423;
16.5408;
16.8525;
18.0081;
15.1696;
16.8178;
13.4305;
12.3244;
16.8567;
17.0429;
12.8193;
9.87251;
17.8425;
18.2283;
16.1296;
16.1824;
13.2397;
13.7224;
16.9522;
10.0977;
11.1389;
12.7789;
10.7137;
15.8472;
14.5017;
11.2119;
15.2166;
16.023;
16.5393;
14.5444;
18.1369;
18.2494;
15.9019;
13.1508;
17.0216;
10.4224;
17.2587;
18.8689;
14.4715;
18.1219;
17.0252;
14.808;
12.4349;
19.3667;
11.2148;
14.8745;
11.7041;
16.2263;
11.9558;
11.7443;
12.1808;
15.1342;
11.1869;
15.4581;
11.7766;
10.2977;
14.0198;
16.7072;
11.1011;
19.7269;
19.0344;
11.6447;
17.3816;
16.1309;
12.7493;
17.3997;
15.6446;
15.2974;
14.3429;
16.2149;
16.3305;
12.4007;
15.82;
11.7279;
13.982;
11.3584;
16.5604;
15.4487;
19.0655;
14.3213;
16.2464;
15.264;
13.4889;
17.1759;
12.9959;
12.8123;
17.576;
11.1092;
17.3783;
10.6164;
10.4099;
15.5317;
10.4808;
14.9126;
9.75278;
13.8927;
17.3884;
13.1451;
14.6591;
15.8354;
16.42;
17.4777;
15.2508;
10.899;
16.2625;
14.61;
16.5891;
18.1622;
17.2344;
11.3765;
12.5826;
16.2677;
12.9813;
17.1559;
14.0309;
13.4371;
12.1598;
11.1367;
15.0357;
17.1483;
15.8759;
14.4607;
14.8519;
14.7998;
16.0103;
17.9792;
13.9827;
16.4874;
11.1682;
11.0311;
16.3428;
11.8079;
15.1371;
14.5372;
12.3948;
16.5031;
11.1137;
16.86;
15.846;
14.7166;
17.0795;
10.6751;
18.2619;
14.9323;
13.4005;
13.8289;
15.2868;
13.7506;
13.7427;
17.3775;
11.2527;
17.4573;
13.3252;
14.0778;
9.97195;
14.0034;
18.2868;
18.2886;
11.2803;
15.7904;
10.8809;
12.8146;
16.5045;
16.2959;
10.379;
18.051;
14.0966;
14.5764;
15.4873;
15.3073;
12.499;
16.5535;
13.9239;
14.9361;
14.3876;
14.8552;
15.8546;
16.4743;
15.5762;
17.1118;
15.5625;
12.8045;
15.0388;
17.488;
18.0156;
13.7208;
12.3697;
11.7982;
11.2318;
14.1609;
16.8214;
16.2888;
10.308;
14.6313;
14.6582;
13.9344;
11.5138;
16.0306;
13.4809;
16.8969;
11.8113;
15.257;
14.6294;
13.5012;
15.0678;
16.2706;
15.517;
15.8749;
13.9844;
16.6802;
15.3235;
16.6345;
12.6743;
15.2676;
14.9986;
16.1992;
9.55002;
13.5561;
15.3862;
15.765;
10.211;
14.271;
16.6871;
13.997;
16.6358;
13.8621;
15.8276;
11.2607;
15.5946;
12.1029;
8.99552;
16.3858;
15.2285;
15.6372;
15.982;
15.8007;
15.4194;
11.1434;
12.7698;
9.52623;
15.3461;
12.3962;
9.5958;
11.0378;
15.2321;
13.3299;
15.1124;
15.7358;
18.4425;
13.7474;
14.6987;
9.21384;
16.423;
11.136;
14.2396;
15.4481;
14.9598;
14.6157;
14.105;
13.2097;
13.1613;
15.1733;
15.3559;
15.9873;
16.1439;
15.1181;
15.7203;
18.6828;
15.7051;
15.2792;
13.0204;
15.0272;
16.073;
15.6485;
11.7116;
15.2361;
16.205;
17.3746;
13.6419;
14.6416;
14.7958;
15.5211;
10.9635;
16.116;
13.4584;
14.5225;
13.0149;
12.998;
16.4295;
15.1162;
13.6043;
14.7415;
16.0829;
8.84958;
13.328;
14.1758;
9.16668;
10.7058;
15.2754;
13.075;
12.235;
13.5496;
15.5623;
13.4359;
8.89263;
16.5872;
13.1519;
13.3515;
12.6802;
16.1378;
15.5921;
14.2185;
14.9053;
18.8641;
16.9477;
15.1381;
8.86385;
9.33944;
14.6051;
10.4707;
14.9094;
12.0638;
15.1963;
14.996;
11.939;
15.3964;
14.0088;
11.0056;
14.482;
12.9105;
16.4185;
11.8039;
11.6565;
15.7894;
14.2192;
13.3165;
15.047;
17.2412;
15.108;
14.5709;
14.4605;
17.1696;
16.6065;
19.219;
13.1939;
12.7967;
14.6903;
15.0077;
16.3013;
14.6561;
14.9316;
10.7784;
14.0345;
17.1793;
13.5057;
13.652;
9.59327;
12.218;
10.9919;
14.3787;
14.8378;
14.9555;
16.2575;
14.5563;
14.2093;
15.2191;
13.4311;
15.0728;
16.8521;
15.5574;
13.0687;
16.5943;
12.9051;
12.9122;
11.4182;
14.9516;
15.566;
14.6701;
15.538;
15.6155;
14.8377;
12.5895;
14.2829;
15.483;
13.7252;
13.0962;
13.8697;
15.0716;
12.3856;
12.6475;
9.75493;
12.2866;
8.9808;
12.7394;
11.8603;
9.97087;
12.2671;
15.759;
12.2817;
12.5478;
14.2298;
12.7183;
14.1186;
14.0358;
15.8937;
7.14486;
12.9904;
14.3537;
9.89073;
15.5356;
13.7657;
11.995;
8.30296;
17.6242;
8.89009;
15.3606;
11.5055;
13.8738;
10.6792;
12.9987;
14.7654;
9.91236;
9.76614;
11.3496;
16.0541;
11.4626;
15.171;
10.3286;
11.6705;
14.8761;
9.6495;
15.5501;
11.6975;
11.2655;
12.8125;
9.23412;
11.5458;
12.3624;
9.47295;
12.1424;
16.1245;
16.6847;
11.519;
13.8321;
13.5482;
9.17553;
13.2123;
12.762;
14.1641;
13.5418;
14.7215;
14.9563;
15.8062;
15.9901;
13.3607;
13.0949;
9.73081;
14.557;
14.7898;
14.4613;
14.5519;
10.9115;
15.8453;
11.7722;
15.0366;
8.82589;
10.2186;
8.79592;
13.0975;
15.6163;
15.0158;
16.7004;
15.3533;
10.7671;
14.0746;
14.4729;
13.7778;
14.8947;
11.1891;
14.8098;
13.4937;
14.521;
13.4219;
10.493;
14.3289;
13.5851;
13.583;
11.1229;
11.1839;
13.4634;
11.9205;
11.33;
11.6521;
12.803;
12.7402;
8.91584;
13.2611;
10.8152;
10.2934;
14.4178;
10.8335;
14.1627;
15.044;
11.744;
14.7813;
14.6176;
14.6258;
12.0115;
13.1024;
15.906;
14.3951;
13.0365;
13.25;
15.7309;
13.6304;
15.7842;
13.8839;
12.7874;
13.9366;
14.5364;
13.3996;
13.1404;
14.2863;
14.8266;
9.4395;
12.9441;
11.322;
13.2714;
14.0433;
14.2724;
10.602;
14.3349;
9.59333;
15.5889;
10.8344;
16.0456;
12.8151;
14.9527;
10.5359;
14.0389;
12.9244;
14.0149;
8.97339;
12.6821;
14.3375;
11.945;
12.5531;
13.8478;
11.8106;
11.3465;
13.786;
15.6202;
15.3678;
11.3946;
16.1657;
14.4418;
14.1627;
14.5389;
14.8294;
12.263;
7.70517;
13.9479;
10.2907;
10.9337;
14.7187;
11.2956;
14.5323;
9.48879;
11.3614;
14.6846;
12.4075;
13.6718;
14.084;
15.1759;
11.7306;
12.1986;
15.9194;
12.9883;
12.9239;
14.7697;
13.0242;
12.2464;
14.9248;
13.0662;
11.6697;
12.748;
14.1338;
14.7708;
14.7433;
11.4142;
12.9199;
15.1027;
14.0878;
15.9382;
12.7121;
13.9863;
13.9295;
16.4144;
14.8257;
12.4813;
11.7083;
13.9719;
12.7763;
15.2517;
12.4023;
11.5724;
15.5884;
14.4555;
14.7123;
13.2657;
9.79895;
11.5017;
16.1385;
13.8415;
10.7802;
13.7129;
11.9447;
13.6655;
12.9618;
13.0523;
10.3979;
14.9886;
13.4511;
13.852;
13.8589;
13.315;
12.9196;
14.9348;
14.7447;
13.8045;
12.027;
13.0396;
13.1578;
13.3833;
12.708;
14.1653;
13.2584;
16.8815;
15.44;
11.7147;
15.6504;
13.4237;
13.2679;
12.2686;
14.6213;
11.3908;
13.3913;
11.6345;
11.6109;
14.3323;
10.5917;
13.7321;
15.8528;
10.4007;
9.14988;
9.5841;
11.1096;
14.8723;
12.5248;
13.7843;
13.8526;
13.6463;
11.8465;
11.0466;
11.7295;
14.1148;
16.4458;
13.206;
12.0681;
15.439;
12.826;
11.6764;
13.4861;
12.1401;
14.6887;
14.6124;
11.6475;
14.721;
13.9573;
14.5962;
11.7367;
13.8012;
9.81198;
11.6478;
9.19349;
11.2109;
11.2475;
9.16446;
14.2914;
13.2244;
14.2423;
12.2967;
14.4946;
13.6781;
11.3507;
13.4228;
11.6877;
10.9074;
13.3987;
13.8225;
12.1883;
13.2369;
12.5914;
13.2864;
9.99751;
12.8987;
14.6362;
12.8015;
13.3539;
13.7211;
12.6341;
12.7666;
12.6914;
10.5625;
12.571;
14.9374;
14.5939;
14.0363;
14.105;
12.9769;
11.1456;
11.6462;
10.9541;
16.028;
13.1966;
13.4748;
13.2083;
13.72;
13.266;
11.1652;
11.3625;
14.206;
10.9845;
9.21255;
11.0783;
12.6129;
13.5268;
15.0276;
16.2444;
14.6836;
11.1017;
7.55613;
11.9933;
13.5932;
14.0785;
12.0697;
11.3533;
13.924;
10.1365;
11.7923;
14.3814;
11.9584;
11.5994;
14.1579;
15.1414;
12.0727;
12.871;
9.81688;
11.6564;
11.6782;
12.7498;
13.898;
11.452;
10.6306;
13.7997;
12.2483;
13.5373;
9.36583;
10.6504;
13.426;
9.83944;
10.5184;
11.5065;
16.145;
10.1373;
12.9268;
13.4423;
14.1627;
13.8537;
12.8135;
12.1025;
10.609;
11.5893;
14.282;
14.3218;
13.0909;
13.0072;
15.2692;
13.0349;
12.3308;
11.4301;
11.9386;
13.0135;
12.439;
13.5783;
11.7501;
13.58;
15.1518;
11.9348;
13.5957;
14.8107;
14.7031;
12.2594;
11.1753;
11.0143;
15.5306;
11.583;
12.2376;
9.87902;
15.4982;
11.6536;
10.5924;
12.749;
11.5284;
9.26416;
14.9138;
16.135;
14.039;
8.33228;
12.8065;
11.407;
13.4136;
13.6519;
11.622;
13.6888;
9.30516;
14.603;
16.4752;
11.4215;
12.4863;
12.4254;
9.90662;
13.5685;
11.7132;
12.4796;
13.7822;
11.8716;
10.0979;
12.815;
12.4545;
12.5456;
11.8572;
11.207;
11.6925;
11.7814;
11.0877;
11.5599;
13.4561;
11.3668;
13.4781;
12.6425;
12.4094;
12.0536;
13.1284;
12.7001;
14.1035;
12.2941;
12.598;
13.1072;
11.4233;
9.55068;
9.60818;
12.5938;
11.6867;
10.5781;
14.1637;
9.64898;
9.55081;
13.7569;
8.98253;
12.8223;
11.8116;
12.8759;
12.0661;
12.6237;
12.2017;
12.3411;
13.0588;
13.7409;
11.1025;
10.9497;
11.9387;
13.9517;
12.2639;
12.9788;
11.355;
13.4502;
13.7905;
14.7999;
14.7405;
12.3907;
11.0169;
12.1921;
12.4257;
12.995;
14.6358;
11.0077;
12.2474;
12.6816;
12.0318;
14.1033;
10.8249;
8.63675;
14.9862;
10.9919;
11.1089;
9.28369;
10.2934;
11.2216;
11.5639;
16.6805;
13.9465;
12.8653;
12.0845;
10.7057;
12.8296;
10.8094;
12.4851;
11.289;
11.8594;
14.6354;
14.1824;
13.7671;
12.7607;
12.9987;
11.0054;
13.6817;
13.8208;
12.7698;
13.9719;
11.939;
7.86058;
14.0851;
12.5211;
12.1226;
12.8766;
10.2515;
9.9445;
9.00707;
10.2896;
11.112;
15.6737;
9.65995;
11.15;
12.5871;
9.39825;
10.9333;
13.6519;
12.6927;
11.7322;
11.7879;
12.2442;
12.0683;
14.4552;
11.6264;
13.4465;
11.0571;
13.1772;
11.9393;
12.176;
13.9438;
11.4612;
13.5458;
14.9707;
10.2759;
9.09476;
13.6696;
11.6746;
11.6338;
12.5758;
13.363;
12.6752;
13.2435;
8.15857;
7.9361;
12.5571;
15.4277;
13.6629;
10.2337;
13.5724;
11.9021;
13.1816;
13.8588;
13.2085;
13.8293;
14.1345;
11.2003;
11.9036;
11.1396;
12.9764;
10.2484;
9.68465;
12.2419;
11.8823;
12.6954;
12.2884;
12.6356;
12.9834;
13.1423;
8.73378;
12.8213;
12.5728;
10.4862;
10.5134;
9.21069;
14.324;
12.2372;
12.5685;
10.9934;
8.60238;
12.9436;
10.1418;
12.1502;
11.3411;
8.49024;
13.3697;
11.8022;
13.2187;
9.83364;
12.2136;
13.3295;
11.8947;
8.47082;
9.7078;
14.6801;
12.736;
13.6169;
12.6078;
11.8879;
10.3861;
11.8957;
9.29762;
13.2324;
15.423;
11.6052;
11.2869;
9.82558;
12.5362;
12.6045;
10.536;
10.9134;
12.3324;
11.57;
13.5127;
8.7817;
13.4777;
11.3879;
10.7209;
8.43436;
12.054;
10.9286;
9.51136;
10.5655;
9.00985;
10.5948;
8.53248;
11.8375;
12.2521;
14.5513;
11.8784;
11.5056;
11.4462;
11.4491;
8.4889;
13.1133;
11.1165;
12.3403;
10.9686;
14.1476;
8.69362;
11.597;
11.9417;
10.0066;
11.7517;
13.3175;
11.5468;
12.6234;
11.0495;
11.3215;
11.9485;
13.1145;
12.1746;
10.8518;
11.6973;
11.9835;
12.9276;
7.43359;
12.187;
11.2745;
11.7521;
12.4535;
10.5203;
12.4266;
12.0397;
11.3632;
12.5518;
13.1247;
9.2593;
9.82545;
11.2058;
10.71;
14.2369;
12.3342;
12.8794;
12.7971;
10.828;
11.8668;
12.8416;
11.7261;
11.056;
11.4791;
9.1791;
10.0075;
12.8447;
9.60224;
11.3511;
11.5088;
11.2055;
10.1451;
10.2017;
10.3291;
13.2128;
11.9781;
14.3013;
13.3298;
12.12;
12.4764;
14.3974;
12.1598;
8.85669;
8.70444;
11.5331;
12.1069;
8.03768;
9.87934;
10.7506;
12.4676;
10.1986;
7.63837;
9.27686;
9.35561;
11.2883;
9.78121;
10.127;
12.8694;
13.9726;
7.91862;
11.0481;
8.90973;
9.04678;
12.659;
10.5552;
10.3141;
11.7487;
11.3193;
11.8385;
12.3772;
10.4933;
12.3072;
11.5164;
10.1404;
10.8579;
11.0311;
9.90979;
8.9656;
11.1612;
11.5789;
12.7487;
10.4111;
11.2842;
8.16448;
13.3773;
12.3185;
12.2884;
10.1159;
11.7707;
11.1581;
12.885;
10.7391;
11.6472;
10.8317;
10.5443;
11.1509;
10.4132;
10.9462;
12.0424;
10.4093;
10.4414;
11.0385;
14.2436;
11.6229;
10.8761;
11.617;
13.2008;
12.71;
12.0449;
9.55532;
12.2741;
10.1779;
10.3287;
8.91541;
11.9563;
11.7374;
11.6056;
9.99063;
10.5526;
11.5799;
10.4025;
10.6998;
12.4323;
10.4901;
11.4045;
11.1961;
10.0986;
12.3563;
11.4742;
11.5095;
11.9004;
11.8772;
7.93935;
9.49352;
8.66941;
10.9675;
9.2373;
10.5693;
11.9127;
8.99215;
13.0008;
12.6271;
10.8062;
9.19554;
14.3744;
12.189;
10.4184;
10.6556;
10.9634;
8.44196;
10.7998;
11.881;
12.3627;
12.2623;
13.1584;
10.7561;
12.4066;
12.1026;
13.5542;
11.3302;
11.6363;
11.0633;
10.8418;
9.12411;
9.58316;
11.8317;
12.1607;
10.7607;
9.81884;
12.6006;
13.2449;
9.49382;
11.8032;
8.16422;
10.0035;
12.6511;
11.4396;
11.6095;
10.574;
12.7766;
9.95178;
11.2348;
12.7247;
12.089;
12.0119;
10.4577;
10.6784;
12.6335;
12.4276;
11.8209;
11.6317;
10.9766;
9.41654;
9.62999;
12.6465;
11.5804;
10.1927;
10.8528;
12.5408;
12.4833;
10.9342;
12.1289;
9.59431;
10.7415;
10.0882;
11.3731;
10.9645;
10.624;
9.92884;
9.77825;
11.5418;
10.0255;
11.0963;
12.2002;
10.1183;
9.42789;
8.87507;
11.4204;
9.72729;
9.37088;
10.9097;
9.99098;
11.2788;
10.2147;
12.9757;
11.8693;
10.207;
9.23611;
10.7488;
9.84931;
11.1287;
11.8027;
12.7912;
11.4314;
9.73285;
10.6743;
10.3504;
12.2912;
9.81607;
9.10337;
9.10251;
11.2177;
10.1883;
10.3922;
11.5594;
12.8048;
10.2715;
12.4522;
9.45036;
7.93763;
10.504;
8.40259;
9.05861;
10.0761;
7.49613;
11.323;
10.8465;
10.2779;
10.267;
10.4968;
8.09639;
7.70577;
10.9307;
9.09824;
11.3378;
10.6918;
9.11007;
11.3503;
8.84723;
12.0334;
11.8621;
10.254;
10.7021;
13.6888;
12.1945;
8.88226;
11.2566;
11.1505;
10.4862;
9.7095;
11.7184;
11.7865;
9.42688;
11.0388;
11.7018;
10.9795;
12.1064;
8.46925;
9.1968;
9.3563;
6.91993;
13.2034;
11.6548;
6.81043;
11.2368;
8.95514;
12.4313;
10.2302;
11.9179;
11.941;
12.3289;
9.70161;
11.3226;
10.1017;
11.2682;
11.0088;
10.4128;
8.63612;
9.8131;
8.68288;
11.6285;
10.2593;
8.76078;
11.3689;
12.0649;
10.3026;
9.00553;
11.23;
11.3473;
10.463;
10.9834;
11.3299;
10.0108;
9.34539;
11.2253;
11.3852;
9.56345;
11.3023;
10.9349;
8.79096;
10.8575;
10.7725;
11.0292;
10.6263;
10.1104;
10.1296;
10.9943;
10.9014;
9.66004;
8.58506;
10.327;
12.5791;
9.31043;
12.4937;
12.7201;
12.3155;
11.0469;
7.47663;
11.5744;
8.04645;
13.5902;
8.77886;
12.3136;
9.41085;
12.9807;
11.2615;
9.53062;
11.1626;
7.60048;
11.3403;
9.61745;
9.2068;
10.5124;
12.1789;
11.5802;
12.436;
8.75337;
10.534;
11.9413;
10.4184;
11.2251;
11.7727;
8.35456;
11.1895;
9.44226;
9.81843;
10.6364;
9.74785;
10.2155;
11.2702;
9.51396;
11.0846;
10.0945;
10.0524;
7.71321;
11.7885;
8.91323;
11.0946;
12.738;
10.4963;
11.3489;
13.2203;
8.78961;
11.1544;
11.0623;
10.7694;
7.3592;
9.19697;
11.2771;
9.57911;
10.2861;
9.13561;
11.7725;
8.98225;
7.22782;
11.2543;
9.39148;
12.2087;
12.56;
10.1546;
11.5881;
9.68047;
10.3261;
8.75626;
13.4802;
8.75345;
12.3907;
8.71808;
9.49977;
11.1075;
10.1299;
9.52865;
9.52557;
10.8376;
9.17763;
12.3738;
12.6384;
8.70311;
12.2434;
8.75535;
10.512;
10.3586;
10.5498;
13.283;
8.21204;
7.87991;
8.67455;
10.216;
10.2983;
8.71184;
11.5978;
10.663;
10.7088;
11.2952;
11.5744;
10.4535;
8.97186;
12.035;
11.6856;
8.28093;
10.7305;
11.1403;
13.1772;
10.1882;
10.9805;
9.10724;
11.7761;
6.90615;
7.21887;
10.2956;
7.95622;
9.43659;
10.4525;
10.134;
6.85274;
11.0167;
9.1966;
8.75401;
9.33912;
8.84179;
12.1423;
9.50996;
11.4558;
9.88433;
11.4263;
10.9564;
10.7063;
10.322;
9.49326;
11.2445;
8.28534;
9.52452;
11.571;
11.483;
7.69463;
7.67736;
10.6247;
9.20603;
9.85552;
10.1333;
9.28923;
9.25414;
8.47403;
10.3896;
9.8027;
6.64928;
12.5312;
9.17352;
9.38748;
9.30942;
10.0563;
10.2415;
9.28425;
10.1181;
9.69803;
9.64155;
9.90969;
9.44381;
9.48811;
14.3915;
9.38444;
11.6821;
10.3314;
11.1129;
8.89582;
9.03229;
11.0931;
10.1249;
12.1215;
9.25377;
10.78;
10.0503;
8.71973;
9.85447;
9.46747;
10.2318;
12.1115;
6.316;
9.76256;
11.1453;
7.27446;
8.69548;
8.85017;
11.3509;
7.3257;
10.0718;
10.2681;
9.97077;
9.24506;
11.9418;
11.587;
10.2643;
11.3483;
10.7372;
11.9614;
10.5854;
9.48082;
11.068;
6.40042;
8.71357;
7.75777;
10.0143;
6.39441;
9.10261;
9.004;
9.87536;
8.99441;
8.24442;
10.176;
10.4069;
11.6449;
8.45821;
10.9769;
11.3869;
10.4501;
10.1426;
10.6506;
9.22912;
8.22675;
9.63199;
9.2072;
7.85043;
10.6737;
9.90038;
9.03762;
9.91429;
10.3243;
10.634;
9.47186;
9.12093;
9.72862;
9.79695;
9.93016;
8.13675;
8.5711;
11.0992;
8.85682;
8.6154;
9.43558;
10.2308;
10.1434;
7.78225;
11.354;
8.82541;
8.4192;
10.1826;
8.82806;
8.91895;
11.6154;
11.1002;
10.3041;
8.72828;
9.19474;
10.1783;
9.15861;
9.65581;
9.45599;
7.15158;
8.38091;
9.04654;
12.3377;
9.40217;
9.95014;
8.88621;
7.9641;
10.4647;
9.81459;
10.8777;
10.1237;
10.7431;
10.6997;
11.8985;
8.77146;
7.80047;
9.93119;
9.15374;
9.70375;
11.3264;
8.29353;
10.6226;
11.6297;
7.57386;
8.56872;
10.0245;
7.50705;
8.69191;
7.34649;
8.82128;
9.34774;
10.1878;
10.0673;
8.27169;
10.7021;
10.1776;
9.31058;
7.43436;
9.15025;
10.6667;
10.1907;
7.46201;
8.1296;
10.7094;
9.6261;
8.23698;
10.5189;
10.8801;
10.6351;
9.5961;
9.49636;
10.0965;
11.0388;
9.77652;
10.0724;
9.50281;
8.07698;
9.98165;
9.6263;
8.99911;
8.29146;
8.76323;
9.26976;
8.7302;
10.1323;
8.33159;
9.71053;
9.3657;
10.4428;
9.25346;
9.35061;
12.4941;
8.07166;
11.2572;
11.4658;
7.17272;
8.07725;
9.5757;
11.0892;
10.0938;
9.87516;
10.2641;
9.02045;
9.80002;
10.6938;
10.1791;
12.1028;
9.22351;
10.3127;
7.57023;
9.64477;
10.6228;
9.9695;
8.44039;
9.90809;
7.28956;
9.35454;
9.72812;
10.6808;
7.64083;
9.91089;
8.55216;
9.04931;
10.0173;
7.70812;
9.83263;
9.79658;
9.55;
10.4869;
7.5529;
9.5825;
9.59262;
9.64557;
9.27171;
10.0546;
9.66111;
8.73539;
9.23855;
9.09936;
10.0783;
8.21671;
7.0009;
9.98516;
9.92949;
9.26005;
10.8094;
7.93662;
10.5353;
11.3507;
6.86599;
7.85931;
9.71892;
7.87947;
9.08466;
9.19732;
9.54662;
8.75276;
7.48078;
9.14564;
8.77769;
10.0769;
9.98223;
11.2073;
8.71345;
9.66156;
7.95251;
8.98579;
10.8822;
7.84094;
10.3539;
6.46751;
8.99941;
9.50699;
9.98811;
8.25421;
9.64617;
9.71907;
8.8946;
8.17258;
7.05304;
9.7895;
10.5326;
9.83112;
9.23447;
8.55558;
10.3867;
8.49377;
9.67481;
9.79651;
8.95034;
9.77988;
10.3646;
7.42501;
10.1972;
9.10087;
9.19489;
9.57667;
8.39035;
11.5026;
8.10509;
8.95522;
9.72938;
9.40074;
8.32575;
9.76943;
6.42101;
6.49093;
10.2667;
8.7763;
10.5648;
9.24742;
9.63053;
9.81859;
8.84721;
8.21287;
9.14132;
10.1434;
8.23081;
10.1129;
8.91259;
9.80953;
9.18488;
8.8339;
8.80147;
8.06711;
9.50751;
11.6967;
9.61857;
8.63615;
8.73561;
9.60539;
8.39795;
10.5776;
9.27028;
8.64278;
8.63204;
8.57782;
8.54575;
9.30539;
8.8612;
7.55843;
8.97091;
7.36639;
8.78854;
10.6039;
10.2992;
7.55322;
7.39846;
8.92488;
8.89881;
6.9316;
7.33532;
8.63669;
6.73713;
9.87417;
10.2787;
9.657;
9.26874;
7.63295;
10.5686;
10.5829;
8.2552;
9.1524;
8.67846;
8.78695;
8.85654;
6.75859;
8.03867;
7.79083;
10.3277;
9.44389;
8.62209;
10.4943;
8.17916;
8.21664;
8.73742;
8.63802;
8.56954;
7.21615;
8.92024;
7.59043;
9.20184;
7.0444;
9.90911;
8.7593;
8.38583;
10.3947;
9.20192;
7.9228;
7.9752;
12.1594;
9.55901;
7.99641;
8.62876;
11.4273;
10.2264;
10.0339;
7.12604;
8.30242;
8.13555;
8.7606;
9.44936;
8.99309;
9.16827;
8.335;
8.83135;
9.99968;
9.37433;
8.52156;
9.25197;
9.84211;
7.57742;
9.24487;
6.9836;
10.4133;
9.94658;
9.30437;
8.80961;
11.0679;
9.94148;
9.18318;
11.9812;
8.28913;
10.362;
10.067;
10.4733;
9.67401;
6.73232;
11.29;
8.50644;
8.28876;
11.0497;
7.41387;
8.05224;
7.70613;
7.33107;
8.76598;
9.72659;
8.69705;
9.17541;
10.1109;
10.4827;
9.36599;
9.92186;
10.0583;
9.82197;
7.84438;
8.77873;
10.2538;
7.2076;
7.30177;
8.48167;
9.45432;
9.95293;
9.53806;
8.48422;
7.54303;
8.69663;
11.3831;
9.16648;
8.03156;
8.05253;
8.5381;
9.26552;
7.84098;
9.50326;
9.0596;
10.7404;
6.98166;
9.36947;
8.07344;
6.95701;
6.11066;
9.35774;
7.05754;
7.43649;
8.96354;
9.08416;
8.36101;
7.79674;
10.2652;
8.16018;
9.65875;
9.51702;
8.19849;
9.48009;
9.12033;
9.64856;
11.0618;
7.30071;
8.49775;
9.37061;
9.36739;
9.17851;
7.53407;
8.88108;
6.47287;
7.55839;
6.7259;
6.86002;
8.12533;
8.57541;
8.03085;
7.78679;
6.93303;
8.11399;
9.3588;
8.12036;
8.23297;
8.05359;
6.73692;
9.05545;
9.59972;
9.79973;
9.6976;
10.2591;
8.73289;
8.53421;
8.74089;
10.4406;
10.2753;
7.60657;
9.12232;
8.71883;
8.31498;
9.75764;
8.47244;
10.6183;
8.56138;
8.62836;
7.56714;
6.63679;
8.93546;
6.11806;
10.1342;
8.81812;
11.0416;
9.69236;
9.31601;
9.87488;
8.66702;
11.7475;
7.18703;
8.39836;
9.74387;
10.0534;
9.29454;
8.38175;
7.34955;
10.5178;
6.97316;
10.0191;
8.03828;
8.84518;
10.1325;
11.0938;
11.1382;
8.35859;
11.5212;
9.33955;
8.77327;
7.22995;
6.92231;
9.54354;
8.04528;
6.73012;
8.38891;
7.92934;
8.01072;
7.58619;
8.2563;
7.4054;
9.8691;
6.20515;
5.95638;
7.71708;
8.20129;
8.73763;
8.89405;
9.83293;
7.97411;
8.93694;
8.87442;
7.2681;
9.19174;
10.0203;
6.77391;
7.48469;
9.34981;
10.3554;
8.61276;
8.70362;
8.38385;
10.1085;
8.17532;
8.92606;
8.92968;
8.7388;
8.15313;
10.0211;
7.68036;
6.75791;
7.59375;
7.46651;
8.57695;
8.17145;
8.56246;
6.68606;
8.9062;
8.67124;
7.75783;
9.77288;
8.55534;
6.05377;
8.49664;
7.73849;
10.7476;
8.57196;
8.08302;
10.6168;
8.74169;
10.1057;
7.97256;
9.11146;
8.70344;
9.37235;
9.29429;
9.5803;
8.43551;
8.89016;
8.24021;
7.48993;
5.98213;
8.01095;
9.84443;
7.31034;
8.08144;
9.11667;
8.56559;
8.0739;
7.69135;
8.43256;
6.91819;
9.93695;
8.47165;
7.85929;
8.22436;
9.45701;
8.48947;
8.44963;
7.4802;
6.28572;
8.70031;
9.04572;
8.07953;
6.34754;
7.08518;
10.0157;
8.34376;
8.28989;
10.1029;
6.44967;
9.48904;
9.61903;
9.44933;
8.86667;
9.2182;
7.78601;
9.42292;
9.67468;
6.85143;
7.78411;
7.68907;
6.22808;
6.03541;
7.13277;
7.98452;
9.70014;
9.13584;
7.60128;
9.54097;
7.35811;
8.79042;
11.2346;
8.9599;
8.15433;
6.651;
9.40339;
8.64968;
7.26092;
7.48265;
10.7725;
7.939;
6.65567;
7.62026;
7.0116;
7.3607;
8.67826;
10.2092;
7.33177;
8.20373;
6.85405;
6.81346;
7.64659;
8.1476;
6.42915;
11.116;
8.84465;
9.23814;
6.98472;
8.7197;
7.15712;
8.39626;
7.041;
10.6628;
9.04818;
8.90808;
6.715;
7.70627;
7.24324;
9.05018;
7.07949;
7.85864;
10.9493;
6.6046;
7.4638;
7.45633;
8.25717;
8.78329;
8.25461;
8.72458;
8.80995;
7.96324;
6.92882;
9.22607;
8.54727;
6.93361;
8.1025;
8.83219;
8.47584;
9.72668;
8.30936;
10.4048;
6.7858;
7.67624;
10.2712;
9.65372;
9.97902;
8.79225;
11.4115;
9.04664;
6.49098;
8.92414;
8.42889;
8.51322;
7.18882;
5.1343;
8.11815;
5.99259;
8.53633;
8.01576;
8.22227;
9.14461;
6.66767;
8.93163;
8.54169;
10.4369;
9.67419;
7.12499;
10.1755;
7.91696;
8.72346;
8.76559;
7.25865;
5.33039;
8.19142;
10.0229;
7.05643;
5.75632;
8.42454;
7.79366;
7.93148;
7.36975;
9.23154;
7.67019;
6.84464;
7.93097;
8.74207;
6.95355;
8.92259;
7.46561;
7.62823;
9.45563;
6.33031;
7.2276;
8.82632;
8.32928;
6.39656;
7.86438;
8.7792;
6.57969;
8.79096;
8.34853;
6.70105;
6.15691;
9.71329;
8.65471;
7.54243;
8.62642;
8.68008;
7.8932;
7.94886;
8.91349;
6.66333;
5.19418;
9.57317;
8.63513;
10.0333;
6.5169;
8.90746;
5.6123;
7.81978;
8.33597;
8.80739;
8.23846;
8.16139;
6.11618;
7.52101;
10.7219;
8.2012;
9.16247;
8.1519;
9.07269;
7.61635;
8.86427;
7.16333;
9.98912;
9.70802;
8.11577;
8.1524;
6.47211;
8.8505;
8.7415;
8.83916;
5.51818;
8.50366;
7.48415;
6.97884;
6.38595;
7.57616;
8.31503;
6.764;
7.36443;
6.91733;
8.29345;
8.68367;
9.12702;
7.40467;
8.81496;
7.89096;
7.30646;
7.83411;
6.26908;
9.84538;
7.27316;
9.14936;
7.7391;
7.53496;
6.62652;
8.4966;
6.32147;
7.1555;
8.10429;
7.11934;
9.0022;
8.27008;
6.98913;
6.28053;
9.48962;
9.24672;
7.99985;
6.2502;
6.99638;
10.4125;
10.0132;
7.19109;
5.47987;
8.94012;
7.59762;
8.47067;
7.90778;
9.74556;
8.05209;
7.35357;
7.63433;
7.22166;
9.15267;
8.1032;
7.59253;
7.82529;
8.52216;
8.36847;
7.69484;
7.33533;
8.95947;
10.021;
10.0098;
10.5199;
8.29193;
7.15743;
8.84197;
9.24463;
7.97204;
6.76156;
8.41913;
6.23454;
7.0179;
7.07159;
7.45421;
9.2815;
8.26095;
8.49348;
7.24903;
7.30643;
8.66083;
7.19855;
9.46795;
7.60228;
8.01153;
8.22117;
8.28595;
7.15565;
5.90865;
8.0569;
7.66962;
7.56781;
7.46207;
5.31615;
8.99854;
7.14909;
6.25107;
7.75524;
7.77981;
8.09815;
8.63576;
10.0224;
6.82423;
7.34618;
7.65971;
6.87209;
7.89422;
8.4754;
9.07739;
6.27107;
7.81053;
7.99205;
7.17109;
8.1767;
7.19698;
6.47885;
8.59846;
7.65946;
7.83447;
7.27843;
9.04816;
8.10906;
9.43348;
8.152;
7.26541;
8.77287;
6.74713;
8.04854;
7.72277;
8.1218;
5.53082;
6.72161;
6.48456;
7.95026;
7.38389;
8.73372;
7.95297;
8.01875;
6.18372;
8.10538;
7.03283;
8.14037;
6.69489;
7.36621;
7.83358;
7.68703;
7.75919;
7.71149;
9.30228;
7.96168;
7.17931;
7.64537;
8.66808;
9.88812;
7.80402;
6.93637;
7.22184;
8.58927;
5.9004;
11.2107;
7.96157;
7.94196;
8.62715;
8.52435;
6.52651;
7.75761;
8.4566;
8.76788;
8.60433;
7.94695;
7.78586;
6.81858;
8.74888;
8.36116;
8.32421;
7.62376;
9.56551;
8.68067;
8.56067;
7.31449;
7.07812;
9.18558;
5.90167;
9.02642;
8.21053;
8.41459;
7.50269;
9.3387;
6.37552;
8.06806;
8.75482;
7.24915;
6.85898;
7.20564;
6.93731;
5.95966;
5.91089;
8.422;
8.74887;
7.75481;
6.82325;
8.85405;
8.6029;
6.79343;
7.66406;
7.70065;
9.91262;
6.48896;
7.94547;
5.6152;
8.14277;
7.91427;
8.59656;
8.15938;
10.2838;
9.49865;
6.78027;
8.36394;
7.32078;
8.6261;
8.55804;
7.79436;
8.34692;
7.72624;
6.82007;
7.74772;
7.22565;
8.41417;
7.56916;
6.48568;
7.14484;
8.29575;
7.16457;
8.40678;
6.7737;
7.23203;
5.16031;
9.27727;
8.2595;
6.53322;
8.27241;
7.46179;
6.42472;
9.17455;
8.70018;
6.46941;
6.60751;
8.57546;
8.30935;
7.67642;
7.99389;
9.68019;
9.9722;
7.27487;
9.40452;
10.8258;
8.36769;
10.403;
8.33017;
6.57643;
8.09619;
7.67142;
7.96485;
8.87376;
8.44251;
6.37675;
5.72445;
7.9674;
8.14995;
7.98313;
6.70544;
8.93678;
7.79469;
9.01321;
5.97172;
6.61096;
6.73615;
8.51052;
6.92833;
7.66125;
5.29363;
7.82032;
5.92685;
7.10224;
8.29305;
9.12467;
8.459;
7.80363;
7.31395;
4.83317;
6.79012;
9.4626;
8.75423;
9.00634;
9.38451;
8.63109;
7.79118;
7.87979;
7.3348;
8.54973;
6.26616;
8.24083;
7.3331;
8.0719;
7.41207;
8.40318;
7.49229;
5.3217;
7.59053;
6.90549;
6.53513;
6.243;
6.82062;
6.09234;
8.37774;
8.07611;
6.2651;
8.08654;
8.23087;
6.88782;
9.24065;
5.91565;
8.06181;
6.59079;
7.00993;
6.2694;
8.3542;
8.85233;
7.60655;
7.59218;
7.40949;
6.83456;
9.07916;
8.02455;
7.34674;
6.15708;
7.48791;
8.01914;
5.95064;
9.10224;
7.39824;
7.20933;
7.80989;
8.01223;
6.84504;
7.68787;
10.3357;
8.51723;
10.3485;
6.40903;
8.88644;
8.31622;
5.89675;
7.26442;
5.71307;
8.76441;
7.71046;
7.14123;
7.05448;
6.862;
7.93519;
6.18566;
7.67211;
8.88231;
9.26872;
8.42443;
7.57076;
7.46127;
7.22744;
10.2755;
9.96041;
8.26549;
7.92677;
5.43393;
7.28762;
7.20201;
7.5388;
7.64317;
7.34838;
8.47578;
9.57083;
7.29954;
8.54956;
7.03501;
8.69298;
7.76946;
7.67359;
6.88295;
7.06557;
7.95145;
6.58249;
7.5957;
7.46975;
7.87029;
8.82695;
8.17839;
8.71548;
8.2355;
6.43443;
6.66477;
7.55943;
6.93468;
7.57107;
6.88268;
9.15496;
7.24572;
6.27951;
10.2043;
7.86775;
8.7295;
7.43329;
8.14948;
6.55231;
7.66413;
6.88525;
8.73376;
8.23175;
8.32767;
7.21608;
9.34889;
6.85927;
7.02393;
6.97284;
6.89265;
9.50951;
9.75053;
6.52361;
9.59951;
6.70187;
9.32118;
7.49809;
7.11431;
5.95211;
9.11276;
7.13819;
5.50138;
7.93103;
6.95387;
5.2876;
9.17109;
7.61956;
6.50479;
5.56248;
7.18661;
7.59289;
6.70353;
8.14152;
7.22113;
7.1837;
9.98598;
8.23986;
7.54786;
6.67734;
5.08257;
8.29969;
7.65704;
5.63577;
7.85413;
6.04137;
7.35826;
7.99441;
9.31105;
8.01308;
8.0488;
7.31113;
5.18445;
8.53999;
9.3653;
7.76839;
9.79914;
8.78489;
6.96056;
7.08096;
7.82434;
10.0009;
6.6958;
9.0415;
8.79807;
8.40173;
7.32097;
8.54488;
9.19782;
6.78708;
8.00601;
6.93501;
8.69629;
6.73925;
7.23346;
7.43506;
7.68422;
7.0133;
7.82101;
6.94867;
5.33006;
6.91806;
7.91615;
6.78098;
8.56292;
7.67422;
9.03617;
7.50683;
8.00943;
8.97835;
6.71767;
8.01846;
8.78948;
6.88023;
7.12045;
7.64988;
7.89155;
8.84457;
7.37303;
8.22154;
9.74074;
7.72199;
7.24939;
7.40404;
6.46907;
6.36619;
8.96517;
9.8637;
6.48994;
8.74278;
9.62095;
8.67838;
8.24797;
7.64661;
7.52372;
6.72533;
6.90103;
7.90003;
8.29843;
8.08901;
7.70324;
10.7912;
9.26309;
6.69497;
8.83813;
7.53363;
8.30066;
7.22355;
6.01836;
8.41312;
7.79294;
8.22402;
8.80579;
7.76735;
7.35735;
9.14872;
7.66266;
8.24577;
8.73561;
9.14095;
7.02521;
7.07193;
6.62339;
7.44121;
7.49549;
7.12376;
6.18427;
8.73338;
6.73935;
7.2283;
7.33156;
7.81873;
6.542;
6.74405;
6.25106;
9.62762;
7.95008;
7.84323;
6.61009;
9.02522;
8.16105;
6.80379;
7.72957;
7.36179;
10.2839;
6.56695;
8.91228;
6.28638;
7.72172;
6.42233;
8.16886;
7.53155;
9.27147;
7.20072;
7.88594;
6.5314;
7.83319;
6.96815;
6.9125;
6.39567;
7.28789;
7.59661;
7.69071;
6.74468;
5.28011;
7.51996;
6.88675;
7.38189;
8.45591;
6.05233;
7.02007;
4.82564;
5.71561;
8.56526;
6.69088;
7.73893;
8.31079;
5.16576;
9.58775;
9.15641;
7.64043;
6.81897;
8.30287;
6.57831;
7.46665;
6.92054;
7.14973;
8.75216;
8.10413;
9.7654;
6.20745;
6.53734;
8.57185;
7.76468;
7.23162;
8.15833;
7.17359;
6.25875;
6.16496;
9.36215;
6.88504;
6.64451;
5.49838;
7.46534;
7.4685;
7.12255;
7.42196;
7.4997;
8.21329;
7.16711;
5.49919;
6.68892;
8.74527;
8.53489;
6.79122;
8.65172;
7.66104;
9.35352;
6.17462;
6.88053;
6.50194;
6.50106;
5.51611;
7.95746;
7.09995;
7.6264;
8.04957;
6.373;
6.99492;
7.85607;
8.04595;
6.72836;
7.66017;
8.18172;
7.61472;
5.32679;
6.67066;
5.2682;
9.86721;
6.82342;
8.96626;
5.54937;
9.76857;
6.92943;
8.33603;
6.75314;
7.21129;
7.73505;
8.19468;
9.70504;
6.76986;
7.67895;
7.70016;
5.7737;
7.3249;
6.20939;
8.10456;
7.60239;
8.78483;
8.59758;
8.03213;
7.87072;
7.99023;
8.94803;
8.65977;
9.14953;
7.12758;
6.7449;
6.6302;
6.8132;
8.5515;
7.58762;
7.86962;
7.40634;
7.05068;
8.6902;
7.45338;
8.35106;
8.31231;
7.05923;
8.59996;
5.98942;
6.1592;
9.294;
6.64701;
7.35581;
6.21216;
8.1962;
6.38768;
5.5572;
4.928;
6.84044;
8.00624;
8.39171;
7.56973;
6.24279;
6.21751;
8.41009;
6.33425;
7.59302;
8.9108;
6.56883;
6.10824;
7.07921;
6.96212;
6.579;
7.14049;
7.57965;
6.78097;
7.85204;
5.79854;
8.12074;
6.15644;
5.33902;
7.86715;
7.46944;
7.26261;
6.83339;
7.23353;
6.35564;
7.88971;
7.77659;
7.27192;
7.65832;
6.63222;
6.15462;
5.95912;
9.05126;
8.43031;
8.60979;
9.36561;
9.30004;
7.98141;
8.17991;
7.9279;
8.0192;
7.12439;
8.70722;
7.6417;
8.90566;
6.47838;
7.10935;
5.99032;
9.70234;
7.34703;
6.40284;
6.67695;
7.86648;
5.06992;
9.27726;
8.67567;
10.0411;
9.16266;
8.7541;
8.20362;
7.64713;
6.9329;
7.87822;
7.1316;
8.43861;
9.71579;
7.2355;
7.45743;
6.43509;
6.87266;
4.96648;
7.41228;
7.8413;
4.52238;
7.30051;
7.10524;
8.7851;
7.36497;
7.72204;
6.74766;
6.26347;
8.11581;
7.65283;
7.97045;
7.67971;
6.75221;
6.56432;
6.59959;
8.08794;
8.08112;
6.43481;
5.788;
7.66842;
6.54015;
6.89088;
5.77925;
8.44438;
9.57711;
7.16321;
6.36726;
9.37256;
7.71637;
5.82511;
7.31244;
9.24793;
6.44513;
8.47598;
8.43899;
6.58037;
6.63324;
7.64921;
7.54389;
7.0679;
6.56149;
6.00994;
6.58326;
6.86014;
6.7961;
8.02739;
6.98838;
8.8345;
5.78257;
6.84491;
7.44398;
7.51486;
6.61243;
6.66131;
6.88724;
6.0907;
6.86239;
6.10176;
5.26867;
5.771;
8.55392;
6.26108;
7.33904;
7.43579;
8.28662;
6.39084;
6.27488;
5.52081;
8.25012;
6.47405;
6.46408;
6.46147;
6.22794;
6.68807;
6.26536;
7.0933;
6.20203;
9.25635;
5.4122;
6.77455;
9.33599;
6.7819;
8.64883;
8.88321;
6.61338;
5.62456;
6.97516;
6.53763;
6.52662;
7.14149;
8.18119;
7.5266;
6.45191;
9.8277;
5.5646;
7.5734;
8.18441;
8.61543;
8.52527;
6.17691;
6.86052;
5.8254;
7.76341;
7.00794;
7.74449;
6.14703;
6.73931;
5.8215;
7.39935;
5.46723;
5.50349;
8.67267;
8.49773;
8.34084;
6.66312;
7.23042;
6.00882;
5.96831;
6.20394;
6.50368;
6.93607;
9.02263;
6.72774;
8.48366;
5.24783;
7.50808;
8.77888;
6.45977;
11.1146;
6.50361;
5.83547;
6.82855;
5.77256;
6.84668;
7.64527;
6.28184;
9.51149;
8.24245;
7.90236;
5.40518;
6.58563;
8.60417;
8.42248;
7.73615;
7.04823;
6.73417;
5.37198;
7.21703;
7.61196;
7.02687;
6.22707;
8.28923;
5.10256;
7.9682;
8.08541;
6.26092;
7.94314;
5.59607;
5.40291;
8.28665;
7.55997;
8.41847;
9.11883;
6.743;
8.23056;
8.51119;
8.25346;
6.45129;
6.87319;
8.80864;
7.51605;
6.5906;
6.25349;
5.40394;
4.73044;
7.01657;
6.89139;
7.68518;
8.74849;
9.57486;
5.91681;
6.74817;
5.31284;
6.76899;
5.80109;
7.10467;
5.2761;
6.22688;
6.8033;
8.29689;
8.11612;
6.96682;
6.66544;
10.658;
7.63915;
6.9574;
7.40751;
7.12006;
8.29352;
6.35623;
8.08347;
6.65254;
8.16905;
6.93067;
7.28487;
8.63859;
6.81761;
7.3334;
6.77593;
7.95621;
7.63439;
8.03133;
5.74813;
6.48362;
5.35057;
5.583;
6.90973;
5.84239;
7.83888;
5.97827;
8.02388;
7.11317;
7.89595;
6.6741;
5.58428;
5.50733;
7.10978;
7.9208;
7.52161;
6.91802;
6.15198;
8.58692;
6.66267;
6.5061;
6.9525;
5.80455;
6.83188;
7.72171;
5.85611;
8.62009;
6.72618;
6.84083;
4.54612;
5.86563;
6.58498;
6.75826;
6.15457;
5.02296;
6.61194;
7.89482;
7.73351;
7.84499;
5.66016;
7.95773;
8.43637;
8.15254;
7.67457;
9.57991;
7.3189;
7.72315;
7.85825;
6.80631;
6.55014;
7.57226;
8.05016;
6.68588;
7.20557;
6.64081;
6.92589;
6.38826;
7.35174;
7.58276;
7.5676;
8.75122;
6.89385;
6.87889;
6.39736;
4.89683;
8.21724;
5.94117;
9.60981;
6.44711;
7.63;
6.80773;
5.49909;
7.42985;
6.16035;
7.57967;
9.25137;
6.28538;
6.21654;
7.99918;
5.68542;
7.61977;
7.50831;
7.5074;
6.79566;
6.43104;
5.00836;
7.09018;
6.31867;
6.30917;
9.11526;
6.81932;
7.22928;
6.52224;
6.42222;
4.95117;
7.79084;
6.06982;
8.42756;
8.45819;
7.64006;
5.7811;
8.26388;
7.21812;
7.75535;
5.43905;
7.78717;
7.37801;
8.9338;
7.0795;
6.55406;
8.2238;
7.78921;
6.6889;
7.96363;
7.77271;
8.46927;
10.0675;
8.52938;
7.53418;
7.21814;
7.56034;
7.06016;
8.58927;
6.76548;
7.4674;
8.91593;
5.54607;
7.22548;
7.62717;
6.52874;
7.03026;
6.99352;
9.06831;
5.85268;
7.18652;
8.05209;
7.48143;
6.58754;
7.62795;
6.38061;
6.72728;
6.49951;
6.19052;
9.26321;
7.33453;
5.93852;
6.01164;
6.51959;
7.13413;
6.19336;
6.01884;
8.09102;
5.48636;
4.90598;
8.443;
7.74877;
5.7051;
6.86187;
7.23517;
8.47953;
5.74949;
9.32048;
7.29754;
5.67186;
6.87229;
9.17181;
7.99127;
9.51985;
6.2035;
6.71843;
4.77769;
8.09673;
5.42896;
8.02054;
8.89137;
7.22247;
7.80919;
7.09778;
8.69352;
5.09929;
8.69661;
7.23933;
7.16571;
7.45253;
6.27367;
8.19363;
4.14184;
7.41536;
6.34476;
7.62922;
7.15168;
4.84129;
6.62353;
6.5727;
6.92718;
11.6148;
5.80568;
6.71498;
6.0233;
7.61452;
5.15685;
5.95997;
7.78097;
6.27714;
5.71759;
7.8675;
6.58452;
9.25044;
7.17048;
5.63062;
7.46647;
5.93928;
5.6099;
8.71672;
7.40716;
7.50808;
7.85519;
5.53845;
5.41711;
7.28887;
5.54939;
6.68057;
5.16336;
9.03831;
6.27601;
7.19408;
8.5156;
7.76112;
6.24909;
8.04608;
8.51726;
5.301;
8.34744;
6.47106;
9.19925;
7.45487;
6.145;
7.43568;
8.36903;
8.45278;
7.18831;
6.31619;
6.95681;
5.42991;
6.12481;
7.44867;
8.83504;
6.50713;
8.47577;
5.84276;
7.22709;
9.34694;
6.73371;
8.26376;
5.7354;
7.62123;
8.04483;
8.49048;
7.23965;
7.95728;
6.2209;
8.02699;
6.68201;
7.91396;
4.60869;
9.35374;
7.84288;
7.51976;
6.92405;
8.37892;
7.914;
7.86881;
5.58312;
5.47224;
6.87147;
7.95806;
7.63592;
6.48414;
7.27412;
7.62828;
6.31855;
6.66451;
7.31717;
6.22389;
5.966;
8.56326;
7.65905;
6.20985;
8.61436;
8.14892;
8.46609;
6.6649;
8.17277;
6.32636;
8.15938;
8.62046;
8.068;
8.98462;
5.71344;
6.54713;
7.422;
4.6543;
7.09244;
9.29884;
6.55193;
7.33837;
7.68339;
7.59461;
6.83904;
6.92999;
6.88962;
7.43441;
7.21176;
7.30257;
8.77833;
7.27585;
6.84079;
7.02667;
8.18527;
8.6891;
5.05558;
7.34246;
7.42072;
7.40806;
5.9759;
6.09251;
7.09103;
5.69106;
5.78834;
8.35973;
7.41826;
8.1874;
4.73381;
6.21584;
6.39336;
8.04868;
7.63621;
5.90177;
6.33896;
6.4326;
7.15305;
7.43139;
6.73443;
8.3855;
5.02318;
6.9643;
8.66863;
6.71204;
7.82063;
8.79853;
6.47535;
8.23012;
7.08525;
7.31974;
4.79717;
6.73718;
5.17095;
5.82909;
8.0113;
7.24913;
6.37054;
10.7838;
9.16069;
7.19957;
7.5798;
6.05683;
6.51582;
6.62612;
5.58348;
7.4947;
7.32158;
5.16475;
5.70719;
7.73766;
5.40858;
8.75777;
9.1016;
7.9016;
8.49866;
6.69886;
7.80786;
8.07649;
6.24025;
7.31166;
6.8269;
6.00818;
7.25559;
8.4951;
8.07272;
5.99789;
5.40202;
6.59211;
7.49006;
6.26938;
7.60851;
8.57178;
5.69209;
8.3501;
7.95949;
7.2939;
6.74464;
8.41082;
7.79178;
9.02778;
7.83808;
6.63023;
7.57014;
5.61922;
6.66725;
7.23505;
4.49967;
6.18379;
7.5769;
5.44173;
7.00901;
8.22819;
6.46467;
5.56307;
8.36616;
9.44705;
6.40704;
6.90291;
7.21534;
7.22765;
5.3165;
7.11455;
7.19322;
6.29745;
7.31403;
5.4747;
5.74922;
7.78117;
6.00582;
7.59581;
8.39862;
8.6169;
8.52404;
8.59241;
5.57712;
8.81703;
5.98144;
6.18944;
5.64069;
8.88433;
7.59447;
5.06736;
6.18059;
8.03503;
5.68769;
5.30029;
6.51649;
7.50094;
7.25167;
5.67679;
5.40625;
5.9903;
9.17919;
7.46984;
8.26798;
7.11169;
7.64725;
7.1766;
8.69584;
9.3844;
6.12027;
8.02247;
5.66356;
7.30868;
7.12719;
5.26222;
8.0912;
7.12813;
6.74988;
5.63069;
5.64292;
8.00741;
8.45132;
10.8765;
8.26371;
4.21395;
5.80475;
6.95712;
5.58847;
6.57642;
6.48067;
6.55997;
5.76934;
6.99795;
7.3277;
6.88495;
7.88281;
5.85468;
6.42353;
7.1519;
8.43137;
8.00025;
5.57316;
5.95382;
8.75874;
9.01342;
6.2487;
5.47687;
8.56516;
5.11203;
5.19149;
6.88417;
7.22671;
7.21834;
4.72977;
7.78104;
5.50051;
6.41707;
7.05266;
6.1302;
6.89663;
6.35133;
7.51034;
7.57943;
8.5893;
9.00144;
8.03199;
7.80864;
7.19348;
7.29292;
5.60195;
6.23817;
6.80425;
6.12045;
6.71175;
7.78675;
5.77669;
7.20019;
8.61724;
7.55656;
7.20295;
6.10498;
6.75947;
5.79284;
7.72227;
6.87292;
5.59137;
9.36925;
5.95313;
5.90144;
7.12927;
7.28399;
6.60671;
7.68446;
7.43078;
6.59345;
6.25622;
6.25954;
6.87461;
6.69285;
10.0092;
8.68645;
6.41413;
5.61467;
4.9808;
6.04149;
6.8612;
7.28595;
8.76807;
5.15722;
6.76087;
5.37892;
6.95124;
6.38743;
7.43791;
7.13749;
5.20792;
6.5493;
5.00384;
7.06945;
7.50503;
6.04719;
7.64222;
6.5025;
8.26195;
7.02757;
6.2801;
9.28795;
5.55566;
8.96469;
7.26182;
6.22895;
6.86366;
6.46502;
6.94675;
7.71451;
6.35016;
5.76319;
5.79787;
6.93309;
6.37975;
7.75026;
8.36088;
5.66699;
6.79619;
5.72716;
7.16699;
8.61753;
7.43465;
6.55663;
8.08354;
6.85467;
5.71759;
5.59593;
6.44589;
7.06917;
6.12044;
8.3251;
7.00347;
6.48358;
5.95053;
6.67816;
8.45839;
7.60051;
4.8925;
8.34511;
6.1145;
7.76437;
7.1208;
6.5173;
7.51145;
5.83377;
7.03893;
4.58098;
5.95113;
9.43436;
7.00698;
7.51175;
7.16143;
5.67587;
8.95666;
5.91328;
6.21731;
7.51813;
8.60885;
6.22423;
6.39783;
7.01394;
7.14882;
5.93353;
7.15834;
7.62705;
6.57833;
7.49263;
5.31334;
9.64872;
5.95292;
5.43405;
6.50503;
7.7251;
9.20519;
8.20917;
9.36926;
7.98488;
6.36484;
6.85938;
4.72214;
6.06011;
6.0985;
6.70891;
7.15387;
5.40615;
8.273;
5.70635;
5.70224;
7.8858;
7.22145;
6.14839;
6.71383;
6.97134;
6.47741;
5.98181;
8.23689;
6.0521;
6.85346;
7.4884;
6.98548;
5.53747;
9.56584;
6.64634;
6.99407;
7.65137;
7.21209;
5.52693;
5.08113;
6.63214;
7.29966;
6.93136;
7.9721;
6.56663;
8.57853;
10.2251;
7.04219;
7.63227;
5.38755;
7.16848;
8.09602;
5.7947;
8.26118;
5.13725;
7.9414;
7.91519;
9.20504;
5.20429;
6.27976;
6.2515;
6.6219;
7.03101;
6.63806;
7.33938;
5.75558;
7.59637;
6.76838;
6.83903;
6.92674;
6.37161;
9.3428;
5.94649;
7.67648;
7.5389;
7.5394;
6.06465;
5.70323;
6.43753;
5.58828;
7.77814;
5.78127;
8.06303;
5.47407;
6.30017;
7.76988;
5.00469;
7.97741;
5.7274;
8.0116;
6.10448;
7.1876;
6.75281;
7.12778;
6.91343;
5.43645;
7.52878;
5.92957;
6.63331;
5.84361;
6.37441;
7.3559;
8.23768;
6.29662;
6.7135;
6.18438;
5.67677;
7.02084;
6.48144;
7.54639;
5.4231;
7.24073;
6.25672;
5.80535;
6.14263;
6.48912;
4.58029;
4.81774;
5.7156;
7.7747;
4.97517;
7.49044;
9.3116;
6.29651;
7.00708;
6.50184;
9.85321;
8.54307;
5.37174;
7.64268;
8.51847;
8.09194;
6.3302;
7.3075;
5.48898;
7.24848;
5.79909;
5.90658;
6.34742;
9.42001;
7.79008;
6.56695;
7.77841;
5.99181;
5.40262;
6.18874;
7.3547;
7.36481;
6.89236;
7.01841;
6.11541;
6.26557;
7.25854;
4.87728;
8.20599;
6.87435;
4.3503;
6.94121;
8.4585;
6.80609;
9.79394;
7.43646;
7.49891;
8.39428;
4.29331;
5.2169;
6.20315;
6.42736;
6.43995;
5.12242;
4.69953;
7.26747;
5.53527;
5.34324;
6.70983;
6.0927;
7.6178;
5.79594;
7.30696;
6.93266;
6.44253;
5.98864;
9.18019;
7.24429;
8.14407;
4.22596;
6.01438;
7.25707;
6.02899;
4.95482;
7.18769;
7.34886;
7.37706;
8.74309;
7.77498;
8.27817;
6.94001;
8.11216;
5.12026;
7.05548;
5.99026;
6.63612;
6.77969;
6.78006;
6.80161;
7.52794;
8.5208;
7.73727;
7.2467;
8.20263;
6.01151;
3.9795;
7.51756;
6.84589;
7.42647;
8.09271;
6.38908;
8.2147;
5.59107;
4.86956;
7.18816;
7.79585;
7.15517;
8.08863;
6.23612;
7.32023;
6.94836;
5.53802;
7.78905;
5.6901;
7.24367;
8.00248;
6.85852;
6.57878;
7.16556;
6.3188;
6.07925;
5.84048;
6.02031;
7.43636;
8.03605;
8.61301;
7.32921;
7.67615;
6.79297;
9.37683;
6.44187;
5.51201;
6.36711;
5.37727;
5.76138;
6.69846;
6.04183;
4.06873;
5.75651;
8.02583;
5.04867;
5.06367;
4.42502;
7.34732;
6.71685;
7.31837;
6.21046;
7.17889;
6.27944;
6.2642;
8.84464;
7.4918;
6.57166;
6.49641;
7.70517;
6.66142;
5.06445;
4.94704;
6.46328;
9.22631;
7.82058;
9.3019;
6.81181;
6.95296;
4.09949;
7.29056;
6.79543;
6.5725;
6.08805;
6.96406;
9.67022;
7.84264;
8.25048;
5.62023;
6.45131;
4.77804;
6.63391;
5.22659;
5.70936;
6.33005;
7.78467;
6.34635;
6.87132;
5.36174;
8.22837;
5.13124;
6.57839;
7.58683;
5.17845;
5.51395;
5.92155;
7.14788;
6.42015;
5.04678;
7.67447;
5.07512;
5.59974;
7.88473;
8.61713;
6.36815;
7.33561;
5.95812;
4.77928;
7.46432;
5.55082;
8.88312;
5.92075;
6.75729;
6.49908;
7.11183;
4.41867;
6.41643;
5.87689;
6.0681;
7.73675;
7.37367;
6.93767;
6.34312;
7.67165;
6.29798;
6.59878;
7.20604;
6.26362;
6.06126;
6.0098;
8.55585;
6.85254;
6.27894;
6.62988;
8.54581;
6.22014;
7.73404;
6.51641;
5.81373;
7.41687;
6.25739;
6.76678;
7.49931;
6.23965;
7.56514;
7.91129;
7.077;
6.46415;
5.9342;
4.14856;
7.08362;
5.47365;
7.03517;
5.84357;
6.6287;
7.02775;
4.13189;
6.25876;
9.38084;
5.8412;
7.21368;
6.5126;
6.87375;
6.89888;
7.40826;
7.47259;
7.2621;
4.88369;
6.47557;
4.70004;
8.19784;
8.39016;
5.32513;
7.2864;
7.94312;
7.31488;
7.52117;
7.40066;
6.90653;
8.12432;
4.49738;
7.4376;
9.61806;
6.84238;
9.84736;
9.80021;
6.68423;
5.65543;
7.25319;
4.60895;
6.19978;
6.28351;
6.991;
6.82315;
4.41857;
8.27732;
5.15278;
6.66318;
7.19418;
7.26866;
5.9032;
8.30342;
5.82314;
7.44971;
9.82282;
3.78567;
5.57488;
6.91867;
8.07214;
6.84403;
4.90371;
7.62539;
7.27525;
7.51611;
7.43623;
7.17277;
6.13258;
7.01393;
4.7934;
8.15029;
5.57772;
6.59633;
5.32324;
6.59504;
6.28387;
7.29333;
6.58973;
8.02835;
6.33728;
7.99997;
7.63067;
5.79585;
6.24744;
7.11042;
7.26859;
6.37938;
8.00044;
5.36843;
4.75706;
5.82655;
6.71527;
6.19578;
5.5885;
5.5249;
6.42275;
6.46066;
5.50816;
5.40517;
8.44803;
5.49911;
6.88147;
6.80713;
7.22465;
7.51972;
5.10932;
6.05514;
5.78319;
6.50422;
6.28578;
6.38338;
8.22817;
5.84045;
4.82127;
6.81093;
6.26049;
6.78234;
8.03408;
8.63528;
3.94015;
5.84598;
5.32616;
7.22354;
4.5751;
5.80225;
5.59963;
6.61546;
7.43033;
5.82449;
6.30999;
4.21176;
6.83428;
7.56609;
6.98456;
7.88067;
6.12778;
4.57792;
7.10361;
7.2057;
7.00162;
5.19395;
4.81324;
6.54968;
6.95548;
7.97663;
5.5184;
7.21765;
6.1066;
6.20567;
7.439;
6.08941;
8.59493;
7.26374;
5.17167;
6.83763;
7.22904;
8.1802;
8.84429;
7.0886;
8.40587;
7.17026;
6.65492;
6.38854;
5.23529;
4.93152;
9.02362;
5.35909;
7.0015;
6.63812;
6.34532;
5.95509;
7.42042;
6.26899;
6.29374;
5.55292;
6.95392;
4.42264;
6.34985;
9.82573;
5.29842;
5.69437;
5.86288;
6.37535;
6.74031;
7.63822;
6.60832;
7.11684;
8.68185;
6.22341;
8.60074;
6.7693;
5.66729;
7.11121;
5.88907;
7.04713;
6.38919;
6.165;
6.07426;
6.46667;
6.55933;
7.04715;
5.40841;
6.07036;
8.40845;
6.08773;
5.2872;
7.79526;
7.68521;
5.77926;
8.92436;
6.28363;
7.93747;
6.3094;
7.75745;
6.38504;
7.47871;
6.1928;
6.17551;
6.65868;
6.08938;
7.5593;
7.2815;
6.16333;
3.39228;
8.75485;
7.04193;
6.27445;
5.5501;
6.26269;
4.84897;
7.0272;
5.64819;
6.78066;
8.77736;
5.62485;
5.54329;
8.08006;
5.24781;
6.69814;
8.83045;
6.24696;
8.09092;
8.68153;
8.05004;
6.46903;
4.29922;
5.08235;
7.01885;
6.44448;
6.23415;
7.94259;
7.69454;
7.29338;
6.16992;
8.1955;
7.32739;
6.18145;
8.92157;
7.36072;
7.03494;
6.92651;
5.62055;
8.57097;
5.48948;
5.25263;
7.05247;
8.27006;
8.63118;
7.37701;
6.35616;
8.25246;
5.08833;
9.78623;
5.90579;
8.19527;
7.69113;
7.19419;
5.88463;
6.27553;
5.87616;
5.23116;
7.1297;
5.29463;
6.98818;
7.18803;
6.73771;
5.53433;
5.53632;
8.10994;
4.39375;
7.2806;
5.7485;
6.47174;
8.05136;
7.98321;
8.55081;
7.49189;
5.33204;
7.34364;
9.00101;
10.2415;
8.53053;
6.98268;
4.7093;
4.98864;
5.53853;
6.55038;
6.08351;
6.84712;
6.43517;
9.60481;
6.43181;
8.88048;
7.92539;
5.88627;
7.84992;
6.112;
6.09115;
5.52248;
7.94276;
8.16597;
7.23668;
6.93707;
4.52675;
5.8741;
8.46521;
5.26395;
6.93062;
5.7725;
6.11012;
9.05413;
7.06843;
6.12567;
6.07838;
5.37809;
6.17729;
6.7309;
7.65186;
5.45466;
5.15868;
8.17246;
6.80076;
4.51485;
6.17949;
5.65048;
7.57692;
6.1134;
6.22058;
6.2346;
5.2873;
8.96571;
6.1871;
9.69562;
7.06589;
9.0852;
6.63003;
8.3345;
6.63767;
7.07489;
10.5435;
7.4232;
8.31701;
5.37331;
7.26481;
8.31067;
6.81264;
6.302;
8.65063;
7.56805;
5.79561;
5.77729;
5.80028;
8.2701;
4.34507;
8.20254;
7.00934;
7.04528;
7.12214;
5.30446;
4.84049;
6.96941;
7.39203;
7.35829;
7.58621;
5.97417;
4.44411;
9.59382;
6.52187;
9.3209;
7.5021;
6.46908;
5.9351;
6.07095;
6.41123;
5.75721;
6.27149;
7.7074;
5.42801;
5.96479;
6.42141;
6.08146;
6.14302;
9.49701;
5.09284;
7.66871;
6.19311;
6.11541;
6.56206;
6.96448;
6.84409;
8.82445;
5.68679;
6.52326;
6.9188;
6.69986;
6.8077;
6.07425;
6.8504;
7.03918;
8.02912;
4.78986;
5.09911;
6.48733;
5.83923;
5.11349;
5.71493;
6.87435;
5.68778;
6.64215;
7.02877;
6.86207;
6.44227;
5.93751;
6.95401;
6.06195;
5.78209;
5.85167;
5.16754;
7.72096;
6.33786;
5.42111;
4.93213;
6.89831;
8.85439;
7.4391;
7.26368;
6.38361;
7.31228;
6.74542;
5.06074;
7.99884;
5.33133;
7.96349;
7.01537;
5.82874;
6.61258;
6.42992;
4.98945;
5.49474;
8.76434;
6.23211;
7.72153;
5.31104;
8.74669;
6.44371;
6.70799;
4.01755;
7.01644;
5.19755;
5.36793;
6.36869;
6.72452;
7.61773;
7.03375;
6.53677;
8.43558;
5.37645;
5.52735;
8.42483;
6.60488;
6.60135;
6.48048;
6.36393;
8.22677;
6.90687;
8.56941;
7.68253;
8.22341;
7.00662;
6.89315;
6.43708;
5.79476;
6.58986;
8.2255;
7.04996;
7.13243;
8.42096;
4.98157;
5.34663;
6.38421;
8.6291;
9.45481;
6.29454;
6.98038;
8.86972;
5.88514;
9.92683;
7.44;
5.41225;
6.37992;
6.24621;
7.50518;
5.5184;
8.28328;
6.47501;
6.72867;
7.07536;
6.03927;
4.80675;
7.04344;
4.64424;
6.56128;
5.60545;
7.03246;
4.0635;
6.58911;
5.19733;
7.53107;
6.38025;
6.9982;
8.94197;
8.88548;
7.77399;
4.15662;
6.41896;
8.34695;
7.75178;
7.04321;
8.08401;
6.9012;
6.86216;
5.55965;
7.5799;
5.50302;
8.93499;
7.12851;
7.05016;
4.56187;
6.75413;
5.10905;
4.70201;
6.51121;
9.71957;
7.99048;
5.37382;
9.61492;
6.02965;
8.73252;
4.16225;
4.15098;
6.01568;
6.62344;
4.34281;
5.96354;
6.26826;
7.19028;
6.54936;
8.02889;
4.99623;
5.83103;
7.17064;
8.12234;
6.92185;
8.92091;
8.57918;
7.65338;
6.70488;
5.70832;
7.07423;
7.70811;
5.99422;
8.95484;
7.18037;
6.43223;
7.48543;
6.02375;
7.99056;
7.24185;
6.96094;
8.10215;
6.74144;
7.05932;
7.29256;
7.32214;
4.76631;
6.19101;
7.34448;
6.0688;
6.55084;
5.49442;
8.63652;
7.93299;
7.27437;
6.00051;
8.9311;
5.42842;
10.4376;
8.38602;
7.9256;
5.6583;
8.82213;
8.53947;
8.07415;
6.23408;
7.9012;
5.47507;
5.77595;
8.32922;
5.92372;
6.52654;
5.6307;
8.96217;
5.61459;
6.83405;
5.23377;
8.78072;
5.60729;
7.34835;
7.18417;
8.03972;
5.82299;
6.83747;
6.70736;
6.34886;
7.52562;
8.41588;
7.09485;
7.33277;
8.29301;
7.1431;
8.70767;
8.58703;
8.11446;
7.06068;
6.31224;
7.05503;
7.01995;
5.20948;
4.93489;
6.53367;
6.84501;
6.63906;
9.06958;
8.34519;
8.78442;
7.59114;
8.13907;
4.37268;
5.96946;
10.6209;
7.73893;
5.15594;
6.60542;
7.23276;
6.26693;
6.84042;
9.3324;
8.52164;
7.97818;
6.85935;
6.92151;
7.80046;
5.65028;
7.08714;
9.23479;
7.75409;
6.37863;
8.37977;
7.07887;
5.65848;
7.75478;
6.80736;
9.06434;
6.79551;
7.2837;
5.67093;
7.5209;
7.57145;
6.91192;
8.3222;
6.0611;
6.77209;
7.98121;
7.78508;
6.6319;
6.12529;
6.14765;
8.80432;
7.2175;
5.94427;
4.84577;
7.18422;
6.84563;
7.87998;
8.55189;
5.81603;
6.47331;
6.2021;
7.69079;
6.41973;
5.37965;
7.12637;
6.26351;
7.56476;
6.6132;
4.5932;
6.20374;
4.84574;
5.85707;
3.835;
7.00796;
8.33773;
6.10856;
7.66754;
7.64634;
7.20439;
7.7229;
5.39263;
6.25582;
9.32808;
6.87657;
7.99477;
6.99231;
8.93567;
8.84096;
7.77956;
7.91174;
8.5928;
7.45332;
9.21632;
6.10825;
8.59814;
7.39317;
5.40546;
6.74303;
8.15157;
7.63209;
6.51159;
5.88522;
4.97196;
9.21233;
6.12085;
10.3179;
6.77947;
5.99293;
6.56754;
5.95051;
7.46454;
7.07861;
8.94916;
7.79498;
6.27775;
6.56195;
4.51449;
7.90909;
5.88271;
6.21692;
6.75837;
8.15852;
6.0154;
6.91449;
8.57112;
6.85118;
6.25148;
6.27175;
10.9029;
9.15755;
5.17681;
7.14441;
9.73983;
5.72616;
6.2108;
5.74579;
4.94662;
7.22862;
7.3573;
7.15657;
7.73127;
6.62287;
7.02808;
6.2864;
8.42936;
6.88182;
7.47332;
6.1064;
4.95904;
6.98727;
5.67274;
6.10376;
7.52615;
6.53446;
5.40359;
7.99846;
6.83249;
5.07595;
6.30494;
7.9997;
6.14518;
8.73056;
5.81417;
8.54106;
8.84601;
6.50627;
7.11408;
4.82357;
7.63033;
7.28976;
5.8587;
9.52481;
7.12887;
5.81515;
6.66366;
9.33407;
6.01079;
6.12091;
7.45678;
8.45296;
5.44651;
8.16739;
7.86093;
7.85257;
7.20833;
6.97176;
5.25307;
6.14848;
6.38083;
6.48835;
7.9989;
6.61058;
5.90701;
6.83911;
7.20154;
8.27939;
8.48126;
6.23338;
7.41032;
7.62989;
8.30778;
6.27907;
6.58473;
5.91646;
6.67478;
7.13029;
6.53673;
6.08316;
6.72744;
8.7283;
7.21471;
5.48088;
6.01144;
7.07234;
9.38041;
6.07947;
6.00077;
8.53328;
10.0085;
6.79093;
4.26939;
7.69829;
7.09201;
5.12419;
9.11727;
4.60411;
8.53636;
7.92875;
7.02077;
8.03221;
7.79065;
3.94469;
8.05527;
5.92461;
7.52331;
6.03309;
4.17776;
5.36006;
9.45464;
7.25577;
5.31637;
5.67691;
6.93255;
4.82239;
7.37255;
6.39867;
6.84774;
5.69546;
7.33872;
4.51197;
6.15073;
7.40268;
8.50464;
5.95964;
7.74158;
6.93159;
6.79617;
7.63018;
7.31404;
7.31946;
9.507;
4.45526;
7.71396;
9.28548;
6.69966;
6.34174;
7.2811;
6.62665;
7.04737;
8.30725;
6.17489;
6.69003;
7.36224;
8.55347;
6.5605;
6.37943;
3.9561;
8.91063;
4.88417;
8.48612;
8.61201;
7.79035;
7.50863;
6.78173;
7.09379;
6.30108;
8.58037;
6.03702;
7.88558;
5.78782;
4.66948;
7.08326;
9.24942;
7.84295;
7.6273;
9.91487;
5.67792;
5.06621;
7.99677;
10.3015;
7.05092;
7.45697;
6.1202;
10.3;
5.93493;
7.03461;
5.9647;
7.07867;
9.12399;
7.29078;
7.08681;
9.14507;
7.94215;
6.43337;
8.12332;
6.61042;
8.50538;
5.93385;
8.43338;
8.44964;
5.61468;
6.88178;
6.32067;
7.58218;
7.16965;
5.88843;
6.41978;
5.57163;
8.16267;
6.68392;
10.2923;
6.98424;
6.38856;
9.0818;
9.93132;
6.42496;
6.59811;
6.77377;
8.32659;
6.24298;
7.06369;
5.23015;
7.83955;
4.55556;
6.87847;
5.53944;
6.33592;
4.96538;
5.45138;
4.83719;
6.83716;
7.36404;
6.0673;
7.49755;
8.41518;
4.418;
7.55457;
7.87712;
7.69747;
6.56174;
6.94758;
8.87451;
6.26893;
7.05285;
5.93367;
5.10144;
9.33824;
7.2978;
10.12;
6.62081;
6.35137;
6.07254;
7.48823;
7.22813;
8.91194;
7.48097;
5.34166;
7.83926;
7.99772;
7.67778;
6.58624;
6.7954;
5.66452;
8.57522;
5.53742;
8.26995;
3.05173;
6.18776;
6.03967;
7.82305;
6.20133;
8.25209;
7.69753;
6.16185;
6.71133;
7.69185;
7.2406;
5.66241;
7.91935;
7.55978;
5.88516;
6.30968;
4.57597;
8.19401;
7.39066;
7.1889;
4.09661;
8.76745;
4.28991;
5.85209;
5.93481;
8.92292;
6.6556;
8.62575;
7.33625;
8.26724;
6.17859;
6.35745;
5.72986;
8.6138;
6.57524;
6.57497;
7.05936;
8.38653;
6.76464;
5.30072;
4.85167;
5.88153;
7.73104;
5.00472;
6.03777;
7.05385;
8.58631;
7.3857;
8.4682;
5.67652;
6.5733;
7.21972;
10.0067;
7.85716;
7.94668;
6.41624;
6.44772;
6.7784;
8.96028;
5.48678;
6.58908;
5.78401;
7.54169;
6.4244;
5.74508;
6.25192;
5.14512;
5.19919;
6.85143;
7.11713;
5.01609;
5.27774;
8.03935;
7.21816;
7.43045;
7.91119;
8.25514;
9.04555;
6.98708;
7.12632;
8.97197;
7.18528;
6.77355;
5.91188;
5.65429;
5.95453;
7.51075;
4.8746;
7.68644;
7.75176;
5.03093;
6.13968;
6.75423;
8.94464;
5.32094;
5.8345;
7.15807;
5.69559;
6.41938;
6.12004;
4.9971;
7.0723;
6.60146;
6.9184;
6.39346;
6.42353;
7.38392;
6.94966;
6.97325;
5.58439;
8.51088;
5.88946;
8.05941;
8.84924;
7.5244;
5.09166;
7.79342;
7.7229;
9.93246;
6.89648;
5.56645;
6.00664;
5.68548;
5.38371;
9.3027;
5.41882;
7.24255;
6.25995;
5.71956;
7.81246;
6.06678;
8.90425;
9.4438;
7.62466;
5.97754;
8.61948;
5.93366;
7.63517;
7.8926;
7.69182;
8.66474;
6.51701;
7.24208;
7.23631;
7.31012;
6.28493;
5.63206;
7.08479;
7.93386;
6.36431;
5.32435;
6.38915;
7.58599;
6.45609;
6.8834;
7.70746;
7.99328;
5.38668;
6.54259;
7.47161;
8.01131;
8.14819;
6.36168;
5.58145;
4.70438;
9.49758;
4.92916;
8.46302;
7.14078;
5.11987;
6.86012;
5.25584;
6.35255;
5.94817;
6.52867;
7.6522;
7.08923;
8.19282;
8.44555;
5.75805;
7.23494;
6.83249;
5.52847;
5.97284;
4.95013;
6.30779;
8.07628;
6.138;
7.95788;
7.08375;
9.16205;
7.64645;
8.42339;
5.65473;
8.73795;
6.03543;
9.34819;
7.08554;
7.94767;
6.99013;
6.68879;
6.48621;
6.41705;
7.82225;
5.69931;
6.61618;
7.5424;
6.20674;
6.81266;
7.95266;
10.5621;
6.31991;
6.87766;
6.17036;
7.29389;
6.6646;
7.86015;
8.22622;
8.13698;
5.97835;
8.56852;
4.5333;
5.70946;
7.32166;
6.05757;
8.22164;
5.07198;
6.06917;
6.08336;
3.91171;
4.70818;
6.11472;
5.76779;
8.09697;
7.41017;
6.53417;
7.21933;
6.14292;
7.31133;
7.15193;
6.69624;
7.92433;
4.81339;
6.71416;
7.034;
6.2324;
8.34374;
4.13693;
7.34319;
5.82322;
5.30871;
4.3772;
8.31243;
4.7267;
7.87538;
6.36685;
8.19509;
8.16672;
8.93432;
5.36683;
7.37682;
4.25188;
9.94881;
7.13328;
9.22048;
7.46353;
3.03705;
6.22284;
6.1236;
6.45186;
8.64021;
5.91576;
9.20029;
7.96839;
6.35546;
7.18077;
8.73378;
4.74387;
7.53539;
6.38956;
7.9698;
5.9202;
6.71439;
6.41887;
7.66728;
7.03981;
7.37553;
7.13453;
6.22788;
6.44036;
6.73924;
7.31435;
6.26423;
8.01963;
6.34864;
6.99306;
7.74252;
6.93028;
5.89035;
5.16506;
6.32517;
4.92214;
5.8935;
6.00061;
4.66489;
7.00423;
9.04998;
4.67947;
7.47653;
6.17434;
7.57267;
7.36651;
3.93473;
5.68189;
3.86814;
6.12236;
8.80583;
7.42653;
7.02027;
6.74247;
6.05421;
4.87221;
8.14861;
7.4369;
8.94121;
7.30818;
5.68277;
8.90355;
6.80306;
6.01222;
6.1993;
6.78165;
5.19712;
5.76454;
6.15284;
8.11973;
11.1234;
6.33882;
6.88144;
7.8377;
7.29873;
7.33378;
5.35138;
7.59396;
7.33367;
7.07477;
6.2071;
9.38233;
6.11411;
8.96942;
6.09711;
8.0116;
6.26215;
4.79446;
5.41382;
6.96502;
6.79351;
8.32787;
5.82698;
7.27643;
7.6655;
5.70347;
6.02096;
6.76867;
7.17951;
5.56615;
6.90583;
5.85074;
7.96506;
7.47579;
5.47;
7.31268;
4.67112;
7.13001;
5.57509;
6.05812;
5.83225;
6.73516;
6.65573;
6.73883;
5.85341;
7.16236;
5.68829;
8.13;
5.19872;
6.15002;
7.16103;
6.46492;
6.93798;
6.89622;
7.08597;
8.41378;
4.4421;
6.99439;
7.98147;
6.58217;
10.3083;
6.32544;
8.57056;
5.48361;
7.74857;
9.27895;
8.07792;
5.40003;
3.50604;
7.57377;
7.33967;
6.93245;
5.33173;
6.53405;
6.49852;
9.44896;
6.29225;
5.84511;
5.37472;
5.5894;
5.88836;
5.4682;
6.71144;
7.09843;
5.85551;
6.19605;
4.59456;
9.18156;
6.69698;
6.50823;
6.72959;
9.94052;
5.21543;
8.29494;
6.53277;
8.25016;
6.17246;
4.92659;
9.07983;
5.76533;
5.81535;
7.21586;
8.49416;
8.03337;
4.65251;
5.73779;
4.87812;
7.05956;
4.46767;
8.91196;
5.01464;
5.41431;
5.44419;
9.0375;
6.10378;
9.77322;
7.17128;
5.92415;
8.06641;
7.67289;
6.06809;
8.30519;
9.72638;
6.70734;
7.17719;
6.09759;
6.64195;
7.28082;
8.33806;
5.78171;
8.31102;
5.10034;
10.4516;
8.39785;
10.9982;
6.22316;
7.31961;
5.87703;
7.1278;
5.95781;
7.37585;
6.45692;
8.97426;
5.80555;
6.56869;
7.20051;
8.15406;
6.36899;
6.05484;
7.4158;
5.1677;
6.21365;
5.7514;
7.01943;
7.02117;
6.17786;
8.61177;
5.63202;
9.47272;
6.62257;
5.08045;
7.44067;
6.04486;
8.01493;
5.73525;
7.91181;
6.11682;
8.2672;
6.42133;
6.63574;
8.39685;
7.59072;
5.83465;
5.94625;
7.59346;
6.7863;
7.85194;
6.40559;
9.40888;
5.34157;
5.78998;
9.85517;
7.47211;
6.66919;
6.83056;
8.1284;
7.28872;
5.16775;
8.75909;
11.6788;
3.80355;
6.18756;
6.29498;
5.35545;
8.74664;
5.18647;
10.2588;
7.97176;
6.37869;
5.61551;
6.99393;
5.09108;
7.63432;
8.0728;
5.01006;
6.73577;
6.06804;
6.25935;
5.38956;
10.2038;
5.83026;
5.7239;
7.03346;
7.34575;
5.8879;
7.12901;
7.81315;
6.9222;
7.79953;
4.60582;
4.72205;
5.90812;
5.44144;
9.05577;
6.20363;
7.78003;
7.30223;
6.57743;
6.72215;
12.5843;
8.86634;
7.66313;
9.37552;
11.0319;
5.94238;
7.53826;
5.87733;
7.22069;
5.95166;
6.90129;
10.8272;
6.85592;
7.41178;
5.55871;
8.16457;
4.96959;
8.60081;
6.27327;
5.5892;
5.51909;
7.52584;
5.37003;
9.14298;
6.30289;
6.38294;
9.3996;
9.27363;
6.32345;
6.59432;
7.26521;
6.59713;
4.98345;
12.8569;
6.85465;
8.29604;
5.36846;
5.39897;
6.96615;
6.01218;
6.34759;
4.89422;
9.59351;
7.26769;
8.51722;
7.03351;
5.8703;
7.74687;
5.34558;
7.34069;
8.60197;
8.2902;
6.93165;
8.93952;
6.06204;
4.92904;
6.38237;
7.46637;
5.20736;
6.91796;
5.79955;
8.05435;
6.40405;
6.06804;
6.41748;
4.61624;
6.31449;
7.96626;
8.71135;
6.12402;
9.84085;
5.81882;
8.50232;
6.23259;
6.73459;
5.31367;
9.11422;
8.4217;
4.21135;
8.49192;
6.65422;
6.79705;
6.10012;
8.25478;
7.7283;
5.76458;
7.00539;
4.69249;
7.7956;
6.89846;
4.47336;
5.59313;
5.59233;
9.84785;
5.94377;
5.83197;
6.19606;
6.95106;
6.42153;
9.43003;
5.71287;
6.49235;
6.50456;
6.79275;
6.52671;
7.04414;
8.20937;
6.56319;
6.10687;
6.10756;
7.93238;
6.28159;
7.77173;
5.98848;
6.24178;
5.23696;
5.54263;
7.08407;
8.60024;
6.21625;
4.68499;
5.96986;
8.49385;
5.53178;
5.54718;
5.62329;
8.64158;
7.34005;
5.24233;
7.80616;
5.0125;
8.32732;
5.4628;
7.0692;
5.71808;
7.25135;
5.75166;
7.15535;
6.69339;
6.91111;
8.05701;
8.81321;
5.79203;
8.57815;
5.76363;
8.30425;
5.54145;
7.16823;
5.77488;
6.34918;
4.96502;
6.10599;
6.40134;
7.89031;
9.12346;
7.84019;
6.33954;
7.43379;
6.25057;
6.33653;
7.08271;
8.6573;
4.81234;
9.12817;
4.71549;
7.23862;
8.88967;
6.63722;
6.67615;
7.39366;
6.03528;
8.70189;
6.20586;
8.41797;
4.71259;
4.33305;
5.27189;
5.67544;
5.4621;
8.47762;
6.31259;
6.62546;
6.53757;
7.05694;
6.1154;
5.62458;
9.64978;
6.69025;
8.22389;
5.6398;
9.93;
5.30185;
10.4704;
5.83064;
8.20563;
6.27517;
7.50536;
5.56369;
7.56835;
6.71847;
7.33703;
5.80606;
9.61112;
6.1074;
7.6544;
5.49677;
9.5239;
5.38807;
7.01526;
5.70889;
9.8741;
6.40483;
6.62891;
7.68436;
8.34444;
9.68835;
8.39622;
5.85753;
4.93175;
5.76567;
4.52292;
5.71312;
9.07434;
5.35951;
10.727;
5.38648;
5.63722;
5.59248;
7.79592;
7.34183;
7.00274;
6.46242;
6.70999;
10.5132;
6.03515;
6.55955;
6.43933;
5.80278;
5.74241;
9.11884;
4.08291;
8.9889;
5.65412;
7.27088;
5.97037;
5.20577;
5.73056;
8.2288;
7.74839;
8.38031;
6.33478;
8.551;
5.7756;
5.14516;
8.74544;
5.9787;
7.85606;
5.56175;
6.66976;
6.4152;
7.47863;
5.93768;
8.34736;
9.02059;
5.74707;
7.95341;
7.8651;
6.65081;
6.12428;
7.35031;
4.99114;
8.30103;
5.15119;
11.5102;
9.14878;
8.76788;
8.48615;
8.95884;
6.13171;
8.14813;
6.52365;
7.76188;
9.6917;
7.56635;
5.57255;
7.3153;
7.37577;
5.96405;
6.54044;
9.12606;
6.4604;
7.34561;
6.31012;
6.1958;
10.4704;
4.06249;
5.7708;
5.96127;
8.53023;
5.17718;
7.47643;
5.57186;
5.73995;
7.44144;
8.92597;
5.48866;
5.83929;
5.87998;
7.14813;
6.48489;
6.38077;
6.43891;
9.76318;
8.12834;
6.02836;
6.40559;
7.46064;
6.91408;
9.19458;
6.54831;
4.86894;
6.04038;
5.65373;
8.64309;
7.22311;
10.5082;
5.93523;
6.46557;
5.84124;
5.93903;
5.17244;
8.96436;
5.40468;
9.33147;
8.97172;
7.08399;
5.18317;
12.0195;
6.82688;
7.02761;
6.54448;
9.46187;
6.8677;
7.81971;
5.20684;
8.72495;
6.14676;
8.04731;
5.52106;
4.86994;
4.83618;
6.21494;
9.60246;
6.90849;
5.71107;
5.54646;
6.34429;
8.1194;
5.93945;
6.51263;
7.66265;
7.1419;
6.66705;
9.33643;
7.98028;
9.91925;
7.26339;
7.57998;
8.08249;
7.5451;
6.82945;
5.55257;
6.06195;
7.19606;
7.48984;
8.67419;
6.8966;
6.35812;
5.10269;
6.86886;
6.86685;
8.20109;
6.14446;
6.37695;
6.64852;
6.53605;
7.42818;
6.95813;
4.82173;
8.06623;
5.90553;
7.50672;
4.00409;
8.99385;
5.22333;
8.62625;
6.63835;
5.37976;
7.65738;
6.37999;
7.47791;
5.56222;
8.16704;
6.3157;
7.99459;
5.8598;
7.77687;
4.67488;
8.44886;
5.58335;
8.22599;
4.92898;
7.54111;
5.48927;
7.92748;
6.37959;
7.46606;
4.26528;
8.90639;
5.16323;
5.45207;
5.20197;
7.04677;
7.60735;
4.11558;
6.91769;
5.12992;
4.4818;
6.20218;
5.6613;
6.61511;
7.63412;
6.06958;
8.17961;
5.88068;
6.87843;
5.36114;
6.12755;
10.9302;
5.1976;
6.60416;
6.17584;
6.42263;
7.706;
5.77878;
8.90848;
5.50856;
8.69913;
4.89699;
6.17114;
4.87132;
7.32168;
4.9392;
8.42019;
4.21372;
9.30179;
6.98253;
8.40638;
5.49324;
6.49204;
6.03578;
7.32876;
6.66338;
9.60585;
6.41944;
6.31393;
6.44092;
4.72179;
5.55959;
4.6857;
5.07948;
7.10636;
7.32066;
6.88629;
6.62843;
4.0164;
6.16249;
8.21635;
4.79453;
8.50772;
6.26062;
7.92388;
5.75584;
6.13507;
6.82526;
4.9635;
7.99339;
5.12766;
6.32855;
5.96955;
8.61394;
5.66342;
7.57431;
10.0631;
4.7322;
10.4734;
4.954;
6.82588;
6.10449;
8.24645;
5.84659;
8.65503;
5.89683;
9.9799;
5.34551;
7.83619;
5.5514;
5.61808;
6.50703;
5.32564;
9.59169;
5.18009;
7.12905;
6.85088;
4.94027;
7.94285;
5.67692;
7.05213;
4.68897;
6.63095;
8.00626;
6.33332;
9.91497;
4.87381;
8.06206;
5.75483;
6.81325;
4.9852;
9.14206;
6.42081;
7.06747;
9.06207;
8.93522;
6.53391;
10.2121;
5.95287;
5.49928;
7.47459;
5.57348;
8.9643;
5.94036;
9.24187;
9.64631;
8.83271;
7.51489;
6.69989;
7.76326;
5.22686;
9.33041;
5.42711;
7.07468;
6.73414;
9.32033;
5.70583;
6.18784;
8.92998;
8.28317;
5.6494;
6.20006;
7.0598;
5.69645;
6.81239;
7.30146;
6.47136;
7.20965;
5.41051;
10.0288;
7.2281;
9.12266;
4.92722;
5.45439;
6.15381;
7.43705;
6.28555;
6.2135;
5.14007;
7.94814;
6.22761;
10.4746;
6.43985;
6.75552;
5.41389;
7.94456;
5.87691;
8.91682;
7.97576;
6.85477;
5.82557;
7.35526;
5.89927;
7.94116;
5.77346;
4.85605;
8.30406;
7.55981;
5.73653;
5.07984;
4.94116;
7.96855;
6.88536;
9.96554;
6.44022;
6.20718;
4.90277;
8.98994;
7.21067;
8.02841;
4.71409;
7.32475;
6.39448;
5.55963;
5.79919;
9.60499;
5.77063;
7.81604;
5.90999;
9.35964;
5.85031;
8.22177;
4.79143;
6.65944;
5.19968;
6.53808;
5.69234;
8.91233;
4.73869;
4.97604;
5.14031;
7.29639;
6.48708;
8.02551;
7.86636;
7.60037;
5.63416;
8.86859;
5.38236;
4.81357;
5.74718;
9.15352;
10.3864;
7.14002;
5.10074;
10.7172;
6.95681;
7.96649;
6.59676;
7.83776;
4.89138;
8.77446;
4.76392;
10.6954;
6.08431;
7.96498;
5.80708;
5.97502;
9.33873;
7.31993;
7.07114;
5.87044;
7.07444;
6.10813;
7.32486;
6.33874;
6.16925;
5.30753;
7.72527;
8.22354;
9.30518;
6.11491;
8.26777;
6.28972;
6.16625;
5.0261;
6.98378;
6.16356;
6.6279;
6.28679;
8.49977;
5.33624;
7.13575;
6.51382;
8.96599;
5.51153;
8.34606;
6.64596;
7.98913;
5.93721;
8.5807;
5.6931;
8.23976;
5.77114;
11.8292;
5.94756;
8.5607;
6.32328;
10.5613;
6.18739;
7.44298;
5.66253;
8.6089;
4.15772;
6.75726;
9.04105;
9.8362;
7.06016;
8.86709;
4.78723;
5.20616;
8.05514;
6.78182;
7.36827;
5.37152;
9.57337;
5.86098;
7.57925;
5.79007;
12.2479;
4.36038;
7.64417;
5.23793;
8.69546;
5.53267;
5.30137;
5.60712;
9.73053;
4.85431;
8.45727;
5.49716;
8.87644;
4.44437;
8.42934;
6.80187;
4.91357;
5.28524;
7.69917;
5.77287;
6.18051;
5.16114;
8.66539;
7.81059;
6.08356;
6.87122;
5.19453;
7.47219;
5.49847;
5.12685;
4.56899;
6.16982;
5.41115;
5.98708;
10.0379;
7.15283;
6.14611;
10.6367;
6.7829;
9.57141;
5.27484;
5.64319;
8.08489;
5.60114;
8.28342;
5.82289;
5.85264;
5.14218;
6.14939;
5.00892;
8.8526;
6.41184;
9.11906;
6.03624;
5.98962;
6.50801;
9.36243;
6.03882;
8.23247;
5.24043;
9.99453;
5.36664;
6.06839;
8.23881;
8.5029;
4.93425;
5.96345;
4.8521;
6.44459;
6.42561;
8.02271;
8.40162;
9.62152;
5.51415;
6.58225;
5.31;
6.89816;
6.05022;
8.80043;
6.19526;
5.41492;
5.64949;
7.35464;
7.37393;
6.23361;
11.1544;
5.85918;
5.20659;
6.65741;
6.86746;
5.69754;
7.93815;
8.45841;
5.63518;
7.36465;
6.15174;
7.44303;
6.20384;
9.96145;
4.43121;
10.2956;
6.16138;
5.56323;
9.71837;
4.97133;
6.51953;
5.84204;
10.8904;
5.83648;
5.74701;
5.59136;
11.3945;
6.73707;
8.28949;
5.62448;
7.25095;
6.17544;
5.8087;
8.03091;
9.05729;
5.0928;
7.33766;
7.36256;
5.07205;
9.74182;
5.7855;
7.15092;
5.16931;
7.32335;
6.21482;
7.53415;
5.8443;
7.07705;
5.02294;
8.45693;
4.45026;
6.6281;
5.04693;
7.07053;
6.1893;
7.14832;
4.50143;
7.51941;
6.49971;
8.23555;
7.65249;
5.41141;
9.28278;
5.80168;
9.32222;
5.27239;
4.92526;
9.13679;
6.51265;
6.35875;
6.03213;
7.04131;
8.51132;
6.53759;
7.49863;
9.21492;
6.69275;
5.07875;
7.6075;
9.96741;
8.15743;
9.04152;
10.3891;
7.71705;
9.86491;
7.28203;
7.2405;
6.82453;
5.52187;
6.85381;
5.84289;
7.32216;
5.74464;
8.00291;
7.4228;
8.62756;
5.22455;
11.3722;
5.43768;
10.8788;
5.78204;
10.3305;
5.76927;
8.18738;
5.84745;
8.06503;
8.0069;
7.52046;
9.04282;
6.20545;
9.04851;
6.09115;
8.29421;
5.25971;
6.67091;
8.63497;
4.20323;
6.90021;
9.54235;
5.28612;
8.0225;
5.61636;
8.17709;
4.63446;
10.5869;
6.03903;
6.78781;
5.04372;
8.39831;
5.30768;
7.74886;
5.10862;
5.88028;
7.02618;
9.55217;
5.82452;
9.09102;
5.84461;
6.53687;
6.19589;
8.24691;
5.16327;
9.72966;
11.4035;
5.89927;
10.6876;
7.33734;
7.70357;
9.59289;
5.09874;
6.18409;
10.1033;
6.8405;
9.83908;
8.48893;
8.79115;
5.09486;
10.4465;
6.12001;
7.32297;
11.0073;
10.399;
7.55068;
7.25968;
9.46424;
10.7214;
8.26077;
8.88138;
5.51888;
9.27832;
8.44187;
6.87483;
8.15879;
8.7598;
7.99973;
8.16905;
9.57228;
7.77451;
6.36921;
6.18262;
7.70861;
8.4005;
5.4353;
7.16522;
7.92984;
6.83143;
5.7937;
5.62656;
8.24414;
6.57378;
7.47406;
7.19715;
5.06039;
6.40819;
5.88588;
7.72949;
5.07542;
7.79868;
6.62387;
9.36193;
5.31651;
8.40772;
6.70596;
5.3311;
6.80628;
7.03736;
5.61015;
8.24206;
11.368;
4.63418;
9.54322;
9.8611;
6.6601;
8.70364;
9.59298;
8.3333;
7.72962;
7.51248;
8.23891;
4.10202;
5.28439;
7.06756;
6.29763;
4.49942;
7.33872;
9.3758;
7.30775;
10.9437;
6.6006;
6.71468;
9.52937;
7.31204;
5.49336;
5.84808;
6.87542;
7.31408;
7.52175;
7.36003;
9.14839;
7.53262;
4.8579;
7.14166;
9.17366;
6.61547;
7.21905;
6.46456;
7.73125;
8.50451;
7.92158;
5.55656;
9.3519;
8.94095;
6.22073;
7.16698;
8.96114;
6.3552;
7.68026;
3.87876;
7.71815;
5.07593;
8.62815;
5.42597;
7.35463;
9.27639;
6.82897;
7.47949;
6.53028;
8.36153;
6.64628;
7.00997;
7.35114;
5.93141;
8.63978;
8.75927;
6.5925;
8.89369;
6.04942;
4.36291;
9.95566;
7.18574;
6.74799;
8.20159;
5.85213;
5.69855;
7.78018;
5.15366;
5.99149;
5.06602;
9.85927;
8.93977;
7.05754;
4.11142;
7.31605;
8.48968;
6.55276;
9.10097;
8.20415;
5.90926;
6.08595;
7.53085;
7.15554;
6.15418;
8.75233;
7.12083;
6.41729;
9.09771;
6.14401;
5.78716;
6.60024;
7.546;
6.72983;
5.95814;
5.13967;
4.95294;
6.39988;
8.49432;
5.29553;
6.85798;
8.82165;
8.46212;
4.57021;
8.34182;
10.7094;
9.60758;
9.28423;
5.33527;
4.76568;
5.4524;
7.72568;
7.25274;
5.80897;
7.15861;
7.26662;
9.15051;
9.57852;
8.18146;
6.83106;
6.20789;
7.35806;
9.99206;
7.66021;
7.56129;
9.31072;
6.59589;
6.15802;
5.2902;
4.57712;
7.756;
6.89444;
7.7044;
7.60377;
8.18288;
5.25037;
8.68015;
10.0645;
8.50397;
5.59348;
5.66994;
9.12733;
4.79321;
7.57796;
5.20624;
9.60705;
9.79447;
8.89327;
5.57672;
4.87957;
7.16311;
6.42212;
5.04071;
6.14068;
7.43028;
8.33714;
6.45679;
6.64415;
7.58332;
10.0184;
9.1145;
8.61872;
6.27947;
6.86554;
6.53115;
6.56877;
6.78986;
8.81831;
6.82204;
6.61716;
5.99866;
6.73533;
8.85868;
6.91324;
7.10285;
8.3978;
6.23902;
6.70524;
9.17004;
6.25249;
8.01611;
6.87541;
7.16725;
9.11841;
6.83126;
8.16491;
8.44008;
7.10584;
5.04793;
8.28573;
8.62875;
9.31096;
5.52791;
5.05504;
4.54315;
5.35824;
7.91347;
5.37644;
7.82279;
5.29066;
7.26717;
8.00127;
5.27052;
9.09966;
7.40439;
6.3205;
7.3895;
7.76602;
6.39817;
5.7713;
9.28987;
6.26637;
6.41143;
8.75004;
6.84185;
4.76977;
7.10362;
7.33107;
5.52629;
5.95497;
5.70788;
6.36433;
7.86418;
6.59736;
7.60656;
6.28289;
7.0688;
7.96844;
3.81907;
7.28817;
8.37746;
7.43451;
4.41842;
5.44845;
