21.9669;
19.9727;
24.2059;
22.2206;
3.00522;
3.60777;
2.74519;
3.63299;
6.20509;
24.4788;
4.32099;
5.54215;
4.76531;
4.28077;
24.2169;
3.1129;
8.15257;
4.02019;
4.40678;
3.81472;
5.30718;
5.15178;
3.9325;
19.2647;
18.1941;
26.5855;
4.87032;
4.67545;
4.63313;
18.7857;
4.53361;
5.00263;
26.3373;
6.08858;
6.12346;
3.27836;
2.89984;
25.1021;
19.4514;
22.6107;
2.65851;
22.334;
1.83687;
26.0768;
1.05836;
3.24241;
2.75543;
22.5972;
18.8205;
3.81018;
5.38441;
3.01607;
8.70748;
4.34383;
22.8323;
1.73122;
22.0411;
22.1906;
6.79768;
17.691;
3.47082;
5.60147;
24.7963;
22.2542;
4.51466;
26.5459;
23.5761;
2.8324;
21.3597;
3.35299;
3.06332;
5.65427;
1.72597;
3.21514;
5.93787;
6.48072;
5.46937;
4.06029;
2.76766;
5.93143;
8.28685;
3.86236;
2.84601;
3.35609;
2.70575;
2.60884;
5.06439;
3.46376;
4.84747;
3.82853;
3.14035;
4.2358;
28.1446;
17.907;
21.5067;
2.83862;
4.26988;
2.97705;
7.89109;
3.4408;
3.77768;
25.5812;
2.66539;
24.8502;
5.05655;
2.73681;
3.51927;
3.46527;
2.33105;
3.44207;
2.35324;
4.63833;
3.38051;
4.54706;
2.15649;
4.646;
5.00206;
3.50234;
2.90512;
4.58998;
4.42307;
2.95215;
5.79474;
3.93003;
4.03071;
3.2308;
20.2869;
2.25093;
21.4703;
3.57109;
22.8977;
5.28971;
2.3468;
19.4129;
2.67244;
3.60251;
3.08561;
3.652;
4.09649;
4.94578;
1.7833;
22.9405;
2.80723;
2.00464;
4.71818;
5.64473;
3.97823;
2.88584;
5.13098;
4.71526;
3.52874;
3.18776;
4.6385;
3.0807;
3.6992;
5.76241;
3.88451;
4.11144;
5.23306;
3.88533;
2.95315;
2.94722;
4.01;
4.08384;
5.56423;
19.9207;
4.84181;
4.12213;
20.5764;
5.38558;
3.01752;
16.7046;
21.2075;
5.73743;
16.5132;
20.1487;
2.70938;
5.05876;
2.63121;
6.00043;
3.09947;
5.2183;
5.52162;
0.900453;
4.20712;
6.71756;
2.74889;
5.50609;
4.1012;
19.9725;
3.9935;
21.7176;
2.83282;
3.24171;
4.54819;
4.62964;
3.49224;
6.43707;
18.6021;
2.75683;
18.1556;
5.17182;
3.02323;
5.79459;
1.54457;
5.30671;
23.5589;
3.12553;
4.06566;
6.13003;
4.70861;
20.2968;
4.24321;
2.91077;
20.0135;
21.04;
23.8215;
2.86571;
4.22299;
3.1822;
4.97184;
4.32623;
5.04496;
4.80661;
3.78819;
4.30615;
3.998;
3.77053;
2.56373;
5.98046;
25.408;
24.487;
3.19944;
3.30691;
3.14633;
5.0038;
1.81854;
25.3646;
6.18227;
18.7463;
18.4258;
5.1477;
3.95739;
2.36422;
1.43393;
3.77801;
6.46053;
4.6881;
17.764;
4.08077;
5.86808;
4.71278;
3.13517;
18.4602;
4.30075;
4.94525;
3.70139;
4.36804;
21.7554;
3.93287;
22.8166;
4.41501;
5.63754;
5.20108;
20.5858;
21.1053;
3.79606;
5.442;
3.71732;
21.3878;
2.68323;
17.1695;
3.95956;
3.13073;
4.55945;
2.40154;
21.5644;
19.1011;
21.5095;
5.41934;
5.62208;
3.86735;
4.51695;
2.31686;
8.30131;
4.18432;
4.85198;
3.52369;
3.63474;
6.22966;
3.49771;
5.22034;
1.65329;
4.51672;
3.67762;
2.9381;
3.54809;
4.49517;
4.84555;
3.07124;
4.2497;
3.37878;
4.14825;
3.15764;
2.85305;
2.23683;
3.30329;
6.65315;
4.77004;
4.06848;
4.71396;
4.95912;
4.46991;
4.36512;
3.72887;
6.32608;
4.73182;
19.398;
4.46673;
2.83814;
5.49454;
3.89198;
19.7898;
4.29566;
2.88446;
3.09095;
4.94973;
2.79489;
5.62728;
6.43741;
3.40144;
4.45818;
17.5167;
4.87491;
18.7933;
2.0851;
19.6872;
3.50897;
4.98452;
6.44356;
4.85775;
22.4234;
3.19463;
19.8891;
3.6328;
16.9939;
4.2917;
18.0543;
16.7087;
4.38008;
4.13594;
3.00746;
4.47849;
4.96771;
5.53251;
4.714;
4.57563;
5.24235;
4.93749;
2.88469;
2.27764;
3.78679;
4.17472;
5.77184;
3.35669;
4.95779;
3.57838;
3.28547;
4.23434;
4.93655;
17.4967;
4.31666;
3.08618;
20.983;
20.0663;
7.38912;
3.00617;
4.53034;
4.64482;
7.3764;
18.9841;
2.5681;
5.51464;
4.70174;
6.48289;
3.0549;
4.47348;
18.504;
2.54253;
18.9369;
4.76374;
3.99754;
20.512;
4.3272;
4.2773;
3.13291;
14.7815;
1.82091;
4.0824;
4.31931;
2.56408;
21.3254;
17.4585;
4.1755;
4.63349;
5.25104;
5.78805;
2.98572;
4.27885;
6.20676;
4.06817;
17.8787;
17.4826;
4.14725;
5.00087;
3.08462;
4.10529;
7.77284;
18.2643;
3.26863;
19.3752;
5.22513;
17.3812;
4.57594;
4.90545;
2.59383;
3.34152;
5.52872;
2.94488;
4.54557;
4.30264;
4.39658;
5.67616;
3.60034;
4.01642;
4.58386;
3.76868;
3.02189;
15.9894;
23.3195;
3.71219;
3.26827;
1.7886;
19.4988;
4.81448;
5.72138;
15.9279;
20.4292;
2.12007;
15.202;
15.8005;
2.71597;
17.1693;
19.5778;
2.09463;
4.27483;
3.5559;
4.56015;
4.35527;
1.76085;
2.51157;
3.77726;
4.83538;
5.92154;
4.41937;
5.92815;
4.09222;
5.70421;
2.72208;
5.64383;
3.64315;
4.06107;
5.1456;
4.56833;
5.66781;
4.27398;
4.45627;
3.08846;
2.46194;
2.87813;
2.71591;
4.07012;
4.47822;
19.0738;
3.52478;
2.21808;
4.73785;
2.05864;
6.95511;
4.78018;
3.55441;
4.20874;
2.76936;
5.31429;
3.21819;
3.36709;
6.1354;
1.6389;
3.30049;
5.74808;
3.15733;
2.53207;
1.17552;
19.2146;
6.28163;
6.93153;
5.89185;
3.14679;
5.68577;
15.3752;
3.84126;
3.29108;
4.58746;
3.86237;
3.89185;
7.03076;
5.50516;
4.7766;
5.11546;
4.27376;
3.99393;
4.96915;
4.38471;
3.43847;
5.79357;
4.81437;
4.54538;
5.01778;
1.41931;
4.26896;
6.14411;
3.64086;
2.60802;
4.71774;
5.89872;
4.33299;
3.525;
4.00757;
3.67472;
4.54333;
5.058;
4.76642;
2.81586;
4.50538;
5.78258;
4.37369;
5.96987;
23.9787;
4.27113;
4.59939;
3.61423;
4.84183;
4.15956;
3.69157;
17.8934;
4.45308;
21.0715;
4.49698;
3.38028;
3.58559;
4.56825;
4.41338;
5.04882;
3.54716;
4.76003;
4.97853;
4.95008;
5.01089;
5.70437;
4.23711;
5.08238;
4.15941;
4.15659;
5.68887;
6.79655;
17.764;
20.425;
2.98171;
3.62839;
4.82458;
19.17;
2.96452;
4.94232;
4.03111;
21.2175;
20.9631;
0.80853;
4.1186;
2.78514;
13.0912;
3.53758;
3.59047;
3.69579;
15.6891;
2.9605;
3.96156;
3.26916;
4.02656;
17.5025;
3.24069;
2.32232;
3.35991;
2.97947;
4.00238;
4.54513;
4.22746;
4.35207;
6.81549;
3.84883;
3.94878;
4.90586;
4.26541;
4.24033;
16.5838;
17.1016;
27.6314;
4.61541;
5.32852;
4.69396;
3.43909;
5.50212;
4.8071;
4.23377;
3.70726;
4.69138;
4.43906;
5.67101;
4.78125;
3.30095;
2.78908;
16.8799;
4.4479;
15.0298;
3.21338;
16.7523;
4.53186;
17.1225;
2.90805;
17.6428;
5.39385;
18.4507;
2.94111;
5.32053;
4.33005;
3.99612;
4.38668;
5.17861;
18.7109;
17.7532;
3.63415;
17.7876;
5.44416;
4.14966;
3.65089;
5.50411;
2.662;
4.30407;
2.77087;
4.03948;
2.92255;
5.3596;
4.23882;
4.67945;
4.72189;
6.19294;
6.61159;
4.05648;
6.13553;
17.9508;
15.17;
4.98082;
4.84921;
5.75524;
15.0289;
5.40707;
3.75887;
18.8386;
4.02962;
7.46784;
4.24374;
3.52278;
3.09494;
4.66081;
3.65421;
14.5921;
13.6578;
5.42597;
5.46682;
4.5392;
3.32365;
15.1544;
3.5531;
7.30443;
3.89842;
3.13107;
2.54663;
5.5297;
1.46096;
3.15715;
5.38104;
7.33246;
3.95872;
3.64751;
5.31019;
5.37805;
4.13132;
19.3545;
4.95115;
2.47278;
4.63542;
4.71787;
3.93285;
15.2948;
4.91442;
2.60917;
18.2665;
4.13368;
5.85437;
5.03968;
3.99094;
3.29542;
2.90229;
7.01433;
17.9916;
2.40458;
4.34704;
3.11295;
5.45506;
2.97322;
6.22198;
17.0528;
3.28323;
4.69431;
15.8714;
3.33004;
4.91746;
5.83822;
3.29333;
18.5875;
4.53845;
3.10417;
4.23619;
4.0438;
3.74708;
19.1113;
3.18777;
5.72577;
5.02216;
3.65152;
2.79613;
6.62298;
15.9281;
3.3348;
4.75417;
5.004;
4.68749;
4.60075;
3.3211;
16.1474;
2.90901;
5.16358;
3.40658;
3.65811;
17.7929;
4.16909;
3.49462;
19.8756;
5.55002;
17.9813;
4.20693;
4.95067;
5.30591;
2.46959;
3.87851;
3.07216;
3.00908;
5.91627;
6.38697;
3.53737;
2.05369;
3.89163;
6.6084;
6.9178;
4.41508;
3.37297;
15.8374;
6.11693;
19.3108;
4.44528;
3.48331;
3.70168;
4.08404;
3.99924;
4.68233;
4.20081;
1.70086;
4.62489;
3.85145;
4.70795;
4.89303;
17.6822;
20.5649;
4.57916;
6.58188;
2.72196;
20.6419;
4.60911;
15.3571;
2.96715;
3.60299;
4.01752;
6.04106;
3.73488;
3.82811;
2.84304;
4.75832;
4.38267;
11.9104;
17.1792;
4.08759;
3.63824;
1.38383;
2.98797;
3.64771;
3.82007;
3.07355;
4.08371;
2.79678;
6.10183;
6.57299;
3.64933;
3.45721;
4.21476;
3.6803;
3.75323;
3.67604;
3.21371;
4.76211;
3.20211;
3.73908;
5.59606;
3.30649;
3.95778;
5.68413;
5.53156;
5.42335;
4.60005;
15.0451;
5.26747;
3.14073;
7.07339;
17.77;
2.88339;
16.2782;
2.65856;
4.66787;
4.20934;
3.15377;
5.21136;
6.50567;
3.58282;
3.66935;
5.87436;
6.11741;
3.61078;
4.39902;
5.9998;
4.64408;
5.51595;
5.01063;
3.05042;
4.97874;
18.9505;
3.54194;
6.193;
3.13264;
3.95909;
3.50769;
2.25484;
4.93362;
5.24531;
5.41556;
6.82827;
3.97641;
4.81222;
4.2365;
4.0264;
2.59844;
5.8987;
3.56128;
4.58561;
3.33152;
3.63018;
5.36578;
5.74504;
4.1179;
3.58786;
3.01765;
5.7712;
4.24326;
3.41266;
3.49785;
6.18136;
4.34598;
6.4981;
3.07714;
4.60728;
4.02975;
4.37433;
5.67844;
3.12864;
4.22414;
1.90548;
2.83442;
6.15159;
2.38728;
5.08682;
4.43037;
4.64667;
4.13676;
4.49618;
4.10825;
4.01697;
6.11083;
4.64231;
4.3439;
4.40343;
15.6131;
4.43513;
4.32009;
4.31178;
19.0993;
4.5126;
4.22814;
3.41411;
5.47744;
3.42658;
3.38575;
5.97814;
3.93751;
4.8616;
3.98851;
4.7708;
4.04385;
4.04631;
4.00171;
16.6774;
5.66735;
5.90912;
3.19905;
4.73369;
7.22539;
4.93776;
4.44721;
3.95188;
4.63641;
5.33257;
3.40972;
4.09983;
5.64562;
6.45537;
2.78525;
2.96345;
12.4459;
4.25509;
4.84393;
2.9195;
5.70135;
6.55674;
5.64927;
4.2739;
5.11104;
3.59158;
4.38072;
4.52158;
5.00694;
4.87833;
3.4953;
3.90067;
5.48007;
3.38924;
6.7041;
6.36749;
2.63045;
4.31675;
3.92974;
3.42235;
3.98693;
2.02006;
3.80695;
7.1038;
3.99967;
6.40591;
6.24016;
3.5374;
5.91082;
3.81465;
3.0581;
4.56186;
6.58975;
4.11617;
6.34106;
5.51002;
4.71839;
4.91643;
3.11573;
4.8983;
3.92522;
4.95418;
5.01923;
4.54385;
3.17671;
3.55217;
7.29343;
4.40079;
5.84577;
6.79174;
4.05244;
5.64562;
4.51126;
3.61889;
4.96875;
4.62323;
15.8909;
4.91685;
5.07102;
3.31942;
3.07054;
2.80172;
4.48705;
4.61344;
5.46623;
13.7863;
3.97208;
15.0958;
6.54948;
2.92972;
6.65686;
16.9606;
6.013;
6.6927;
4.78753;
14.7719;
1.94958;
3.48902;
4.16208;
5.54372;
3.43021;
5.00949;
7.21033;
13.9175;
3.29727;
3.9151;
4.27305;
15.4035;
4.91942;
12.7511;
2.57679;
3.00781;
3.83123;
4.5018;
2.77483;
5.77713;
10.4782;
5.69435;
5.35384;
3.63143;
4.88343;
6.30751;
4.94611;
4.64864;
5.94759;
3.9394;
5.86302;
5.3795;
3.95351;
3.14594;
3.2804;
7.32648;
3.65646;
3.44654;
2.65527;
4.1131;
6.2126;
4.66887;
3.92669;
4.35086;
5.05514;
4.04018;
6.26693;
4.17435;
6.37013;
5.3678;
6.65576;
7.09738;
14.2829;
4.486;
5.94126;
4.23734;
5.0022;
5.29022;
3.70486;
5.28836;
2.94847;
5.51013;
4.95563;
4.59113;
7.38291;
6.43416;
12.3376;
6.5157;
7.00737;
4.70162;
4.13668;
17.1598;
3.61533;
11.6816;
3.87961;
3.76367;
6.03287;
4.84151;
3.64015;
4.3442;
4.221;
6.26797;
2.71607;
3.38618;
3.56321;
4.15645;
5.54884;
3.89954;
5.99178;
5.6561;
5.06243;
13.5663;
11.7174;
7.71247;
6.97062;
17.3229;
1.58242;
4.74706;
4.08333;
5.19841;
4.26298;
3.60632;
2.91388;
2.83039;
5.4314;
4.66971;
6.2966;
3.94663;
4.02256;
5.01358;
6.17798;
3.38117;
4.77985;
3.05776;
5.18649;
5.83682;
4.03251;
3.95705;
4.78161;
2.01491;
2.50188;
4.90203;
6.50291;
3.39617;
4.97009;
4.63268;
4.86763;
4.85742;
2.81541;
4.6506;
5.92372;
4.41277;
4.00571;
6.43582;
6.56564;
5.2282;
4.9318;
5.99562;
3.2313;
5.51022;
4.08201;
5.68177;
2.8932;
4.3199;
3.24273;
4.19531;
5.05401;
3.84426;
4.68786;
15.9215;
6.17733;
5.20831;
4.14221;
6.99964;
6.26786;
6.89397;
4.21774;
3.57868;
6.09589;
2.73377;
5.50883;
5.96142;
3.39976;
6.11437;
4.44163;
4.49547;
5.28498;
6.74346;
4.22909;
3.53781;
4.63072;
5.12656;
3.31229;
5.6584;
16.0951;
5.2543;
4.03107;
5.33902;
5.7264;
6.98302;
4.64149;
4.36396;
12.1543;
5.05711;
4.0442;
4.21458;
5.02275;
4.20034;
5.16811;
4.97992;
7.75665;
5.68431;
6.13022;
3.39835;
4.16426;
5.38844;
4.8397;
13.2511;
4.59973;
4.00321;
2.20211;
6.16567;
2.92177;
6.52507;
4.69693;
5.31097;
6.08689;
6.02206;
4.83307;
2.51595;
2.6577;
2.44257;
3.67797;
3.96975;
5.17723;
15.0458;
3.68455;
3.28149;
14.2504;
2.63264;
6.30719;
5.37262;
3.1564;
4.42098;
3.93745;
6.46641;
4.92496;
4.10664;
7.00821;
4.63618;
3.38163;
4.7953;
5.40479;
15.6018;
4.98333;
2.82592;
15.071;
5.67247;
4.53306;
3.0311;
4.31181;
14.3165;
2.39466;
4.64765;
4.60935;
12.8073;
4.18694;
2.43625;
4.97947;
4.97955;
6.14633;
4.62903;
4.48068;
6.06205;
4.64295;
3.58544;
5.08649;
5.53009;
4.00733;
5.71601;
5.13358;
3.65314;
5.28144;
6.10338;
4.0065;
4.86275;
3.6891;
3.10151;
3.9115;
4.69378;
4.00256;
5.9102;
4.99713;
5.15083;
4.11242;
4.34331;
4.14951;
3.78053;
6.00305;
5.10643;
2.09393;
2.90549;
4.4959;
3.23344;
4.64648;
4.52033;
4.62035;
6.07436;
5.66504;
5.37489;
5.82765;
3.39536;
5.2191;
4.03263;
3.67356;
3.72392;
4.19704;
3.85228;
5.06354;
4.27087;
4.42352;
3.46722;
3.47935;
3.53641;
4.84066;
4.69863;
3.40436;
3.65176;
6.31772;
5.29342;
4.647;
5.50084;
5.18606;
4.86576;
3.49688;
5.14031;
3.94669;
3.91262;
4.60895;
5.01743;
3.6972;
2.32912;
3.11265;
3.86535;
6.03618;
3.15088;
3.9902;
4.88278;
4.10824;
6.20009;
13.0811;
5.56161;
4.24257;
5.999;
3.79566;
4.13696;
4.08689;
5.88529;
6.62212;
13.4;
5.50451;
4.54405;
6.57282;
6.24468;
5.94631;
3.55843;
4.63581;
5.13578;
4.34359;
11.3367;
3.95547;
5.30825;
10.7965;
4.71849;
3.894;
5.15609;
4.40028;
4.15038;
6.24818;
5.55715;
12.6149;
6.33423;
4.02666;
6.49592;
4.59725;
14.2993;
4.35878;
11.3884;
12.3056;
3.84323;
6.11498;
3.99662;
4.06829;
6.15553;
5.39037;
4.75274;
3.73523;
4.2886;
6.82424;
3.56234;
5.91817;
3.80704;
4.3724;
4.97236;
4.77377;
3.54046;
3.72433;
3.28386;
4.57391;
12.6137;
14.1158;
4.52611;
5.57507;
3.85869;
15.3228;
3.27518;
12.3867;
11.3488;
4.23792;
6.43524;
5.63559;
4.33516;
4.80463;
3.84297;
5.32824;
4.91348;
5.2995;
5.57644;
4.98437;
4.96435;
3.59037;
7.0657;
4.70472;
4.7155;
6.03472;
3.48266;
3.62952;
5.12892;
6.1428;
5.14986;
18.6005;
5.07309;
4.86133;
4.68329;
4.84186;
3.29169;
3.59945;
2.69792;
3.98234;
5.16383;
4.78041;
4.49306;
4.96394;
15.7766;
13.1684;
5.46825;
3.3153;
12.0089;
4.59455;
4.6173;
2.82513;
13.3539;
5.63783;
4.60947;
3.85691;
6.52127;
4.5257;
4.12151;
4.36974;
4.86675;
4.6105;
3.39392;
3.78899;
3.8997;
5.54448;
4.75381;
3.89997;
3.09559;
5.5343;
5.4722;
5.06456;
4.66532;
11.7658;
4.36617;
7.57908;
3.71469;
4.80651;
13.3017;
14.3866;
12.9275;
3.42785;
10.5129;
3.52019;
9.27071;
4.32001;
3.73039;
5.49473;
4.91587;
5.8113;
5.76583;
2.99487;
3.46709;
5.32056;
10.4098;
2.85518;
5.58289;
4.80891;
3.82966;
15.47;
5.84067;
3.94376;
5.47917;
4.31153;
4.85918;
14.4776;
3.99405;
4.16899;
6.4906;
4.83372;
4.73;
4.54115;
2.34326;
7.02797;
3.64429;
4.41042;
4.23566;
2.83179;
7.15185;
7.33588;
4.56469;
4.90058;
4.61843;
4.34916;
6.17898;
4.19619;
3.82518;
4.67782;
2.48525;
3.03189;
5.83212;
4.19074;
3.9675;
6.65692;
5.37177;
4.57144;
5.50903;
5.00848;
4.13752;
3.70703;
3.41712;
14.6734;
3.48937;
12.9099;
4.16801;
3.38062;
7.14208;
14.0253;
4.66132;
4.9471;
4.14011;
5.16384;
5.15437;
3.57483;
4.18371;
3.78759;
13.134;
4.43692;
4.1584;
3.68683;
3.18053;
3.80906;
4.9439;
5.48535;
5.88657;
4.17163;
5.31088;
3.11125;
5.61964;
3.89923;
6.346;
4.24314;
6.15467;
5.15255;
4.1219;
6.06889;
4.54003;
6.44825;
4.34353;
5.86417;
4.39817;
6.27763;
3.55474;
4.96974;
5.95145;
5.56995;
3.58459;
4.58993;
5.01263;
2.84875;
6.10468;
6.88218;
5.16252;
6.441;
4.59917;
4.71873;
3.81319;
3.96311;
3.19422;
5.52293;
5.67308;
5.76964;
5.70831;
4.42245;
3.92203;
14.681;
3.61111;
4.14906;
4.92007;
4.92338;
3.1438;
5.83521;
4.13269;
3.8418;
5.07216;
6.00647;
4.52274;
3.12077;
5.51777;
4.70205;
5.22745;
4.37587;
4.3372;
4.23107;
1.44702;
2.37514;
4.84592;
5.04379;
2.93739;
4.86827;
4.60336;
4.3491;
6.4868;
4.63708;
2.91354;
3.04566;
3.61505;
6.5722;
3.81662;
4.60955;
3.58865;
4.10612;
4.82786;
14.757;
14.3088;
3.68763;
15.2137;
4.67833;
4.9207;
5.66205;
4.35279;
4.08073;
4.68198;
5.33887;
3.98653;
4.57148;
3.56335;
4.07988;
4.91184;
4.6122;
4.6508;
6.32214;
4.62624;
3.82177;
3.16385;
3.17039;
5.45971;
4.00279;
5.3926;
5.08613;
3.42873;
6.06067;
6.71833;
4.35155;
3.99057;
5.59545;
3.75146;
3.60332;
2.75667;
3.90145;
4.02012;
4.39583;
4.48314;
4.53897;
4.70547;
4.36669;
5.51936;
5.39225;
5.83697;
4.97141;
6.75749;
4.01831;
11.3233;
13.7151;
13.0294;
5.44886;
6.17366;
5.63143;
6.54886;
3.65131;
7.0146;
4.5982;
7.31875;
6.20445;
6.05256;
3.92433;
4.94195;
4.55744;
2.69498;
5.12243;
6.06087;
4.75418;
4.12734;
5.9925;
4.45254;
4.82571;
3.73325;
6.86932;
4.29531;
3.60387;
5.98657;
4.65559;
3.45452;
6.65587;
12.3151;
4.09804;
5.65314;
11.7941;
5.84452;
5.34938;
4.32779;
14.5935;
4.2417;
4.4328;
13.841;
3.29845;
3.54313;
4.42791;
14.462;
3.65405;
3.82149;
3.84273;
5.63947;
4.19518;
3.3831;
4.04318;
4.93121;
3.75404;
4.6218;
4.8516;
2.48994;
5.718;
6.26315;
5.75518;
5.63583;
3.88633;
4.7948;
6.55052;
3.31311;
4.27733;
4.70589;
3.45962;
4.95934;
4.23094;
5.32247;
5.13679;
3.46712;
4.01294;
3.84007;
11.5825;
5.95121;
4.22963;
5.3485;
4.76083;
5.17237;
5.82797;
2.75918;
3.258;
4.34567;
4.6663;
8.74434;
4.57898;
6.0511;
5.73641;
6.35432;
5.76725;
13.7321;
5.64516;
3.65575;
4.47868;
4.18166;
4.85035;
5.31283;
5.49236;
3.69237;
3.97722;
4.07593;
4.15344;
13.6797;
11.5121;
3.06099;
3.79749;
4.70809;
5.08211;
6.26807;
7.82603;
3.90436;
4.59564;
5.48407;
2.645;
4.28171;
4.00232;
4.24306;
4.07207;
4.65718;
4.85753;
4.52632;
5.41334;
5.23094;
4.11845;
4.25741;
3.91054;
4.39687;
4.92814;
5.1732;
11.6515;
4.21226;
3.53471;
4.90838;
3.70643;
6.33367;
4.63347;
5.19633;
4.67371;
6.00043;
4.5069;
5.27693;
4.20891;
4.86205;
5.21571;
5.80513;
4.29176;
4.93819;
4.97509;
3.30768;
11.9998;
4.70209;
3.9427;
7.1787;
5.94276;
3.98757;
5.44986;
4.53181;
5.08983;
5.11004;
4.38015;
4.64064;
4.12982;
2.81479;
3.79409;
3.88063;
16.0597;
4.09411;
13.2024;
3.26953;
14.9348;
7.49774;
5.24671;
4.39066;
3.46511;
14.8347;
4.4754;
3.36345;
14.6884;
4.90066;
4.98133;
6.09513;
4.55273;
4.91968;
2.20926;
3.03482;
11.1;
3.92699;
4.38461;
4.77787;
4.61875;
3.20995;
4.72077;
4.82489;
6.55757;
4.73712;
5.96817;
5.74968;
4.24478;
6.12856;
2.47419;
4.89908;
5.58672;
6.15707;
5.45082;
5.87495;
6.67645;
6.5921;
5.95115;
4.68601;
2.63094;
4.55957;
5.09131;
3.15018;
3.75128;
6.0272;
5.23291;
5.45526;
6.59662;
2.40766;
4.20977;
4.22045;
3.54246;
2.69214;
4.6804;
3.25997;
3.72763;
5.89341;
2.77535;
5.56518;
5.88111;
3.7898;
2.71709;
3.46571;
5.84465;
4.14157;
5.00286;
4.7281;
3.8986;
5.78694;
4.31528;
3.68121;
3.87793;
6.40557;
3.99804;
5.18084;
4.67957;
4.23504;
3.49201;
4.64069;
14.6189;
5.33497;
3.3519;
4.63636;
5.91938;
4.61496;
4.7726;
5.03606;
4.77203;
4.28054;
5.24517;
4.97985;
5.90396;
5.42903;
3.36764;
5.48409;
3.58518;
3.68098;
6.96722;
5.99909;
3.74908;
4.09567;
3.87725;
5.00654;
3.39867;
3.90212;
2.75612;
4.2244;
5.26836;
5.82747;
4.45665;
4.9662;
6.1753;
5.64098;
4.08525;
4.74645;
3.06858;
2.9097;
4.75061;
11.4386;
5.06193;
4.18903;
3.827;
3.13199;
5.86478;
10.4894;
4.67996;
11.9601;
4.25762;
3.69679;
5.92257;
5.07838;
6.45655;
3.77887;
4.29598;
6.07002;
4.70505;
5.085;
3.75586;
4.02833;
4.76583;
5.51844;
3.1203;
5.38781;
4.22351;
3.59001;
5.69764;
4.15258;
3.14243;
2.83087;
5.16412;
4.86439;
6.28378;
4.2138;
5.86296;
2.76232;
2.85321;
5.31442;
5.56876;
6.79034;
6.45565;
4.30559;
4.0916;
4.16057;
5.48999;
5.35683;
4.71376;
4.88307;
5.58932;
5.00346;
1.69174;
4.26949;
5.29562;
4.19104;
3.48825;
5.87128;
10.9078;
11.6217;
2.07142;
4.73581;
4.33231;
2.85466;
2.89502;
3.12746;
10.109;
3.66508;
3.4332;
4.73347;
6.07273;
4.81117;
1.78254;
4.92518;
4.09959;
4.78438;
3.79044;
4.84401;
4.86986;
5.10868;
4.14649;
4.09864;
5.30567;
2.18537;
4.15401;
4.33811;
4.96637;
3.88207;
5.03566;
4.17877;
5.81813;
4.67812;
3.69475;
3.72499;
7.05603;
4.10225;
3.37519;
15.0362;
4.5;
3.37561;
14.1359;
4.2754;
11.5148;
3.21335;
5.2395;
3.92556;
4.74376;
4.71198;
5.88813;
5.22748;
4.40351;
6.81351;
4.0738;
3.54691;
2.77178;
2.2482;
2.81153;
3.51379;
3.96176;
5.1418;
3.61577;
4.74189;
5.02215;
2.77958;
3.97935;
3.86159;
3.74543;
5.76684;
4.89183;
4.21451;
4.78528;
4.52528;
4.77491;
3.91902;
3.91218;
11.8763;
4.3428;
3.9625;
2.21739;
4.33947;
2.78726;
5.53948;
3.297;
3.73538;
4.68325;
5.19065;
4.1463;
4.73389;
4.65875;
4.91172;
5.43257;
3.87565;
4.54155;
4.07531;
6.12037;
4.57536;
5.86501;
5.34574;
6.39747;
5.20782;
5.51992;
6.60739;
4.563;
3.68789;
6.13418;
4.5859;
6.28869;
5.28055;
4.45401;
5.59109;
4.03169;
4.32035;
4.18862;
5.76938;
6.70992;
4.14325;
3.95557;
5.37406;
3.2904;
3.50754;
2.25945;
3.63842;
5.36161;
4.35197;
4.16421;
4.76257;
5.43925;
5.29484;
4.23395;
4.5546;
4.51231;
2.43695;
12.6277;
3.8455;
4.33499;
5.46414;
12.8233;
3.66095;
5.04177;
3.95009;
3.95999;
3.09361;
5.15731;
3.56877;
5.92657;
6.40002;
4.264;
3.22965;
1.86425;
4.22479;
3.49351;
2.48469;
4.04623;
3.13379;
4.94098;
4.45318;
2.68721;
4.49644;
3.72956;
3.68705;
4.53188;
4.94626;
14.7337;
4.13825;
3.94922;
3.23143;
5.69322;
4.76966;
4.69232;
5.4171;
5.33548;
2.4078;
4.80535;
4.24216;
6.26636;
7.32905;
2.43417;
3.74291;
4.62523;
3.64563;
3.97711;
4.77752;
5.63231;
3.3196;
6.04636;
5.24345;
5.3051;
6.47238;
5.21613;
3.92683;
6.23505;
4.67675;
5.30251;
5.02725;
3.84301;
12.7162;
2.44048;
5.58482;
3.98331;
2.97907;
3.59455;
6.95122;
4.15535;
5.64434;
4.40063;
4.60613;
11.7817;
4.12048;
5.96422;
3.80744;
4.80663;
5.52047;
3.24526;
4.08589;
3.66722;
4.13609;
5.03526;
5.13589;
3.04543;
3.12369;
4.52248;
5.07385;
2.68808;
4.49887;
5.59024;
4.94826;
4.56724;
4.60825;
5.43752;
5.73395;
5.2363;
3.56416;
5.10348;
3.11642;
14.7108;
5.23944;
5.27763;
4.16216;
3.67295;
5.87849;
3.32501;
4.28291;
4.80597;
2.95728;
2.34213;
4.03535;
3.65963;
5.45413;
2.74387;
2.05048;
4.34991;
4.83639;
3.56206;
14.0645;
3.62747;
3.61496;
3.65238;
4.16473;
4.49136;
5.10851;
13.1686;
11.9532;
2.74009;
4.43557;
4.28201;
5.13577;
3.83137;
4.3626;
6.21918;
6.29017;
5.16476;
2.56644;
5.11595;
5.73541;
5.02294;
3.66981;
3.18236;
5.37244;
13.5473;
4.35043;
4.79398;
4.38084;
2.81685;
4.22165;
5.11423;
5.21172;
5.16438;
3.33661;
5.38031;
4.1834;
5.88753;
4.9286;
4.18008;
3.65623;
2.57;
4.87451;
5.17765;
4.6578;
4.34765;
2.63807;
4.15983;
3.4859;
4.64817;
3.09804;
5.31193;
3.86861;
3.43513;
3.25669;
4.28575;
3.40508;
2.0455;
3.56822;
3.57962;
17.7796;
9.40474;
5.94986;
5.43429;
4.53775;
5.94621;
13.4602;
15.7904;
5.6011;
12.0963;
6.5794;
4.33722;
11.0881;
5.05479;
2.44437;
2.76295;
4.07733;
2.69565;
3.41515;
2.56374;
3.15895;
4.74942;
3.7358;
4.50588;
11.1811;
4.18689;
5.45324;
3.86503;
6.26596;
3.52345;
3.67681;
4.15173;
4.77796;
4.48797;
10.8947;
4.28732;
3.88506;
5.20454;
2.70855;
3.90445;
4.23041;
3.34593;
4.2901;
3.75557;
3.51636;
4.90128;
2.88993;
5.12072;
3.74778;
4.20659;
2.61852;
3.94223;
4.56774;
4.06631;
4.14372;
4.56214;
13.0548;
2.78144;
5.52043;
4.46662;
2.29165;
6.7218;
4.41566;
2.88969;
4.24331;
5.25415;
3.64354;
3.37317;
2.64484;
4.17216;
4.38658;
5.36829;
4.58126;
2.90854;
5.60541;
5.28259;
5.90827;
2.60515;
3.89186;
4.61445;
12.416;
3.57294;
4.47591;
5.05488;
3.71983;
16.1716;
5.153;
4.76919;
3.17779;
5.34059;
3.41675;
5.05154;
3.50472;
4.74878;
4.34452;
3.27609;
5.45585;
3.54519;
3.80989;
2.40001;
4.85621;
4.71763;
4.89897;
3.28952;
3.97158;
6.18389;
3.9224;
3.44267;
5.33679;
4.28988;
3.01583;
3.47941;
6.4648;
3.16275;
4.71174;
5.48365;
4.24131;
3.68085;
3.45877;
5.91401;
3.95862;
3.43142;
4.05779;
3.90879;
5.17913;
3.40639;
2.4109;
4.46425;
3.81346;
4.57644;
5.05085;
13.2012;
2.12499;
3.91021;
3.97932;
3.1637;
3.50413;
5.44958;
14.8666;
4.53352;
5.32767;
14.8745;
11.3832;
13.0826;
2.91562;
10.5176;
3.91577;
4.35289;
4.09349;
2.28025;
3.29033;
15.6602;
2.69375;
4.2483;
11.8738;
4.05466;
3.60665;
5.40268;
13.2893;
3.06942;
10.1833;
3.97216;
3.3548;
5.37733;
3.96503;
1.74529;
3.63932;
3.81472;
3.06601;
3.91677;
4.01408;
14.6954;
4.31817;
3.70124;
3.52345;
6.54961;
4.36191;
4.58733;
4.91646;
3.69549;
5.16431;
4.18356;
4.62424;
4.16695;
3.52548;
3.04678;
4.77991;
3.83257;
3.96713;
4.55271;
4.39597;
3.95451;
4.83275;
3.79905;
4.51516;
5.17544;
3.11138;
3.7418;
4.88166;
13.8682;
12.6189;
5.31633;
4.25014;
4.30162;
5.63626;
10.8867;
2.89678;
4.48939;
3.19521;
5.32558;
4.69707;
3.05753;
5.13526;
4.61942;
4.40243;
11.6395;
5.77053;
3.50416;
4.2069;
2.26755;
3.60593;
5.46607;
5.52712;
3.83256;
3.92509;
3.42564;
3.77763;
5.01093;
3.32738;
5.39142;
3.67831;
3.63886;
4.83393;
3.53145;
4.3253;
4.4758;
3.63976;
3.17043;
5.8845;
3.34888;
3.3909;
3.27303;
4.12732;
3.42006;
3.18284;
3.89145;
13.2725;
5.4209;
5.0378;
5.25162;
2.53823;
5.66952;
3.02073;
3.8469;
4.28673;
3.64332;
6.59018;
3.51433;
5.25026;
4.7908;
4.02739;
12.0483;
5.11613;
13.9001;
4.54669;
5.48783;
3.34756;
3.23202;
4.19181;
3.66884;
6.10902;
3.83894;
3.28133;
3.75747;
4.90221;
6.51583;
5.81494;
3.65888;
4.22327;
3.61262;
4.15541;
3.67233;
2.7521;
3.01903;
2.86692;
4.9545;
1.72065;
4.72233;
4.15274;
5.06343;
5.56604;
5.23503;
3.14832;
3.96088;
3.03467;
4.52305;
4.62546;
4.72076;
3.4905;
4.6351;
3.80923;
3.7323;
4.10681;
5.52065;
4.34112;
3.35959;
11.9172;
6.7105;
3.79524;
2.49771;
4.67539;
5.02809;
4.07022;
4.69659;
5.25165;
5.05641;
3.76736;
3.31942;
3.63318;
3.58421;
3.75031;
4.27367;
3.8352;
4.28118;
4.97119;
4.29617;
4.0692;
5.2099;
3.33887;
5.13869;
3.46398;
6.42771;
4.52584;
9.72294;
11.2423;
3.99738;
4.04323;
4.4535;
4.05494;
11.5056;
14.5348;
12.7612;
2.25847;
3.35897;
4.78048;
4.44706;
5.2068;
5.05041;
4.48661;
3.081;
2.77339;
2.99041;
2.81752;
3.64355;
4.07609;
3.20172;
3.58054;
6.19529;
5.39528;
3.7503;
5.31866;
3.10048;
5.66817;
4.29846;
2.25505;
2.99784;
2.44924;
3.74554;
3.45072;
4.22135;
4.32767;
3.94562;
3.85758;
3.14961;
7.67511;
3.80428;
4.23745;
4.26581;
4.19804;
6.02933;
3.99226;
3.80296;
3.30766;
2.84026;
3.26774;
5.52539;
3.91206;
2.85781;
4.32168;
4.70914;
4.33113;
4.12462;
4.10609;
5.25568;
3.85308;
4.10278;
15.4556;
3.42162;
4.54889;
3.28369;
5.92176;
5.88659;
5.14045;
4.05865;
5.50867;
4.64971;
4.01781;
3.52513;
4.4144;
4.39152;
3.88143;
4.87865;
2.84666;
1.98384;
3.39371;
4.02528;
3.60959;
2.54163;
3.36474;
4.26176;
4.52934;
2.54957;
3.26026;
4.7262;
4.88475;
4.75549;
13.1975;
5.5478;
4.94107;
2.94333;
3.47314;
2.97983;
4.77114;
3.27628;
4.79797;
5.1179;
4.94615;
4.11992;
4.50323;
3.45878;
4.64295;
3.24276;
4.1252;
4.31243;
2.72484;
1.74087;
3.18319;
5.5397;
3.90099;
3.98917;
10.9147;
2.80357;
3.11903;
4.23953;
3.86108;
15.2196;
3.44446;
4.19376;
2.80461;
5.16934;
5.04094;
2.7542;
1.96587;
4.03378;
5.40275;
3.51334;
3.99798;
3.74956;
4.71676;
4.19308;
4.73989;
5.87874;
3.91316;
4.03255;
3.60963;
3.66589;
3.63231;
2.03934;
3.66636;
2.85875;
4.13095;
3.57933;
4.10102;
4.54707;
4.40149;
3.17766;
2.94083;
5.25676;
6.03322;
4.20173;
3.24377;
4.46969;
5.00208;
4.05153;
4.05678;
3.44899;
13.1328;
3.76826;
2.58156;
4.15684;
5.24526;
3.54401;
4.96198;
3.10846;
3.6387;
3.56737;
3.97065;
2.83398;
4.61814;
3.49837;
3.08882;
4.92397;
3.37956;
3.72145;
12.6374;
4.72506;
3.64189;
3.97952;
4.03114;
3.90307;
3.94316;
3.7868;
5.44226;
3.51055;
3.81995;
4.6296;
3.68954;
4.6582;
2.84431;
3.83015;
2.82072;
3.2;
3.40084;
3.64137;
3.60952;
3.74997;
3.64914;
2.22916;
13.0091;
3.58497;
4.59811;
4.90954;
4.53054;
2.87649;
5.76125;
3.89326;
3.29023;
4.40941;
3.89308;
3.84176;
3.88706;
3.62521;
3.35813;
3.49065;
3.4908;
5.42253;
3.14126;
4.03893;
5.02519;
4.18212;
5.03208;
3.88316;
2.88246;
4.07562;
4.43654;
5.503;
3.53798;
3.00343;
4.11404;
4.82029;
2.85759;
3.67324;
4.67832;
3.7724;
4.39256;
11.3182;
3.16829;
5.20652;
4.41556;
4.37884;
4.91108;
3.83947;
4.08187;
3.50346;
4.82401;
2.26905;
3.59236;
4.54838;
3.01586;
3.75359;
4.27369;
4.59776;
4.10062;
3.01766;
3.38024;
5.50263;
3.53109;
3.93841;
3.93358;
4.77081;
2.94057;
2.76075;
4.25599;
5.25779;
5.00623;
2.78143;
3.1199;
4.77183;
3.93544;
3.47106;
4.81146;
3.76688;
3.46728;
4.54503;
3.73618;
4.08647;
2.821;
4.71398;
3.41133;
2.48707;
9.67504;
3.51093;
1.88284;
4.3127;
3.33106;
3.70193;
3.45782;
3.25625;
3.83462;
3.86465;
3.67808;
2.90267;
3.20931;
3.08737;
4.90752;
4.81525;
2.96391;
4.20161;
2.12786;
3.62005;
4.11254;
3.62473;
4.65116;
3.85536;
3.61943;
4.18335;
4.11173;
11.2681;
2.14663;
3.67147;
3.80266;
3.49504;
2.34633;
3.99469;
2.7443;
3.67324;
3.89927;
4.42943;
4.02898;
4.83404;
3.49791;
3.72647;
4.24705;
4.91993;
3.51089;
4.11869;
4.17441;
2.47812;
3.58871;
3.9347;
2.50775;
3.76848;
3.71625;
4.24583;
4.7185;
4.47837;
4.03514;
2.88432;
3.69452;
2.55652;
4.6074;
3.73788;
3.47593;
3.48805;
3.64066;
4.48667;
3.06346;
3.10155;
4.30667;
2.95452;
3.44666;
3.26416;
2.21911;
3.09879;
5.0917;
3.85608;
4.30753;
2.40498;
5.01014;
2.78488;
5.00176;
4.77054;
2.51455;
3.01499;
3.88876;
12.1151;
3.11822;
4.54339;
3.1753;
3.87261;
3.95424;
4.48859;
2.79264;
5.04973;
4.53268;
5.00518;
4.66137;
2.64282;
5.39115;
1.85309;
15.4098;
3.31227;
5.45174;
3.62684;
3.85081;
2.92871;
1.9637;
2.82708;
2.75249;
2.52332;
4.68617;
4.07446;
2.5845;
4.56529;
3.3983;
3.2922;
4.46327;
2.57679;
5.11236;
1.89772;
3.75686;
4.77257;
4.81943;
3.61911;
2.9777;
4.01674;
3.07416;
4.41856;
3.27403;
4.91375;
2.97574;
2.98374;
4.70447;
3.23633;
3.46356;
4.97365;
3.1466;
3.3721;
3.89562;
2.68221;
3.02795;
3.93089;
4.53595;
3.8869;
4.01235;
3.17396;
3.79874;
3.90243;
3.4505;
5.03937;
3.96487;
4.01836;
4.16351;
3.29666;
4.33403;
5.0832;
3.58549;
3.06639;
3.32436;
3.33721;
2.85658;
3.61823;
11.0778;
3.45807;
2.96778;
3.2981;
3.10173;
3.47759;
1.84528;
3.46842;
3.85337;
3.52512;
4.05943;
3.8243;
3.43226;
3.48072;
3.84499;
3.84306;
4.94334;
4.5383;
3.80322;
3.94124;
5.31282;
2.92971;
4.12174;
2.39838;
3.82945;
4.09746;
2.69633;
4.89789;
3.07384;
5.19215;
2.64975;
9.96316;
3.12547;
4.52324;
3.48133;
4.60475;
3.04101;
4.67264;
2.88754;
3.26118;
3.46741;
3.22915;
3.40484;
2.67085;
2.87639;
2.95542;
2.40437;
3.1422;
2.59505;
4.45054;
12.3623;
4.02205;
3.91681;
10.1358;
3.3219;
3.86463;
4.10368;
2.51149;
2.77515;
3.45865;
4.05143;
3.82402;
3.184;
3.56331;
3.58237;
3.07957;
4.20019;
2.6555;
3.14918;
3.32994;
3.80478;
4.02344;
4.13479;
3.62443;
3.93448;
4.59452;
2.6569;
3.36844;
2.64846;
3.77493;
4.31121;
2.39217;
5.02481;
4.82244;
3.15752;
4.14579;
4.13172;
3.26264;
4.74009;
4.47079;
3.9168;
2.19401;
1.93367;
2.29679;
1.82727;
5.70832;
1.8581;
4.95189;
2.32961;
3.46674;
3.31502;
1.8416;
2.3842;
2.94506;
2.21748;
5.03039;
4.35414;
3.82897;
2.17021;
2.69329;
2.6288;
3.60631;
2.62049;
3.31509;
3.78779;
10.3656;
3.38818;
4.39637;
2.27752;
3.80104;
3.29314;
3.34055;
4.30586;
9.23392;
4.20186;
4.85253;
4.36418;
2.47404;
2.70129;
3.11482;
2.55381;
2.85787;
4.59898;
4.9328;
2.93847;
3.41778;
4.69616;
4.10825;
3.31491;
2.17883;
2.58109;
14.2275;
11.7073;
3.71598;
11.7055;
12.5458;
3.4369;
3.53039;
4.15885;
1.69448;
3.14369;
3.24348;
3.84399;
4.69677;
3.70888;
4.05465;
2.95771;
3.04737;
3.57443;
3.00512;
3.05867;
4.76984;
3.2457;
4.23032;
3.82394;
1.42767;
3.0891;
2.74391;
2.60319;
3.2753;
2.23016;
3.1785;
2.5596;
2.5665;
1.63585;
2.98033;
4.15792;
9.71762;
2.89353;
3.31393;
2.64277;
3.09339;
4.10212;
3.04242;
3.47814;
4.31721;
4.77539;
4.56661;
3.81343;
2.3654;
3.01183;
2.5533;
3.70073;
2.4999;
2.82741;
2.2895;
3.75709;
3.13061;
2.64331;
4.25921;
5.39293;
3.33479;
3.30666;
5.91079;
3.09268;
5.0197;
4.18004;
5.26922;
3.00638;
2.70045;
2.71837;
3.12911;
4.73129;
2.12745;
4.00629;
3.21086;
2.89172;
2.52233;
2.61644;
2.81803;
4.00548;
2.58504;
3.85362;
10.0029;
3.36413;
2.97324;
2.59807;
3.166;
2.21239;
3.54712;
3.01162;
3.5317;
3.90052;
3.4867;
2.2084;
3.81186;
2.06293;
4.18839;
3.43648;
2.47094;
3.7467;
4.0429;
5.5618;
4.34944;
3.74568;
4.20023;
2.95148;
4.27488;
1.8421;
3.59645;
2.97861;
4.78268;
5.82787;
4.74669;
4.61577;
3.20349;
2.9684;
2.53581;
11.3683;
2.95937;
2.62301;
3.76934;
3.42731;
3.90581;
4.58867;
3.44419;
3.26114;
2.78013;
3.05753;
2.20713;
3.3131;
5.32301;
2.45512;
5.01204;
4.01519;
3.90094;
3.21846;
4.08842;
2.59366;
4.45521;
3.19724;
1.63587;
2.18175;
3.43654;
4.49794;
9.75302;
4.42037;
3.57478;
4.61201;
2.95581;
3.6838;
1.76392;
4.14035;
2.54683;
3.61689;
10.5478;
3.28563;
2.28695;
3.65871;
3.44213;
3.01198;
2.92346;
2.81536;
3.34004;
4.37381;
4.02803;
3.86414;
4.24023;
4.09874;
3.42039;
3.34496;
3.12494;
5.15001;
4.17146;
4.16202;
3.32384;
3.91629;
3.40812;
4.2799;
3.88532;
3.15796;
2.42568;
2.99176;
3.24837;
3.29795;
3.65891;
3.26251;
10.7937;
2.88019;
3.04396;
3.64501;
2.17856;
3.4133;
3.68815;
4.23557;
5.13601;
1.49598;
2.86876;
3.2939;
3.00869;
3.53716;
3.32535;
3.8632;
4.17914;
2.32185;
2.01175;
3.15807;
3.30241;
3.0919;
3.20077;
2.72096;
3.82572;
3.31983;
11.2325;
3.31914;
2.53302;
3.85315;
3.67365;
2.18894;
3.49159;
4.32337;
3.17227;
3.96488;
4.04734;
3.20043;
2.71507;
3.69147;
3.97417;
2.71272;
2.68252;
3.61013;
2.48877;
2.51427;
2.5967;
8.9719;
3.25945;
3.02199;
3.4192;
3.51202;
4.46924;
3.33871;
3.30236;
3.30033;
3.84504;
3.05339;
3.30271;
2.59621;
2.52902;
2.19872;
4.28436;
3.6933;
3.92664;
1.795;
2.61964;
4.32939;
2.27234;
2.93509;
2.35624;
3.48566;
4.26584;
3.21265;
2.14306;
4.0439;
3.43905;
3.95693;
2.47841;
3.1783;
3.71743;
3.10407;
2.45906;
2.36512;
3.66766;
2.75414;
2.75241;
3.84447;
5.12373;
3.76227;
2.35624;
2.84934;
14.6439;
3.70957;
4.05165;
4.16012;
11.5292;
11.3782;
3.80426;
2.77549;
2.98607;
3.07373;
3.86863;
3.04758;
3.54867;
2.79651;
3.75282;
3.59578;
3.19781;
2.90014;
2.9798;
4.09669;
3.48079;
2.85206;
2.67625;
3.60992;
3.62839;
10.0764;
4.50577;
12.0899;
3.77362;
3.0117;
3.55986;
2.43464;
3.3618;
3.41468;
3.94194;
4.89701;
2.70292;
3.10127;
3.84286;
4.06354;
4.36057;
3.37731;
3.37592;
2.24164;
2.74059;
4.30593;
3.16566;
1.6566;
3.95085;
3.13644;
3.22604;
3.66703;
2.98345;
2.52872;
3.49721;
3.26537;
4.27256;
2.20737;
3.32573;
3.10909;
3.25529;
3.63324;
2.89413;
3.12143;
3.60175;
10.8252;
3.81838;
3.08656;
2.33086;
4.2594;
4.42741;
3.23372;
3.54612;
3.8213;
4.69227;
3.17775;
2.34887;
2.4888;
2.38837;
2.57565;
2.5136;
2.89521;
3.3487;
2.26026;
2.36572;
2.5679;
1.89981;
10.9735;
3.13452;
3.09706;
5.2488;
3.84302;
1.31502;
2.33483;
3.89033;
4.43266;
4.0035;
2.88283;
3.65878;
3.33745;
1.8712;
3.56713;
3.01608;
3.01016;
3.3222;
3.64794;
3.78437;
3.10682;
2.11956;
3.29488;
4.38643;
3.47388;
4.24445;
1.4955;
3.90508;
3.39372;
3.694;
3.09703;
2.57926;
3.71218;
2.82472;
3.84727;
3.79283;
2.67393;
3.03459;
4.25568;
3.43233;
10.6461;
3.40916;
3.66599;
11.5407;
4.24188;
3.43696;
3.79979;
4.14037;
3.68731;
4.50738;
3.29566;
2.45081;
2.52655;
2.302;
3.04741;
2.42717;
1.60659;
3.85001;
3.37224;
3.17857;
2.84678;
1.93285;
2.88359;
2.54535;
1.87704;
3.36752;
1.54106;
1.97722;
3.03248;
2.18907;
3.05156;
3.24142;
5.1717;
1.86937;
2.87536;
3.9725;
1.89056;
9.50607;
3.30583;
1.62895;
3.39196;
4.27311;
3.55605;
3.37163;
3.30585;
2.74696;
4.09491;
4.9613;
2.38269;
2.82989;
2.13343;
3.21465;
1.67921;
2.31323;
2.96279;
3.60177;
3.04355;
2.27392;
10.2105;
4.94443;
2.30102;
2.83825;
2.14018;
3.28115;
2.60716;
3.7309;
2.62981;
2.55132;
2.38086;
3.80656;
3.62496;
2.08224;
2.99808;
3.13278;
3.32885;
2.5703;
2.46514;
2.85491;
2.63313;
2.23072;
4.26791;
10.4;
4.06965;
2.03004;
3.24849;
10.4877;
4.43817;
3.24929;
2.4787;
4.47089;
2.50771;
14.0095;
2.80204;
11.8204;
2.58629;
2.26371;
4.01842;
2.42782;
3.99163;
4.38509;
1.80928;
2.21322;
2.69674;
2.61367;
3.82087;
3.50223;
2.58584;
2.39095;
1.59905;
3.00943;
3.61869;
3.20088;
1.7867;
3.29805;
3.5396;
3.34446;
2.91629;
4.78319;
2.52842;
12.4141;
2.90629;
2.57373;
2.13089;
4.2138;
3.90605;
3.40136;
3.92281;
2.76813;
3.32771;
2.18309;
2.13576;
2.63984;
3.69628;
3.04739;
2.78563;
3.55355;
2.8183;
2.63849;
2.59927;
3.38299;
3.17374;
1.98129;
3.07932;
3.23818;
3.91648;
2.58772;
2.44125;
3.21282;
2.80091;
2.77273;
3.14989;
4.13988;
4.56025;
3.25142;
4.24271;
2.76232;
2.77324;
3.30651;
4.66553;
1.74897;
3.87657;
2.5895;
3.6882;
2.9642;
2.36663;
1.55115;
3.35787;
3.36882;
2.8118;
2.87562;
3.2705;
3.22589;
2.55454;
3.54072;
2.61695;
3.45984;
2.82703;
2.69385;
3.0514;
8.1282;
2.0333;
9.83909;
1.55507;
2.21279;
3.62091;
4.56793;
3.99033;
3.12562;
2.22565;
10.954;
4.65607;
2.61901;
2.74943;
3.73127;
3.3092;
4.07983;
3.82422;
3.0629;
2.97298;
2.38728;
2.35551;
3.52114;
2.60943;
3.42501;
3.91031;
3.3508;
2.2972;
4.32888;
2.28142;
3.79852;
2.77239;
2.21295;
3.25436;
3.13953;
3.44345;
3.69744;
12.8124;
13.1336;
3.2474;
2.92239;
14.0081;
3.4142;
10.8805;
4.98908;
4.75803;
2.69478;
3.28085;
4.64972;
11.8584;
4.02306;
2.79459;
2.72982;
2.00843;
2.32809;
3.08659;
2.54037;
3.21685;
3.40576;
2.77395;
2.06721;
1.81782;
3.90316;
2.91822;
2.42363;
3.03774;
3.19308;
3.56649;
3.35893;
14.175;
9.00766;
10.3769;
10.6809;
3.27374;
3.05943;
2.64322;
2.20209;
3.72882;
3.24163;
2.23571;
3.13445;
2.71748;
4.09541;
2.41923;
3.1757;
3.87882;
3.00698;
2.4948;
1.95321;
9.45462;
3.61381;
3.59202;
3.87749;
3.00097;
2.81766;
2.96299;
2.41163;
1.37613;
3.27315;
2.71551;
1.81301;
2.08751;
3.92612;
4.60069;
1.92146;
2.18812;
3.71308;
2.33764;
2.67398;
3.67854;
3.37129;
2.6819;
2.02456;
2.36621;
3.40696;
2.69031;
2.22647;
11.256;
4.018;
3.76603;
2.03576;
2.95787;
2.6557;
2.92179;
2.57742;
3.93231;
2.45091;
4.6093;
2.94158;
2.52023;
3.52919;
3.95962;
2.96971;
1.77801;
1.86589;
4.23951;
2.85297;
2.04899;
3.72488;
4.08574;
3.13979;
4.55504;
2.60699;
2.65502;
2.51239;
3.3299;
2.73808;
2.64071;
2.89622;
3.95168;
3.49984;
12.4382;
2.54445;
1.89584;
12.0478;
3.72238;
1.9688;
2.94451;
2.65219;
2.67435;
2.86578;
2.93082;
3.09199;
2.95661;
2.50699;
4.57654;
3.2093;
2.55606;
3.00476;
1.961;
3.61884;
3.7034;
2.41052;
3.65631;
2.66419;
1.72594;
2.73152;
3.80566;
1.64433;
2.72772;
3.68954;
2.53056;
1.57152;
2.3317;
2.98718;
3.25822;
2.99365;
2.56159;
2.9984;
3.13806;
2.85881;
1.91481;
1.24323;
2.3916;
2.00754;
2.85011;
3.98089;
2.84287;
3.7513;
10.5525;
3.20609;
4.46529;
14.5469;
3.00973;
2.50308;
3.367;
4.34782;
3.88201;
2.37008;
4.06404;
1.98875;
2.18075;
15.398;
2.42738;
2.7932;
2.58645;
2.60322;
2.67327;
2.19008;
4.70107;
3.97886;
2.5341;
2.67944;
2.15121;
3.01149;
3.66503;
3.63537;
2.33496;
2.17079;
2.6705;
5.14498;
3.46263;
2.84442;
2.84323;
3.9271;
2.11595;
3.34801;
3.02202;
3.58212;
2.27376;
2.39652;
2.09544;
2.50378;
1.99904;
4.31613;
2.54396;
2.50984;
2.31088;
2.72213;
2.66103;
2.84888;
2.68374;
3.20091;
2.59144;
2.30337;
3.23505;
2.30763;
3.41167;
2.37346;
1.55724;
3.37918;
2.31792;
1.78991;
3.63524;
2.17144;
1.95758;
3.0234;
3.28748;
1.55005;
2.99099;
3.2699;
3.20607;
2.47165;
2.19572;
2.44367;
1.47888;
2.34702;
1.77804;
1.80302;
3.53257;
3.43934;
2.78937;
4.24009;
3.24626;
2.43053;
3.82753;
2.14848;
2.44944;
1.9891;
2.75595;
3.75268;
1.90491;
2.56545;
1.90666;
2.31357;
2.91586;
2.55372;
3.54074;
3.65278;
11.6746;
2.39214;
2.67754;
3.37067;
3.59488;
3.86091;
2.33142;
3.61617;
1.76539;
2.25191;
2.10304;
1.78393;
3.42156;
3.57787;
1.82265;
2.87117;
2.91632;
2.66164;
2.14644;
3.29589;
2.55815;
4.26977;
3.35689;
2.39899;
2.73845;
1.89933;
11.9658;
1.57195;
3.54181;
1.94922;
1.91254;
3.88814;
4.20471;
3.09047;
2.14964;
2.88002;
3.6233;
3.13477;
3.58884;
3.0307;
2.77099;
3.46859;
3.06581;
4.1079;
11.0722;
1.153;
2.53048;
11.6259;
3.85933;
3.2767;
3.16803;
1.31207;
2.30107;
2.89657;
2.12889;
2.58771;
3.23746;
2.59718;
1.37743;
3.07156;
2.67356;
4.36535;
1.89468;
3.12069;
2.29428;
2.53334;
3.96152;
2.12085;
3.65423;
1.96573;
3.08843;
3.89313;
2.30415;
2.82168;
2.30495;
3.62488;
3.20099;
13.5954;
1.77733;
2.38896;
3.38988;
2.85503;
2.85344;
2.46078;
2.66676;
2.54669;
3.40256;
2.80101;
2.02427;
2.48273;
2.16571;
2.26165;
2.94494;
11.6398;
2.24812;
1.83737;
2.3952;
3.30581;
2.39749;
2.01934;
4.93245;
2.27546;
2.88561;
2.67769;
1.66331;
3.58413;
2.39085;
2.41106;
4.00268;
1.9793;
2.33089;
3.38615;
3.32565;
2.47882;
2.74773;
2.94058;
2.9339;
2.89442;
2.26681;
1.99333;
1.80427;
3.4614;
4.01581;
3.4377;
3.55601;
3.4341;
2.9318;
2.68653;
3.93387;
3.92464;
3.45796;
2.7123;
3.56291;
3.31087;
1.43896;
2.57651;
1.66603;
1.74783;
2.50258;
2.67585;
2.54239;
2.32652;
3.00195;
2.63994;
2.22822;
3.26112;
3.39023;
1.73924;
2.90543;
11.4211;
2.53613;
1.8665;
2.67291;
2.81973;
3.35155;
2.16464;
1.97208;
3.4627;
4.18835;
2.29332;
2.05389;
3.02467;
3.34192;
1.7745;
2.89601;
2.11577;
2.29332;
2.30701;
3.12094;
2.89927;
3.20118;
2.91322;
3.24774;
3.28303;
2.23094;
3.07274;
3.28052;
2.82497;
2.29335;
2.04111;
1.72851;
2.52221;
2.58783;
2.00735;
1.74024;
2.32189;
1.2306;
2.52013;
2.54193;
1.81135;
2.97694;
2.27468;
2.47655;
11.0071;
2.67673;
2.25535;
3.46744;
2.84837;
2.758;
3.29115;
2.5505;
4.40091;
1.85197;
4.13767;
2.30445;
2.89584;
2.34102;
1.85028;
10.8903;
3.04249;
4.15186;
3.12798;
2.31486;
2.48672;
2.83399;
3.12675;
3.33678;
2.74093;
4.35948;
2.25632;
2.45833;
3.54903;
2.3287;
5.03753;
3.45388;
12.9922;
3.00433;
4.72262;
2.41628;
2.93495;
3.35395;
2.87198;
2.1935;
2.40563;
11.433;
3.68403;
2.60255;
2.90577;
3.6091;
3.51532;
2.33603;
4.59193;
2.88066;
2.73012;
3.39784;
4.8981;
3.7833;
2.21214;
4.16262;
3.4899;
3.99166;
2.84745;
3.60977;
3.59608;
2.93337;
2.30804;
2.84266;
3.50159;
1.68417;
1.76036;
2.79088;
1.84762;
2.7746;
3.01783;
2.4069;
2.49344;
3.56181;
2.13236;
2.87902;
3.71703;
3.65571;
2.80288;
2.14012;
2.80366;
3.95133;
2.33728;
2.72751;
2.52303;
3.56331;
3.00073;
2.91451;
3.44351;
2.21884;
2.79456;
4.44358;
2.91221;
9.14649;
2.45402;
9.20401;
4.03025;
2.81075;
2.71345;
3.94191;
2.6045;
5.04675;
2.04341;
2.85816;
4.98944;
1.79151;
9.11305;
12.1844;
2.01431;
3.24077;
2.49106;
3.8306;
2.76033;
3.07942;
3.60243;
8.05644;
2.31877;
2.48784;
3.44261;
3.32402;
3.32612;
2.52982;
2.95099;
3.15132;
2.81301;
3.0501;
1.07034;
2.13729;
2.55182;
1.97434;
2.2911;
3.16529;
2.98086;
1.89217;
3.05582;
3.20899;
2.70078;
2.3194;
2.95245;
2.08309;
1.70148;
2.09282;
3.35095;
2.06181;
2.23827;
2.75972;
1.9286;
2.07699;
2.72737;
4.61313;
2.38723;
1.65221;
2.88564;
2.03443;
2.29001;
1.86834;
2.11294;
2.82544;
1.24203;
2.33874;
9.8203;
1.82087;
2.83164;
2.50914;
2.62699;
2.84046;
2.42016;
3.4585;
3.61037;
2.12629;
2.61064;
2.37815;
2.84615;
2.2548;
3.57068;
2.64506;
4.65854;
3.47284;
3.63704;
2.17067;
2.43643;
3.42733;
1.96848;
2.82727;
2.68007;
3.75484;
2.2413;
1.7692;
2.71294;
2.28942;
12.8009;
12.353;
2.0387;
3.03771;
2.02551;
2.98033;
2.23208;
3.97227;
3.04624;
3.64499;
1.82628;
2.19257;
2.39198;
3.53687;
1.7444;
1.82662;
3.84427;
2.04043;
1.6609;
2.32894;
2.40157;
3.49042;
2.80489;
1.83868;
2.65121;
4.03915;
3.59413;
3.27561;
2.71635;
3.1307;
3.87134;
3.40318;
2.28942;
2.67662;
2.8295;
2.77185;
2.88449;
2.31056;
1.79183;
2.21902;
12.0518;
2.79133;
3.4003;
12.6351;
3.50013;
4.29045;
2.87223;
2.95042;
3.00477;
3.43749;
2.69239;
3.15361;
2.68201;
2.74942;
3.86531;
3.19592;
3.54362;
3.24387;
2.29414;
3.42458;
2.03355;
4.75879;
2.40934;
2.13433;
2.82374;
13.456;
2.53659;
1.71478;
1.63919;
3.96545;
3.5891;
3.55028;
1.97678;
4.2724;
1.84081;
2.87261;
2.21848;
2.7871;
2.65716;
3.30528;
2.08344;
3.44122;
1.89091;
2.19139;
2.811;
3.40653;
2.27375;
2.86674;
1.93512;
2.43009;
3.97224;
2.59348;
2.07946;
4.2547;
2.1456;
3.71683;
2.22512;
2.05056;
3.15037;
3.25264;
2.07665;
2.31452;
2.4582;
3.27928;
2.4799;
2.30659;
2.28369;
2.22829;
2.25643;
2.7957;
2.67672;
1.56374;
2.1655;
3.66207;
1.62518;
1.30187;
2.16193;
1.43822;
2.56963;
1.06396;
2.14636;
2.15134;
2.59657;
2.88987;
1.75854;
3.00375;
3.16716;
1.63095;
11.4768;
3.93781;
1.55646;
2.30556;
9.64853;
3.45203;
1.65273;
1.70358;
2.24403;
2.77679;
3.02869;
2.72328;
2.97655;
1.77783;
2.65942;
3.33609;
2.82861;
2.56485;
1.5987;
2.79825;
1.24273;
3.06811;
2.73917;
2.89038;
3.05363;
3.70076;
1.32014;
2.06276;
9.03696;
2.50303;
1.71601;
1.78398;
1.71389;
2.24524;
2.70765;
2.10561;
2.69201;
2.70669;
3.66193;
3.0556;
1.48768;
2.04371;
2.41439;
1.72485;
2.68787;
3.20568;
2.90985;
2.96879;
3.29219;
2.23821;
2.54656;
1.32473;
3.05044;
3.33535;
2.14164;
2.16829;
1.57253;
2.33628;
2.16531;
3.23196;
2.89683;
2.72903;
1.89903;
2.39468;
2.18031;
1.65217;
3.03932;
1.33345;
11.2374;
2.37707;
1.89702;
1.77285;
2.07966;
2.22499;
2.87646;
1.99727;
3.24189;
2.34301;
2.64958;
3.28221;
2.75438;
3.56771;
2.67691;
2.26494;
1.87028;
2.66493;
3.03398;
1.90408;
3.13276;
1.78886;
1.54908;
4.15663;
1.25257;
2.50474;
2.1974;
2.31234;
3.0755;
4.96233;
3.04366;
2.87107;
2.21568;
2.95434;
3.08165;
2.93271;
2.74636;
9.66862;
2.21702;
3.03847;
2.38851;
2.39089;
1.87094;
2.15929;
1.73523;
2.63261;
2.77407;
1.90326;
3.11171;
2.33571;
1.67399;
2.24139;
1.55517;
3.01247;
3.3416;
2.79985;
2.73784;
10.4224;
2.14583;
1.65383;
2.49836;
2.48815;
2.44201;
2.30079;
3.04007;
2.30056;
10.6778;
1.70631;
3.34541;
2.00787;
3.14801;
2.26964;
2.48764;
2.72359;
2.05592;
3.68217;
1.63353;
1.57186;
1.64718;
3.11088;
2.23595;
0.86851;
1.83363;
10.6719;
10.2507;
3.23198;
0.736325;
14.7561;
3.31499;
1.34581;
12.0383;
4.90489;
2.01677;
2.15114;
1.88995;
2.8174;
1.50249;
10.2285;
2.36497;
2.38809;
2.26997;
1.76484;
2.2336;
2.0799;
1.89387;
2.93873;
2.61196;
3.62113;
1.52301;
2.26743;
2.71785;
1.53396;
2.15129;
1.14496;
2.62468;
2.37529;
2.49178;
2.72943;
2.69797;
2.1029;
2.4908;
1.48471;
2.24191;
3.31406;
11.3583;
2.3265;
2.61308;
1.11439;
2.9756;
2.04882;
2.18495;
10.9678;
2.83249;
3.25019;
5.12589;
2.71387;
2.04285;
2.9572;
2.16967;
3.31151;
1.98326;
10.2828;
2.24293;
3.54675;
1.85;
1.90418;
3.76818;
3.68391;
2.34436;
2.43402;
3.13215;
2.50584;
2.34837;
3.21692;
2.55622;
1.83522;
1.97319;
2.35774;
4.32706;
8.82347;
1.85086;
2.51487;
2.56559;
1.65515;
3.00717;
3.74584;
2.19192;
1.37166;
3.98607;
2.28628;
1.83676;
2.45745;
1.96264;
2.05534;
2.18709;
1.38496;
2.42619;
2.15485;
1.43795;
2.56372;
11.4974;
2.64235;
0.909888;
1.19952;
3.358;
2.25528;
1.87899;
2.93476;
2.44314;
2.25639;
2.0614;
2.42725;
2.92221;
2.13616;
1.90862;
2.45891;
2.50852;
3.37265;
1.52304;
2.74734;
2.53315;
1.95338;
2.44586;
1.61399;
1.60777;
3.72932;
2.82469;
2.52888;
2.97732;
2.96428;
2.12869;
2.82256;
2.04448;
2.02109;
2.06144;
1.73467;
4.67246;
2.19636;
1.97304;
3.38667;
4.07645;
3.73118;
1.73515;
2.22621;
3.78886;
1.90288;
2.33406;
1.88924;
1.7118;
2.58868;
2.28799;
1.94614;
1.90665;
2.78827;
1.96213;
2.39164;
3.34324;
1.48214;
2.74501;
2.52392;
2.28414;
2.11632;
3.3032;
1.3557;
2.52006;
1.79605;
3.3265;
1.649;
2.62795;
3.10441;
2.45348;
3.41807;
9.655;
2.62022;
2.31045;
2.59907;
2.69511;
2.17696;
1.51453;
2.58744;
1.74772;
4.05768;
2.90755;
4.24247;
2.77244;
2.65258;
2.83715;
8.84685;
2.65257;
2.24172;
2.30307;
2.17588;
2.0857;
5.41986;
1.48736;
2.16019;
3.8274;
1.6781;
3.07643;
2.34541;
2.69736;
1.81194;
2.32592;
1.70697;
1.8036;
2.88006;
1.85654;
1.69299;
2.71908;
1.6052;
2.13306;
3.76333;
1.13208;
1.74992;
2.38732;
2.81419;
8.80915;
2.07992;
1.84533;
2.48238;
1.97745;
4.04096;
2.82356;
1.6354;
3.83469;
3.09417;
2.20104;
3.48513;
2.9965;
1.60636;
3.29654;
1.97611;
2.25738;
2.3042;
1.54381;
1.51881;
3.5557;
2.66787;
2.19464;
1.38665;
2.56002;
1.7367;
11.621;
2.23503;
2.58387;
1.02803;
3.06347;
2.00587;
2.20648;
3.54603;
11.6922;
3.7169;
1.80954;
2.83845;
3.30985;
1.98589;
2.20546;
1.31923;
3.23059;
2.31199;
2.46721;
2.65124;
2.16383;
1.56863;
2.38482;
12.5382;
3.54812;
2.40307;
3.69291;
2.49932;
3.25422;
2.04442;
2.68819;
2.23192;
2.41422;
2.45789;
4.05486;
1.5834;
1.15527;
1.90079;
3.58956;
2.97945;
1.42487;
3.19721;
0.901218;
3.66186;
3.19939;
2.40874;
1.76206;
3.12046;
2.84165;
1.93732;
1.66499;
2.43003;
2.41941;
1.46828;
1.56443;
2.11733;
1.80845;
2.47544;
2.4503;
2.9772;
3.03137;
3.20445;
2.83451;
2.05967;
1.61225;
2.07203;
1.75427;
2.28121;
1.62216;
2.32162;
2.77077;
2.51114;
1.30602;
1.74062;
1.44998;
3.07408;
11.3824;
1.97445;
1.64834;
10.2806;
1.54959;
3.47384;
2.15294;
2.65081;
1.54222;
1.18794;
8.92876;
2.68058;
2.24504;
2.76196;
3.54605;
2.30214;
1.18048;
3.04931;
3.11243;
0.76603;
2.51588;
1.9236;
2.47046;
3.41214;
2.19276;
8.35954;
2.94279;
2.89901;
1.51164;
1.75828;
2.13958;
10.6646;
2.51506;
1.65238;
1.36375;
1.8415;
4.37364;
2.37712;
4.05654;
1.67445;
3.04555;
2.14745;
4.45818;
2.1662;
2.97757;
3.25732;
1.6435;
1.8757;
2.558;
2.36538;
3.20218;
2.16565;
8.8557;
1.73472;
2.01531;
2.76815;
11.2623;
3.3017;
2.43252;
12.7489;
2.11383;
2.03798;
2.38095;
2.79263;
2.12925;
2.11334;
3.41545;
1.58623;
1.70788;
2.27136;
1.55474;
1.79276;
2.53453;
2.34086;
2.78252;
2.65904;
3.67026;
2.1068;
1.59293;
2.86366;
1.74488;
2.15911;
1.64002;
3.44566;
1.53097;
1.61305;
2.61701;
2.7204;
1.93977;
2.83757;
1.77122;
2.94642;
1.5618;
1.73988;
3.06164;
3.19646;
3.77865;
2.18762;
0.92301;
3.34035;
1.82793;
2.5654;
1.45248;
1.60662;
2.55288;
1.84708;
3.65138;
2.0956;
3.23199;
4.43257;
2.43122;
1.75453;
2.88841;
2.70431;
11.7706;
3.13869;
2.37173;
2.28737;
2.44791;
2.72283;
2.24896;
2.06921;
2.48246;
2.99054;
1.80089;
2.32316;
1.62892;
2.23713;
1.33671;
2.19958;
2.60746;
1.91949;
1.93624;
3.81188;
1.85273;
4.4197;
1.81295;
2.25;
1.09007;
2.82014;
2.73416;
1.33437;
2.2154;
1.26456;
2.31408;
2.56447;
1.66819;
1.90956;
3.20739;
1.55958;
2.29099;
1.42287;
1.38172;
3.51662;
1.07671;
2.7944;
13.1011;
2.62106;
1.65589;
1.39182;
2.60322;
1.8973;
1.80827;
1.58694;
2.48138;
2.63438;
1.83552;
3.21749;
2.04113;
2.38844;
2.29424;
9.88987;
2.22545;
1.45335;
2.94178;
1.8642;
2.3552;
2.82935;
1.33605;
3.10267;
1.69159;
2.15438;
2.71602;
1.37956;
2.16202;
2.15045;
1.85959;
2.58434;
1.25274;
4.25729;
3.42827;
1.88035;
10.3068;
1.43853;
2.47982;
2.61808;
2.17628;
10.0149;
2.60076;
2.01857;
2.54395;
2.72698;
2.01255;
2.95397;
2.01952;
2.24434;
1.6217;
1.94018;
1.82902;
1.38532;
2.28138;
2.97269;
1.21592;
1.73502;
2.61098;
1.51589;
3.09519;
2.08521;
1.79375;
2.70488;
1.4599;
2.21618;
1.9434;
1.93926;
2.15057;
2.60003;
1.45471;
1.94377;
2.30985;
2.08625;
1.52838;
2.30108;
1.4092;
2.16087;
2.99937;
2.20939;
1.43327;
2.83623;
1.10749;
10.3392;
2.15367;
2.06161;
2.31563;
1.53154;
2.2282;
1.66275;
2.39795;
1.85531;
2.24013;
2.32318;
3.05852;
2.03846;
2.91525;
2.34365;
1.90062;
1.84483;
2.49777;
2.20331;
3.3659;
2.67236;
2.22482;
1.524;
3.39089;
8.63923;
2.65995;
1.68562;
1.97634;
2.21799;
2.62375;
1.97498;
1.53058;
1.63131;
1.75458;
3.01818;
2.54198;
1.99566;
1.17618;
2.20045;
1.86854;
3.10933;
2.20283;
12.2649;
1.67457;
1.77908;
2.26575;
1.45472;
1.5084;
3.18129;
1.53355;
1.5141;
2.22146;
2.20946;
2.78994;
0.883189;
1.91443;
2.57742;
3.7156;
1.25273;
1.42684;
3.09054;
2.0598;
0.839966;
2.18175;
3.2111;
1.73906;
1.74634;
1.15839;
1.9169;
1.73695;
2.7706;
1.97474;
2.03441;
1.65217;
3.15349;
1.05091;
10.5643;
2.15639;
2.27918;
3.18489;
2.42623;
2.64592;
3.70802;
1.49793;
2.41122;
1.64602;
1.11448;
2.81642;
1.9354;
1.85435;
1.73947;
2.7555;
1.69081;
2.12048;
2.0632;
1.99498;
1.80888;
1.70944;
2.3284;
3.80205;
1.78095;
2.3868;
2.11686;
3.19982;
4.65155;
1.3994;
1.98882;
1.03809;
2.40494;
1.6124;
1.37684;
2.09568;
3.14514;
1.50191;
1.66213;
2.0458;
1.43692;
2.3633;
1.90355;
1.18098;
10.8241;
2.49256;
1.89426;
1.48933;
1.56114;
1.69;
2.55083;
2.02867;
2.10324;
0.891468;
3.14194;
1.35787;
2.17678;
1.95264;
2.58298;
3.39127;
2.41415;
2.3127;
3.34932;
2.24585;
2.8567;
1.99541;
2.80012;
1.77776;
2.95331;
1.61899;
2.65764;
1.59238;
1.67454;
2.63016;
9.43843;
1.48767;
1.05345;
2.68605;
2.55027;
2.6343;
1.86598;
2.34494;
2.0453;
3.46474;
2.14142;
1.5523;
2.31791;
2.51025;
1.87019;
1.41425;
2.08103;
3.78845;
2.92946;
1.20014;
3.17596;
1.78534;
2.53516;
1.88073;
3.04745;
1.86869;
2.69037;
1.77969;
2.10505;
2.77017;
1.5518;
3.68999;
3.01941;
2.01289;
1.95394;
1.56154;
1.51967;
2.7197;
3.22478;
2.65895;
2.294;
2.27579;
2.64181;
2.59532;
1.5315;
2.11527;
2.74987;
2.47834;
2.19147;
1.02287;
1.31322;
3.24653;
2.23484;
2.46344;
1.86421;
2.34976;
1.83813;
2.38048;
2.45054;
1.80391;
1.19868;
3.40133;
1.64382;
2.17684;
2.53308;
1.95432;
1.07466;
1.21802;
1.93799;
1.02027;
10.0998;
3.2547;
2.75505;
1.52759;
9.35763;
1.64788;
1.20316;
1.28343;
2.45845;
2.0493;
1.70471;
3.0079;
1.4484;
4.14164;
4.35459;
2.03212;
1.64339;
1.517;
1.68972;
1.25272;
1.58856;
2.57763;
1.92663;
2.98335;
1.65767;
1.87852;
1.30128;
1.34239;
1.41707;
2.07233;
2.12077;
1.31584;
3.08952;
2.03506;
1.73191;
2.03118;
3.54598;
1.37435;
2.09476;
2.33736;
2.52436;
2.96475;
1.92433;
1.88129;
1.69659;
2.0305;
1.89605;
1.83013;
2.61669;
4.88939;
2.74356;
2.44181;
1.89599;
2.03412;
3.07468;
1.63843;
2.19954;
2.89508;
1.86949;
1.83891;
1.52589;
1.68547;
2.468;
1.7593;
1.65492;
1.89466;
2.36661;
1.67417;
3.59994;
3.14938;
1.78765;
4.0099;
1.68332;
2.25003;
1.78934;
1.47124;
2.28153;
2.58283;
1.85068;
1.44375;
1.62588;
1.76701;
1.37015;
2.42533;
3.49371;
1.99913;
2.93454;
2.40168;
1.84225;
2.06697;
1.49764;
4.12079;
0.736976;
1.44122;
12.1944;
2.34368;
1.97337;
1.51943;
2.94395;
1.64041;
1.98064;
2.11313;
3.30687;
2.79175;
3.56224;
1.52472;
3.00074;
2.35284;
2.28001;
2.20094;
1.66876;
2.51623;
2.44656;
1.71757;
2.1693;
2.10876;
2.47433;
3.0855;
2.33633;
2.05812;
0.761945;
2.38803;
1.36604;
1.68364;
1.16529;
3.00956;
1.54047;
1.62603;
2.24619;
2.35348;
10.5668;
12.6471;
2.18115;
2.09099;
1.06434;
1.60424;
2.44123;
2.12553;
1.41302;
2.67417;
2.96612;
2.1292;
2.36533;
1.92761;
2.69931;
2.95575;
0.992035;
1.55585;
2.52255;
2.65657;
2.29937;
1.10264;
2.21263;
1.11867;
2.75403;
1.63064;
0.868692;
3.05913;
1.85982;
1.94904;
1.30413;
1.68992;
2.94203;
1.39697;
1.75588;
1.79391;
2.77677;
1.69155;
1.39045;
3.72342;
3.03728;
2.11228;
3.24372;
2.59344;
1.34149;
2.88771;
1.33928;
2.92666;
2.61902;
2.28993;
2.66186;
1.66474;
1.50568;
2.24529;
0.967585;
1.10364;
1.12498;
2.54222;
1.22168;
1.73647;
3.1869;
1.37318;
2.18262;
1.66599;
9.07637;
2.01159;
0.935349;
2.63355;
3.00188;
2.03285;
1.31232;
2.14932;
1.44909;
2.52006;
2.37269;
2.16389;
3.42889;
2.04749;
0.835545;
1.6997;
3.15441;
1.34131;
1.91161;
2.02886;
1.80801;
2.70616;
1.11004;
0.961682;
1.76719;
1.50961;
12.7791;
1.16311;
1.566;
2.64187;
2.03807;
1.12742;
2.1911;
0.915259;
2.54854;
1.1238;
2.57706;
1.18397;
1.65541;
1.45684;
1.09076;
1.35176;
0.657257;
1.48158;
1.49907;
2.62744;
1.90779;
1.07247;
1.90341;
11.7595;
1.7958;
1.62829;
1.73053;
1.97214;
2.01;
1.91011;
3.26959;
1.85785;
2.73551;
1.82365;
1.71783;
1.69014;
1.53861;
1.60316;
9.53388;
3.14277;
2.28556;
1.5435;
3.12528;
0.946526;
2.8796;
2.29261;
1.76928;
3.51553;
2.51143;
1.65353;
1.48892;
0.800328;
2.11239;
2.37696;
3.00879;
0.931863;
1.0778;
2.43557;
3.86666;
3.38479;
2.40248;
2.49267;
1.6664;
1.56277;
1.6168;
2.14218;
2.19098;
2.32629;
0.934077;
1.12199;
2.14666;
2.10116;
2.54541;
1.83102;
2.50176;
2.31473;
2.029;
2.00814;
1.10566;
1.55843;
1.65357;
1.68895;
3.00597;
3.95036;
2.42908;
2.00143;
1.90717;
7.936;
1.81002;
1.76859;
1.33777;
1.10642;
1.65065;
2.26679;
1.36048;
2.36073;
1.44702;
1.55147;
1.13806;
3.75469;
1.11382;
11.4936;
2.53421;
1.2505;
2.42305;
1.01803;
3.90199;
1.42502;
0.935623;
2.6621;
1.84831;
1.26699;
2.80373;
2.08933;
1.68945;
1.07754;
1.72095;
2.27113;
1.55603;
1.7763;
2.18199;
0.40499;
1.49174;
1.58417;
1.83261;
2.21166;
2.48653;
0.695291;
2.51644;
2.17626;
2.24514;
0.898357;
1.22772;
2.75466;
2.17429;
0.564666;
0.942138;
2.78986;
1.02374;
1.96293;
2.56631;
1.3581;
1.77328;
1.29396;
2.87228;
2.13393;
2.63768;
2.12363;
2.08308;
1.30076;
2.25836;
2.37211;
2.26605;
1.65863;
2.40054;
1.25245;
3.08897;
1.92336;
2.61179;
0.658156;
3.66963;
2.57652;
3.59673;
1.8141;
2.40271;
1.60446;
1.37073;
2.95179;
1.51995;
1.06934;
2.41169;
1.50585;
0.921908;
9.44125;
2.10688;
2.05155;
1.65523;
1.36566;
1.8571;
1.40535;
1.38007;
3.62407;
1.92674;
1.857;
2.65037;
1.78167;
0.959303;
2.19998;
1.25406;
1.98483;
2.30694;
1.91733;
1.87883;
1.55782;
2.28974;
2.13717;
2.5568;
1.48642;
1.11949;
2.29817;
1.22376;
1.17967;
2.37744;
2.10003;
1.91722;
1.25075;
1.88472;
3.3402;
2.47136;
3.1693;
8.15681;
1.82712;
1.32082;
2.10777;
3.87856;
2.5158;
0.920124;
1.30807;
1.83887;
0.82547;
1.94497;
2.70677;
0.825627;
2.0678;
1.67774;
1.0267;
2.24529;
2.81362;
1.00919;
2.74783;
2.66649;
2.96313;
2.0701;
1.82186;
1.36961;
2.87668;
2.33848;
2.43315;
1.26364;
1.2505;
8.30339;
11.031;
0.989467;
1.823;
0.785494;
1.16762;
2.21258;
2.6985;
3.69039;
2.22162;
3.98449;
3.30558;
1.81656;
2.38136;
1.23919;
1.58028;
1.64979;
1.42862;
2.35333;
1.76512;
1.26048;
7.54549;
1.66778;
2.07462;
1.44803;
0.918293;
1.93092;
2.1706;
3.319;
1.5133;
1.11832;
1.69914;
3.92243;
1.09392;
0.71759;
1.49253;
1.05611;
2.50664;
9.24911;
1.23112;
1.73847;
2.29261;
1.68027;
1.14004;
2.23667;
1.13019;
1.4311;
1.22715;
0.944767;
2.42253;
1.94378;
1.32847;
1.77213;
1.21748;
2.99738;
1.98223;
1.40583;
0.863979;
1.39999;
0.824671;
1.20055;
1.16302;
2.26724;
0.950532;
8.7993;
3.91163;
2.71474;
1.86434;
1.70052;
1.66354;
1.56022;
8.32095;
1.55902;
1.94028;
1.16346;
1.03431;
2.06462;
2.30079;
2.11737;
2.1043;
2.75864;
2.39371;
1.57943;
1.01823;
2.64006;
1.64324;
2.30741;
1.54779;
10.2527;
9.40353;
0.863843;
2.66002;
1.50886;
1.04898;
2.10375;
2.27588;
1.70226;
2.50694;
2.189;
1.26949;
2.34953;
1.49838;
2.85703;
2.67217;
2.78737;
0.853981;
1.22171;
2.00604;
1.74909;
2.1701;
1.45229;
2.78323;
2.19338;
2.53518;
1.72874;
2.0113;
2.77547;
3.31656;
2.02818;
0.869812;
2.14632;
1.69754;
1.58614;
2.09967;
2.55343;
2.3333;
2.64672;
2.21284;
1.31131;
1.62486;
1.43887;
1.90038;
2.10119;
2.33851;
1.28355;
1.24531;
0.792159;
0.948361;
1.9955;
0.875844;
1.3666;
1.92907;
2.15394;
2.11016;
2.67814;
1.53884;
1.32607;
1.15996;
0.656703;
1.34076;
2.07679;
0.997647;
1.5074;
2.77521;
0.27864;
1.82618;
2.45107;
1.83279;
1.95972;
3.54844;
1.58915;
9.80734;
1.78893;
0.941055;
1.06787;
1.76223;
1.50232;
1.93633;
1.87407;
1.33472;
1.80283;
2.16765;
2.62347;
2.09436;
1.70632;
2.34533;
3.38639;
3.33008;
1.55138;
1.07394;
1.53875;
1.71229;
1.25507;
2.4154;
9.38558;
1.42146;
1.91687;
1.62035;
1.39811;
1.70304;
0.988645;
1.75384;
1.08154;
0.7461;
2.01109;
1.99742;
2.02595;
11.8724;
2.45193;
11.8352;
2.47459;
12.7261;
0.875465;
1.00663;
1.90351;
1.97572;
2.69637;
10.1528;
0.971017;
1.06312;
0.922243;
1.15574;
0.935662;
1.47091;
2.54843;
1.51895;
0.969631;
3.46818;
1.36903;
2.34781;
1.07522;
1.64978;
1.13811;
1.64566;
2.11839;
0.978045;
2.14643;
3.43857;
3.05733;
3.12546;
2.61396;
1.82804;
1.24281;
1.04808;
1.00464;
1.53981;
3.00674;
3.12568;
1.06595;
2.31961;
1.63986;
1.68465;
2.22052;
0.614662;
3.29332;
1.53626;
1.28281;
2.1024;
1.11639;
1.51256;
0.564056;
2.368;
2.0854;
3.08358;
2.27337;
1.48568;
2.24789;
1.29625;
2.51905;
0.795856;
2.87514;
1.6614;
0.708168;
1.18842;
1.05949;
1.3822;
1.90755;
1.70651;
1.32496;
0.679975;
1.53717;
1.47856;
1.92287;
1.47168;
1.99234;
0.672034;
1.93425;
1.13859;
1.57304;
2.11612;
0.597336;
2.28544;
1.22019;
1.07809;
1.62761;
0.791696;
2.45129;
1.55934;
0.987126;
0.888891;
1.01257;
2.93119;
1.98082;
2.28913;
2.12356;
1.14625;
8.77442;
1.64529;
1.72488;
2.07503;
2.05099;
1.97587;
2.40746;
2.86089;
2.03054;
1.28393;
0.899493;
2.49811;
0.670054;
1.49235;
2.11807;
0.850786;
2.00695;
1.77931;
2.97043;
0.889584;
2.44734;
3.06799;
1.20768;
2.23252;
2.48073;
1.0489;
2.20284;
2.17539;
10.2483;
1.83277;
1.70435;
2.1251;
1.3314;
1.91771;
1.82587;
1.13465;
2.43952;
4.73685;
1.42075;
0.642183;
0.996302;
1.93243;
2.14145;
1.16865;
1.42553;
2.51596;
0.595711;
0.706648;
0.68469;
1.65958;
2.90215;
1.10644;
2.47603;
2.79536;
0.740295;
1.95501;
1.7072;
0.850364;
3.15626;
2.6478;
1.2075;
1.35531;
13.1412;
8.89164;
1.93431;
3.16214;
2.42686;
10.4603;
2.26413;
1.63431;
0.609479;
0.742893;
0.629212;
1.13387;
0.996025;
0.821509;
1.83358;
1.47948;
1.14355;
1.62096;
1.01282;
0.886621;
1.88567;
1.94095;
1.21053;
1.90874;
2.0178;
3.01597;
2.14226;
1.4552;
1.16639;
2.15985;
1.93036;
1.98138;
0.910758;
0.668438;
1.78056;
0.79196;
2.33323;
2.22335;
9.63069;
2.10169;
12.9353;
1.43357;
0.90626;
2.15427;
2.03106;
0.783489;
2.72394;
0.845754;
1.45156;
2.26494;
2.208;
2.77145;
0.684254;
0.577864;
1.6376;
0.517819;
2.31062;
2.6276;
2.51007;
2.04979;
1.76316;
1.12162;
2.23151;
1.61311;
2.12889;
0.743545;
2.16295;
1.90337;
1.54434;
2.90396;
0.96406;
1.21213;
9.71254;
1.56031;
1.5212;
1.79151;
2.0701;
1.02994;
1.42691;
2.46424;
1.13651;
1.68749;
1.73834;
1.42648;
2.01415;
2.57991;
1.94966;
2.65438;
1.46149;
2.00504;
0.856126;
2.4457;
1.78503;
2.72285;
2.38554;
12.3453;
0.912487;
2.04362;
2.41641;
1.4897;
1.15003;
1.42068;
1.33192;
1.74391;
1.58765;
1.55005;
0.838969;
0.985103;
1.75245;
1.12144;
1.72894;
2.47178;
2.67166;
2.70108;
0.888554;
1.72786;
1.59319;
2.31708;
1.17587;
1.54832;
1.84449;
1.89817;
2.03544;
1.63346;
1.34609;
1.40466;
2.16074;
1.46256;
1.19212;
0.767557;
2.04704;
3.37452;
0.590288;
0.822752;
2.75374;
1.7616;
1.32652;
1.20946;
2.16329;
3.03449;
2.33699;
2.72395;
1.89291;
1.34033;
2.01356;
1.2937;
2.38022;
9.02041;
0.494101;
0.69184;
0.861994;
1.41415;
2.38998;
1.63569;
1.30741;
2.19669;
0.914081;
1.23719;
1.96168;
1.28508;
2.58381;
1.51734;
9.60719;
0.569753;
3.07329;
2.08227;
1.76966;
1.09689;
1.92695;
1.47653;
1.23422;
1.88042;
1.75837;
3.55539;
1.63819;
1.26297;
0.598569;
1.69239;
2.39844;
2.15246;
1.1112;
0.741489;
1.61915;
1.38855;
1.72471;
1.03958;
1.16581;
2.51345;
0.492118;
0.878041;
1.65075;
1.23862;
0.88994;
1.70782;
0.639486;
1.42312;
1.90023;
0.924773;
2.02967;
4.03944;
2.36432;
0.983303;
1.16892;
1.43884;
9.85536;
2.91543;
2.10399;
1.02266;
2.41791;
1.55615;
1.12905;
1.39191;
1.07329;
3.76383;
0.997127;
1.92773;
1.86427;
1.15789;
0.767209;
1.53859;
0.925642;
3.45015;
9.40649;
1.51476;
10.0811;
1.34175;
1.83131;
2.93806;
2.25854;
1.27726;
3.26953;
1.02386;
1.46333;
2.11273;
1.49255;
0.922397;
2.16853;
1.23337;
1.26908;
1.34225;
2.57208;
0.45325;
1.5421;
1.66549;
2.21645;
3.07396;
2.0656;
1.79805;
0.78026;
10.8021;
2.11456;
0.876199;
9.82875;
0.948409;
1.47412;
1.79713;
1.96171;
1.26671;
1.18742;
0.779193;
0.51158;
1.21138;
1.04688;
1.93763;
1.72781;
1.67406;
1.91983;
2.34109;
1.55309;
0.6986;
1.47301;
2.0624;
3.4194;
2.27;
2.08864;
0.649451;
2.29661;
1.25213;
1.49373;
0.69716;
1.65763;
1.10013;
0.784661;
0.914869;
1.60776;
0.948632;
1.40584;
1.15992;
1.33153;
1.2858;
1.00786;
0.563879;
2.4969;
1.15952;
1.71468;
7.57378;
7.32604;
1.46544;
2.18882;
0.822498;
1.23313;
1.10307;
1.71012;
1.35197;
2.16916;
1.67945;
1.51661;
1.22507;
1.75019;
2.17958;
0.689603;
1.98586;
0.694015;
2.78601;
2.05583;
2.12413;
1.40323;
1.254;
3.19171;
1.14262;
1.28766;
2.86257;
1.12891;
2.07035;
0.754891;
12.234;
0.473082;
0.600704;
1.84177;
1.62845;
1.84602;
0.790642;
0.571645;
0.958607;
3.68152;
0.958234;
0.938861;
0.685964;
2.24781;
2.28967;
1.39914;
0.967646;
1.76821;
1.14716;
1.78346;
1.49493;
2.55128;
1.32908;
0.936822;
1.31325;
1.85238;
2.44922;
1.9153;
1.60962;
2.5465;
1.51886;
0.848966;
1.85009;
1.94027;
1.25083;
1.33161;
0.881176;
0.980934;
1.9654;
0.806256;
0.856327;
2.14955;
2.04448;
3.45326;
2.36403;
2.04114;
1.23074;
0.898831;
2.42494;
1.57096;
1.06268;
2.04507;
1.6319;
1.91569;
1.35897;
0.607992;
1.64597;
0.503318;
0.722377;
0.832699;
0.864584;
1.68409;
1.08161;
1.66404;
1.57791;
2.33307;
10.1532;
0.581665;
1.0957;
1.37856;
1.2734;
1.53049;
0.833895;
1.60229;
8.51638;
1.38314;
1.77858;
3.49208;
1.91155;
1.71515;
1.59965;
1.36376;
1.72628;
2.275;
1.4338;
2.22938;
1.4682;
1.03737;
2.80841;
1.79887;
2.16659;
1.58177;
1.5413;
1.01317;
0.694561;
9.17078;
0.85885;
1.2851;
0.807694;
0.842522;
0.745437;
1.65706;
1.11235;
1.41238;
1.07322;
2.61573;
1.29598;
0.805423;
1.82272;
2.21233;
1.76908;
1.85995;
1.5776;
0.688989;
1.78198;
9.17151;
1.47038;
1.24276;
1.07421;
1.5539;
2.09994;
0.980609;
1.65408;
2.12984;
1.61524;
2.96229;
1.36869;
0.961956;
1.10597;
2.95196;
1.68229;
1.27481;
1.63312;
2.70526;
1.71801;
1.27046;
2.95551;
1.73881;
2.05213;
1.34746;
0.580936;
1.32453;
2.53087;
0.95248;
1.31785;
1.85086;
1.33998;
2.19132;
0.37401;
2.1187;
1.37017;
1.65589;
1.71138;
1.68851;
1.95412;
1.11724;
1.47252;
1.85489;
0.967608;
2.22793;
1.51499;
0.940461;
1.40468;
1.73183;
1.43232;
1.09423;
0.907743;
0.592982;
2.74039;
1.4365;
0.754121;
9.32644;
1.61368;
1.12548;
0.86398;
1.0522;
1.36449;
0.460559;
1.23464;
1.86195;
3.22841;
0.885162;
2.12839;
1.38226;
0.521202;
1.7284;
1.43465;
1.18393;
1.47413;
1.20478;
1.4635;
0.584299;
0.85686;
0.486262;
0.422491;
2.46657;
1.8236;
1.77167;
1.54462;
0.7117;
2.04823;
3.17398;
0.999803;
1.38361;
10.2676;
1.09707;
0.892187;
1.16526;
2.79016;
1.61947;
0.542737;
1.55863;
2.29616;
0.865799;
0.964166;
1.6316;
0.383247;
2.72504;
1.28099;
1.22481;
2.35507;
1.36061;
1.68089;
1.04466;
0.822965;
1.47761;
8.87288;
1.79372;
0.770656;
1.7268;
1.8124;
0.68097;
0.794709;
0.670023;
0.500234;
0.817594;
2.46434;
0.874276;
2.52294;
1.69988;
1.56784;
2.18691;
1.75463;
8.79888;
3.10776;
0.437516;
1.72729;
1.05535;
1.33618;
2.399;
1.71994;
1.21251;
0.857908;
1.45065;
1.22295;
1.62426;
2.34388;
1.7834;
2.63176;
2.48563;
2.75567;
1.12722;
2.26291;
0.937281;
2.2542;
3.22206;
1.06362;
1.0384;
0.649336;
1.08379;
2.04315;
1.75839;
0.677583;
1.64168;
1.12004;
1.36709;
1.80489;
1.94266;
0.643245;
1.7482;
1.6213;
0.915323;
1.05384;
0.544088;
1.16877;
1.82005;
0.61457;
2.78166;
1.54001;
1.973;
1.32332;
1.97785;
0.719456;
0.564028;
1.48574;
1.83033;
0.339114;
2.46295;
1.76955;
1.15278;
1.75288;
1.22341;
1.34707;
1.62734;
1.13875;
2.30546;
2.36346;
0.643496;
1.44082;
1.26553;
1.3403;
3.28002;
2.3378;
3.29946;
0.61462;
1.88747;
1.19594;
1.07114;
0.785086;
2.33555;
1.08776;
1.1298;
1.91503;
2.3309;
2.31208;
2.04837;
1.76239;
1.75121;
2.13945;
0.990216;
1.78207;
0.991472;
2.06103;
1.24054;
2.10475;
0.98846;
1.09891;
0.395295;
0.976209;
0.741368;
1.07232;
1.26055;
9.56977;
1.29307;
1.71106;
1.44409;
0.599698;
0.220825;
1.40313;
1.92213;
2.63845;
0.543004;
1.47823;
1.14292;
0.876391;
1.29473;
1.7928;
2.45723;
2.20429;
1.11828;
3.58838;
2.08398;
2.23502;
1.84608;
1.44622;
0.309234;
1.058;
0.854934;
1.83549;
1.59097;
1.71256;
7.4334;
1.39157;
2.25854;
1.13249;
1.17478;
1.94883;
7.43333;
1.96392;
1.34273;
2.02395;
1.4701;
0.907685;
1.1294;
1.5558;
2.24797;
0.990244;
0.85354;
2.43887;
1.3739;
1.55394;
0.841857;
1.81396;
0.415615;
1.72843;
1.55308;
2.94882;
1.53776;
0.952911;
1.41646;
0.850562;
2.36652;
2.37366;
1.23934;
0.598036;
0.45303;
2.92734;
0.886617;
1.343;
1.71001;
0.970089;
0.591365;
0.488106;
0.459326;
1.79208;
0.516623;
0.545328;
1.45004;
1.14984;
1.19859;
0.66435;
0.258663;
1.24457;
1.6921;
1.60341;
0.845471;
1.24964;
1.49492;
2.242;
1.36375;
1.39538;
0.858718;
0.992757;
0.325121;
1.59852;
0.471784;
1.26017;
0.470827;
1.22243;
0.845894;
3.68405;
0.907521;
0.495568;
1.20121;
0.633998;
0.735929;
0.546681;
0.352793;
0.785519;
1.71445;
0.454203;
1.3455;
0.573416;
1.65112;
1.23248;
2.17844;
3.07734;
2.85692;
2.17846;
1.03499;
1.52326;
0.842324;
0.73146;
2.27507;
2.37229;
1.03048;
1.33892;
0.892984;
0.743643;
1.47812;
9.52078;
1.17543;
1.57736;
1.11296;
2.60816;
1.99541;
2.051;
1.50361;
1.0328;
1.41568;
1.41254;
2.64646;
1.42036;
1.28699;
0.600701;
1.45654;
0.834469;
3.58362;
0.90782;
0.522664;
1.53681;
1.22716;
1.3922;
0.435231;
7.6422;
1.72189;
1.60768;
1.03038;
1.27937;
0.596576;
0.425621;
1.47374;
1.05681;
1.15838;
0.833178;
1.70992;
1.92288;
0.423606;
1.90306;
10.6614;
1.71023;
1.19708;
2.30733;
1.48561;
0.952019;
2.14461;
1.89617;
0.750098;
1.97022;
1.26109;
0.401762;
1.83036;
0.228193;
0.624809;
1.59388;
2.1321;
0.916805;
1.70446;
1.6727;
2.16675;
0.940378;
2.2244;
1.53514;
1.22469;
0.995561;
0.877599;
1.41991;
1.06042;
0.711745;
0.355412;
0.438588;
1.00212;
2.05102;
1.96731;
1.13223;
9.04264;
1.63141;
1.26915;
3.59699;
2.09219;
0.609336;
1.6129;
2.65149;
1.6616;
0.472922;
1.09083;
2.35019;
2.18517;
1.04106;
0.640893;
1.15325;
2.62999;
0.872613;
1.28248;
6.99325;
2.7035;
2.33287;
1.50996;
1.87261;
1.20273;
0.993572;
0.850624;
2.41108;
1.07128;
0.422522;
2.73482;
0.852834;
1.6441;
1.47399;
2.16426;
0.508637;
1.43685;
1.28694;
0.820928;
2.23416;
0.245648;
2.63495;
2.14806;
1.92067;
0.355975;
0.973721;
0.329157;
9.35339;
1.47466;
0.464458;
1.54597;
0.338854;
1.24419;
1.92469;
1.21102;
1.69071;
2.56998;
0.36092;
0.809077;
2.0818;
2.17052;
0.897893;
0.945191;
7.77967;
2.75041;
0.378067;
0.933658;
1.20639;
2.24467;
1.65889;
1.47371;
1.99478;
2.01369;
0.343841;
0.469849;
2.96184;
2.32152;
0.814621;
1.84636;
1.67401;
0.995346;
0.908674;
1.24469;
2.91341;
0.845385;
2.76908;
1.0979;
0.344139;
0.843548;
1.11669;
1.7029;
0.307706;
2.99547;
1.15071;
1.15405;
0.753736;
0.287665;
0.696772;
0.915571;
0.516038;
0.629055;
1.58439;
0.875791;
1.97558;
1.48511;
1.6076;
0.493773;
1.98444;
0.750235;
8.29574;
1.49498;
3.30361;
2.35808;
1.29734;
0.441747;
1.57788;
2.80281;
0.735499;
1.21059;
0.1321;
3.67519;
0.841431;
1.95267;
0.33847;
0.453231;
0.57481;
2.80033;
2.25614;
1.92968;
3.26093;
1.05509;
2.48919;
1.02038;
2.36158;
1.32379;
9.09461;
0.189152;
0.695297;
9.87753;
1.71505;
2.14924;
1.97355;
0.770132;
1.01568;
2.40982;
2.40015;
1.39961;
1.569;
2.49355;
0.394195;
0.95487;
1.25057;
1.61476;
0.827057;
1.54779;
1.58653;
2.49025;
0.856558;
2.42084;
1.86358;
1.69837;
0.347049;
1.42793;
1.8889;
0.451893;
0.815134;
1.43249;
1.95933;
0.810636;
0.618849;
1.54039;
2.12616;
0.755729;
2.23836;
0.702297;
3.10303;
1.57936;
1.52168;
1.28403;
1.70776;
1.55104;
1.21175;
1.28716;
1.36333;
2.29927;
1.3441;
1.81036;
2.0255;
1.76049;
1.27917;
2.07838;
0.45556;
0.761179;
2.68793;
1.43114;
1.4247;
1.10821;
1.64281;
3.00871;
0.799186;
2.73003;
1.75791;
1.09873;
1.64959;
3.08121;
2.18851;
1.09035;
1.77594;
1.7649;
0.482318;
0.668794;
2.01887;
2.89175;
3.23243;
2.69253;
1.43116;
0.884031;
1.92765;
0.882593;
9.14134;
2.3888;
0.568348;
0.813133;
3.1112;
1.26869;
1.01253;
1.49034;
1.78427;
0.992981;
0.301167;
0.8989;
2.01308;
0.953887;
1.80362;
3.04707;
2.01973;
1.08215;
1.89062;
0.540725;
1.13238;
1.3802;
0.946235;
1.37328;
3.25879;
8.17968;
1.30532;
6.22372;
2.00545;
1.83311;
1.89208;
1.7291;
1.78725;
1.2309;
0.301448;
1.09848;
1.55428;
1.82434;
2.28382;
1.47705;
1.36339;
1.27339;
1.19671;
1.13872;
1.25515;
9.81635;
1.55831;
1.41911;
1.82294;
2.28418;
3.26895;
1.88528;
1.84848;
1.93048;
1.35536;
5.56528;
0.279419;
0.38318;
0.791814;
1.96782;
0.862628;
1.35321;
1.42786;
0.887888;
0.316826;
1.03655;
2.15585;
1.67285;
0.421403;
0.437348;
8.05519;
1.14575;
0.337858;
2.53425;
0.291165;
0.776689;
1.12842;
0.311249;
2.15978;
1.77923;
2.51666;
1.40522;
1.80057;
0.88687;
0.455771;
3.05221;
0.461313;
0.811093;
0.811334;
12.8424;
0.285881;
1.39329;
1.93219;
0.324646;
1.58454;
1.18084;
1.13992;
1.82078;
1.13378;
3.04723;
1.29632;
1.19337;
1.82214;
2.00373;
0.835452;
0.479254;
1.58599;
1.32798;
1.35383;
0.865546;
1.2702;
0.262133;
1.7649;
1.07686;
2.42667;
1.02138;
1.06373;
1.61309;
1.66576;
0.325155;
2.36173;
2.5635;
2.10728;
1.00423;
1.93067;
0.783397;
1.67795;
1.19247;
0.611488;
2.67742;
1.3386;
1.49089;
1.58372;
1.33955;
0.478803;
2.1834;
0.364837;
2.47757;
0.983484;
0.486955;
0.986624;
1.82599;
0.22195;
1.44435;
1.90953;
1.16873;
0.573149;
3.1148;
0.40669;
1.29191;
0.396757;
1.50803;
0.834893;
1.35554;
1.33284;
0.980707;
1.40059;
1.76085;
0.979109;
0.894348;
0.24029;
0.217169;
0.487264;
2.4618;
0.514453;
1.34215;
1.81635;
1.12185;
1.87927;
1.49667;
1.30573;
0.910707;
2.58162;
1.78636;
1.41372;
1.12607;
1.58064;
2.87446;
1.26823;
2.02377;
0.350698;
3.47777;
0.491831;
0.818293;
1.32201;
3.16891;
0.523713;
1.24439;
0.599716;
0.490032;
10.5831;
2.44282;
0.739431;
0.549791;
1.29877;
1.30585;
1.72295;
0.870781;
1.52429;
2.1332;
1.54153;
1.31065;
1.29055;
2.25933;
1.09516;
0.903361;
2.16685;
1.43904;
0.50019;
1.27086;
0.267256;
2.07104;
0.362771;
1.10486;
1.86041;
0.330466;
1.02884;
0.510071;
0.397307;
0.695811;
1.77187;
0.785464;
0.440521;
0.30463;
0.654317;
1.86731;
0.692333;
1.00167;
2.76135;
0.159078;
1.33931;
0.262991;
0.860623;
0.848437;
2.69046;
1.54278;
0.564133;
0.925297;
2.42873;
1.26386;
1.36406;
1.18155;
2.00178;
0.550602;
10.9485;
0.311889;
1.20598;
1.55903;
1.30124;
0.83895;
1.56211;
0.213215;
2.01901;
1.3752;
0.803774;
1.52249;
0.866018;
1.364;
1.05912;
1.78579;
0.921135;
2.00395;
1.93438;
2.01923;
1.56941;
0.859974;
0.740469;
1.15172;
1.09765;
0.806149;
1.60658;
7.7839;
1.7434;
0.811354;
1.13128;
1.29649;
0.788936;
0.245852;
2.31331;
2.07246;
0.893782;
1.43593;
1.36041;
1.44844;
1.19036;
8.38608;
0.993057;
1.05142;
1.94629;
0.842648;
0.214181;
1.6343;
1.58079;
2.2422;
1.13927;
2.45462;
0.241518;
0.72103;
2.03025;
1.28991;
1.633;
1.59306;
0.998268;
0.507017;
1.14658;
0.269084;
1.29424;
0.922725;
1.25846;
1.21805;
2.09097;
0.424951;
0.78936;
1.89033;
1.11523;
1.65208;
2.56505;
0.554492;
1.33676;
1.38555;
1.10356;
0.117467;
0.354827;
0.846298;
1.45511;
1.17359;
0.809471;
0.917561;
0.864503;
0.306354;
0.871288;
2.25145;
1.12111;
1.26589;
0.878132;
2.42055;
0.699976;
0.207977;
0.322615;
0.811362;
1.05047;
9.45019;
2.91139;
2.86222;
1.45851;
0.781362;
1.43802;
0.763513;
1.28356;
0.157038;
1.34154;
0.521523;
1.23567;
1.4132;
1.97795;
0.194931;
0.223145;
0.24316;
0.796083;
0.498507;
0.590168;
1.06014;
1.45797;
0.737283;
1.19378;
2.10832;
0.889773;
0.52409;
0.507869;
1.28647;
0.277099;
0.504196;
1.01391;
0.911391;
0.934857;
1.30704;
0.500924;
1.24516;
2.02905;
1.29021;
0.68629;
0.310412;
0.7696;
0.760536;
1.93515;
0.754729;
1.57732;
0.943575;
0.514357;
0.32393;
1.71522;
1.24837;
1.33893;
1.25739;
0.618463;
0.23759;
9.30886;
1.06614;
1.29653;
1.41763;
0.631537;
1.86622;
1.72203;
0.86483;
1.3071;
0.702796;
1.04324;
1.16982;
0.82656;
1.88273;
1.80877;
1.69979;
0.799857;
1.16392;
0.71823;
2.00737;
0.756388;
0.816993;
0.265112;
2.13243;
0.0970036;
0.0976343;
0.798034;
0.511727;
0.289017;
2.10272;
0.175773;
1.29348;
0.502356;
0.837242;
1.84885;
1.33758;
1.88344;
2.07579;
1.52289;
1.53934;
0.0638554;
0.763391;
1.27674;
0.706399;
0.460921;
1.49284;
0.606562;
0.790683;
2.13143;
2.12815;
0.951076;
0.266727;
1.54123;
1.05772;
0.674233;
0.214912;
1.70038;
2.33437;
0.791352;
2.1461;
0.511784;
0.636964;
2.20602;
1.24242;
2.26042;
1.01394;
1.31763;
0.754229;
1.35909;
0.739806;
0.448263;
1.20606;
0.564107;
0.147794;
2.67463;
1.87328;
0.738184;
1.54204;
0.655828;
1.30922;
0.147605;
1.31898;
1.17553;
7.21509;
0.987887;
1.2219;
1.86889;
1.35153;
3.13066;
0.716418;
0.524321;
1.21102;
1.20498;
1.0552;
0.722942;
0.992183;
0.699917;
1.01303;
3.13599;
0.833104;
0.744892;
0.683249;
0.790601;
1.29734;
1.21974;
1.75795;
0.56173;
1.26285;
0.185043;
1.24081;
0.190918;
0.972861;
0.747936;
1.46169;
0.553174;
0.707566;
0.552998;
0.299752;
7.95633;
1.04787;
1.09011;
0.727058;
2.30831;
1.75913;
0.110993;
1.38531;
0.839783;
1.56791;
0.76325;
1.00379;
0.788257;
0.781207;
0.673082;
1.07405;
1.06514;
1.21102;
0.717818;
1.60489;
1.46782;
0.940669;
0.281503;
0.705301;
0.257048;
1.5726;
1.24903;
2.09109;
6.58617;
0.292733;
0.74977;
0.200833;
0.783037;
1.25561;
1.28405;
2.01913;
1.04788;
0.755886;
2.59293;
0.680298;
0.780538;
0.83208;
0.408363;
1.56261;
0.869929;
0.499268;
1.23552;
9.12401;
0.22904;
0.178971;
0.750763;
1.22941;
1.23883;
0.627018;
0.726054;
0.711463;
1.1524;
0.189251;
0.690473;
0.710012;
0.681874;
0.205533;
1.48527;
1.26987;
1.21013;
0.82103;
0.728819;
0.991608;
1.26219;
2.10293;
1.21972;
0.223679;
1.57873;
0.727809;
1.20101;
1.54564;
0.61976;
0.747856;
1.881;
0.203515;
0.896893;
0.491742;
0.185575;
1.06305;
0.70622;
2.29547;
0.741759;
0.991764;
0.154082;
1.43559;
1.04373;
0.52264;
1.04879;
1.53453;
0.744048;
0.145051;
0.961087;
0.251097;
0.684857;
0.480312;
1.29048;
1.20072;
8.74121;
0.214708;
2.93304;
0.72862;
1.03207;
0.857365;
1.06856;
0.652914;
1.75865;
2.06918;
0.473856;
0.217367;
0.383599;
1.31016;
0.130953;
2.3393;
1.32694;
0.679361;
1.36798;
0.610193;
0.979472;
1.30408;
1.30472;
0.170301;
0.166469;
0.978861;
2.32851;
1.60475;
0.739135;
2.33811;
0.699166;
2.59143;
1.28504;
0.837631;
0.103897;
0.28514;
0.204985;
0.177493;
1.72903;
1.00318;
0.844344;
2.04519;
2.27111;
0.193066;
1.22933;
1.0366;
0.516165;
1.00297;
1.78041;
1.28736;
1.72271;
7.55174;
1.10792;
1.29689;
0.401908;
0.148123;
0.168894;
1.20896;
0.754927;
1.50769;
0.653586;
0.994152;
1.55632;
0.479579;
2.27885;
2.25242;
1.6067;
1.17119;
2.26115;
0.708527;
1.56524;
1.47258;
1.0469;
1.73919;
0.221455;
1.29772;
1.2162;
0.0528205;
2.09058;
1.14844;
1.85027;
0.69576;
0.737392;
1.81632;
0.711145;
1.24687;
2.30938;
2.49978;
0.457881;
1.2545;
0.73235;
1.87126;
0.190307;
2.24172;
1.88982;
0.74828;
1.28708;
1.85746;
1.24191;
0.723289;
0.161513;
8.61484;
0.233634;
0.273992;
0.131777;
0.781176;
1.60514;
0.0735457;
0.287603;
0.738931;
1.37091;
0.507857;
2.21475;
0.662869;
0.700123;
1.43458;
0.650347;
1.17378;
0.642798;
2.55381;
0.930063;
0.23803;
0.629198;
1.01834;
0.181802;
2.22582;
1.79225;
0.691913;
0.979664;
1.35056;
1.02293;
0.692665;
3.05624;
1.00194;
1.18676;
1.1788;
0.682214;
6.97134;
0.673154;
0.184547;
0.461698;
1.21388;
2.2744;
0.509765;
0.632297;
1.27304;
1.40153;
0.667122;
0.693519;
1.69082;
0.0840035;
1.88342;
2.05562;
1.38226;
1.64447;
1.78504;
0.849654;
0.954762;
0.654855;
0.164717;
1.196;
1.00858;
0.211351;
0.146099;
1.07732;
0.215099;
1.23053;
0.61864;
1.23399;
0.707676;
0.189303;
0.175198;
0.702374;
0.711354;
0.735906;
0.116034;
5.93843;
0.652139;
0.475356;
2.2559;
0.221034;
0.415007;
0.142804;
1.50398;
0.194517;
0.119211;
1.75386;
1.76598;
0.9969;
0.152717;
0.091772;
1.26334;
2.93606;
0.175776;
0.625737;
0.992276;
0.610473;
2.23016;
0.442673;
0.160453;
0.168731;
0.111184;
2.05377;
0.729213;
1.72819;
1.01794;
1.16643;
0.0742465;
1.20364;
0.773471;
1.91585;
1.44584;
2.87333;
0.149724;
1.31472;
1.51026;
0.103471;
1.3294;
1.27048;
0.210075;
0.200257;
0.94013;
0.838662;
1.67808;
0.61966;
1.57847;
0.169895;
1.49436;
1.19945;
0.119695;
1.29188;
0.16174;
1.67825;
0.799044;
0.192113;
0.664549;
0.210944;
2.23972;
0.535223;
0.63998;
0.716971;
1.3584;
1.36884;
1.18337;
0.694459;
0.19745;
1.2294;
0.187542;
2.03652;
0.827216;
0.70177;
0.150485;
0.430744;
0.471631;
1.28646;
0.152079;
0.704897;
1.69153;
0.723838;
1.04857;
0.714364;
0.669907;
0.664325;
0.119884;
0.19427;
0.16191;
1.49643;
0.169083;
0.132216;
1.48508;
0.649386;
0.15997;
0.463325;
0.153331;
2.05058;
0.183174;
2.28151;
0.724353;
0.639393;
0.201497;
1.74926;
0.980678;
1.18284;
1.36934;
0.618048;
1.08565;
0.478915;
1.19739;
0.614704;
0.657521;
1.21219;
1.90299;
0.0915074;
0.123328;
0.173742;
0.632267;
0.734709;
0.129611;
0.983324;
0.707785;
0.561817;
1.15562;
0.622492;
0.682716;
0.182894;
0.498813;
1.0028;
1.18214;
1.00149;
1.53808;
0.173643;
0.716328;
1.69613;
0.976286;
1.28287;
1.19332;
1.55579;
1.00888;
1.29014;
1.17596;
0.812839;
1.59505;
1.9008;
0.687334;
0.112924;
1.67873;
0.139244;
0.720309;
0.763013;
6.96111;
0.129166;
0.1026;
1.16417;
0.903469;
0.418545;
0.626577;
0.147046;
0.127383;
0.69852;
1.78515;
0.692394;
0.113724;
0.136584;
0.682916;
0.133211;
0.151844;
0.646774;
2.26515;
0.694915;
1.49824;
0.677595;
0.13832;
1.2005;
6.23217;
