2.16505;
13.5215;
2.35722;
2.69393;
2.4147;
1.73262;
13.673;
2.72819;
13.0131;
2.69659;
2.40889;
2.65649;
2.04107;
2.94234;
1.783;
2.51483;
1.93223;
1.99274;
2.36735;
1.69966;
2.174;
3.05861;
2.4676;
2.45889;
2.24777;
1.78889;
2.77992;
2.7439;
2.01944;
2.27596;
1.87167;
13.669;
2.64831;
2.09957;
2.85277;
2.40243;
1.924;
2.83107;
2.12359;
1.66445;
1.81968;
2.77239;
14.0589;
1.8;
2.29406;
2.33664;
15.7193;
2.5153;
2.09818;
2.11355;
15.4595;
2.22929;
1.75989;
2.86204;
2.20136;
2.03427;
2.31514;
14.077;
2.48494;
1.93697;
13.7229;
1.90191;
14.7347;
1.74922;
2.00371;
2.27099;
13.6542;
2.13678;
2.94464;
1.88789;
2.06097;
2.63319;
13.2918;
2.53084;
2.32001;
2.38347;
2.234;
2.35003;
2.51623;
2.10248;
2.3474;
2.95881;
2.55514;
15.407;
15.8213;
14.8607;
2.56378;
3.64417;
1.94499;
2.6445;
2.53355;
2.41274;
13.6264;
2.59501;
14.8879;
2.35459;
1.84926;
1.77612;
3.14201;
1.7542;
12.5607;
16.3397;
3.41859;
1.99687;
14.0921;
1.96965;
16.9377;
2.19423;
2.11213;
1.67232;
3.78226;
2.28088;
2.57244;
1.99612;
2.46995;
2.36635;
2.43481;
2.36655;
2.1554;
2.86166;
1.88971;
2.06292;
2.3998;
1.63152;
2.38173;
2.99947;
2.36923;
2.81334;
2.25979;
14.3817;
17.3043;
3.268;
2.66341;
2.42099;
2.61032;
2.19783;
1.63922;
1.6835;
2.07518;
2.20442;
3.08791;
2.55371;
2.5532;
2.26283;
2.48747;
16.1169;
2.45545;
2.53826;
1.99597;
3.03131;
2.67547;
2.00577;
2.26375;
2.36398;
2.31676;
2.30798;
2.22529;
2.56724;
20.2328;
14.1307;
15.3983;
12.917;
2.17934;
2.3381;
1.46456;
1.77401;
2.56689;
1.60344;
1.96168;
3.32983;
1.88371;
2.66304;
2.01799;
2.28819;
2.89008;
2.54821;
13.229;
2.32195;
2.14151;
2.43614;
1.84897;
2.00015;
15.0954;
2.4594;
14.0655;
2.89471;
1.75998;
13.6852;
2.08867;
2.23502;
15.6759;
2.85771;
2.16495;
1.67005;
1.94678;
2.15208;
2.77278;
18.6461;
18.8316;
2.76039;
3.41816;
1.73882;
2.94513;
2.69038;
16.795;
2.24245;
17.6633;
2.44855;
2.10234;
2.46074;
19.0311;
16.9975;
1.7669;
2.38631;
2.40514;
16.4364;
1.60384;
2.76124;
2.13242;
2.56508;
2.39836;
2.23767;
2.55575;
2.42687;
2.11777;
2.31658;
2.16145;
1.96062;
1.54403;
1.84423;
1.93301;
1.96817;
2.12665;
3.64016;
1.90816;
2.95231;
3.1681;
2.24055;
2.0518;
15.4367;
14.3581;
13.1751;
19.5961;
2.3603;
2.22466;
2.06449;
3.36358;
2.1037;
1.89005;
2.63299;
2.22558;
2.6148;
12.893;
2.72725;
2.24264;
2.38629;
1.91636;
2.05225;
1.84717;
1.96095;
3.28834;
1.98552;
2.06406;
14.9154;
2.78483;
2.40919;
2.93055;
3.98182;
1.48678;
2.41161;
1.54474;
2.20105;
2.51658;
2.88818;
1.96485;
2.64865;
2.53832;
1.79636;
2.22206;
1.56425;
1.61797;
2.30866;
2.57573;
2.46311;
1.9321;
17.7471;
15.9418;
1.58244;
15.6957;
15.7771;
3.1097;
2.49496;
2.15875;
14.1013;
18.6175;
2.71296;
13.2505;
2.79759;
2.27002;
2.72784;
1.85994;
2.50894;
3.06605;
2.60599;
2.28398;
2.83051;
3.43224;
2.01374;
15.4358;
3.38312;
2.82506;
3.56455;
2.10045;
2.43886;
2.04238;
2.69124;
1.9795;
2.77916;
2.92586;
2.23969;
2.61787;
2.94601;
14.8389;
2.55623;
20.3773;
1.65285;
2.51448;
3.12154;
2.3531;
2.32169;
2.54554;
2.32623;
1.78208;
2.57771;
1.64773;
2.44412;
1.77123;
2.75288;
2.021;
2.89992;
17.6363;
1.86743;
2.79503;
16.9732;
4.31789;
3.00323;
2.71201;
2.4339;
1.67642;
1.68668;
16.2512;
2.607;
3.06718;
1.69647;
2.3302;
2.15389;
3.07399;
2.93699;
2.14041;
2.16181;
2.27382;
1.5115;
1.97803;
2.7364;
2.41866;
2.52851;
2.03848;
15.442;
15.3971;
2.68138;
2.04121;
2.63606;
2.70061;
2.63543;
2.33159;
1.84678;
1.77607;
1.93734;
2.73077;
1.56117;
2.34732;
2.4705;
3.28197;
2.51753;
3.00266;
2.21158;
2.49602;
2.41943;
3.02503;
2.94906;
2.83047;
2.13347;
2.80015;
1.74623;
1.9941;
2.70052;
2.30229;
2.14523;
1.64045;
12.8833;
2.75269;
2.32079;
3.65377;
2.2733;
1.67107;
2.1373;
2.04794;
2.3396;
12.8931;
2.2701;
2.62243;
16.0807;
16.7606;
2.64364;
16.3766;
3.00589;
2.60057;
16.6066;
3.2299;
1.57812;
2.25776;
2.97004;
2.52121;
2.59639;
2.98465;
2.54658;
2.70898;
1.29993;
2.36101;
2.16004;
2.93565;
3.12256;
3.70112;
2.2679;
2.64928;
2.16785;
1.68527;
3.12644;
3.02259;
1.80856;
2.62854;
17.6369;
19.9289;
2.03037;
2.13865;
2.30553;
2.80563;
2.14935;
1.86603;
1.20548;
2.23452;
3.34993;
2.2599;
2.28457;
2.44198;
14.2635;
16.7042;
19.8661;
2.77239;
2.20823;
2.43412;
3.12668;
2.04685;
1.68356;
1.72387;
2.65905;
1.84514;
17.0844;
2.50254;
2.75498;
1.77851;
2.77666;
3.01486;
1.9236;
17.8821;
1.83396;
2.09803;
2.26809;
2.44092;
3.01084;
15.3116;
14.5409;
2.27994;
2.09881;
17.0338;
1.94234;
3.19866;
1.50029;
17.4784;
2.02156;
2.87776;
17.9673;
3.11611;
2.49988;
1.78878;
16.6477;
2.49211;
1.8749;
2.97738;
1.52929;
3.5169;
2.36573;
3.59899;
1.62644;
1.87571;
2.35861;
2.12963;
1.40688;
3.47782;
2.16519;
3.64336;
1.73071;
2.75205;
1.76801;
2.59803;
17.3499;
1.91673;
16.7518;
1.4241;
2.43036;
1.31486;
1.62423;
2.0978;
2.82891;
2.91643;
2.523;
1.7205;
1.53014;
1.18218;
2.16019;
1.82186;
2.26205;
2.16782;
2.12054;
3.31156;
1.90804;
1.84388;
2.56838;
1.81463;
2.8067;
1.78047;
1.51221;
1.17535;
1.64634;
2.83815;
3.11996;
2.30615;
2.86674;
2.44758;
2.15777;
1.98748;
2.12405;
1.99152;
1.44928;
2.4759;
1.25211;
1.97417;
2.35057;
1.89313;
2.18678;
1.70576;
2.38959;
1.71742;
2.07574;
4.81238;
2.26351;
1.71939;
1.61457;
1.97145;
2.96204;
3.68876;
1.91878;
1.42013;
1.88721;
2.30999;
2.53826;
1.15103;
1.96036;
2.55724;
1.31856;
2.46611;
2.43243;
1.5394;
2.02516;
1.55193;
3.43449;
1.96479;
2.57499;
1.84399;
2.6863;
1.91053;
1.35153;
3.6214;
17.3728;
1.97849;
19.1369;
19.6481;
1.84914;
20.2007;
2.16424;
1.40432;
2.29767;
1.91976;
18.3023;
2.09293;
3.30408;
15.0512;
16.2141;
1.75474;
2.18572;
2.69982;
1.98315;
2.03081;
2.31466;
1.90152;
16.0805;
19.067;
2.16263;
17.1276;
18.5567;
19.9451;
19.4761;
1.50589;
1.89815;
17.9741;
2.2556;
3.95815;
1.23199;
3.1764;
3.00927;
2.42358;
3.47761;
3.01542;
1.24534;
2.29958;
1.68141;
3.0468;
2.75904;
3.43014;
16.9762;
1.24132;
3.27362;
1.79521;
17.0161;
1.5277;
2.33596;
1.69942;
1.86956;
1.38128;
1.45291;
2.19351;
1.38656;
2.52657;
2.20498;
3.07397;
2.2259;
2.52946;
2.06386;
1.74259;
3.18747;
2.77513;
2.2379;
3.02705;
2.33069;
2.70472;
1.38264;
2.27559;
2.17892;
2.66396;
2.32022;
2.16983;
2.08564;
1.75866;
2.51606;
2.88967;
1.6526;
2.72853;
2.23358;
2.10145;
2.72324;
2.94438;
2.11627;
1.78894;
2.41684;
2.69754;
3.14141;
3.00113;
1.86961;
1.62086;
2.86604;
1.79433;
1.79133;
1.84267;
2.44468;
1.6269;
19.1508;
1.83851;
2.01492;
2.61421;
2.7341;
2.94277;
1.51855;
2.81951;
15.6929;
2.48058;
17.5929;
1.5743;
1.53669;
2.2243;
19.647;
1.84213;
1.89118;
2.18269;
2.2839;
2.67828;
1.58927;
4.00777;
2.45815;
2.58144;
15.9056;
1.37253;
14.2629;
3.26007;
2.23292;
16.8288;
3.05655;
3.75566;
2.26874;
1.27745;
1.97454;
2.77079;
19.1186;
1.2972;
1.87129;
2.09231;
3.46188;
2.25094;
2.2521;
1.61363;
20.0813;
16.8217;
17.0237;
19.6255;
1.76863;
1.64806;
18.4258;
18.8492;
15.9205;
2.62095;
2.00452;
2.58249;
16.4677;
1.15366;
1.68371;
18.717;
2.33398;
21.1799;
2.61552;
20.0087;
1.33866;
2.53079;
2.85181;
1.72261;
18.3612;
2.2959;
16.0386;
16.4082;
19.2547;
1.46108;
19.2485;
2.06592;
1.94915;
1.55008;
2.69272;
1.74269;
2.06066;
18.3263;
22.2983;
4.16047;
15.9694;
4.13943;
19.1635;
2.82993;
1.81333;
2.93637;
2.00247;
3.04023;
18.969;
17.2219;
1.99244;
1.55122;
2.24257;
3.47221;
2.53606;
19.3789;
1.69275;
2.51331;
2.43184;
3.31714;
4.05053;
2.76473;
4.04013;
2.13169;
2.26319;
1.99165;
2.46332;
2.4762;
19.299;
2.78814;
1.85375;
19.74;
1.74253;
15.7167;
3.39782;
28.4388;
2.43798;
4.12883;
1.85552;
2.50884;
2.77276;
3.001;
3.19354;
2.43934;
2.48948;
1.81132;
1.54805;
2.04278;
2.04279;
1.88295;
3.33975;
2.90235;
2.82508;
2.06848;
1.85583;
1.75983;
2.35326;
1.61479;
1.16454;
23.0883;
20.5499;
2.29013;
1.53454;
3.61407;
16.7506;
1.68751;
19.1797;
1.96163;
21.6043;
2.49247;
2.71035;
2.69172;
2.64844;
1.87691;
2.90202;
3.03951;
1.36613;
1.74603;
2.25556;
2.02977;
1.90866;
2.10625;
15.5394;
1.81216;
2.18851;
21.5656;
1.70139;
1.81298;
2.08692;
1.65187;
2.48479;
1.79783;
1.87157;
17.4638;
2.16058;
2.94998;
2.26614;
22.1099;
2.62024;
4.52992;
4.10695;
1.66728;
1.66363;
3.59989;
18.1831;
19.2737;
2.53076;
2.1329;
2.91735;
2.9253;
2.83001;
2.29654;
3.11721;
1.43621;
1.41349;
2.50164;
2.65476;
3.39371;
1.25443;
2.34912;
3.62624;
3.28449;
3.56712;
2.34543;
4.40632;
2.00421;
2.3337;
2.46404;
2.02966;
2.40921;
2.44327;
2.4522;
1.57571;
2.93221;
1.24884;
2.94752;
20.8777;
1.36167;
19.4375;
2.51932;
23.2197;
3.53591;
3.28941;
1.97404;
2.13719;
1.5112;
2.53394;
4.0811;
2.07842;
2.01138;
16.8283;
3.63843;
1.37679;
2.60235;
3.15302;
2.55061;
2.97423;
1.50199;
2.13398;
3.58404;
1.6256;
2.31295;
23.4176;
3.42356;
16.7017;
1.94123;
1.90562;
18.6947;
1.14598;
21.907;
1.26137;
1.77913;
3.67127;
3.13847;
2.61641;
1.64543;
1.33208;
18.4412;
2.70212;
1.40259;
1.9006;
3.48883;
2.11496;
1.28846;
3.43791;
22.2648;
2.05572;
3.76905;
2.06354;
3.56073;
17.8641;
1.89325;
1.38731;
25.1264;
3.39122;
1.91398;
1.83121;
2.27356;
2.37044;
22.1586;
2.02908;
1.56092;
21.6062;
1.05156;
2.3264;
1.7461;
3.36116;
1.27655;
3.75898;
1.96577;
3.21051;
1.58481;
3.43855;
2.57084;
2.12173;
2.3599;
2.01169;
1.7675;
3.87634;
1.136;
3.68758;
2.03895;
3.2991;
1.92539;
2.30912;
2.07813;
2.42065;
3.45855;
2.59221;
2.49881;
21.5607;
2.16571;
17.5198;
3.08973;
3.30239;
3.91553;
16.3999;
2.47434;
3.29949;
3.01908;
1.75219;
3.06558;
3.52179;
3.48847;
2.40544;
17.2958;
17.7444;
1.47499;
3.4573;
1.49713;
21.5033;
2.30762;
2.645;
22.5736;
3.02605;
20.5752;
2.88319;
1.41524;
1.82047;
3.05723;
2.46807;
3.40839;
3.35176;
3.70934;
2.32574;
22.7372;
21.3245;
4.01674;
2.25079;
2.6337;
1.55701;
1.63383;
1.86526;
3.43337;
2.06686;
3.27197;
1.72251;
1.28866;
1.29859;
1.47811;
1.99165;
2.38756;
1.94759;
2.92364;
2.23424;
3.37244;
2.00556;
2.48089;
2.54867;
2.29216;
1.76595;
2.45098;
1.2994;
3.26442;
3.1809;
2.56456;
2.65287;
3.59874;
2.0183;
4.2075;
2.20543;
1.75735;
2.48984;
1.2036;
2.8309;
2.51736;
2.69264;
22.0145;
2.04384;
2.94753;
1.9364;
15.6224;
2.04018;
18.4699;
1.59146;
2.89249;
2.21047;
3.15765;
22.8947;
4.9451;
2.58491;
4.25599;
2.5729;
20.6684;
17.9846;
1.92311;
3.47694;
2.25531;
2.2233;
1.78082;
1.80743;
2.68755;
2.255;
3.44788;
20.4708;
2.5412;
2.205;
25.6887;
2.12437;
4.00656;
18.8709;
2.61078;
3.1274;
20.783;
1.21521;
16.6963;
1.27864;
18.258;
2.0792;
19.0836;
2.48391;
20.1435;
20.6906;
2.19814;
1.3476;
2.31674;
24.9218;
2.49867;
1.82543;
21.1229;
21.2335;
2.50844;
22.2708;
2.84252;
4.21975;
3.6596;
1.95366;
3.29034;
1.70096;
2.4063;
19.7682;
2.37697;
23.7739;
2.47622;
20.8903;
4.39734;
3.50424;
1.86874;
1.71725;
4.19614;
2.85708;
3.4553;
20.0577;
2.2207;
20.683;
21.8106;
23.3056;
1.43765;
2.35424;
2.3906;
1.20678;
2.94934;
1.53116;
2.80997;
1.46103;
2.33814;
2.81189;
2.09735;
3.11353;
3.71648;
2.11885;
2.4304;
2.06785;
2.47406;
2.24897;
2.10583;
2.2993;
3.56739;
2.22391;
2.18919;
3.8131;
19.2392;
2.40038;
2.66805;
21.6535;
23.4209;
20.1401;
1.20777;
3.58596;
2.99204;
2.85325;
2.13635;
3.84024;
16.1871;
2.30087;
2.14004;
3.32678;
3.17874;
1.98677;
3.3674;
4.07243;
3.32206;
3.06792;
2.74949;
2.26143;
2.9671;
21.0945;
21.6964;
2.12611;
2.42588;
1.75508;
23.3498;
2.7411;
2.14693;
1.82977;
3.66848;
4.33052;
1.82348;
1.61619;
2.56292;
2.34054;
2.25309;
1.47049;
2.45034;
3.17811;
1.6667;
2.38254;
2.88654;
1.04933;
2.70845;
3.02749;
2.00076;
3.35987;
4.01428;
2.15267;
2.64409;
3.82977;
1.68868;
3.5413;
2.48925;
2.67983;
2.41614;
2.7328;
1.1116;
2.34798;
3.02677;
1.5145;
1.05457;
2.17108;
4.09993;
2.20757;
3.57838;
3.00425;
2.26921;
1.49921;
2.13032;
2.98146;
2.22482;
1.3846;
2.81793;
3.13946;
2.30025;
1.09287;
2.85103;
2.74754;
2.57496;
2.31941;
1.33087;
1.75469;
2.51066;
3.3207;
1.39968;
2.16414;
2.03235;
2.22544;
3.10536;
1.89809;
2.49223;
1.11129;
1.77594;
3.54085;
2.73397;
2.63892;
23.8906;
19.4749;
1.72134;
1.73576;
3.49919;
2.10265;
2.67637;
1.08234;
2.30864;
1.71164;
1.36346;
2.8321;
1.19969;
1.88229;
1.46219;
1.33018;
2.23921;
1.34301;
1.80436;
2.48071;
2.2169;
0.76418;
3.46619;
2.415;
2.99552;
2.43006;
2.35525;
2.72068;
1.60645;
2.20689;
4.11609;
3.93184;
2.12541;
1.22345;
1.82595;
3.36056;
2.63397;
2.61247;
2.6094;
1.61568;
1.36747;
19.8613;
2.88537;
1.80697;
2.92121;
2.65616;
1.00864;
2.80063;
2.82514;
1.46041;
1.96134;
19.7852;
2.67563;
2.47397;
1.90984;
1.35532;
19.413;
2.38132;
1.88838;
1.30715;
2.00554;
1.63129;
1.34984;
4.42834;
21.1979;
1.89794;
1.53945;
3.10526;
3.45919;
2.00716;
25.4674;
3.28553;
1.83164;
1.79734;
1.51201;
1.80878;
3.56894;
2.76079;
4.07737;
1.81005;
1.82552;
1.30868;
3.1183;
3.46997;
2.48684;
0.478539;
2.95175;
0.943854;
1.84708;
2.25834;
2.64677;
17.8833;
2.16118;
19.7585;
1.93131;
21.079;
2.79259;
16.9536;
2.32551;
1.64309;
1.27295;
2.14219;
2.35937;
2.58303;
1.1365;
18.1157;
2.96303;
2.29179;
22.4512;
2.73858;
4.24416;
19.7097;
2.49395;
21.441;
4.16269;
21.5742;
3.97401;
2.20668;
1.52358;
3.20425;
2.63824;
2.64912;
20.5317;
2.67239;
20.4726;
5.04671;
2.00816;
26.6253;
20.9418;
1.54702;
2.56907;
1.28636;
20.3088;
19.888;
2.19373;
1.90959;
2.0884;
2.1766;
25.2336;
2.64623;
15.9344;
2.19587;
22.5335;
17.5953;
1.85199;
3.95901;
4.30599;
1.47821;
1.94229;
16.3983;
1.00085;
2.38357;
1.84834;
2.75981;
2.71801;
2.73469;
2.14408;
23.5266;
2.30834;
1.60402;
2.89865;
22.6321;
0.921893;
27.0414;
2.90006;
2.55703;
23.1837;
1.50043;
19.7894;
20.1084;
3.13118;
2.91488;
24.5728;
1.80316;
2.13252;
19.0295;
2.34788;
1.9137;
21.7047;
4.8913;
20.8123;
3.08761;
2.65271;
20.2002;
0.884565;
4.52412;
21.579;
2.89917;
3.55921;
3.2292;
2.43517;
3.08378;
3.09026;
18.0757;
3.96968;
3.32363;
1.80751;
19.573;
3.45829;
1.68578;
21.2246;
22.3307;
2.46062;
1.40636;
20.3486;
1.81492;
28.9706;
3.31744;
19.449;
4.35115;
25.5216;
2.63469;
1.57831;
19.7318;
22.0763;
2.12597;
3.59111;
1.22225;
1.66387;
2.46108;
3.74172;
1.07166;
4.21998;
2.6323;
1.67096;
19.8502;
2.32739;
2.65467;
28.4149;
3.35502;
22.1938;
2.06246;
1.49605;
1.45157;
19.5403;
2.42543;
18.1022;
2.11802;
2.72696;
1.65333;
4.55482;
1.29175;
3.57837;
4.19597;
1.27402;
0.418825;
2.88297;
1.67687;
3.6543;
22.358;
2.15236;
27.6441;
18.9827;
1.10112;
1.52861;
3.07365;
3.50112;
1.7044;
2.37697;
4.32537;
19.256;
2.27906;
18.6643;
23.5659;
3.59463;
23.2658;
1.60335;
2.53432;
2.8041;
1.65533;
3.52755;
2.39909;
1.75364;
3.91901;
22.2548;
2.05361;
2.63739;
1.67159;
2.06589;
3.73255;
24.695;
1.86501;
1.99039;
2.15485;
2.99747;
2.05836;
19.7747;
30.3817;
24.8725;
3.34127;
25.4686;
2.51822;
3.18423;
4.20263;
3.87181;
1.08561;
18.802;
2.29209;
3.48266;
2.00384;
2.63632;
2.49215;
22.3944;
27.503;
23.5953;
23.4251;
1.08777;
3.08847;
26.6458;
2.66996;
4.67813;
4.7818;
1.20588;
1.0537;
26.7811;
1.36811;
3.70843;
2.92287;
24.0466;
2.47368;
2.49188;
1.73137;
3.11765;
2.45974;
2.48433;
3.26796;
3.73876;
6.11053;
2.91446;
24.226;
2.07732;
20.8457;
3.29802;
2.42387;
4.20164;
27.0884;
3.48033;
2.16112;
2.16253;
2.53058;
2.33152;
3.30654;
2.50711;
1.88248;
2.83852;
3.33547;
3.72587;
1.59239;
3.39926;
4.91837;
2.9551;
2.12868;
2.93641;
2.18107;
2.21968;
1.21944;
3.77282;
2.46508;
4.24984;
0.96885;
4.21184;
2.59074;
3.58599;
2.5822;
2.94952;
3.11105;
2.05293;
4.5265;
3.3957;
3.02064;
3.28333;
1.30043;
2.15427;
25.9008;
1.83768;
21.3369;
30.2031;
2.10917;
1.78623;
2.62233;
2.18497;
3.07344;
2.95561;
2.71576;
3.40955;
3.24265;
3.70869;
1.58927;
3.69406;
23.198;
2.49198;
1.19873;
3.2003;
1.68633;
4.1847;
2.3159;
3.07819;
4.82803;
3.529;
2.52496;
2.82431;
1.77524;
2.93848;
3.43205;
2.37763;
2.32098;
3.55413;
3.62355;
3.15145;
20.3155;
3.97648;
27.5189;
0.958297;
24.0857;
2.07474;
3.81476;
2.83388;
4.7231;
24.4238;
3.31891;
22.1154;
19.514;
1.66472;
20.1775;
1.88052;
0.881281;
1.92526;
2.29298;
2.92941;
3.81261;
22.3999;
3.56192;
1.14932;
3.06874;
24.4482;
2.79379;
2.4052;
23.9621;
2.58473;
4.67012;
2.48944;
3.20492;
2.78782;
3.45317;
2.24504;
18.5797;
3.12343;
3.71726;
2.69159;
4.21434;
4.29756;
3.93955;
3.72621;
2.98194;
2.44721;
2.71931;
3.4537;
2.32229;
4.23857;
25.1049;
20.6278;
1.14814;
1.85352;
2.50611;
1.98371;
21.1024;
2.8248;
1.29464;
2.9215;
3.08147;
2.15308;
1.38521;
0.977695;
24.0957;
24.4833;
24.955;
2.52761;
3.49046;
1.0653;
2.87399;
25.145;
3.5341;
23.8642;
2.24907;
25.0843;
2.63481;
2.20548;
3.27479;
20.7301;
1.38529;
2.35818;
4.00955;
1.42128;
2.47523;
1.87233;
3.08029;
2.34323;
4.83296;
1.1006;
2.65478;
3.2753;
2.86838;
1.49086;
2.17105;
2.17075;
22.8007;
2.37336;
2.93214;
1.83412;
2.86426;
2.95103;
2.11604;
1.6292;
2.31351;
1.77886;
3.4695;
4.41282;
24.601;
2.73923;
21.1186;
19.9543;
2.53566;
3.09341;
1.90918;
18.4515;
1.93026;
21.6817;
2.85646;
1.67659;
1.29148;
24.9561;
4.11131;
2.08639;
4.21795;
20.0898;
1.48949;
20.8465;
3.43553;
2.72345;
29.0928;
1.339;
21.343;
2.6847;
18.4571;
21.0235;
5.87147;
2.77726;
2.10343;
3.64091;
1.91466;
1.91215;
3.38157;
2.01445;
2.13282;
2.47681;
2.56034;
2.45166;
4.14328;
22.2214;
4.95151;
2.03854;
2.91492;
1.86904;
2.04098;
27.833;
21.5025;
2.86546;
4.69675;
32.9452;
1.98264;
3.61869;
25.2643;
2.84494;
2.70726;
5.3658;
2.24781;
4.91429;
18.9435;
3.67076;
18.9229;
3.20711;
24.2593;
22.7441;
2.7174;
25.3229;
3.21982;
21.0518;
2.83712;
3.12075;
2.52871;
4.27172;
3.09499;
21.1859;
29.7678;
22.2772;
2.43169;
1.48697;
4.54601;
21.8357;
1.31019;
2.05517;
1.65662;
3.23395;
2.10616;
2.64718;
22.6432;
0.841334;
22.8728;
1.91581;
1.74068;
4.26278;
1.18861;
1.72756;
3.92256;
3.71202;
3.58169;
2.97474;
3.00249;
2.76249;
1.96305;
3.55638;
3.82933;
3.08314;
1.71253;
1.78529;
3.62708;
2.68303;
21.3927;
22.721;
24.3521;
2.17508;
24.971;
3.38647;
20.9524;
3.418;
3.00488;
3.15519;
25.5034;
3.56576;
21.9905;
6.06428;
4.40182;
2.9386;
2.31055;
22.6775;
1.39914;
3.28914;
23.3043;
4.38765;
2.74747;
24.1792;
4.14614;
20.7558;
2.62796;
2.31024;
23.883;
31.0563;
2.81661;
1.75469;
3.33665;
2.3326;
4.42245;
2.29113;
2.74971;
3.09553;
18.9345;
21.4909;
1.23232;
4.20596;
3.82699;
27.5647;
3.22052;
4.16474;
2.28612;
3.09779;
3.08153;
1.88231;
25.2153;
3.48566;
4.49044;
1.95256;
22.2612;
3.73163;
3.21134;
3.67039;
4.71377;
24.7484;
3.22118;
2.15044;
2.6501;
3.13124;
4.50348;
2.75611;
3.73754;
23.9283;
31.4767;
2.71288;
26.4541;
4.04816;
24.0916;
1.51045;
5.87186;
3.99031;
3.96087;
23.3247;
2.14708;
3.04554;
2.72514;
27.8861;
18.5475;
4.239;
22.0489;
2.09523;
2.61358;
2.66608;
23.9824;
20.5677;
2.68036;
25.1077;
2.74363;
2.11449;
3.28175;
3.26059;
2.10125;
21.8614;
23.4379;
3.4545;
19.8296;
2.34508;
1.57829;
3.11996;
2.30948;
4.34363;
21.5638;
20.0697;
4.19705;
29.3892;
29.7027;
28.348;
26.1533;
2.53723;
18.6617;
3.61092;
21.8451;
25.7774;
3.86782;
5.33118;
20.6304;
3.05793;
3.49988;
2.28038;
3.70009;
28.5695;
2.24645;
20.7385;
3.55923;
23.7981;
4.60534;
21.6442;
23.9984;
2.37575;
2.0274;
3.83167;
2.15686;
2.84605;
19.342;
5.65937;
4.25927;
2.81414;
1.98886;
0.475543;
4.21824;
30.0024;
2.07616;
27.8583;
21.5715;
3.21436;
26.7414;
2.64079;
1.9853;
2.50465;
5.09829;
3.1042;
24.7563;
23.7217;
1.83376;
28.7572;
3.16454;
3.05988;
2.87889;
22.3643;
1.55797;
4.35727;
3.27717;
2.99138;
4.43603;
4.36661;
23.5221;
3.04791;
28.8506;
21.3215;
3.24856;
3.90235;
2.53066;
5.01355;
3.84004;
1.64232;
3.71156;
25.2198;
2.55728;
3.38365;
28.5275;
4.05406;
27.9072;
3.12481;
1.4184;
2.5298;
4.38203;
4.17312;
2.30632;
19.6468;
3.81975;
2.50104;
24.6944;
3.00441;
19.6555;
3.71868;
2.95025;
2.82591;
23.4131;
4.37768;
2.37322;
1.72543;
22.3951;
0.486014;
3.78166;
2.87111;
1.83379;
3.70001;
21.6883;
3.95873;
20.1852;
2.87145;
3.26912;
32.2333;
2.94457;
2.08224;
5.22876;
3.54969;
3.62157;
1.01352;
4.17339;
5.53158;
1.57626;
1.94733;
5.2029;
24.4152;
2.70617;
5.02991;
22.8172;
2.92473;
2.69891;
22.366;
3.02659;
4.87002;
2.594;
2.97224;
20.6356;
22.8096;
2.7609;
2.99463;
29.1681;
4.31261;
23.2943;
3.37184;
1.69857;
4.57506;
22.8794;
3.3843;
3.08446;
24.8805;
4.32675;
27.6133;
2.3867;
24.308;
2.32221;
3.69961;
18.6098;
4.83195;
25.7238;
3.05719;
22.9506;
2.88281;
25.7152;
2.07742;
4.73191;
2.51418;
4.40066;
3.28879;
22.1955;
2.78666;
22.1554;
3.72524;
3.31;
2.9958;
3.13716;
5.83833;
26.0515;
3.79845;
22.5058;
26.6698;
27.3561;
3.97761;
3.42204;
24.1336;
2.7198;
2.98281;
2.11842;
3.79859;
3.6014;
25.9662;
2.07485;
1.71396;
2.24762;
2.19064;
2.84144;
4.79052;
3.6608;
30.2352;
4.08432;
24.6302;
3.90153;
3.83376;
2.3198;
3.39069;
4.4797;
3.49766;
3.479;
2.89011;
24.0438;
3.22365;
22.5725;
2.31403;
18.7174;
3.39869;
2.99322;
4.65868;
3.98622;
5.93357;
3.91013;
30.3153;
3.93308;
22.4256;
3.93182;
1.89545;
3.86648;
22.1567;
3.89845;
2.72583;
4.34337;
2.51749;
4.56666;
3.4145;
27.7637;
3.52306;
3.53819;
2.24042;
4.79671;
5.15159;
2.69414;
4.17493;
4.92726;
3.5893;
25.4926;
4.42;
26.8932;
2.36456;
4.70162;
1.30878;
2.07085;
3.33739;
19.0013;
2.57127;
4.18907;
3.66989;
4.15009;
5.76763;
2.56347;
4.37134;
4.03459;
3.50808;
4.42234;
4.52414;
5.3929;
27.1875;
4.17658;
3.01893;
2.75945;
23.3948;
4.14818;
5.31227;
30.3174;
1.73185;
18.1746;
3.74582;
19.3486;
2.08664;
4.03963;
3.0374;
29.7953;
3.10187;
22.3057;
2.33733;
4.61996;
2.84509;
3.17862;
3.55314;
3.30431;
1.86537;
24.1417;
3.13746;
5.82721;
3.13737;
3.38733;
2.41671;
5.61263;
5.48284;
2.64128;
3.41606;
4.12379;
1.92746;
3.23075;
4.32829;
3.89153;
4.2848;
3.09345;
5.46365;
5.96945;
3.66609;
4.46206;
4.18709;
5.19594;
19.4312;
5.96821;
1.53426;
3.31757;
27.5744;
2.71334;
4.4051;
2.59901;
3.47608;
26.254;
3.37264;
4.71034;
25.0059;
5.38703;
29.5047;
4.30711;
4.99079;
1.76184;
1.43161;
4.22553;
3.22312;
2.38344;
3.00368;
4.50128;
2.93247;
3.4696;
3.51021;
21.6194;
2.23553;
3.68368;
4.36892;
3.33913;
21.6769;
4.82551;
3.86508;
24.4501;
3.40338;
3.73129;
3.97585;
25.0181;
3.76276;
3.57214;
3.03971;
4.94841;
28.7936;
3.2719;
4.30799;
2.21592;
23.0322;
4.03015;
24.3353;
5.38746;
3.92154;
2.90036;
1.99701;
6.48081;
3.06561;
3.52439;
5.52753;
2.34794;
5.14226;
3.29673;
2.88052;
2.68076;
4.68678;
4.71211;
3.16309;
4.90389;
25.7011;
2.51883;
3.08173;
4.74329;
1.23456;
4.56715;
2.65644;
3.37197;
29.0036;
3.57682;
3.43849;
3.92816;
3.69005;
2.8193;
2.20991;
4.72545;
3.3892;
2.9353;
3.44613;
4.48769;
3.87428;
2.80748;
4.9143;
4.67379;
1.96353;
1.32345;
4.16129;
5.24696;
5.01055;
4.08909;
5.58394;
4.37027;
3.56357;
3.43719;
4.86159;
4.83541;
5.40779;
4.00641;
4.84834;
2.44496;
25.6996;
3.41315;
2.86818;
26.5805;
21.8395;
3.77819;
1.72807;
24.1376;
7.72027;
23.7226;
19.0665;
6.29171;
3.25765;
3.81423;
30.4084;
3.98831;
27.1327;
27.1452;
2.29524;
3.82169;
2.10389;
3.09844;
19.297;
1.66092;
2.54183;
4.09353;
2.6597;
3.85065;
19.17;
2.55926;
25.1015;
19.4039;
2.36187;
1.41086;
5.18181;
6.11328;
3.50937;
3.5359;
3.91768;
5.30401;
3.02463;
18.0302;
20.9963;
4.43351;
28.1081;
2.41063;
2.58446;
19.7732;
22.0869;
3.65358;
27.6395;
2.48131;
3.47388;
22.9058;
2.36696;
2.67008;
4.03759;
21.3465;
4.56602;
29.573;
3.79493;
1.73552;
5.18339;
25.8361;
27.8861;
22.2793;
3.15395;
21.798;
26.4598;
5.26381;
23.5036;
4.19124;
25.7354;
20.3331;
23.8862;
4.33105;
3.69238;
3.55924;
4.16965;
4.62681;
22.8276;
21.2218;
3.83671;
4.6344;
4.82006;
32.1684;
4.15377;
2.77048;
25.9246;
3.12856;
18.1755;
4.1648;
4.30031;
4.8184;
5.28305;
5.57719;
25.6524;
3.44813;
22.7668;
5.41035;
21.5177;
2.722;
17.9973;
3.67072;
5.30655;
4.50034;
2.12663;
4.40283;
4.25488;
4.49768;
4.41769;
20.7479;
4.23437;
3.56333;
26.929;
5.54965;
4.46487;
5.29312;
2.99406;
3.06682;
5.86329;
1.23183;
3.70802;
3.6026;
3.29189;
4.6759;
4.48625;
3.21777;
3.17492;
3.23851;
3.95752;
2.69578;
4.02412;
5.4588;
4.45346;
4.38002;
6.61723;
5.8541;
4.76491;
5.97516;
3.20997;
4.22694;
5.72177;
4.31364;
3.60347;
20.533;
3.12142;
21.0901;
19.9311;
6.33507;
3.29962;
4.77237;
3.95612;
22.9153;
24.0876;
6.43748;
3.23536;
3.94082;
2.55214;
4.36388;
6.22428;
3.81668;
4.39811;
4.7075;
4.1961;
6.36584;
3.86008;
3.92273;
4.72915;
2.75091;
3.37282;
4.6824;
4.34313;
5.06497;
4.21587;
6.52706;
3.20228;
4.55371;
4.33868;
5.46937;
3.7909;
2.56889;
1.67587;
3.34343;
2.6941;
4.60052;
3.77258;
5.15948;
4.79615;
2.19024;
3.2547;
3.00803;
3.23292;
3.60761;
5.11556;
6.52649;
5.51351;
5.42605;
3.52584;
3.79787;
3.3145;
3.74496;
3.48613;
3.99947;
6.38233;
5.84976;
4.64312;
4.65312;
4.28902;
4.83128;
2.8511;
6.90479;
0.949392;
3.82947;
3.9308;
4.86822;
4.8517;
3.99796;
4.29656;
3.74003;
3.65615;
4.70097;
3.78207;
5.65748;
6.29004;
4.84806;
3.66609;
20.9224;
2.58938;
2.67065;
23.1607;
24.5562;
5.18844;
4.77652;
22.5662;
21.5617;
4.75198;
2.80396;
4.74532;
5.52685;
2.51992;
2.11806;
3.62009;
7.00541;
3.98065;
6.07265;
2.81931;
2.8824;
5.84321;
3.34897;
5.25222;
7.36194;
4.58322;
4.27475;
3.84587;
5.50858;
4.53737;
3.15172;
2.38952;
3.30433;
7.53265;
3.39364;
5.92406;
4.5758;
3.02118;
4.84176;
3.6726;
3.16024;
4.14558;
20.5671;
22.2871;
4.50089;
3.58671;
3.27293;
27.262;
1.53022;
4.15625;
7.5886;
3.1889;
6.19707;
26.2263;
4.11432;
26.557;
22.3292;
3.60108;
22.1659;
1.89128;
4.24181;
4.90569;
18.8613;
4.26044;
3.66061;
4.99889;
4.8771;
30.372;
23.9951;
7.59148;
26.2088;
5.10315;
2.39717;
4.37366;
2.89757;
5.54825;
3.27655;
5.04986;
22.0785;
6.0536;
5.25654;
1.82726;
3.61335;
2.08368;
27.1073;
4.69456;
26.4544;
3.08029;
3.84405;
2.37293;
4.36672;
4.21329;
2.44722;
26.4212;
2.53573;
2.08422;
4.28556;
2.71153;
4.19265;
6.31709;
23.7095;
25.433;
5.07418;
2.98599;
4.1273;
3.10465;
4.59245;
4.43508;
4.89197;
29.2626;
3.7343;
20.6393;
2.69377;
3.78374;
23.7448;
4.38592;
3.70033;
3.53659;
4.06137;
5.21703;
2.91993;
5.08661;
4.6795;
4.03966;
2.46924;
2.008;
26.7015;
18.5387;
3.63189;
2.69389;
3.50267;
5.41723;
3.40423;
3.03129;
6.35551;
5.30829;
27.7882;
24.2359;
2.84316;
21.9557;
4.80942;
3.40365;
26.82;
4.29889;
4.4687;
4.14386;
3.39983;
5.70529;
18.3632;
4.9129;
2.05815;
3.30372;
3.75678;
2.82551;
3.53763;
2.27837;
5.76107;
6.40103;
7.22971;
2.33375;
4.3295;
4.23809;
4.06126;
4.52273;
5.30449;
3.89694;
3.93634;
4.22115;
5.02041;
2.73703;
35.5847;
1.71129;
23.4435;
5.04509;
24.848;
18.3346;
6.06947;
20.9253;
4.49238;
23.4712;
28.438;
3.68945;
25.5986;
2.29972;
3.84857;
3.99251;
1.85516;
4.80812;
24.8327;
3.01953;
3.69957;
20.0746;
25.5676;
2.71586;
2.28363;
21.998;
4.25283;
22.0447;
2.81485;
2.94622;
4.15465;
21.4263;
3.47366;
3.889;
1.79222;
4.18466;
22.239;
25.5802;
4.49868;
3.42956;
26.3112;
2.63931;
20.0112;
22.5259;
1.41964;
23.851;
2.30913;
3.13511;
3.69555;
26.1554;
3.73578;
3.30192;
3.98216;
5.76965;
3.32454;
4.53538;
4.50166;
3.99022;
25.2832;
23.1505;
5.13886;
3.22559;
4.34344;
2.66056;
6.73868;
28.6473;
2.90464;
4.89405;
3.5978;
4.66264;
5.9369;
4.8542;
4.53857;
27.722;
25.7559;
3.96523;
5.36051;
6.3225;
23.9041;
18.3191;
4.07664;
7.10067;
3.86677;
22.6918;
4.67461;
25.9709;
5.06559;
23.184;
4.71638;
20.8532;
6.3929;
4.15917;
21.9408;
2.65963;
3.19552;
4.44879;
6.80709;
3.33768;
7.7023;
4.43297;
4.50049;
3.28469;
4.18525;
2.14164;
5.25815;
4.66259;
3.08449;
2.58087;
6.40409;
4.24555;
2.7721;
4.63157;
2.74307;
6.20646;
3.45988;
6.43583;
4.53858;
5.7801;
4.45504;
3.95635;
4.14544;
5.99143;
3.96859;
3.97143;
22.9987;
5.48652;
20.7328;
6.54343;
5.29738;
4.41956;
4.30145;
2.23213;
4.64386;
2.44487;
2.93221;
4.03011;
24.1147;
3.72363;
3.35059;
2.87777;
5.73957;
5.40448;
2.56117;
3.53218;
5.20748;
5.65924;
5.87865;
4.6023;
2.6594;
1.37169;
3.54328;
3.85229;
2.84519;
3.47435;
6.80658;
3.2713;
4.28657;
3.0456;
4.81219;
3.27945;
2.85101;
4.28226;
19.4094;
20.8267;
2.48498;
4.26029;
3.25154;
5.14988;
3.72353;
4.16356;
3.48806;
4.1679;
3.46917;
4.98733;
4.94606;
3.57485;
22.6876;
4.20021;
1.48627;
3.21258;
21.2659;
5.20379;
21.8416;
3.73563;
3.14805;
5.32945;
5.11857;
2.01021;
3.32564;
3.80146;
3.16336;
4.03033;
2.8922;
1.20816;
3.88876;
4.76808;
3.53813;
23.782;
2.82748;
6.94559;
3.00515;
4.46255;
26.6387;
2.42403;
2.59657;
4.73377;
4.01413;
4.18541;
4.62932;
5.99191;
2.50094;
4.04148;
2.52738;
5.98566;
1.5499;
3.98387;
3.9082;
3.66369;
2.0462;
2.88776;
1.04397;
27.0869;
2.71055;
2.36629;
3.25817;
4.13672;
4.33535;
4.1019;
3.60442;
3.72382;
5.27178;
5.71295;
3.396;
4.8096;
3.15006;
2.85768;
2.24828;
4.63829;
2.65217;
2.57942;
4.2979;
4.41777;
2.08823;
4.58146;
21.5402;
3.04854;
23.5463;
3.00804;
4.59553;
2.92751;
1.54864;
26.703;
2.62242;
3.69145;
2.32232;
3.4177;
2.2651;
2.56646;
6.85537;
2.42198;
3.44582;
5.52004;
3.71607;
3.11986;
3.76642;
2.06433;
3.48465;
4.81475;
4.12919;
2.42088;
3.58983;
24.0198;
3.46295;
26.9934;
3.87625;
22.7275;
2.82583;
21.8489;
5.92756;
20.3087;
5.13916;
3.79263;
3.03751;
4.4647;
28.0292;
5.63628;
4.16793;
4.13876;
4.08327;
3.93381;
6.03505;
3.93926;
26.4029;
3.47813;
2.52575;
24.8827;
25.3123;
2.08849;
19.9603;
19.6154;
5.17409;
6.10295;
25.1043;
4.95428;
25.9676;
3.15993;
4.05659;
3.66021;
3.53601;
20.2709;
3.6318;
1.59926;
2.53712;
2.82595;
4.61038;
2.70598;
27.9541;
3.65793;
3.74931;
2.09883;
4.60596;
4.32948;
6.03246;
2.87096;
2.37936;
6.19314;
3.50738;
6.11524;
3.06033;
5.7047;
3.1464;
5.81987;
4.81267;
2.58573;
3.52222;
1.44857;
2.49643;
22.1867;
3.02271;
4.72392;
4.66099;
5.25296;
5.00781;
2.24571;
2.84879;
4.93813;
4.88332;
5.26994;
3.52587;
3.48383;
4.19143;
4.61428;
7.14319;
3.11531;
5.14653;
4.34493;
5.42642;
3.73223;
2.94065;
2.39641;
3.44513;
5.16637;
1.7211;
3.81987;
4.90141;
4.46089;
3.17654;
3.72941;
4.91229;
3.92674;
1.58301;
19.4351;
1.1613;
21.8013;
5.17348;
3.25683;
4.11083;
2.997;
3.99109;
2.90399;
28.8555;
3.62245;
6.66451;
3.88263;
2.53781;
1.12221;
1.64398;
3.41001;
5.21853;
3.68934;
3.87521;
5.21034;
6.22138;
3.93316;
20.6364;
3.59571;
3.19364;
3.38657;
27.1004;
3.69749;
4.23988;
21.9333;
5.1174;
20.9719;
5.6055;
25.3796;
4.45813;
23.6433;
23.4671;
2.86454;
4.09482;
28.5503;
5.11022;
3.71935;
4.93727;
3.65187;
2.78255;
1.75562;
17.5502;
2.37666;
4.98098;
21.5261;
5.0085;
3.37051;
4.87558;
18.199;
4.91039;
2.88366;
26.6823;
25.3934;
2.93745;
2.47164;
3.62827;
4.0797;
2.89241;
24.6754;
2.4755;
3.42888;
1.53065;
4.12446;
5.25156;
24.9124;
3.54791;
3.79598;
3.6586;
3.16989;
1.9661;
3.98234;
5.10663;
3.99937;
2.83906;
23.4631;
3.90293;
26.398;
4.96665;
4.69263;
1.27706;
4.80193;
4.5;
2.50947;
2.78793;
4.34535;
3.26467;
3.37927;
3.28913;
26.1015;
24.234;
2.58737;
3.82698;
20.6441;
2.91381;
3.53436;
4.82091;
2.47144;
4.56448;
4.4363;
2.215;
22.4967;
1.44054;
2.87646;
5.52987;
3.50119;
3.25767;
2.55531;
5.69068;
2.74111;
4.06004;
24.1626;
4.95046;
4.48126;
1.62877;
24.4135;
4.46324;
5.77497;
4.40034;
2.00482;
4.72802;
4.23472;
2.85349;
5.15333;
5.30776;
4.44811;
4.34552;
3.38354;
4.8783;
20.8568;
2.15119;
4.22055;
3.00893;
2.52849;
4.97376;
5.14647;
3.87535;
5.65912;
3.46948;
2.74746;
3.23609;
2.42394;
3.29761;
22.7737;
3.69859;
5.39357;
4.52633;
5.7018;
3.53763;
2.7952;
4.92773;
4.21488;
2.98692;
3.83067;
2.5156;
2.26819;
5.10518;
3.48043;
5.53647;
3.4011;
2.03017;
21.7695;
3.80081;
2.59871;
3.98147;
1.74752;
2.59439;
2.86305;
3.09871;
4.60136;
2.37601;
4.06471;
3.73843;
4.99719;
3.25445;
3.12479;
4.18132;
2.8455;
3.08749;
1.29533;
2.22546;
4.70915;
4.10747;
5.08209;
4.65466;
3.4702;
2.91609;
2.23767;
3.0235;
2.18835;
3.51637;
2.60094;
3.68323;
4.47266;
3.22271;
4.13899;
21.8887;
2.27746;
2.99483;
3.23658;
4.76883;
1.4753;
3.37262;
2.87129;
4.41491;
2.85375;
1.34535;
4.29418;
4.7922;
3.20876;
4.69056;
5.4434;
2.1131;
3.93028;
4.42197;
1.85251;
1.9694;
4.45979;
2.57885;
22.4681;
4.26898;
4.28865;
22.7016;
3.86151;
3.43514;
4.44733;
1.80466;
2.65779;
2.00252;
3.00577;
4.45192;
1.93007;
2.73476;
3.07825;
4.3845;
1.89495;
4.97963;
3.03721;
2.65043;
23.464;
23.3944;
3.75582;
3.0668;
2.52519;
4.401;
5.32465;
5.06587;
3.71699;
3.58975;
5.24291;
3.97271;
3.6293;
20.5809;
4.83162;
18.4359;
4.54868;
4.76743;
3.06226;
4.60281;
4.033;
4.50197;
3.49793;
2.70886;
2.77746;
4.05741;
3.72732;
3.20016;
3.8725;
5.0016;
2.62304;
2.25087;
4.64963;
4.65388;
3.82688;
2.61157;
3.45264;
2.71551;
4.2782;
1.41435;
3.75384;
3.24893;
6.29324;
1.24324;
2.66851;
1.38842;
4.19097;
4.3771;
20.4918;
2.43475;
4.24116;
4.07939;
2.8524;
3.33178;
3.4892;
3.25224;
3.91614;
23.4987;
3.00359;
3.50602;
3.13324;
1.53557;
1.92196;
2.93085;
1.90918;
4.80088;
5.31926;
2.99863;
2.71288;
21.3751;
3.74323;
23.1081;
4.03072;
5.0158;
4.31882;
2.2528;
4.10065;
1.18341;
3.90775;
1.14561;
3.02137;
2.55357;
2.58328;
4.13915;
4.42251;
4.05559;
5.01273;
3.16578;
1.82653;
16.148;
0.993394;
2.14069;
1.90527;
2.149;
5.10674;
2.54219;
2.94383;
0.885606;
3.42154;
2.65639;
3.0793;
5.67162;
3.96233;
5.9386;
3.18598;
1.6651;
0.965518;
2.88619;
4.24587;
4.87573;
3.73667;
22.1885;
2.36373;
3.25742;
3.39807;
4.83601;
0.927507;
1.69877;
21.6422;
3.52728;
6.13683;
4.18098;
3.71541;
2.71644;
2.74487;
22.4873;
4.19629;
3.42554;
2.59457;
4.78935;
3.24044;
17.9315;
20.6398;
2.1161;
5.29169;
2.19387;
2.71559;
4.46873;
4.76788;
2.34537;
2.79069;
4.42383;
4.37088;
4.48464;
4.60314;
2.5566;
3.28722;
2.03754;
3.0529;
1.20806;
2.0375;
3.20128;
5.053;
3.42045;
2.16745;
2.75496;
4.89149;
2.63665;
2.8664;
21.1484;
3.106;
2.60053;
4.1977;
15.0021;
19.2085;
3.45066;
3.9404;
3.96505;
2.6523;
4.2033;
3.46332;
1.23711;
20.1238;
1.86904;
4.28487;
18.9845;
4.05313;
2.90853;
3.26807;
2.29644;
23.5061;
3.68515;
3.65028;
2.69057;
5.3487;
21.8544;
5.00119;
4.39493;
2.49007;
22.8363;
3.34623;
2.70998;
1.64848;
2.58654;
2.74516;
3.13608;
4.22719;
3.23983;
2.88204;
3.92311;
1.99183;
1.18337;
2.68062;
5.18078;
4.14572;
2.47665;
17.9581;
3.75789;
2.36022;
2.67167;
19.9314;
3.31582;
2.8564;
3.38632;
23.0228;
2.37748;
4.33136;
3.03898;
1.76382;
1.59304;
3.35713;
4.79887;
1.78997;
2.11046;
1.1994;
4.83951;
2.93664;
3.48007;
19.0933;
3.59474;
2.08387;
22.6922;
2.34434;
2.6967;
3.89724;
3.11455;
4.5395;
1.77601;
2.05893;
3.09167;
4.43617;
4.80678;
2.26392;
2.1566;
3.57577;
2.75503;
4.62577;
4.03471;
2.08496;
2.74878;
3.56692;
2.7869;
4.36336;
3.8267;
5.53361;
24.8574;
3.15568;
2.33112;
3.01937;
2.02341;
0.70438;
3.04295;
3.13757;
3.1613;
3.86789;
2.90737;
2.2375;
1.72264;
2.77262;
3.58732;
4.08494;
1.99802;
21.1855;
4.94855;
2.48922;
2.87371;
2.79947;
4.76528;
3.07507;
6.56003;
3.32673;
3.25665;
2.34034;
5.01714;
2.54294;
2.58622;
3.80375;
3.67289;
2.9924;
2.15894;
23.3299;
1.88456;
3.1833;
4.57022;
3.46338;
20.5526;
4.59964;
0.976323;
4.74591;
3.66715;
3.22135;
4.67811;
2.81552;
2.9154;
3.90361;
0.860971;
2.63701;
1.58076;
4.33396;
1.42094;
2.30758;
2.81586;
4.65873;
2.10372;
3.36128;
2.92598;
2.68286;
5.65606;
4.26;
1.48877;
2.53414;
4.36588;
3.00005;
3.6845;
4.39651;
2.98895;
5.04881;
3.22731;
3.03152;
2.66633;
3.24557;
2.91368;
2.39976;
1.9469;
18.1249;
2.36631;
3.60205;
18.6297;
1.97342;
1.99731;
3.47814;
6.33459;
3.47685;
2.86175;
3.17485;
24.0491;
1.72586;
2.2232;
5.19019;
2.07879;
1.97668;
4.10184;
2.41578;
3.35034;
21.107;
19.116;
21.5177;
3.13967;
4.91789;
2.97804;
3.3984;
4.17357;
3.92657;
3.56951;
2.38815;
1.96247;
17.051;
2.81144;
4.14904;
2.46726;
2.79648;
2.70015;
3.02505;
4.381;
4.59393;
2.95932;
3.16923;
2.37774;
4.15153;
2.60543;
4.03821;
3.33002;
2.31467;
2.68073;
4.05962;
2.90934;
3.04916;
3.27311;
13.8813;
2.82582;
20.3156;
20.5169;
1.801;
2.98716;
2.26387;
3.0991;
2.2652;
2.39219;
1.84126;
1.70445;
2.47636;
1.61446;
2.4365;
2.82214;
3.33558;
2.49942;
2.80101;
3.69782;
3.08172;
17.0033;
2.92327;
2.72753;
2.21114;
3.28306;
2.66962;
3.017;
4.16792;
6.08601;
3.52661;
2.50586;
4.46297;
2.03594;
2.6144;
4.76735;
1.69923;
4.34618;
3.41527;
3.41568;
2.40777;
1.68782;
4.46805;
3.66992;
2.93613;
5.83661;
2.73693;
2.98693;
21.7652;
3.58174;
3.01251;
4.60864;
3.80601;
2.50278;
1.83964;
2.91055;
2.35031;
4.87167;
2.6421;
3.06631;
3.87434;
2.33363;
2.88337;
1.65852;
2.89248;
1.09747;
4.27608;
2.35108;
3.88305;
4.19219;
2.83111;
2.94238;
1.33182;
3.21652;
2.01725;
2.90125;
20.5771;
3.97314;
3.11687;
3.43097;
0.468993;
3.04121;
2.70327;
4.44085;
5.11587;
3.64867;
1.58166;
1.91482;
3.48183;
2.04716;
1.62675;
2.80421;
3.33341;
2.71296;
2.49083;
2.72769;
3.72332;
3.94619;
3.85182;
2.54338;
2.51327;
3.53654;
2.63419;
3.01249;
0.690584;
1.4924;
2.66154;
3.70738;
2.29641;
18.7545;
2.22379;
2.88228;
3.33786;
2.36958;
0.908892;
3.52953;
2.39739;
1.36447;
3.37216;
1.20401;
3.26103;
3.78742;
3.43114;
3.91223;
1.16613;
4.56963;
3.1373;
4.77616;
2.18344;
4.53862;
1.80349;
1.9029;
2.64294;
4.08027;
3.26623;
1.59413;
4.03591;
1.93986;
2.91964;
2.01969;
2.76471;
2.41485;
3.63576;
2.09004;
1.03447;
2.94681;
4.25183;
4.1119;
2.07189;
2.06095;
2.51007;
1.47435;
20.6618;
0.889815;
4.66206;
2.11872;
2.67254;
1.88845;
1.93091;
2.3012;
1.71122;
1.99472;
4.20234;
3.16939;
2.7998;
3.57173;
2.54504;
3.15449;
2.75473;
3.18615;
2.61901;
4.44682;
2.56198;
2.29187;
21.2729;
3.81981;
2.27842;
3.2195;
1.91039;
4.3589;
4.93009;
1.31772;
2.99992;
2.93146;
1.70476;
4.51042;
2.53877;
2.35753;
2.14381;
1.71075;
3.39637;
3.00977;
23.8089;
21.4338;
2.87339;
3.40444;
2.05848;
2.74404;
7.11502;
4.54973;
3.88115;
4.36196;
4.44134;
3.7824;
4.24623;
1.54402;
3.03178;
2.12892;
3.9145;
2.96872;
3.63964;
2.25441;
2.00745;
2.43303;
3.8991;
3.38819;
2.36187;
5.05906;
3.4076;
2.45268;
1.49724;
15.6965;
2.94488;
3.09706;
4.67687;
3.97388;
1.36919;
2.76057;
2.20619;
3.91734;
3.13394;
0.299293;
1.09799;
2.64382;
2.71545;
16.8024;
18.1678;
2.76247;
5.25782;
1.94493;
3.2812;
1.57968;
3.06606;
2.81916;
2.45802;
1.80804;
3.37136;
2.18006;
1.72218;
2.98102;
1.91694;
2.34271;
20.1063;
2.24314;
2.93928;
3.64572;
2.87229;
1.77436;
4.65832;
1.69863;
1.5738;
2.25858;
4.02098;
2.46481;
1.03318;
2.08402;
3.32325;
3.63716;
1.5262;
3.58218;
3.96969;
2.89667;
2.20617;
1.87759;
2.54845;
0.794371;
17.8428;
1.7287;
2.71896;
3.86565;
4.39043;
2.68557;
3.14893;
16.1401;
1.8141;
2.59182;
3.84988;
14.9304;
3.26139;
2.06148;
2.4459;
2.17661;
0.711197;
1.99808;
3.87184;
1.3548;
3.22528;
2.04355;
2.0857;
2.56941;
2.54587;
1.72621;
3.31288;
3.08546;
0.685071;
2.17066;
4.61692;
2.01763;
2.8733;
2.48598;
16.2217;
17.7927;
1.7552;
14.6654;
16.9722;
1.9604;
3.05076;
21.1051;
1.47015;
3.35248;
3.22479;
3.1598;
3.42941;
19.1357;
2.80534;
1.42083;
2.81481;
1.24207;
4.34449;
5.27007;
2.5781;
1.99071;
2.13041;
1.4804;
2.33682;
2.06141;
3.34029;
2.85967;
18.6395;
2.04445;
3.54867;
2.73348;
3.27459;
18.282;
2.45321;
1.37323;
2.72796;
2.81391;
0.530178;
1.07618;
2.78281;
1.34993;
5.0209;
1.23328;
2.95261;
2.99264;
1.52861;
3.58187;
2.62041;
3.50138;
3.151;
3.69818;
2.55481;
2.45272;
2.3876;
2.12302;
5.30564;
2.5279;
3.91689;
3.32739;
1.51392;
2.84426;
3.04609;
1.46723;
2.29521;
2.65297;
3.01231;
1.9253;
3.70567;
2.75729;
4.29994;
2.41481;
3.68977;
2.11269;
3.46862;
3.78735;
2.47464;
2.06983;
2.40282;
2.89515;
3.15988;
0.855281;
2.11859;
1.56009;
1.05574;
1.95492;
2.37341;
2.75059;
2.8575;
3.10534;
2.58791;
3.31197;
1.37758;
2.58998;
17.7175;
3.06326;
4.26198;
2.25198;
3.68274;
2.51671;
2.36058;
1.53802;
3.62529;
3.36615;
2.66049;
3.44631;
2.13627;
1.97215;
2.5554;
2.19196;
1.01183;
2.3745;
1.81807;
3.03824;
4.04646;
1.60349;
1.86809;
2.86033;
1.84458;
19.1854;
1.57811;
3.73671;
1.32703;
2.09575;
2.78113;
2.12576;
1.61107;
1.76203;
2.07019;
3.65267;
2.76044;
2.72317;
3.09517;
2.80747;
3.2578;
2.82821;
2.07747;
2.6065;
4.0181;
2.84838;
2.46146;
12.6651;
19.6442;
16.8704;
23.5268;
2.70356;
2.86878;
2.48938;
2.46141;
3.2102;
3.76873;
2.49916;
2.06597;
2.55305;
1.39711;
4.99897;
3.49894;
0.94921;
3.82103;
3.07989;
2.40628;
2.97866;
3.75311;
2.30289;
1.98408;
4.02254;
3.21375;
2.30132;
3.23004;
1.15799;
1.77899;
2.20374;
2.75286;
1.96092;
2.80474;
1.81748;
4.60687;
1.17715;
18.1755;
2.92138;
2.51828;
1.98728;
2.95663;
5.04331;
1.90706;
4.05798;
2.55358;
2.79978;
1.64484;
4.9096;
2.16533;
2.58917;
2.42851;
2.55052;
3.23473;
0.752015;
3.14306;
2.8857;
1.2105;
1.88034;
2.78244;
2.69027;
3.46306;
3.15562;
3.87808;
2.05844;
1.47936;
3.05521;
3.48111;
3.15533;
3.6852;
1.90171;
4.12569;
19.4101;
14.1089;
2.3438;
0.67382;
2.8814;
1.96017;
2.03003;
0.616851;
1.20446;
2.43519;
2.73317;
2.2865;
3.29396;
2.19813;
4.93328;
4.5748;
3.23244;
3.19685;
2.78912;
3.05202;
3.75451;
1.80207;
3.63613;
0.691923;
2.92676;
2.46964;
3.03845;
2.26172;
1.59145;
2.23915;
2.6147;
17.6744;
1.26316;
16.2495;
2.42221;
3.03308;
4.29407;
2.64079;
4.70863;
2.18154;
1.71607;
0.819276;
3.3841;
1.42385;
3.86745;
2.10123;
1.29634;
2.02332;
3.33839;
16.8799;
3.87852;
2.69519;
1.23546;
4.73292;
4.15576;
4.46764;
2.94381;
1.64319;
1.75776;
2.73992;
1.81064;
3.67349;
3.74426;
2.08759;
2.46513;
2.00553;
1.16232;
18.0144;
2.09687;
15.6194;
3.95283;
4.8086;
3.24974;
2.05618;
2.02091;
4.21393;
3.67724;
2.03773;
1.51887;
4.63246;
1.80589;
3.83917;
2.67518;
1.55729;
2.47217;
3.28796;
15.2703;
2.70435;
4.32071;
1.91606;
2.11788;
2.99656;
3.28593;
1.79977;
0.495522;
2.6353;
3.66203;
2.47184;
1.446;
1.67197;
1.59765;
3.96841;
0.949277;
2.70607;
3.56972;
1.364;
2.89118;
2.84085;
2.04237;
1.15147;
16.9962;
17.9976;
1.8039;
19.1915;
1.58001;
1.95073;
2.40252;
3.17025;
2.57517;
2.3632;
1.62433;
2.35704;
4.46601;
1.97504;
2.62848;
2.63557;
1.20079;
5.28648;
2.4109;
2.62697;
1.90501;
1.67437;
1.75111;
2.814;
2.5424;
3.06948;
15.7673;
2.47337;
3.06604;
2.87744;
1.53718;
3.51583;
2.2075;
3.54913;
3.1453;
2.59399;
1.59134;
1.75192;
3.75417;
2.46249;
2.5786;
2.75619;
3.04062;
2.28116;
2.84574;
1.90206;
14.4703;
2.78387;
2.28596;
2.37085;
2.09285;
3.54343;
3.94493;
2.9752;
0.832934;
2.20088;
1.71086;
2.33008;
2.32501;
2.59879;
3.56078;
3.92298;
1.78128;
1.90509;
2.88208;
2.4265;
1.74227;
1.50222;
2.01347;
2.13217;
2.36321;
1.11007;
1.50154;
1.27371;
2.16699;
4.66066;
2.29939;
2.4292;
2.42085;
2.00607;
1.61893;
2.6484;
1.29691;
2.25558;
1.67324;
2.72232;
16.0682;
13.7937;
1.77548;
2.58623;
2.945;
1.69961;
3.54907;
2.31025;
1.69134;
1.13424;
1.60277;
12.253;
2.46678;
1.83148;
2.4178;
3.58618;
2.87007;
0.781433;
1.56408;
2.23865;
18.9261;
16.0199;
2.7038;
2.87366;
2.43678;
3.60941;
2.14508;
2.37665;
4.45355;
2.90069;
1.2296;
2.28584;
3.37225;
1.71529;
15.919;
4.21105;
2.22402;
0.886305;
1.54921;
1.41685;
2.2222;
1.92139;
3.80258;
2.10078;
2.51636;
1.99077;
2.32797;
2.16074;
2.78293;
1.51786;
2.8705;
2.22789;
1.71197;
3.5601;
3.38;
1.62749;
20.2736;
1.34926;
3.16823;
4.13761;
1.33606;
14.3944;
3.26587;
3.52076;
2.72551;
3.83009;
3.25314;
16.6661;
2.36277;
2.23448;
0.871746;
14.8929;
2.31521;
1.33764;
2.2345;
3.18903;
2.03496;
2.18018;
3.56058;
2.47;
3.63008;
2.79721;
2.88597;
1.4948;
1.77441;
1.92682;
2.23434;
2.56167;
1.33003;
4.46124;
1.64867;
2.1733;
3.69344;
1.5096;
2.63922;
11.313;
3.21218;
1.43118;
1.44093;
2.63005;
4.03791;
4.05289;
0.777174;
3.05155;
1.3584;
2.9286;
3.81238;
1.70742;
4.63534;
3.16078;
1.18127;
2.93431;
3.24079;
18.4912;
3.8604;
2.50077;
3.77002;
2.06113;
3.78606;
1.51833;
1.28074;
3.09492;
3.52003;
3.39016;
1.52408;
2.92968;
1.90708;
1.01944;
1.37462;
1.65438;
3.03723;
1.58987;
3.17788;
3.31918;
1.25483;
1.19466;
1.93232;
2.22384;
2.33427;
1.90359;
3.03188;
1.67711;
2.61342;
3.34701;
0.961588;
2.11268;
1.54736;
1.95403;
2.25616;
1.97871;
3.43251;
16.4696;
3.1013;
1.27917;
2.42428;
1.87687;
2.54818;
13.4281;
1.46961;
1.21057;
3.31861;
2.55646;
1.23198;
3.49428;
3.42542;
1.76475;
2.88955;
1.80619;
1.783;
1.19057;
2.04264;
0.637369;
3.10219;
3.82134;
15.5591;
2.71892;
3.16836;
4.93016;
1.76843;
2.95644;
1.59185;
13.2851;
3.83461;
2.57909;
1.31028;
2.68804;
1.71577;
3.15794;
2.42279;
2.64957;
1.35629;
3.94809;
0.916361;
1.69851;
1.39079;
2.58753;
2.74099;
2.93806;
1.56544;
1.51657;
1.63097;
1.34427;
1.54606;
1.30558;
1.28306;
1.29457;
1.80243;
3.08118;
15.7022;
3.40682;
2.49184;
2.04769;
2.54573;
1.64903;
2.70353;
2.85571;
0.910826;
2.3621;
1.90618;
16.8666;
1.95511;
2.67781;
2.62634;
2.36596;
2.80072;
4.15037;
1.56729;
1.24879;
2.49983;
2.0448;
2.56893;
1.46646;
2.60897;
3.20033;
1.36622;
1.97882;
1.32679;
3.72445;
2.64332;
1.69482;
0.619048;
2.21934;
2.49738;
1.79079;
16.6789;
19.7232;
0.847102;
18.1601;
1.80107;
2.74841;
3.09588;
2.21177;
3.42975;
3.73859;
2.01769;
1.82735;
3.37514;
1.0804;
5.0536;
1.59231;
1.5151;
2.6677;
2.82611;
2.08656;
1.82653;
4.29869;
2.32051;
1.2059;
1.64561;
2.18578;
1.99593;
1.40268;
2.24234;
1.40965;
2.65457;
0.919476;
2.66917;
1.16672;
1.07641;
1.72857;
2.89518;
2.19708;
1.65707;
2.45684;
1.69399;
16.3902;
2.55802;
2.18486;
2.90696;
1.25524;
2.30617;
2.30964;
1.34612;
2.57922;
1.93504;
2.48379;
2.78814;
2.09983;
2.59983;
1.69123;
2.98484;
3.10982;
3.0727;
2.90335;
2.99638;
2.72562;
0.968856;
0.909896;
3.0389;
3.90798;
2.66057;
2.66605;
14.6186;
2.47833;
12.3365;
1.92959;
1.77369;
1.83621;
1.11452;
3.83703;
2.93466;
2.27889;
3.60617;
2.52464;
1.96676;
1.13705;
1.41837;
2.46142;
2.14018;
1.33507;
1.94055;
3.13399;
0.795633;
1.27554;
2.29937;
2.01067;
2.9508;
2.82653;
2.4387;
2.25992;
2.09888;
1.53971;
2.01388;
2.02454;
3.47984;
3.51643;
13.442;
1.81485;
0.797002;
3.25647;
1.00742;
2.99866;
4.64977;
1.66331;
1.85516;
0.999152;
2.13853;
1.74042;
2.62899;
1.75241;
0.99274;
2.34914;
2.62147;
2.55287;
1.47858;
2.36509;
2.55734;
1.95973;
2.83018;
1.61322;
1.75643;
1.6836;
3.17276;
2.53971;
3.15517;
2.07805;
1.47706;
1.40439;
2.09357;
1.20003;
2.62055;
1.96907;
3.53228;
2.28688;
15.0361;
1.17007;
1.9757;
1.84628;
2.63004;
15.0537;
1.46875;
2.58399;
3.05782;
1.36735;
2.52235;
3.70429;
3.00947;
0.791538;
3.74443;
1.25143;
0.938232;
2.21846;
2.02363;
2.86065;
2.16034;
1.29474;
0.976864;
0.638107;
2.08579;
2.53949;
2.82542;
4.20369;
3.30121;
1.06212;
1.03482;
1.41679;
11.2607;
16.1014;
1.66628;
2.50608;
1.3452;
1.51758;
2.02067;
1.29198;
3.22914;
1.64994;
1.15742;
0.55331;
1.87781;
3.62582;
2.18767;
15.5079;
3.93512;
1.37071;
1.84427;
1.41684;
1.74729;
1.99846;
1.54867;
1.3395;
1.92247;
16.6685;
2.02848;
3.40933;
2.04184;
1.91542;
0.470201;
2.75398;
2.63318;
0.57446;
1.80806;
4.64746;
2.57783;
2.76441;
3.46863;
1.799;
0.849112;
2.436;
1.63846;
2.08024;
2.22447;
2.34057;
3.03471;
4.20061;
2.93994;
2.28376;
2.09482;
13.6999;
1.29333;
3.58282;
2.32869;
2.5002;
1.27791;
2.59406;
2.5458;
2.81364;
2.80392;
0.872399;
1.71253;
2.13122;
1.43494;
1.87587;
1.48902;
1.87524;
13.8415;
3.22302;
13.3854;
0.918387;
1.07777;
1.61248;
2.77135;
3.77169;
0.974915;
2.2877;
3.3614;
2.95003;
2.06854;
1.10095;
2.37408;
1.90308;
2.02323;
1.39271;
1.60602;
1.14243;
0.916073;
0.826843;
1.22091;
2.12206;
1.96048;
2.29083;
2.88093;
1.5353;
1.66657;
1.62995;
1.04482;
2.21056;
2.76697;
2.53262;
2.91517;
2.52435;
3.03084;
1.81674;
2.52278;
1.75394;
1.40217;
0.929718;
14.9908;
1.44544;
2.91343;
2.03562;
3.9095;
0.522286;
1.16887;
2.81506;
1.13255;
2.736;
1.62259;
1.61756;
1.15754;
2.01706;
0.885711;
3.20897;
1.96053;
1.72246;
1.76313;
2.90506;
1.37586;
5.0858;
2.73528;
1.2335;
2.61336;
1.64672;
1.43922;
2.2689;
2.52264;
1.70857;
1.75209;
1.77954;
1.46216;
2.46537;
2.15125;
1.64403;
16.2193;
2.26422;
3.98012;
1.32974;
0.920136;
1.88593;
1.77744;
1.1769;
3.19535;
2.42497;
1.31911;
2.04769;
3.00311;
2.82089;
0.627976;
1.51442;
2.12596;
2.13114;
1.74056;
1.81616;
3.6169;
3.6147;
1.73902;
0.96839;
15.5606;
3.36744;
1.88635;
0.814968;
2.2248;
2.87501;
1.40524;
0.783842;
3.87473;
1.92845;
1.6938;
2.1207;
1.81389;
1.33432;
1.6542;
2.8579;
2.3656;
2.10542;
1.04513;
1.62672;
1.83842;
1.2411;
1.30656;
1.86059;
1.93498;
0.848238;
2.33115;
1.85511;
2.24059;
1.17291;
0.875758;
2.02826;
2.8251;
2.00733;
0.981681;
14.343;
14.9824;
1.44824;
1.78309;
2.09784;
2.04442;
2.38081;
2.77831;
1.3637;
1.27673;
1.91963;
2.49614;
1.25268;
2.00783;
1.30288;
2.5428;
2.55112;
1.37605;
2.55787;
3.13853;
2.42425;
1.89203;
2.19306;
1.00279;
2.76633;
0.960361;
0.87876;
1.94978;
1.91918;
1.59553;
0.997233;
3.24735;
2.37911;
3.20062;
13.585;
2.8425;
2.36064;
1.31775;
0.734868;
2.13561;
1.7689;
14.4957;
13.913;
2.37512;
2.99926;
2.14771;
2.33456;
14.0813;
1.74993;
0.854331;
1.48775;
1.329;
3.42875;
0.707164;
1.95679;
1.61234;
1.09001;
2.26768;
0.783246;
2.17328;
2.28477;
1.34641;
3.08006;
2.52507;
3.12;
14.879;
0.747755;
0.592908;
1.00767;
1.39157;
1.09516;
1.88296;
1.78219;
2.40437;
2.44354;
3.03085;
1.8211;
1.53152;
12.4282;
1.68262;
1.71405;
1.94445;
2.56831;
0.890454;
0.532582;
2.23842;
2.5571;
1.36955;
2.05534;
1.18368;
2.36833;
1.63682;
0.475473;
1.15499;
2.07637;
1.92747;
15.2724;
2.09889;
1.40606;
2.48179;
2.63176;
0.882311;
1.03899;
3.03017;
2.45808;
2.30773;
1.7883;
2.07456;
2.49161;
2.32574;
1.90276;
2.85647;
2.80546;
1.836;
2.17524;
3.95456;
2.43873;
15.1904;
1.55288;
1.52079;
1.68817;
2.00839;
1.63948;
2.38707;
1.68899;
1.56541;
1.62312;
4.06786;
1.50519;
3.41567;
1.64273;
2.06416;
1.35896;
2.53011;
13.744;
1.79696;
0.656764;
0.785342;
16.6568;
0.970397;
3.24745;
1.01034;
2.45493;
2.02625;
4.0403;
2.59321;
2.42541;
2.34008;
1.28544;
1.83686;
3.35667;
2.6526;
3.49894;
1.85335;
1.94003;
2.54446;
1.65329;
2.54412;
0.963888;
1.9811;
3.21692;
0.934417;
2.53921;
2.67693;
1.50998;
2.52394;
2.01361;
1.15004;
2.13453;
1.12203;
1.94631;
12.8341;
1.14159;
2.79624;
1.68766;
3.71135;
2.34735;
2.48705;
5.39164;
1.77959;
2.16726;
1.25112;
2.7808;
1.65245;
1.86949;
3.77365;
1.84616;
2.5926;
1.78473;
11.4429;
1.87716;
0.647615;
3.18164;
2.73218;
0.628952;
2.65271;
4.07335;
2.20308;
1.67313;
1.07103;
1.69647;
1.04533;
2.61124;
2.68621;
1.06419;
3.90533;
1.65335;
1.48884;
11.4036;
2.02998;
2.78501;
1.40129;
1.34609;
1.14209;
1.87579;
1.33167;
2.73805;
1.93272;
2.3909;
1.09025;
2.70252;
0.843411;
2.60136;
1.93681;
2.39525;
2.02498;
1.80809;
1.61256;
2.66979;
2.86337;
1.5683;
1.67159;
2.40836;
1.92544;
1.4786;
2.12268;
1.68684;
1.20622;
1.44306;
1.39783;
2.09963;
14.9853;
1.49617;
0.753985;
3.88262;
2.70328;
9.84402;
1.77717;
1.25742;
2.90637;
1.10764;
2.26381;
1.77177;
3.67232;
3.77193;
1.64492;
0.564605;
2.42916;
0.572931;
2.88758;
1.27615;
0.911846;
1.97954;
0.935554;
0.976754;
1.23868;
1.63397;
0.97571;
1.51902;
3.66294;
2.24887;
1.55781;
2.23755;
2.85324;
2.04824;
1.70783;
1.10493;
3.31011;
1.8659;
2.09134;
1.24459;
4.03241;
0.135794;
1.38693;
2.32659;
1.38421;
2.39138;
1.63105;
1.13748;
2.30458;
2.05871;
2.29163;
1.84634;
0.920007;
2.38109;
1.41222;
2.63724;
1.76241;
1.36172;
3.71287;
2.69303;
1.98005;
2.57318;
1.53896;
1.43418;
2.55147;
3.39105;
2.18589;
2.24909;
2.92722;
2.47769;
1.30611;
0.632215;
2.02834;
1.48287;
0.750671;
1.87706;
4.54151;
1.5011;
1.6798;
3.35643;
1.77676;
2.55841;
2.16704;
0.743604;
12.8705;
2.32411;
1.65028;
1.28703;
1.92111;
1.99706;
0.663866;
1.47271;
1.01987;
2.21619;
1.86231;
2.02984;
2.34338;
2.15418;
1.60308;
0.93023;
1.33327;
0.906162;
1.48297;
1.42388;
0.12549;
0.813951;
1.37902;
15.6126;
1.19082;
1.35347;
2.14837;
2.2374;
3.64099;
1.85352;
0.727844;
2.12714;
3.08695;
1.13137;
1.35123;
1.765;
2.65011;
2.23275;
0.413589;
1.46236;
1.03121;
1.51779;
2.19705;
1.31354;
1.44509;
2.7952;
1.71002;
0.921238;
2.58977;
0.385128;
1.83892;
3.73097;
1.18185;
1.39195;
2.00244;
1.75412;
1.84313;
1.69239;
1.42662;
12.5037;
1.40765;
1.97015;
3.04803;
0.947925;
2.42906;
2.14274;
1.45767;
1.43509;
1.36958;
0.663477;
2.3718;
1.79828;
0.432055;
1.43074;
2.10946;
2.44319;
0.805253;
3.26735;
1.7812;
2.6283;
0.0782055;
12.1727;
1.16105;
2.37624;
2.71721;
1.91105;
1.86718;
1.8573;
1.96428;
1.14873;
2.57433;
4.43075;
2.45736;
1.34864;
1.04333;
0.149495;
2.95124;
1.10403;
1.08157;
2.09273;
0.874141;
1.65403;
1.8467;
1.72669;
1.34865;
1.63908;
0.51914;
3.51843;
2.41488;
11.8362;
11.5965;
2.5437;
1.4761;
1.70707;
1.67617;
1.08154;
1.05608;
3.14655;
0.399075;
0.789875;
2.84882;
2.03746;
2.91219;
0.45271;
1.16085;
2.41028;
0.589563;
2.92573;
2.36948;
1.79449;
3.21246;
0.993528;
1.72555;
1.29486;
1.55929;
10.9512;
1.25905;
0.918606;
3.09589;
1.63117;
1.56028;
1.14795;
1.66769;
2.34565;
1.5545;
3.2165;
2.14858;
2.65774;
2.03639;
1.15975;
1.17095;
1.06711;
3.66654;
0.833494;
1.67849;
2.67776;
2.53314;
3.01428;
1.33596;
1.1501;
10.9477;
1.25288;
2.04999;
1.78316;
3.17118;
2.69164;
2.7819;
0.53578;
1.54854;
1.20685;
1.45456;
2.01481;
0.821951;
1.36393;
1.41504;
1.62099;
1.16507;
1.7919;
11.4754;
1.6782;
0.606947;
2.18845;
1.34912;
3.52767;
1.86528;
3.47474;
4.2537;
0.935689;
2.65881;
3.04475;
1.26221;
2.79702;
1.17645;
1.74459;
1.87403;
0.846734;
1.13147;
2.36251;
13.5174;
1.35356;
1.78264;
13.2482;
1.66462;
1.95755;
2.59393;
2.88207;
2.39214;
1.94184;
1.76326;
1.73684;
2.86328;
1.52682;
1.50536;
1.44928;
2.29301;
1.77436;
0.54532;
2.00606;
1.31494;
1.25468;
2.21604;
2.25638;
3.73374;
2.73473;
1.72752;
1.79573;
2.15836;
1.56861;
2.1467;
2.23616;
0.939987;
2.3401;
0.87421;
1.0377;
3.02943;
1.41897;
0.508367;
1.1703;
1.95131;
1.15799;
2.36449;
11.9429;
3.12378;
3.50784;
0.708535;
3.7963;
14.7054;
3.26209;
1.31289;
2.79158;
1.36754;
1.33198;
0.435642;
1.01031;
2.54382;
1.30506;
0.364472;
1.41215;
1.67139;
1.13205;
2.43008;
2.56195;
1.66481;
2.48142;
3.34708;
1.12497;
2.29186;
1.36188;
1.06056;
1.66039;
0.817476;
0.573461;
3.16096;
2.47093;
15.5292;
0.854181;
0.88147;
2.99216;
3.06632;
2.0899;
1.78026;
0.579609;
2.14506;
2.61881;
0.499743;
2.50246;
1.07775;
3.14227;
0.874394;
1.53442;
1.9328;
2.17678;
1.05941;
0.739357;
10.8363;
1.36225;
1.66543;
1.06986;
1.00409;
1.02054;
2.08829;
0.922291;
1.43975;
0.897731;
1.7602;
2.35439;
1.11412;
2.33699;
2.20922;
2.33132;
1.38873;
0.90102;
2.82009;
1.58622;
2.01336;
1.45421;
2.64831;
2.3594;
2.27969;
0.975796;
2.08395;
1.58247;
1.56425;
12.3421;
1.58867;
2.26718;
1.2384;
3.1848;
1.61632;
2.62424;
1.07433;
3.03829;
2.15114;
0.621618;
1.65377;
2.79565;
2.73276;
2.23236;
0.928147;
1.94087;
2.82745;
9.7387;
1.74525;
0.859919;
1.13277;
1.93896;
2.68888;
0.722957;
1.5848;
0.542362;
1.73436;
1.70556;
2.672;
1.21273;
1.51522;
10.1105;
12.3787;
1.63132;
1.50189;
0.958321;
1.38938;
1.88148;
3.41212;
0.913921;
1.61366;
2.16936;
3.03308;
1.54644;
1.31807;
2.60643;
2.22062;
2.14539;
2.47424;
2.26128;
1.67782;
3.24493;
0.611846;
1.76476;
2.51859;
1.72602;
2.07551;
0.987376;
0.144714;
2.85745;
2.34832;
1.86151;
1.15544;
1.44964;
10.047;
3.13055;
1.48933;
1.45172;
1.70422;
2.135;
1.08353;
1.15444;
2.7188;
1.14516;
3.22207;
2.36711;
11.9766;
1.92761;
2.95239;
1.88468;
0.571694;
1.48537;
1.91226;
1.96283;
3.14037;
2.03717;
0.854878;
1.80711;
2.67427;
2.30349;
2.60873;
2.46877;
1.60029;
0.571474;
2.00727;
2.4523;
2.81625;
2.13251;
2.15902;
1.08045;
1.47186;
1.17403;
11.5636;
2.73282;
1.93459;
2.62774;
1.48837;
1.87375;
1.39859;
1.52186;
0.490787;
1.98333;
13.8243;
2.13781;
1.7564;
3.49922;
0.765148;
2.27298;
1.8455;
0.644964;
0.906683;
2.97058;
1.08036;
2.04587;
4.61545;
1.74582;
2.62807;
1.42317;
1.94693;
2.20035;
1.07429;
1.35258;
0.954901;
2.19943;
3.16402;
1.88965;
3.57894;
2.37093;
2.46619;
1.10811;
11.4505;
10.4436;
2.87718;
0.447359;
1.84198;
1.08032;
0.481777;
1.30549;
2.34992;
0.970232;
2.01602;
3.39015;
1.56695;
1.72525;
1.83132;
10.4126;
1.24617;
1.60635;
1.74105;
1.87904;
1.57189;
0.933471;
2.36127;
2.33407;
0.788424;
1.70164;
0.999548;
1.10653;
2.04442;
1.13549;
2.08457;
2.10799;
3.69898;
1.05214;
1.05714;
1.49434;
2.12329;
2.51676;
3.07114;
2.29436;
1.59533;
2.26903;
1.83229;
1.80772;
0.594737;
1.70578;
0.467537;
1.5126;
0.378559;
0.855547;
2.44675;
1.83044;
1.63183;
0.625602;
0.616258;
1.12769;
0.784082;
2.14914;
2.0793;
2.27431;
8.98475;
2.29911;
13.9772;
1.13139;
1.92534;
3.01782;
1.11216;
3.36306;
3.63144;
0.613031;
1.31749;
0.588443;
1.92077;
1.57707;
2.91831;
2.15094;
2.04404;
1.15023;
2.19169;
3.79942;
1.51782;
1.43316;
1.18538;
2.53557;
3.11269;
2.07794;
1.28588;
0.756259;
1.00565;
1.84942;
1.34321;
2.37472;
2.78162;
1.55128;
2.4088;
1.69156;
1.39519;
2.33774;
2.36616;
10.159;
9.85171;
1.3155;
1.43935;
1.85358;
0.530708;
1.10506;
1.88862;
2.97173;
1.65735;
3.2176;
3.07391;
1.2218;
2.18753;
1.74492;
3.15682;
2.51415;
3.78189;
1.63412;
2.71673;
2.42147;
1.66142;
2.2405;
0.953122;
2.11781;
1.14;
2.33447;
0.958837;
2.05187;
2.65031;
2.73776;
0.159863;
1.73567;
0.918954;
1.56816;
2.4937;
1.71456;
3.51166;
2.27438;
2.30545;
2.89448;
2.18174;
2.33181;
1.6905;
11.1094;
1.71548;
1.29697;
2.15581;
2.08443;
0.986653;
2.16931;
1.23839;
1.31716;
4.38397;
1.04482;
1.44133;
2.18367;
1.82621;
1.99284;
1.41229;
11.0981;
1.44178;
0.853813;
1.87876;
1.14702;
1.52684;
0.635936;
2.51318;
1.47992;
1.59748;
2.17397;
1.38241;
0.998255;
3.25421;
2.05803;
1.45661;
2.27298;
2.92211;
2.3206;
1.39218;
0.637025;
2.72896;
0.893865;
1.8443;
1.92683;
1.4914;
1.69329;
1.82748;
3.03209;
1.04171;
1.54138;
2.37416;
1.37732;
2.05699;
2.76321;
0.762748;
0.991879;
1.19715;
15.2457;
2.09802;
0.935102;
1.23347;
0.849578;
2.52158;
2.90942;
3.31725;
1.45378;
1.02987;
3.26164;
1.37621;
1.34864;
2.51113;
2.279;
0.108454;
1.86611;
1.1754;
2.07063;
1.27063;
1.70791;
1.80268;
1.42868;
1.82824;
2.22135;
3.02138;
9.13415;
0.84471;
1.38677;
1.28737;
0.949682;
2.59303;
1.30368;
2.99566;
1.36693;
1.20004;
1.49554;
1.63157;
0.923903;
1.92306;
3.11664;
2.37192;
0.513539;
1.37333;
2.03035;
1.09977;
1.39153;
2.08091;
1.4115;
2.28357;
1.06904;
0.660905;
1.89192;
1.13432;
1.05444;
1.89692;
1.94477;
2.61769;
1.42206;
0.569214;
0.895659;
1.88765;
0.967861;
1.46751;
1.42665;
2.21742;
1.58521;
1.48934;
1.49318;
0.533899;
1.09686;
2.46848;
0.42549;
0.388956;
0.580343;
1.33991;
1.00442;
3.68192;
10.7192;
1.55634;
1.57889;
0.910553;
1.92426;
1.53395;
2.23851;
2.15128;
1.08519;
10.8532;
2.26283;
2.21829;
1.94016;
3.40854;
1.35392;
1.4513;
10.6433;
4.07742;
0.908154;
1.93963;
2.49868;
1.72768;
0.427662;
1.34048;
2.63534;
1.41549;
2.9375;
1.2342;
1.80893;
0.996306;
2.57486;
2.32654;
3.14158;
10.8973;
0.949109;
2.01277;
2.20112;
2.70352;
0.60016;
1.66051;
2.95753;
1.04299;
2.8631;
1.85387;
2.37563;
9.15006;
3.09555;
1.67123;
2.37553;
11.1245;
2.87569;
1.8945;
4.05648;
3.75174;
1.9928;
1.3707;
4.13026;
1.65775;
1.08812;
2.15878;
0.871492;
2.38241;
1.16523;
2.58158;
0.512784;
2.13105;
2.70545;
2.93118;
0.946741;
2.30097;
0.870243;
0.57876;
1.79952;
1.99214;
2.39175;
2.03301;
1.44198;
1.45796;
1.22569;
2.61061;
0.968007;
0.97912;
0.544184;
0.455721;
1.25066;
1.19984;
2.4264;
0.562842;
1.68096;
1.37094;
1.00897;
1.58528;
1.03059;
2.50026;
1.74192;
1.45882;
0.871035;
0.553361;
2.7126;
2.92578;
1.79829;
9.60867;
0.429174;
1.93907;
2.04514;
1.53583;
2.01773;
0.953203;
1.41433;
10.6188;
1.00367;
2.85753;
1.43495;
1.74096;
2.3626;
1.54613;
2.61842;
0.352376;
1.78432;
0.893965;
1.96593;
10.8388;
0.944598;
2.23258;
0.944237;
2.37446;
1.78389;
1.29699;
2.20102;
1.05902;
0.629442;
3.22645;
1.86188;
0.966983;
1.42106;
2.73045;
1.41505;
1.39144;
2.16701;
0.837298;
0.428203;
1.45616;
1.30519;
2.63347;
1.52402;
2.62163;
3.50209;
0.552462;
1.72497;
1.79362;
1.41206;
2.39228;
9.35371;
1.29886;
1.73799;
1.22284;
1.70891;
2.03433;
2.93007;
10.5953;
1.71987;
2.33984;
2.48647;
1.18794;
1.66024;
1.30497;
1.29929;
0.470143;
1.14138;
1.97995;
1.64621;
2.09061;
2.31509;
2.19915;
1.84278;
1.74932;
1.62535;
0.612517;
2.03442;
0.893208;
0.104734;
1.74932;
0.575334;
0.879748;
1.37164;
1.28821;
1.53874;
3.05835;
1.82217;
1.94909;
0.768341;
1.8168;
2.19646;
1.36343;
2.53181;
1.84797;
11.389;
2.80972;
1.77733;
3.26184;
8.67102;
9.75558;
0.75894;
2.34613;
2.41269;
1.24997;
1.27532;
1.25565;
3.46791;
3.89763;
1.42203;
2.31789;
3.30201;
1.41605;
10.2459;
0.992494;
2.86743;
0.87922;
3.23093;
2.05724;
2.86332;
1.93593;
3.51605;
2.22517;
1.49245;
0.109866;
4.37911;
0.0985589;
1.46993;
1.99862;
0.699042;
0.124225;
1.22695;
1.48247;
0.503923;
0.521807;
0.58336;
1.47708;
1.60977;
2.82963;
0.77885;
2.72762;
1.87626;
1.37278;
2.06057;
10.1302;
2.37219;
1.5349;
0.785363;
1.89492;
1.94375;
1.05719;
0.896185;
2.15291;
2.29081;
3.09772;
1.94441;
1.48078;
1.47955;
2.60618;
1.60692;
2.2585;
1.08142;
1.29464;
1.40152;
1.2248;
1.90541;
0.896022;
2.02462;
1.20996;
0.436886;
2.34497;
0.476527;
1.42655;
1.42359;
2.29546;
1.18254;
0.922766;
1.12519;
2.67353;
0.973324;
1.48747;
2.44137;
1.28422;
11.1969;
1.83647;
2.31932;
2.49153;
0.975647;
2.78683;
1.78773;
0.457859;
1.34824;
0.892273;
1.59898;
1.63235;
1.33761;
0.947808;
10.243;
1.39601;
1.06883;
1.15397;
1.98775;
2.33835;
1.36738;
1.54214;
1.8065;
1.22833;
3.29485;
1.92385;
1.4168;
1.78995;
0.541082;
2.61038;
2.96496;
1.42503;
2.1179;
3.11891;
0.63029;
8.49476;
0.886355;
1.04156;
0.894614;
0.40009;
0.985988;
2.60212;
1.42494;
1.50147;
0.630373;
2.25146;
2.20206;
2.56525;
2.27335;
1.87616;
0.485669;
1.16028;
1.74868;
0.611036;
0.464698;
0.906074;
1.86799;
1.74394;
1.83695;
1.00761;
0.444307;
1.70193;
1.77911;
1.31138;
2.08568;
2.29472;
1.57305;
3.28206;
1.11024;
1.48411;
1.63943;
1.5612;
1.95412;
1.59232;
1.39775;
0.598985;
1.06159;
2.62148;
0.940477;
0.584835;
0.613659;
1.93695;
2.11845;
0.98538;
1.12911;
3.68389;
0.419047;
2.55439;
0.0687848;
1.81714;
2.34275;
1.13748;
10.6502;
0.881649;
0.872494;
3.8877;
0.551215;
3.17818;
0.505864;
1.75222;
1.01897;
1.49706;
2.39089;
3.32483;
0.51537;
1.28654;
2.01056;
2.69625;
1.67464;
1.59777;
2.21713;
0.10651;
1.89237;
0.959325;
2.20044;
1.9157;
1.11187;
1.88847;
0.577612;
0.415578;
0.939288;
1.8573;
0.541549;
10.3622;
1.8554;
1.42508;
1.77794;
1.9469;
1.45084;
0.562056;
1.52162;
2.84029;
1.03652;
2.0755;
1.73787;
1.78745;
1.78872;
2.44662;
1.2509;
1.9353;
1.97842;
2.14917;
1.93117;
1.55201;
1.5552;
1.70224;
8.76349;
0.850861;
2.75428;
1.4753;
2.02223;
0.539166;
1.28166;
2.41507;
1.00583;
1.77506;
0.630303;
2.27698;
1.37086;
1.3472;
2.26897;
2.01629;
2.23391;
2.08146;
0.921512;
1.27783;
11.3444;
2.28122;
0.619611;
1.43233;
2.31496;
1.3581;
2.28765;
2.54029;
2.24417;
0.617483;
0.876202;
2.40195;
0.899962;
0.529859;
1.20589;
1.36385;
2.06134;
0.866544;
0.795887;
0.610781;
1.92552;
0.703487;
2.41178;
0.977942;
0.556051;
2.68005;
0.934646;
2.51732;
2.04392;
0.519805;
2.0712;
1.52201;
11.8424;
9.76093;
0.533367;
2.42577;
1.5496;
1.49845;
1.89394;
1.55562;
1.21308;
0.979772;
3.05193;
1.50218;
1.4473;
1.92228;
0.861617;
2.13272;
3.53093;
10.6941;
1.77634;
0.977979;
1.94773;
1.06475;
2.40285;
0.761157;
2.0441;
1.32213;
2.87507;
0.487461;
0.617631;
0.585211;
1.00581;
2.85205;
0.582334;
0.410421;
1.32035;
1.14545;
1.69872;
1.90221;
0.405369;
3.54231;
1.44794;
0.89431;
2.40894;
0.371141;
1.40221;
2.28716;
0.997429;
2.23743;
0.130933;
0.0587731;
2.69041;
1.43483;
1.86977;
2.20017;
2.37096;
0.909992;
1.38785;
2.19758;
2.69098;
0.610754;
0.995027;
1.50175;
0.818933;
1.56904;
2.06317;
13.3614;
2.20787;
0.989179;
1.49426;
2.17764;
0.928621;
1.7644;
1.04306;
0.106484;
0.853448;
0.96488;
1.39336;
1.04855;
1.22995;
3.84997;
0.421127;
1.25166;
1.40166;
1.03927;
0.98479;
2.19047;
12.0528;
2.0906;
1.91033;
1.50729;
1.92131;
1.58982;
1.32336;
1.0549;
2.33077;
2.18737;
3.05889;
2.42955;
1.12517;
0.929446;
2.40586;
1.42892;
0.585756;
1.49075;
0.619336;
1.36472;
2.04159;
1.54687;
1.59241;
1.44378;
0.539964;
1.78411;
0.125288;
2.79634;
1.23641;
1.29451;
2.89448;
1.03323;
0.90674;
0.439508;
0.531746;
1.94986;
1.36642;
1.81904;
0.901803;
1.53499;
2.17049;
0.975509;
1.92857;
8.89952;
1.02743;
0.952214;
0.72061;
1.29989;
2.12085;
1.45429;
1.75753;
0.630827;
1.43446;
1.35768;
1.90943;
1.76051;
0.925696;
1.44508;
1.23316;
9.04615;
0.438966;
1.57641;
1.05147;
0.551834;
1.03125;
2.75747;
1.55136;
1.74911;
0.986642;
1.04001;
1.3029;
4.98737;
0.769293;
0.777127;
9.09779;
1.77932;
1.4994;
2.1571;
2.71478;
2.27393;
0.92401;
0.84557;
0.771948;
0.975714;
1.39073;
1.80375;
2.12105;
1.06402;
2.37501;
1.78171;
1.07044;
0.783216;
1.35478;
1.5827;
1.31925;
0.0686132;
0.895415;
0.0387249;
0.449397;
0.0761411;
0.510378;
8.88311;
0.869831;
1.9721;
0.537406;
1.33365;
2.33194;
1.03562;
2.6175;
1.46644;
0.0663488;
1.52174;
1.28996;
2.71474;
0.859389;
9.18707;
1.80983;
2.30391;
0.951323;
0.379205;
2.06509;
1.44353;
0.952959;
1.50542;
2.74831;
1.8876;
0.421999;
0.51886;
2.21188;
1.73262;
1.37294;
1.88407;
0.402963;
1.66108;
10.2109;
1.53859;
2.88622;
1.98075;
2.70939;
1.69884;
0.525075;
0.424663;
2.07638;
0.517531;
1.0931;
1.36553;
1.05903;
1.23962;
0.624639;
1.03914;
1.88887;
0.994253;
1.06673;
0.996723;
1.02689;
0.608212;
1.04629;
1.41951;
1.75756;
1.00651;
1.50133;
1.12017;
1.62765;
1.46945;
0.0690147;
1.49973;
0.850892;
1.64096;
1.47573;
1.05786;
1.52409;
0.984532;
0.888806;
0.541571;
1.32035;
0.593708;
0.979702;
2.6607;
1.53448;
1.82275;
0.571846;
0.861046;
0.837245;
1.88169;
1.41437;
1.34209;
2.10396;
0.55167;
0.888859;
2.10027;
1.21665;
1.49191;
0.54587;
1.33063;
1.49508;
0.525131;
0.894782;
0.0681191;
1.77086;
0.558424;
2.29093;
1.64653;
1.3716;
1.10182;
2.28143;
0.0589516;
9.17142;
1.43667;
0.0574309;
1.3358;
0.0547586;
1.21601;
1.03627;
1.40129;
2.14237;
1.659;
2.50979;
0.0568555;
0.0633539;
2.31091;
1.04438;
3.72651;
2.46046;
0.86425;
1.00507;
0.543001;
1.60264;
0.933354;
0.428109;
0.959172;
2.34376;
1.44962;
2.392;
0.876097;
0.078623;
2.24312;
0.556294;
1.96446;
0.528125;
1.76989;
0.0681921;
1.63912;
1.94599;
1.56558;
3.28999;
8.99477;
1.71564;
2.79408;
0.893833;
1.37798;
1.39731;
0.883427;
2.22812;
0.898576;
2.19709;
1.84266;
1.87993;
0.577878;
1.94738;
1.03742;
0.87193;
3.26101;
1.24937;
1.80903;
9.4579;
0.977;
1.23037;
0.990498;
2.37007;
0.984286;
0.977334;
0.885132;
2.33533;
1.7496;
1.33899;
0.0732846;
1.39537;
0.977833;
0.541869;
1.32001;
2.92834;
1.05464;
0.0521822;
0.505269;
8.89691;
6.93136;
1.86184;
1.12857;
0.422939;
0.0392804;
1.25175;
1.46482;
1.77735;
0.607381;
0.880375;
0.868853;
1.92706;
1.58464;
0.760482;
1.05898;
0.495832;
2.47486;
1.82091;
2.16685;
1.44539;
0.903275;
0.955839;
1.41509;
0.523461;
2.84146;
1.5332;
3.11265;
1.72445;
1.83319;
0.0536755;
1.73402;
8.72966;
0.95808;
0.871837;
2.13586;
0.984426;
2.36433;
1.96794;
0.59813;
1.59032;
0.51584;
0.724827;
1.356;
2.21138;
2.16619;
8.5134;
0.575752;
1.92493;
0.0849146;
1.28159;
2.02222;
0.0659306;
2.1194;
1.94276;
0.433685;
1.0673;
1.68012;
8.80088;
0.414315;
1.23063;
0.863862;
0.884654;
0.390855;
1.78955;
1.01946;
2.35229;
1.04186;
0.609853;
1.28401;
2.70094;
1.05682;
2.94524;
1.21898;
1.22513;
1.50144;
1.02953;
0.974662;
2.84828;
2.23825;
1.94693;
2.47189;
1.85706;
0.966179;
7.64582;
7.71199;
8.61918;
2.52653;
0.396361;
2.27821;
2.69654;
8.02107;
1.51043;
2.40377;
0.620524;
0.406684;
2.30568;
1.01171;
2.21563;
2.73425;
0.419033;
1.82115;
1.42787;
0.0874882;
1.7061;
0.959644;
1.70464;
1.30871;
1.38013;
1.40029;
1.38914;
1.31926;
1.76823;
1.94017;
0.381427;
1.50628;
0.576159;
2.7435;
0.957144;
1.89498;
3.23802;
0.948087;
1.93343;
1.33974;
6.6926;
1.90505;
1.56027;
0.823231;
2.35361;
1.77265;
0.7766;
0.734198;
1.2298;
1.52108;
1.67633;
2.34802;
0.488718;
0.992058;
0.879155;
1.39475;
0.061951;
0.410806;
9.57444;
0.0636266;
1.7273;
1.27833;
0.503915;
0.370241;
1.4749;
0.439823;
0.74559;
0.512532;
1.04865;
2.10805;
1.44533;
0.878872;
0.581322;
1.77286;
2.37858;
0.923533;
1.0166;
2.087;
8.40287;
1.62309;
0.773921;
0.508956;
1.96088;
1.02343;
2.32079;
0.925466;
1.39314;
2.44248;
1.51818;
2.16481;
0.780915;
2.24877;
1.25041;
2.7723;
1.3248;
1.82669;
0.523424;
0.997062;
0.951552;
0.608301;
0.873711;
2.41704;
2.19919;
1.31411;
2.73212;
0.515819;
0.415899;
1.43922;
2.11221;
0.536626;
0.522359;
0.978173;
10.6572;
1.55639;
3.63018;
1.46786;
2.0162;
0.55118;
1.37881;
1.05074;
0.0698155;
1.43573;
4.65065;
1.24354;
1.51349;
1.8977;
1.84147;
1.21127;
0.87226;
1.34746;
0.0453081;
1.44649;
6.34526;
2.66051;
1.85789;
0.0504426;
1.33931;
0.0469424;
4.1825;
1.49107;
1.56494;
0.907704;
1.05059;
1.93052;
2.15449;
1.85603;
1.87024;
0.430934;
0.983267;
2.31124;
1.83935;
0.886895;
4.6165;
0.966389;
7.37639;
7.7416;
0.94884;
1.95092;
2.66678;
1.84256;
0.521712;
2.21025;
0.494499;
1.3529;
2.44385;
2.2289;
0.979811;
0.543488;
2.54804;
1.50412;
0.989309;
0.0643528;
1.92548;
0.893993;
1.93889;
0.397376;
1.774;
0.531675;
1.01722;
0.400018;
1.52915;
1.75197;
0.960759;
1.04862;
2.60901;
1.88231;
0.399576;
1.1922;
0.794177;
1.0347;
1.33559;
0.586029;
2.01775;
2.00457;
2.33553;
1.0542;
0.535392;
1.84068;
0.0456357;
0.95041;
0.523203;
0.449482;
1.16273;
1.31177;
1.3255;
1.91933;
6.59712;
1.32542;
0.0503309;
3.22655;
1.03054;
3.53094;
1.49485;
0.982056;
2.57068;
2.26028;
1.33464;
1.80742;
1.76542;
1.43583;
1.26531;
2.49151;
2.46872;
0.541481;
0.876836;
1.04954;
2.35401;
1.41691;
0.900438;
1.74932;
1.21261;
1.39967;
0.568166;
9.51203;
1.4911;
2.05409;
0.0593695;
1.22856;
0.87677;
0.827828;
2.23926;
1.46535;
1.43749;
3.12062;
1.31546;
0.866984;
1.81165;
0.949273;
1.44016;
0.41102;
0.998758;
0.899843;
2.83793;
2.12481;
2.68366;
3.50274;
0.827089;
2.34951;
0.851501;
0.873151;
2.17412;
1.79324;
0.427546;
0.410003;
0.519543;
2.42736;
1.37025;
1.87933;
1.87947;
1.51589;
0.527401;
1.51116;
1.83182;
0.596627;
0.952676;
7.0984;
1.47389;
2.295;
0.993381;
0.0863278;
1.35862;
0.577573;
0.0646283;
2.09892;
0.732247;
2.21556;
1.87239;
2.13727;
0.895428;
0.521502;
1.09518;
1.14761;
0.754299;
2.84848;
1.95373;
9.09219;
1.02131;
2.04408;
0.429591;
0.887504;
1.02396;
1.86274;
2.69776;
0.518711;
0.518611;
2.27206;
2.19512;
0.983193;
1.53793;
0.994422;
0.958597;
2.43602;
1.41729;
2.29184;
1.26761;
0.434042;
0.435762;
0.88254;
2.1787;
0.965023;
1.65404;
1.79928;
2.11625;
1.34776;
1.29912;
6.34884;
10.1289;
0.733928;
1.85878;
2.09564;
0.941974;
1.90397;
0.969565;
2.30724;
1.50455;
1.98731;
0.557619;
1.54899;
1.43134;
2.92158;
1.32227;
2.47918;
1.69836;
2.4026;
1.69619;
1.36473;
0.917818;
0.87778;
0.439062;
2.93436;
3.55813;
3.65796;
1.00488;
0.41983;
1.53437;
0.805929;
2.64238;
2.14623;
1.05031;
0.501933;
1.88353;
0.732384;
2.79592;
0.428576;
11.2449;
3.74367;
0.501495;
1.87945;
0.498183;
0.999753;
0.962392;
1.3373;
2.18747;
0.421937;
1.78086;
0.536161;
0.576389;
1.515;
1.06357;
0.0470906;
2.40758;
1.92153;
0.566542;
2.04535;
0.956045;
2.34327;
1.02136;
2.15585;
1.77325;
1.42649;
1.4338;
1.77072;
1.76016;
8.42772;
0.415527;
1.37722;
1.44219;
1.94086;
0.581094;
1.08955;
1.00681;
2.0675;
1.82473;
1.56995;
1.71494;
1.43539;
2.80836;
0.52431;
2.53313;
1.74165;
0.429057;
1.55935;
1.02437;
8.34343;
1.72318;
0.997801;
1.02498;
0.980386;
1.82169;
0.945311;
0.95099;
0.505633;
0.879673;
0.511804;
0.545398;
0.369364;
1.50681;
0.575651;
0.081888;
0.8829;
0.43003;
1.37631;
7.32276;
1.32291;
0.0426027;
1.09566;
1.60605;
1.48961;
1.82678;
1.50593;
2.65325;
0.0526851;
0.783623;
1.3566;
6.12816;
1.40188;
0.865081;
0.568812;
2.19958;
0.54276;
1.33756;
1.8458;
1.33305;
0.869416;
0.780661;
0.978272;
0.957618;
0.512574;
7.34446;
0.561163;
0.938129;
2.33437;
1.32136;
2.36679;
1.46338;
2.4283;
0.803163;
0.0550127;
0.975968;
0.898643;
1.88887;
1.35944;
0.747175;
0.0418585;
1.49096;
2.70811;
0.739286;
1.80815;
0.508776;
1.40496;
0.0565745;
0.431357;
7.33031;
2.11724;
2.85114;
1.09281;
1.40849;
0.879702;
2.3861;
1.02875;
1.24273;
0.748083;
1.41438;
1.41632;
1.33573;
1.86763;
0.918167;
1.53326;
1.32908;
2.3803;
0.416876;
0.938589;
1.37946;
1.4436;
1.39628;
1.41578;
0.498962;
0.502231;
0.957808;
1.57876;
2.36086;
8.80595;
1.35575;
1.93118;
1.83048;
2.8255;
2.14198;
0.533176;
1.90819;
2.01283;
1.3606;
1.02217;
2.76903;
1.85832;
0.519291;
0.97831;
0.741966;
0.832751;
1.03106;
0.883152;
0.560168;
1.27876;
1.36025;
0.573043;
1.40688;
2.10312;
9.73502;
1.99376;
0.566178;
1.25019;
1.77519;
0.514219;
2.2478;
1.03785;
1.19798;
0.585371;
1.48335;
0.0392917;
1.39583;
0.50943;
1.78543;
7.02493;
0.501945;
0.986278;
1.76606;
1.55697;
1.32761;
1.19572;
3.64292;
3.85848;
1.93779;
0.842029;
0.0499041;
0.565121;
1.20438;
1.86261;
0.763252;
0.880095;
0.995584;
0.752888;
0.403573;
0.883557;
7.94806;
2.31934;
1.4217;
2.00685;
2.77114;
1.83536;
0.799832;
2.31331;
2.63205;
1.4153;
10.6505;
2.84986;
3.02726;
0.957493;
0.998872;
1.02054;
0.579596;
1.87549;
0.934102;
1.41678;
1.05004;
3.62443;
0.0402233;
0.794477;
0.793214;
1.90245;
1.48137;
1.93815;
1.40008;
0.508449;
2.31778;
3.08295;
2.25624;
0.967396;
0.791923;
8.04597;
0.939215;
0.944639;
1.86279;
1.28503;
1.41476;
1.30996;
1.79197;
2.0874;
1.56249;
2.88376;
0.0420798;
1.39694;
2.02365;
1.25174;
2.18989;
0.0304506;
2.00237;
0.496095;
0.522236;
1.16938;
0.7883;
2.19567;
0.495786;
1.86071;
1.93029;
0.423846;
1.56214;
1.71712;
1.34912;
0.859278;
1.39754;
1.20902;
1.87067;
0.950127;
7.36529;
0.938946;
0.414261;
0.420982;
0.896676;
1.03269;
0.0414998;
0.884933;
0.499047;
0.964392;
1.92875;
1.06045;
3.22842;
1.52067;
2.39748;
0.0322519;
0.962459;
0.929407;
2.02491;
1.95179;
1.34527;
0.890096;
1.77613;
0.494516;
1.88982;
1.34631;
0.0497984;
1.7699;
9.63055;
1.87073;
2.4208;
1.34548;
0.491457;
0.56301;
1.01921;
0.56207;
0.946162;
1.77737;
1.42125;
1.42418;
0.0657758;
0.969108;
1.85065;
2.57765;
0.40986;
0.899435;
1.33923;
1.02;
6.82268;
1.07472;
0.909891;
2.92081;
1.95279;
0.590236;
2.04152;
0.875332;
1.80767;
1.46037;
0.961821;
0.964148;
0.417857;
2.24633;
1.54762;
1.89527;
1.77086;
0.504285;
1.0306;
0.873139;
0.948839;
0.427905;
0.538316;
1.03324;
1.02295;
1.04422;
1.75935;
1.91787;
0.805011;
1.34403;
0.0446348;
0.515536;
2.65819;
1.39116;
6.91403;
0.425636;
0.559505;
1.49658;
1.43207;
0.563218;
1.32786;
1.41056;
0.841446;
2.17023;
0.572869;
0.495788;
0.876408;
1.61966;
1.40706;
0.0419842;
1.91466;
1.94651;
1.54401;
1.33554;
0.947453;
1.71175;
1.26688;
0.957878;
0.797553;
1.00009;
7.05357;
0.0418896;
0.407997;
2.19791;
0.569903;
1.77278;
1.41437;
1.412;
0.50734;
1.25176;
3.45507;
1.82768;
8.8564;
1.92188;
1.41534;
0.0509025;
2.08737;
0.943845;
0.412418;
1.49583;
1.38836;
2.3996;
0.0385198;
1.97965;
1.54709;
0.500678;
1.42134;
1.37622;
2.91624;
1.46366;
1.04923;
7.67712;
0.979167;
2.04413;
1.42239;
1.27874;
0.568239;
0.957732;
0.507521;
1.31616;
2.91358;
1.40456;
0.801098;
0.0537221;
1.02;
1.93426;
0.885554;
1.41051;
0.454382;
1.01659;
0.495273;
1.77398;
0.911228;
2.44351;
1.46039;
0.992192;
1.88869;
1.8635;
1.02065;
0.958527;
0.871419;
7.79679;
1.54889;
0.0546602;
0.512397;
1.44951;
0.504607;
2.37087;
2.42085;
0.521613;
2.35385;
2.07194;
1.40013;
0.0518128;
1.93522;
2.38019;
1.4232;
2.00777;
0.510691;
0.528682;
1.03713;
1.56118;
2.25306;
1.08095;
0.497042;
7.75437;
0.505106;
2.44573;
1.37411;
1.91608;
1.45045;
0.494574;
0.415937;
1.72768;
0.499361;
0.506948;
0.535499;
3.3025;
1.74001;
1.43526;
1.79396;
0.0392353;
1.10931;
1.36043;
0.430929;
0.56083;
0.94693;
0.50464;
2.00351;
6.74526;
1.08933;
0.499599;
0.0430026;
1.42217;
3.16972;
0.0337443;
2.82573;
0.785411;
1.09391;
1.28248;
0.812889;
1.40324;
1.55674;
0.0625453;
1.41056;
1.8028;
1.69408;
1.78615;
2.52986;
0.946519;
6.75201;
0.498183;
0.425546;
2.00071;
2.3664;
1.97581;
1.03766;
1.40348;
3.23113;
0.979374;
0.9457;
0.0325183;
1.35483;
2.47785;
0.869987;
2.43316;
1.94595;
1.42385;
1.82457;
6.57489;
1.86504;
1.49939;
0.498945;
0.564663;
2.70564;
0.891026;
2.44552;
2.77992;
1.50052;
0.937991;
2.33967;
1.4264;
1.08471;
1.61887;
1.54741;
9.94643;
1.02042;
1.36956;
1.48493;
0.896866;
1.8798;
1.73459;
0.966141;
1.5133;
0.991819;
0.943165;
0.421692;
0.496799;
1.27133;
2.6254;
0.572202;
1.56741;
2.49255;
0.886507;
1.4289;
1.07999;
1.01802;
0.0394124;
8.53871;
0.03787;
0.972544;
2.41618;
1.99472;
1.02197;
0.42065;
1.95272;
0.0474613;
1.54665;
0.498441;
0.974188;
1.02485;
1.70718;
1.04886;
2.55699;
2.03345;
0.0400854;
1.54359;
0.508566;
2.82386;
2.38912;
1.53464;
1.01515;
1.41069;
0.885597;
0.980981;
1.41224;
0.510115;
1.49107;
1.54981;
1.03127;
0.8831;
1.83036;
0.0585113;
2.32038;
1.83357;
1.0312;
0.574506;
1.08302;
1.38418;
0.0443858;
1.02731;
1.52199;
1.42324;
2.43288;
1.901;
1.55112;
1.55191;
0.894925;
1.78103;
1.35478;
2.88008;
1.57927;
5.5685;
0.561936;
0.0347129;
0.0363117;
2.35126;
1.54117;
1.77;
1.01946;
0.559264;
0.0405323;
0.969572;
2.36879;
0.565372;
1.5477;
1.49043;
1.46818;
0.422739;
2.51521;
1.46117;
0.510871;
0.923752;
0.557162;
0.559169;
1.02824;
8.57591;
0.897336;
2.58968;
2.00435;
0.516023;
0.970372;
1.45028;
0.0385437;
2.00965;
0.0437525;
1.48984;
1.55129;
2.45041;
1.82456;
1.46336;
2.4209;
0.556857;
0.421578;
1.40839;
1.89974;
0.517982;
0.889675;
1.47288;
0.57919;
1.34353;
0.563768;
2.33835;
1.00106;
1.89817;
1.51558;
9.19037;
1.41445;
0.975687;
1.47006;
1.75555;
0.0345955;
0.881461;
0.970028;
1.28201;
1.42907;
1.04947;
2.76199;
1.42661;
2.09563;
0.503465;
2.45892;
2.01545;
1.40258;
1.08415;
0.563784;
1.02858;
0.923106;
0.410329;
1.08701;
1.07694;
5.61634;
1.9865;
0.0334719;
1.43909;
1.44451;
2.5228;
2.41864;
1.02509;
1.8977;
1.36114;
1.35802;
0.506786;
0.987936;
0.512811;
0.411476;
0.900962;
0.501375;
1.89733;
2.07831;
1.08307;
0.892198;
1.36799;
2.02937;
1.86755;
1.9601;
0.970683;
2.03642;
0.0251131;
1.83606;
0.56834;
1.4999;
2.24441;
6.48622;
1.55361;
1.94561;
1.50903;
1.89501;
1.3518;
1.50122;
4.25428;
0.892664;
0.433205;
0.510526;
2.36917;
0.973764;
1.49319;
0.98774;
2.67726;
2.50876;
0.554266;
1.4595;
2.53711;
0.552523;
2.13601;
0.898399;
1.96446;
0.562091;
0.558628;
1.88091;
0.972559;
0.501021;
0.503186;
0.959904;
2.46606;
1.42999;
1.41877;
0.50152;
0.50557;
1.94594;
0.502272;
0.04905;
1.42469;
1.49326;
1.02742;
0.9512;
0.970996;
1.08003;
0.810339;
1.98085;
0.50337;
8.11407;
1.23675;
0.577374;
0.0408701;
0.033527;
0.972259;
0.973903;
1.61317;
0.891622;
2.39338;
2.13118;
0.0457773;
1.61256;
1.03202;
1.0766;
0.506431;
0.0541996;
2.02478;
2.07419;
0.0379512;
0.0406095;
1.08993;
1.50087;
6.50022;
2.60491;
0.969463;
1.42833;
0.554614;
0.435494;
2.00429;
0.565673;
1.55794;
1.55069;
0.566031;
0.0353261;
0.560676;
0.907379;
0.906579;
0.0444916;
1.53131;
1.97119;
5.40316;
0.0471339;
1.03149;
0.565869;
1.54988;
0.996214;
2.36718;
1.04659;
1.03563;
0.507782;
1.03161;
1.03707;
1.08286;
1.96025;
1.90333;
2.87437;
3.41632;
1.46524;
0.954675;
0.559442;
1.94687;
1.43121;
1.31386;
1.98952;
0.0309394;
0.0383962;
0.035644;
0.510415;
0.443295;
0.819245;
1.43576;
3.54299;
0.445596;
1.0916;
0.524726;
1.44712;
2.87185;
0.555034;
0.907272;
0.433684;
6.30475;
1.46763;
1.91047;
0.983822;
0.434745;
1.89795;
1.03397;
0.454392;
0.90602;
1.5576;
0.560805;
0.048437;
1.52309;
0.556609;
1.50251;
0.55725;
0.0282126;
1.38799;
2.80793;
1.4306;
0.918093;
0.41313;
0.554482;
1.03741;
1.33471;
1.54734;
2.95548;
1.52569;
1.11732;
1.34972;
1.05886;
0.521597;
1.00798;
0.558187;
5.55076;
2.12657;
2.09475;
1.85663;
1.03631;
1.02934;
1.49256;
1.40951;
0.516401;
1.4294;
2.30041;
0.962983;
0.511502;
1.35636;
8.22204;
1.50625;
0.0477578;
1.03111;
1.91156;
0.932686;
1.05648;
0.978756;
0.890368;
1.56267;
2.34752;
0.0340357;
1.05239;
1.42726;
1.44605;
0.832273;
1.93289;
1.91791;
9.16319;
1.39932;
0.994071;
0.927519;
1.59769;
0.0278361;
1.04091;
0.560377;
1.50482;
0.506727;
1.23374;
2.37026;
2.86707;
0.031219;
1.73173;
2.05846;
0.523986;
1.43056;
2.07944;
1.03797;
0.433419;
2.04037;
0.557374;
0.0467987;
1.92087;
0.508185;
1.08308;
1.42974;
0.556284;
0.0391989;
1.04974;
0.0341739;
0.513908;
1.43526;
0.960182;
0.0327558;
1.87436;
1.41507;
1.56574;
2.43064;
1.58772;
1.86084;
5.42061;
