9.39739;
11.3243;
10.2247;
12.1527;
7.55212;
10.9005;
11.5202;
10.2882;
15.4481;
11.506;
12.0424;
14.0769;
11.2645;
12.3656;
24.6448;
7.30355;
9.50134;
24.9189;
10.4932;
11.6965;
11.1032;
13.8752;
4.97623;
9.87372;
4.85186;
10.6086;
12.6851;
8.75554;
9.63493;
15.2075;
6.67953;
9.271;
12.3521;
25.3701;
10.1861;
8.60804;
5.83438;
12.2989;
12.6147;
24.7834;
13.134;
8.83402;
12.9401;
9.15735;
13.103;
26.0227;
10.2592;
8.09375;
23.3046;
11.1452;
27.5249;
9.31872;
9.5637;
15.9078;
7.20482;
5.42028;
9.0035;
12.3373;
8.41966;
13.6365;
7.23742;
28.8725;
10.3841;
8.8258;
13.354;
11.8072;
12.6091;
14.455;
8.36752;
11.6897;
7.76119;
12.007;
13.7063;
14.5004;
9.90317;
7.09626;
5.9715;
10.4719;
21.254;
8.51697;
26.7191;
9.15259;
21.7947;
24.1616;
7.06768;
10.4328;
6.23046;
11.3972;
9.03561;
8.73067;
13.7572;
10.2383;
24.0738;
8.1505;
10.9762;
13.1883;
14.4111;
7.17476;
21.8935;
8.11206;
15.3648;
7.84197;
12.9366;
7.02081;
8.19838;
7.93634;
15.8713;
8.05709;
11.488;
9.81736;
8.62605;
22.567;
5.73241;
4.94944;
11.3008;
12.1516;
13.0443;
11.5102;
19.6436;
23.0229;
11.4375;
12.3498;
11.9364;
22.6762;
9.88986;
29.3175;
7.48051;
7.98942;
8.16643;
9.5444;
13.2255;
10.1288;
12.413;
9.37455;
14.4905;
7.76356;
12.545;
9.25533;
12.6828;
8.96781;
7.88894;
9.26267;
7.41531;
10.796;
8.46413;
8.43435;
14.1963;
7.16661;
8.88502;
13.2104;
12.4609;
27;
9.9259;
12.9099;
10.7326;
9.65697;
11.4778;
11.075;
14.6173;
13.3832;
10.5675;
11.02;
10.6677;
9.68653;
12.1579;
9.42144;
10.0318;
11.1915;
11.682;
9.97465;
15.2182;
14.2576;
9.33173;
18.4504;
9.12247;
12.1482;
15.8145;
6.2862;
13.3284;
20.8922;
5.97012;
24.7675;
23.7255;
10.5709;
16.5426;
10.464;
15.1253;
14.0341;
22.5202;
12.5692;
7.77643;
21.7534;
23.0331;
26.3572;
8.1072;
9.61387;
10.0067;
12.5956;
21.9659;
12.8843;
12.8867;
15.6026;
23.2746;
28.0388;
8.33221;
10.5718;
16.7086;
11.8987;
11.5025;
11.3301;
10.7874;
10.4473;
14.9107;
14.7643;
10.1049;
13.0328;
9.45304;
10.3083;
14.285;
13.553;
13.1184;
8.73676;
12.649;
16.0461;
13.0395;
13.4819;
15.5428;
13.0043;
12.1108;
25.2872;
14.7573;
14.409;
14.0183;
15.4383;
9.09227;
9.21104;
9.96859;
19.6207;
28.6118;
17.7142;
11.9805;
9.15135;
11.4704;
15.9127;
12.5568;
9.54418;
7.80252;
12.9615;
17.7956;
17.1309;
13.1367;
5.99242;
24.9413;
19.6133;
18.7557;
10.8843;
8.9376;
5.16085;
21.7436;
11.9566;
11.2141;
19.6456;
12.9908;
24.4296;
12.4448;
17.6441;
17.3145;
13.7084;
11.3503;
10.8856;
12.5431;
6.2828;
12.5522;
12.235;
12.2342;
14.1323;
13.8;
13.7664;
14.8771;
11.0886;
7.56383;
13.4091;
13.0242;
8.32475;
10.2692;
14.0509;
11.9509;
11.7131;
14.7202;
18.2053;
13.6048;
8.17055;
9.59029;
9.68526;
15.0349;
13.4437;
7.61961;
13.0841;
9.8719;
8.28336;
8.20434;
11.9512;
12.5641;
13.1269;
12.3454;
7.16188;
10.2896;
12.3951;
13.1962;
14.0357;
11.1162;
9.14241;
11.629;
11.8489;
12.4225;
8.17372;
12.9559;
10.0466;
9.9892;
10.5214;
12.6351;
11.2849;
13.6263;
12.5061;
9.84492;
11.5535;
11.0007;
15.2067;
13.622;
17.3019;
14.4894;
10.6837;
9.77075;
12.8988;
14.4405;
9.6365;
18.4545;
9.87321;
13.9629;
13.2111;
12.9995;
12.5877;
12.2115;
10.5886;
25.0283;
23.3915;
6.38288;
13.6919;
10.5643;
16.2052;
8.67724;
16.3731;
13.1869;
10.7034;
11.2009;
14.473;
23.65;
13.6168;
12.6014;
22.0756;
20.3661;
24.962;
15.3855;
16.2214;
11.3831;
11.8049;
13.3791;
10.1254;
12.323;
16.4195;
16.8055;
15.3289;
16.5435;
8.96024;
21.1061;
15.6535;
21.3034;
29.8972;
23.5116;
14.2197;
17.3459;
8.92657;
12.1446;
14.1349;
10.4857;
12.6602;
11.922;
13.4786;
10.3278;
12.2975;
17.8393;
16.2502;
10.9073;
12.8865;
11.2891;
8.64903;
9.45272;
12.0988;
9.69972;
18.7677;
11.8769;
28.3456;
11.2518;
13.734;
17.7606;
10.904;
13.9727;
12.0073;
20.7312;
11.5723;
14.1209;
10.7731;
11.947;
11.5326;
10.3608;
12.4409;
10.3725;
16.062;
12.6909;
13.1743;
21.7893;
8.52389;
12.8825;
14.7157;
9.53663;
11.8147;
24.3309;
22.0845;
23.3674;
22.4962;
13.8241;
12.8294;
12.4404;
12.7567;
9.45842;
15.007;
13.8611;
16.6815;
8.18349;
16.5612;
12.3967;
21.6025;
10.9845;
9.01568;
21.7624;
15.3598;
12.0187;
14.1121;
17.3038;
12.9576;
16.5555;
14.5929;
12.5289;
12.1725;
9.17185;
13.5644;
16.0026;
11.692;
21.7903;
14.8147;
11.2218;
12.0379;
24.7503;
16.6314;
12.6357;
19.713;
18.9722;
13.8711;
12.9476;
18.0987;
16.7982;
11.1506;
12.2626;
14.1839;
8.32837;
12.3429;
14.9289;
9.47318;
12.9071;
11.2923;
14.1531;
16.2974;
12.3786;
10.4025;
10.488;
13.6245;
10.6302;
11.3176;
15.522;
13.4518;
11.6178;
11.7862;
13.0287;
19.5397;
12.3992;
15.7074;
13.4923;
7.16363;
10.1468;
11.5607;
15.0554;
11.9352;
11.1198;
13.4093;
14.1361;
13.3349;
19.2477;
13.0099;
10.6157;
11.6333;
11.8531;
13.0241;
26.4415;
16.5911;
16.3704;
14.2851;
16.1959;
16.0469;
15.0521;
14.2029;
21.8046;
12.4259;
14.3576;
12.1977;
15.8368;
10.5029;
13.366;
16.4265;
14.9263;
11.381;
9.36816;
12.2082;
9.73627;
21.0261;
12.0422;
12.8177;
22.794;
18.823;
14.1241;
9.88295;
15.7343;
10.1961;
15.7987;
14.7819;
10.7485;
9.80535;
13.3532;
14.2695;
14.3106;
21.8848;
20.574;
12.0216;
11.0501;
23.1414;
19.3532;
16.6145;
12.5954;
12.2441;
12.4963;
16.0603;
12.2439;
17.303;
12.3616;
14.5853;
13.4609;
12.4673;
13.6889;
19.4732;
19.2494;
13.5234;
20.8439;
21.3094;
8.83208;
12.5235;
9.25091;
18.041;
10.3836;
12.6212;
9.16577;
20.6347;
11.24;
13.2103;
17.8353;
12.5674;
15.0377;
18.9554;
13.2833;
17.0172;
10.1933;
16.1635;
13.6432;
14.576;
11.6251;
15.8699;
16.8453;
16.2849;
8.33794;
13.2505;
14.2076;
13.3692;
12.3907;
11.6094;
11.8475;
13.6884;
15.2308;
14.0198;
10.044;
13.9086;
12.6854;
20.7655;
14.5044;
20.711;
10.6355;
9.18624;
9.75924;
11.7558;
10.8473;
14.4504;
10.9591;
23.988;
22.2748;
23.3438;
11.0086;
23.8847;
21.4776;
18.2547;
11.3255;
7.98443;
14.4149;
7.81425;
15.3418;
13.6388;
12.1219;
13.3172;
13.3704;
11.0763;
20.3274;
14.331;
12.9216;
13.7549;
11.6929;
11.1223;
12.8345;
9.07677;
11.6953;
18.5326;
15.8209;
17.9499;
13.6823;
22.5217;
12.8339;
13.4027;
15.4256;
12.8815;
14.2053;
14.1944;
14.2516;
19.5985;
13.6702;
10.0776;
11.383;
14.4824;
11.7595;
18.2512;
19.434;
14.3596;
26.9598;
13.2225;
10.8249;
19.1017;
11.2382;
14.2448;
11.4254;
15.6588;
15.3864;
17.7923;
13.9968;
12.3531;
18.5003;
16.9647;
13.1175;
16.7598;
14.642;
15.7208;
13.5243;
15.2585;
22.4243;
17.9404;
11.8219;
10.5856;
23.1282;
13.3325;
12.1223;
12.0842;
22.9872;
16.2802;
13.2323;
11.5511;
14.6695;
13.9035;
15.9451;
11.6847;
12.6934;
14.0672;
16.0496;
16.8418;
15.283;
16.3661;
17.5983;
10.8081;
9.10624;
14.9788;
14.6175;
15.8427;
16.5279;
14.5263;
17.0956;
12.8292;
14.4854;
22.8772;
14.4127;
23.4644;
20.235;
17.5907;
16.2626;
14.0944;
16.9774;
20.9896;
15.7749;
13.4793;
20.8957;
11.9754;
19.8089;
12.2053;
11.6256;
13.237;
14.5085;
16.5893;
19.7245;
20.2051;
20.404;
24.4121;
14.9334;
14.0048;
15.297;
14.6413;
12.7117;
11.7026;
15.4749;
11.3878;
20.0103;
12.3509;
16.8654;
11.3645;
15.0449;
16.4874;
12.3113;
12.1221;
12.5254;
12.2844;
15.9511;
15.2263;
14.4346;
13.1715;
14.4116;
12.2623;
13.4005;
10.6658;
21.5401;
19.306;
8.02799;
17.4705;
13.7794;
18.4629;
15.3454;
14.3923;
13.2365;
11.4996;
12.1294;
21.1777;
13.0746;
14.2682;
15.0871;
13.1461;
11.5195;
13.8616;
15.2606;
21.6679;
15.2297;
20.4326;
20.1363;
18.3806;
17.6325;
14.9539;
12.9421;
17.1917;
19.1185;
12.8329;
14.1633;
14.5477;
10.8564;
14.6705;
19.3593;
16.6878;
15.5563;
19.3827;
14.6902;
10.5121;
12.5626;
15.1353;
11.153;
17.034;
18.4556;
9.86486;
16.2201;
11.9655;
15.1597;
14.1036;
16.3657;
13.3693;
11.8496;
17.9012;
17.4009;
15.9953;
11.4178;
13.6891;
16.5588;
19.5169;
10.8946;
14.1033;
18.4792;
13.7595;
11.6667;
13.202;
12.942;
15.7716;
15.6177;
10.6328;
17.4483;
12.885;
19.6722;
11.7175;
18.1875;
12.2645;
17.9345;
11.7609;
15.5333;
8.2081;
13.3514;
10.7406;
14.1477;
15.7178;
14.1848;
14.5952;
11.9894;
20.7976;
22.6665;
18.0299;
22.8384;
12.3215;
14.4546;
20.7374;
18.7356;
14.3625;
9.9073;
18.7644;
18.1028;
9.2196;
12.1034;
14.9342;
13.9195;
11.0019;
12.7806;
15.941;
23.5408;
20.4356;
17.2347;
13.8553;
20.7137;
18.3407;
15.3116;
15.6779;
16.221;
12.0816;
14.1896;
16.5728;
16.1022;
17.936;
16.6607;
15.345;
14.2821;
16.2154;
14.4861;
17.6291;
17.5978;
12.2437;
15.9022;
14.3816;
17.6204;
20.1499;
12.7666;
16.2919;
16.11;
17.4192;
15.312;
14.6049;
16.9539;
18.7916;
12.062;
16.2647;
17.6039;
14.6137;
22.9128;
11.0608;
16.1758;
17.5854;
20.5184;
13.0605;
12.4057;
14.1709;
12.5768;
15.5202;
14.1834;
15.3048;
15.3678;
17.0487;
14.8461;
15.0885;
16.8767;
15.1143;
15.9246;
11.4876;
10.6532;
20.2306;
17.4151;
15.3624;
15.4435;
15.1773;
13.8662;
15.671;
16.5926;
14.8666;
16.1224;
17.965;
18.8486;
12.3514;
16.5175;
14.1822;
12.7042;
13.4906;
14.9955;
17.0654;
14.7152;
17.0789;
16.4165;
18.1964;
18.3531;
15.5014;
12.9545;
12.3415;
17.9461;
11.5393;
13.3925;
16.3603;
14.1344;
13.9038;
17.5449;
20.7243;
16.6592;
19.8881;
18.7491;
12.8082;
12.783;
10.6662;
17.3391;
14.4971;
17.5752;
10.6448;
17.4675;
14.3311;
15.1286;
15.5878;
12.5568;
14.3842;
14.6807;
16.1282;
18.1131;
14.2394;
12.4726;
14.7217;
16.5019;
19.3068;
14.9709;
14.1391;
14.286;
17.8667;
12.7581;
12.9426;
17.7626;
14.6859;
14.6696;
11.1936;
13.1455;
15.7388;
14.4172;
12.2013;
15.9115;
11.439;
14.0838;
14.1431;
16.2347;
14.6066;
17.6398;
10.6614;
16.7803;
15.483;
14.3984;
15.36;
16.1884;
12.1709;
12.9876;
13.7729;
16.0032;
18.2734;
16.5139;
24.0986;
14.0023;
10.2957;
14.2676;
19.2731;
11.093;
17.4133;
12.3181;
19.2225;
21.6715;
19.8787;
18.0654;
15.5775;
21.7701;
19.4377;
18.9911;
20.1301;
11.3358;
24.766;
15.5607;
16.5894;
17.2894;
16.224;
17.7892;
13.9781;
10.0492;
18.4419;
17.6242;
15.8091;
16.3427;
14.5098;
13.0642;
14.6038;
18.269;
18.3363;
13.1283;
13.0271;
13.9542;
19.1066;
16.8604;
9.42543;
16.4777;
14.2772;
13.5694;
16.055;
18.5033;
13.6435;
10.8244;
11.7783;
15.2082;
15.392;
15.7529;
17.4699;
14.4131;
14.3729;
9.75713;
11.7351;
12.0589;
16.0985;
15.8001;
14.787;
17.1315;
16.1212;
13.3555;
17.6464;
17.3197;
14.7915;
19.745;
15.0712;
16.1353;
15.3092;
12.6159;
14.0361;
15.3568;
17.2768;
19.9147;
16.9618;
18.1726;
20.7279;
17.3921;
13.9393;
14.9863;
14.4082;
15.5176;
13.0789;
15.5007;
12.7069;
15.2432;
18.5035;
16.4133;
13.8006;
20.4174;
19.9943;
14.3355;
20.3722;
14.6432;
13.8477;
14.3567;
15.7769;
16.3638;
20.2344;
15.7259;
20.8804;
18.5517;
11.559;
13.4195;
18.9335;
18.1058;
12.7169;
12.7318;
15.9868;
13.7365;
20.2549;
17.3925;
13.5466;
16.485;
23.4061;
14.3013;
16.135;
12.1298;
16.3537;
17.6352;
13.3901;
14.9393;
12.3117;
13.8625;
15.9953;
17.7526;
12.9201;
13.6202;
15.9497;
17.5438;
16.4275;
10.953;
17.0996;
14.6078;
19.1768;
16.0151;
13.2618;
15.624;
13.0051;
14.1844;
20.1778;
13.9297;
18.6587;
19.8332;
18.8892;
17.4484;
12.9556;
16.8797;
13.4238;
17.1752;
17.5531;
16.4153;
17.0628;
14.669;
13.972;
15.6089;
17.4486;
13.8147;
18.0431;
15.6226;
18.5549;
13.4147;
15.4911;
13.5557;
16.4761;
14.6963;
12.5295;
13.985;
16.4527;
17.4644;
18.8012;
15.4316;
18.8495;
16.912;
18.214;
19.8473;
18.0008;
19.0684;
12.4003;
16.2164;
16.6432;
17.0465;
18.5194;
20.4966;
16.7532;
16.6489;
19.294;
16.3065;
17.0548;
13.3692;
19.41;
16.7084;
21.1717;
15.4066;
18.4919;
13.1162;
12.6426;
11.429;
17.4619;
17.0185;
18.7416;
16.9681;
13.7413;
16.4421;
15.8192;
17.6207;
17.4617;
13.9028;
13.3723;
15.1459;
12.4987;
14.1468;
17.678;
13.2681;
12.6047;
20.5439;
16.7186;
16.1587;
19.3302;
14.7284;
16.986;
15.3713;
10.6361;
15.7138;
16.3298;
15.5253;
15.6531;
20.2482;
17.0147;
15.0522;
19.7354;
17.4392;
15.012;
18.1545;
14.4507;
21.1624;
14.1516;
17.1108;
12.3637;
11.9526;
15.1602;
14.3839;
12.4688;
14.6355;
17.4831;
14.0599;
11.4719;
22.6571;
13.5559;
13.6239;
14.1142;
11.8519;
21.074;
24.8994;
20.6152;
19.4248;
13.3437;
15.1841;
15.2909;
15.4371;
15.4354;
15.7638;
14.164;
16.0594;
17.8743;
14.5045;
17.7907;
15.4846;
11.3314;
11.7325;
13.5856;
15.8697;
15.483;
15.1708;
15.3374;
17.2487;
15.2657;
20.523;
11.976;
17.9537;
19.4039;
17.4687;
20.9317;
12.6018;
17.6863;
18.6617;
17.7527;
11.6394;
19.7316;
12.4009;
12.7279;
16.4772;
12.7041;
17.5611;
17.2179;
16.9614;
15.0555;
11.2196;
17.6966;
10.8863;
16.5235;
14.9437;
16.9415;
19.6019;
15.277;
19.5268;
15.6441;
18.4232;
13.8129;
15.9856;
12.6563;
13.146;
14.3486;
21.4522;
18.1768;
14.8971;
14.8855;
12.2407;
14.4428;
20.8848;
17.8643;
14.446;
13.7009;
10.5084;
14.7199;
15.9632;
15.7364;
14.4984;
11.5819;
15.3936;
14.0042;
16.5471;
11.8782;
13.5814;
15.7867;
17.7503;
14.5136;
15.8112;
12.3415;
15.8178;
14.8067;
18.9735;
15.6196;
17.6221;
18.8487;
13.8142;
10.1013;
15.6669;
18.8737;
15.2784;
16.5961;
13.0181;
14.9054;
19.1274;
12.1837;
13.8651;
15.7575;
18.3181;
15.4516;
9.6216;
15.5603;
19.1965;
14.0757;
12.86;
12.7381;
14.8238;
10.6973;
15.4384;
19.3292;
17.0183;
11.751;
14.8893;
17.1771;
18.0011;
18.6586;
16.7975;
14.947;
16.1523;
12.7812;
16.3969;
17.4197;
11.9435;
16.5059;
13.8304;
18.3115;
13.874;
14.5479;
15.7638;
11.2035;
14.4506;
13.9334;
16.0298;
14.5295;
16.9556;
18.2464;
19.1257;
16.6694;
19.5192;
17.0524;
16.5033;
10.9346;
14.5465;
15.1289;
17.9121;
11.9916;
14.3651;
23.9438;
17.2264;
17.8745;
14.7134;
10.0934;
11.592;
19.7811;
19.5258;
16.8205;
21.9803;
17.3109;
16.6641;
16.266;
10.5664;
16.1507;
19.7866;
22.6044;
19.6877;
13.5089;
20.758;
8.5507;
20.2317;
14.5373;
16.0805;
15.7661;
22.9034;
16.5842;
13.7936;
16.5983;
16.4302;
15.3252;
11.7355;
10.1266;
13.8545;
13.9952;
16.2863;
20.2814;
22.4848;
13.8912;
15.8693;
15.6159;
14.4404;
22.5905;
17.5576;
9.3894;
15.0071;
15.2719;
15.8041;
14.1626;
15.5257;
14.1294;
14.9786;
15.6906;
16.6229;
18.3427;
15.3705;
14.2956;
12.5602;
14.9485;
15.2535;
13.7403;
11.7159;
14.7575;
18.5332;
18.3076;
14.6932;
16.9315;
15.6082;
16.6529;
15.7784;
12.0234;
14.6721;
13.8677;
16.5718;
10.7759;
21.743;
14.5423;
20.9698;
20.7709;
17.008;
14.6328;
11.7238;
15.1437;
17.3046;
16.984;
15.2003;
15.8871;
15.5427;
15.3795;
15.4035;
16.2351;
14.0839;
14.617;
17.2073;
12.464;
15.8105;
16.9398;
16.1989;
13.3341;
19.3627;
17.42;
17.0897;
18.2991;
15.8401;
14.2721;
15.7832;
19.5084;
17.0583;
14.7721;
16.2387;
14.7972;
15.4923;
15.9244;
12.8517;
14.1164;
21.3135;
18.9762;
19.3501;
20.1483;
17.043;
12.6158;
12.6979;
15.3282;
14.8727;
15.5737;
15.9341;
13.5227;
16.791;
16.5346;
17.3502;
16.3113;
13.7728;
14.0424;
13.3691;
22.5976;
13.4593;
14.9949;
10.6423;
15.9714;
17.6815;
14.7955;
17.571;
14.481;
14.8494;
14.693;
17.221;
15.3178;
16.0573;
15.1709;
10.9931;
17.0948;
20.8476;
21.106;
14.3137;
11.845;
18.931;
17.0683;
18.1905;
16.9266;
24.5157;
19.6365;
19.8655;
19.3061;
17.0348;
18.3715;
15.0493;
17.192;
19.1426;
20.8651;
14.3834;
15.9582;
15.7884;
13.2864;
19.995;
18.3106;
15.2986;
14.4378;
17.1647;
14.1057;
17.9202;
15.3833;
12.7659;
21.6616;
15.4997;
19.7557;
13.7387;
14.3704;
15.8498;
13.0364;
13.0228;
15.658;
16.1106;
23.7259;
16.8884;
18.3345;
16.2419;
15.3192;
12.2513;
15.0414;
15.9763;
14.1592;
13.3281;
13.7961;
12.3462;
14.2125;
13.8264;
16.1385;
13.7468;
11.4797;
15.6964;
14.6432;
17.9843;
15.6572;
12.5296;
14.9739;
17.1137;
15.7571;
18.5404;
13.8114;
16.4199;
16.6406;
14.4801;
19.7161;
16.9927;
14.4382;
13.1256;
18.2176;
13.128;
14.0589;
12.0231;
16.371;
14.6009;
17.4547;
16.5801;
15.628;
14.6313;
18.791;
18.4483;
15.6045;
15.7962;
19.2988;
21.0625;
16.0418;
22.0349;
14.8153;
10.8834;
11.8077;
13.6636;
10.972;
15.7912;
15.4263;
16.5725;
13.0775;
16.4575;
17.4935;
11.3929;
18.798;
17.7481;
12.7052;
14.4317;
16.6957;
13.4507;
14.2617;
12.0269;
15.0552;
12.8172;
16.9306;
15.9391;
15.4372;
18.7027;
12.2206;
17.4763;
13.9232;
14.138;
17.4781;
15.8231;
14.072;
15.0455;
15.0681;
13.0658;
15.8668;
16.4077;
13.853;
15.8663;
13.523;
16.0351;
16.0131;
15.3564;
15.6255;
12.6006;
17.9724;
18.8975;
14.3071;
18.6916;
17.0501;
17.8715;
15.0932;
14.8321;
16.9087;
18.3168;
13.4035;
13.6654;
13.4993;
19.3269;
13.1507;
13.0393;
15.9958;
16.0527;
13.4497;
11.0194;
19.3536;
12.9848;
18.5451;
13.3807;
15.861;
15.1257;
14.1109;
13.952;
15.0092;
17.0871;
12.5647;
15.6606;
15.3112;
18.674;
16.0061;
22.084;
13.2808;
13.0476;
16.6121;
14.7781;
18.6575;
18.6339;
15.5478;
15.2125;
16.2903;
16.8614;
14.5486;
15.7114;
16.6989;
16.995;
14.122;
14.9562;
12.0006;
13.3988;
13.7007;
14.2194;
15.7348;
12.6959;
16.3842;
17.7991;
19.0349;
16.8059;
15.953;
15.2656;
14.0782;
17.1581;
15.5924;
15.3353;
22.1051;
22.4004;
20.0417;
10.9456;
15.5;
15.569;
13.2786;
15.8395;
17.9457;
14.6573;
17.4748;
13.141;
12.0066;
14.1176;
15.8898;
18.3385;
15.1891;
17.1315;
19.3898;
19.4097;
20.8269;
17.6545;
15.3782;
20.1397;
14.9847;
12.3892;
15.2259;
18.9834;
13.2993;
14.9071;
14.0319;
19.5958;
13.7346;
16.1973;
16.9171;
11.9904;
19.3534;
19.57;
14.9203;
16.5706;
16.7192;
15.2154;
16.8292;
14.4723;
16.9032;
20.074;
14.4473;
13.6454;
16.3606;
11.4017;
15.7107;
14.797;
13.3531;
18.6771;
19.6953;
14.6633;
12.4675;
18.4347;
17.5366;
17.0474;
17.1401;
14.4124;
17.4228;
13.3967;
17.1061;
10.6324;
15.3797;
16.4135;
16.6684;
20.3434;
12.3842;
18.72;
15.6734;
18.3108;
16.2129;
18.0776;
22.6373;
15.4868;
14.156;
13.9853;
14.9188;
16.1148;
16.7717;
13.719;
20.6697;
15.043;
15.4536;
11.5643;
16.1453;
20.2262;
13.614;
16.6155;
18.3444;
17.4232;
13.8865;
18.1182;
14.9024;
12.1083;
17.1999;
14.6395;
16.1494;
16.2324;
18.7366;
14.4596;
18.059;
17.2676;
11.6701;
15.066;
20.8089;
13.3916;
14.802;
16.7452;
15.3516;
18.8866;
14.44;
14.4552;
12.9807;
15.0734;
13.7954;
15.1004;
14.1369;
15.9677;
17.3567;
22.9227;
12.9744;
15.3569;
15.5605;
18.5697;
16.1951;
15.0966;
11.68;
14.6177;
12.2519;
15.9516;
16.8439;
13.909;
14.6657;
18.4058;
18.7862;
16.4146;
18.4769;
16.9171;
12.9515;
14.9108;
12.9603;
13.7187;
19.5952;
16.305;
16.8014;
11.9203;
11.2008;
15.0605;
15.5085;
16.3188;
16.8279;
13.6637;
20.5287;
15.1224;
12.0141;
15.8564;
16.4098;
13.0545;
12.4297;
18.9518;
17.6665;
13.1616;
14.261;
17.2507;
19.204;
10.9179;
11.3133;
18.6024;
17.5733;
16.9047;
13.6695;
18.2268;
16.4233;
13.1278;
10.9469;
12.6103;
16.6589;
13.6667;
14.8242;
15.6543;
14.8078;
13.5437;
15.6618;
14.0754;
12.4393;
17.6541;
16.1934;
16.1601;
14.5289;
15.3395;
20.1288;
18.3967;
15.4797;
17.8758;
14.6849;
12.7282;
14.6855;
14.2171;
16.3105;
16.0766;
16.7741;
19.2087;
17.4857;
13.5608;
18.2093;
16.3513;
20.3935;
14.3013;
15.4632;
17.2032;
17.7248;
16.9758;
16.5617;
11.6657;
13.8994;
13.6495;
9.59717;
13.0975;
18.5202;
17.5531;
17.2698;
15.6634;
13.4781;
14.0778;
17.6995;
12.2415;
13.4717;
15.9976;
12.5809;
12.3943;
15.6957;
15.408;
15.6927;
16.6052;
16.1033;
15.2901;
15.132;
14.3411;
16.0167;
19.9629;
18.5174;
16.9748;
14.8275;
22.5438;
19.7712;
16.514;
17.4432;
15.7634;
16.7481;
15.721;
16.4998;
14.0058;
17.6383;
16.8518;
12.9636;
17.2527;
10.4358;
12.841;
18.2716;
18.2338;
17.3683;
15.8881;
13.5758;
12.0816;
16.3734;
15.6586;
13.8148;
16.6802;
16.1183;
16.8261;
13.5166;
16.0201;
15.8012;
15.2568;
16.2763;
12.7903;
15.8294;
13.5983;
17.0554;
14.9141;
13.9486;
15.0351;
12.9365;
14.3848;
15.0204;
13.5162;
14.7941;
16.9941;
14.3709;
14.9546;
10.5902;
18.4855;
15.0307;
14.0044;
19.6387;
17.8319;
17.062;
16.8443;
17.3687;
14.7642;
20.1729;
14.561;
18.2846;
16.2478;
10.6953;
16.7042;
18.9314;
11.8113;
16.8596;
16.2096;
18.1109;
13.0337;
16.894;
17.439;
14.257;
14.7746;
12.3698;
12.1714;
16.4978;
11.2109;
12.455;
21.2334;
14.328;
15.8238;
12.6704;
15.5524;
15.6172;
16.4284;
17.7235;
14.4324;
16.7527;
18.261;
17.1332;
12.1972;
16.0038;
19.4351;
10.4091;
17.7058;
18.0751;
11.6945;
18.2138;
12.6956;
13.4003;
14.9121;
19.7048;
17.1996;
20.7829;
18.505;
13.1724;
15.1307;
14.3153;
17.9236;
16.3924;
18.5915;
11.0943;
13.888;
17.2138;
15.8372;
16.016;
18.5983;
11.4495;
13.5925;
17.7809;
16.9148;
11.1337;
10.3415;
14.2869;
13.768;
13.1573;
12.268;
19.3205;
11.6849;
15.0158;
14.4423;
13.5316;
16.3959;
15.6593;
12.4377;
15.5344;
17.8085;
13.7193;
14.2568;
13.8842;
13.2721;
14.1146;
12.3856;
11.3758;
14.8721;
16.2515;
15.9372;
12.4085;
15.7715;
16.1831;
14.0377;
19.0574;
16.1158;
12.9983;
12.2783;
16.5922;
15.7284;
12.8583;
14.4375;
16.6428;
18.89;
16.4964;
12.7573;
17.48;
11.5327;
15.4263;
15.8773;
14.4219;
15.2971;
15.0302;
12.3358;
19.5655;
12.1701;
12.1077;
16.4457;
11.6661;
13.6807;
13.5283;
13.5774;
16.4914;
12.942;
12.0261;
16.7682;
13.8047;
13.6377;
21.2904;
12.9723;
12.9863;
12.6252;
12.7558;
14.7195;
15.6316;
14.6756;
14.5504;
15.4485;
16.8612;
12.6448;
14.7146;
15.9555;
14.6703;
17.7799;
20.0982;
13.7638;
14.8894;
13.0295;
9.12231;
13.4641;
12.6458;
13.093;
15.078;
14.549;
14.5787;
18.6423;
17.2078;
16.1274;
20.1078;
14.5693;
18.1037;
15.9798;
15.6853;
15.739;
13.8203;
9.51624;
15.4333;
15.0893;
13.6263;
14.4304;
17.3793;
14.8041;
12.7756;
14.9057;
21.6822;
16.7644;
21.2421;
19.7514;
14.1413;
17.3296;
16.2012;
14.9043;
18.592;
15.2391;
16.5071;
16.3913;
14.2142;
12.463;
11.968;
15.852;
12.8743;
12.1178;
12.8667;
12.7135;
11.6053;
14.2015;
19.3684;
8.70917;
12.4007;
14.4046;
12.6265;
14.9205;
15.5364;
14.0921;
13.7203;
16.7877;
13.4711;
14.6575;
14.6879;
14.2175;
14.5917;
16.1865;
14.0238;
15.5507;
16.1391;
10.551;
13.225;
16.1342;
17.9123;
9.7062;
16.2339;
12.9233;
12.0476;
15.7379;
17.5302;
14.5432;
17.5322;
16.9691;
14.7909;
14.2912;
13.6546;
13.2824;
14.9871;
14.8124;
16.4626;
13.4447;
11.5909;
22.1283;
17.0781;
18.4995;
17.4133;
19.1536;
16.1555;
15.3347;
16.7902;
15.0646;
15.4883;
20.2608;
16.3747;
16.8201;
12.588;
15.4997;
13.8876;
14.3235;
13.1766;
16.4503;
13.4734;
12.1422;
13.2852;
14.6255;
13.7244;
19.344;
13.9515;
10.4415;
13.2131;
12.0013;
13.7115;
15.4147;
10.924;
13.8058;
10.5234;
15.2547;
14.7863;
15.1799;
12.6427;
13.634;
16.5446;
14.6175;
15.5211;
10.7134;
17.6744;
16.5307;
12.8437;
13.1877;
10.7142;
13.6306;
10.0817;
13.0904;
15.9853;
13.036;
15.0002;
13.5805;
14.2239;
20.688;
17.4878;
14.7429;
15.6283;
18.0223;
17.4634;
14.7858;
12.1567;
14.3505;
14.7746;
16.1231;
17.4932;
14.1631;
11.2602;
15.7449;
15.906;
13.6483;
16.2992;
14.209;
11.9516;
15.1368;
15.3244;
14.9479;
12.9237;
16.1344;
17.3729;
17.5686;
12.6152;
17.16;
19.1612;
9.27686;
17.9462;
17.083;
14.9185;
14.1856;
14.4698;
14.2348;
13.274;
11.7396;
14.6637;
15.0897;
16.3713;
17.71;
10.5057;
13.0177;
11.7986;
13.3615;
8.55886;
12.9864;
13.7964;
13.3549;
11.8704;
12.5947;
15.4089;
14.2057;
16.0936;
13.1358;
15.9489;
16.0015;
13.0669;
11.6987;
12.0911;
13.7743;
13.6764;
10.3294;
7.88347;
17.502;
15.5039;
15.3093;
12.385;
14.6869;
13.0405;
13.4874;
13.3436;
15.0525;
15.0299;
13.2735;
16.9629;
15.2234;
17.4317;
16.7344;
14.6889;
12.1247;
15.7909;
13.4137;
17.3044;
16.2195;
13.9259;
16.6827;
12.9681;
15.0239;
15.1709;
14.9547;
11.749;
17.7603;
13.6714;
13.426;
15.3736;
17.6023;
11.5737;
18.661;
14.2965;
16.8675;
11.9356;
12.4452;
11.9239;
15.4641;
15.8496;
14.3327;
11.5233;
17.7218;
13.5252;
13.6144;
15.3848;
15.1824;
17.5244;
11.5579;
15.1754;
13.5115;
17.6484;
16.1303;
13.2467;
14.9339;
17.4181;
12.6045;
16.5284;
12.1648;
14.0077;
14.124;
12.8414;
13.2212;
12.2522;
12.8403;
16.5701;
13.3207;
14.2569;
10.4469;
14.5642;
16.8008;
13.8471;
15.6118;
11.7513;
10.0505;
12.7629;
12.3907;
16.6042;
17.124;
9.87686;
16.3515;
14.0083;
14.0173;
13.664;
15.2206;
18.5121;
14.7694;
12.8059;
13.8419;
14.3956;
11.0246;
15.9573;
13.2988;
13.3817;
12.273;
11.5745;
16.5416;
16.5815;
18.1495;
16.2677;
17.7354;
13.0202;
11.739;
17.2158;
9.61243;
12.6109;
13.7382;
19.8137;
13.588;
23.7332;
12.6078;
13.2003;
15.3374;
12.5933;
13.5259;
11.6529;
15.7361;
15.8292;
13.072;
15.7181;
19.1971;
10.5435;
16.2289;
13.028;
14.3498;
16.324;
13.1662;
13.0831;
12.7135;
11.6816;
12.6645;
14.8026;
14.3837;
11.2565;
16.5132;
16.526;
15.2055;
16.5699;
16.1235;
16.3671;
14.5198;
13.5707;
12.2998;
9.95612;
11.9116;
12.1404;
15.2221;
15.082;
15.2097;
15.1121;
15.5083;
17.9362;
16.0107;
11.4742;
16.687;
13.5036;
13.185;
10.8332;
8.78266;
14.81;
9.77975;
15.5754;
11.6346;
14.8281;
14.8607;
14.2501;
12.8346;
10.959;
15.459;
13.5391;
12.8523;
12.8789;
10.5114;
15.8801;
12.802;
9.52516;
12.9323;
15.8054;
15.0362;
18.8016;
14.9909;
14.1009;
21.9601;
10.2989;
17.4305;
10.9357;
13.166;
10.2749;
13.077;
13.8573;
12.9116;
14.1752;
13.8295;
13.8467;
15.3045;
16.5534;
13.8509;
13.4584;
11.2506;
12.559;
8.99985;
16.8433;
13.5212;
18.8752;
19.9008;
13.8884;
12.6357;
15.2987;
18.1313;
19.2285;
14.3802;
14.2506;
19.004;
13.2919;
13.9861;
12.2757;
12.3927;
18.9766;
12.4308;
16.5711;
11.3365;
12.3746;
11.8862;
15.5575;
13.029;
12.05;
13.4281;
13.407;
12.3769;
17.7576;
11.9099;
13.6732;
14.344;
14.5159;
10.7756;
13.4912;
14.7344;
9.45617;
15.1419;
16.7803;
12.8735;
14.209;
16.7659;
11.5026;
10.4412;
11.5354;
11.8089;
17.0428;
16.1559;
14.4569;
10.8506;
15.0028;
14.9652;
13.2856;
15.5946;
11.1892;
14.2425;
13.0354;
12.4655;
17.1292;
9.73943;
12.1988;
17.529;
11.968;
12.5415;
13.9914;
15.2741;
14.5111;
12.1968;
9.66563;
13.8035;
12.6127;
16.9006;
14.0498;
13.7426;
13.5758;
16.0807;
14.4566;
15.7598;
15.5781;
11.661;
14.3982;
11.3934;
16.2104;
15.0288;
19.8668;
13.2987;
17.1103;
15.4859;
14.1087;
13.8035;
15.7339;
16.5801;
18.0475;
9.17027;
10.9474;
12.9447;
11.1565;
15.6448;
13.9331;
13.8714;
12.3245;
14.277;
9.89099;
13.4075;
17.7063;
15.0157;
12.7824;
13.9827;
16.2191;
12.9355;
18.7384;
10.7825;
14.447;
13.5987;
14.7524;
15.3972;
12.3913;
11.8028;
8.96205;
14.4704;
12.95;
11.9369;
11.7545;
14.7959;
14.6926;
9.97407;
13.926;
11.9982;
13.6212;
13.038;
14.6619;
12.597;
10.9967;
12.7924;
14.4242;
14.434;
16.5729;
14.642;
16.9552;
17.5091;
18.0508;
12.4669;
12.9587;
12.0981;
14.6913;
11.0099;
15.7504;
14.4865;
11.9471;
11.7645;
14.8206;
11.6299;
14.0558;
17.3177;
17.67;
17.0282;
19.2662;
15.6456;
18.4307;
13.4931;
14.5668;
12.8281;
12.9744;
12.4831;
17.4308;
15.164;
19.4185;
11.8897;
12.3676;
11.3782;
14.8557;
9.74628;
15.4954;
9.01167;
12.9877;
13.23;
13.6364;
13.8281;
13.4616;
11.5172;
14.7945;
20.0952;
14.5058;
16.004;
13.9511;
15.3657;
16.7687;
14.4385;
10.7308;
13.6888;
10.7309;
15.2999;
10.7193;
11.8794;
10.5119;
12.0273;
14.2132;
11.6622;
13.9316;
15.9229;
18.2785;
11.6522;
11.3852;
12.7447;
13.5994;
14.5679;
14.0671;
15.4855;
13.6927;
11.479;
12.7275;
15.366;
13.2534;
11.822;
14.7997;
11.9755;
14.3028;
12.4859;
17.7737;
14.8082;
11.1229;
16.4587;
12.4923;
14.5849;
21.7605;
11.468;
14.7621;
18.9546;
14.188;
10.9873;
15.5762;
18.8017;
12.7747;
11.3395;
18.2154;
16.3709;
16.8139;
12.0536;
13.5964;
17.3895;
10.9417;
7.85315;
13.669;
13.5595;
11.6668;
14.6909;
13.0621;
13.4285;
12.2963;
15.2561;
12.8418;
14.4547;
8.21329;
16.5434;
11.9756;
11.2683;
16.5274;
13.7911;
14.4084;
13.5623;
15.2223;
13.013;
11.52;
11.9267;
14.5593;
16.7673;
13.4255;
14.0048;
16.7765;
11.8707;
15.5783;
12.6061;
16.2315;
17.3149;
12.9492;
13.7369;
13.0185;
11.222;
17.3592;
12.4042;
10.3477;
9.85988;
9.90748;
18.1571;
12.2982;
13.9482;
14.998;
15.7057;
12.0346;
14.0709;
9.76087;
15.4315;
14.1944;
13.9453;
13.1711;
13.3997;
10.4791;
13.515;
15.1528;
12.6551;
13.69;
14.9561;
12.6428;
9.79857;
12.6025;
13.9875;
12.2411;
14.873;
21.6547;
20.6248;
15.5894;
15.2864;
14.0092;
13.3051;
16.6688;
15.8558;
10.6879;
12.5044;
16.1214;
9.90398;
13.0397;
15.3223;
15.698;
11.3479;
11.4612;
12.3398;
12.1405;
12.7656;
15.8219;
16.8329;
14.8473;
12.4721;
14.7794;
12.396;
11.8422;
12.2841;
15.3525;
15.7176;
15.6943;
18.0064;
10.8194;
11.4758;
12.1404;
15.0681;
12.2965;
15.2227;
13.3488;
10.7986;
14.5098;
15.0625;
11.1635;
12.3889;
10.9019;
13.7877;
12.0687;
13.1805;
11.0844;
13.7867;
13.542;
12.1167;
13.747;
13.9893;
14.0066;
16.3924;
14.7538;
15.0095;
10.3527;
17.8766;
14.1424;
10.848;
13.27;
13.9024;
9.52798;
11.4061;
16.9571;
20.7629;
16.7443;
11.7564;
11.2012;
13.5027;
12.7511;
11.8687;
10.7063;
14.0106;
18.1036;
10.8345;
10.971;
11.0164;
11.6457;
13.4868;
14.8447;
16.8276;
13.4892;
13.2661;
14.2771;
13.1337;
13.0814;
10.6912;
13.4597;
14.727;
14.6576;
14.793;
15.3094;
13.809;
14.3615;
13.4603;
14.6126;
14.433;
18.1862;
19.7144;
10.8423;
13.0095;
13.8245;
15.1893;
11.3521;
16.5308;
11.0642;
18.306;
15.4313;
12.1867;
13.8539;
12.3233;
9.98568;
16.4126;
13.5375;
12.915;
11.5233;
17.0768;
9.67441;
14.4302;
11.9256;
11.2801;
12.2533;
15.5979;
9.25554;
11.8561;
13.104;
9.32898;
16.2354;
13.709;
9.54345;
8.57848;
13.2869;
11.6475;
12.6928;
13.7466;
11.4908;
18.2281;
13.9789;
13.2033;
11.1812;
13.4137;
15.2218;
10.1612;
8.27582;
13.4089;
12.3663;
12.4872;
10.5903;
10.5967;
14.2512;
16.8085;
12.702;
14.9353;
14.1359;
11.3377;
19.2397;
15.9266;
11.2247;
17.7148;
14.168;
14.9599;
9.30181;
14.2831;
10.6185;
15.6761;
10.7605;
14.8125;
15.1638;
13.5435;
11.9515;
16.3298;
13.8208;
13.4347;
9.55255;
13.6101;
14.8026;
11.675;
12.7346;
9.49174;
12.5219;
14.628;
13.5407;
9.9793;
8.41265;
15.7572;
13.3004;
11.2913;
12.2423;
12.0211;
10.5448;
21.4514;
16.4575;
13.6889;
10.9975;
13.3186;
13.8484;
12.6289;
7.81324;
15.2721;
14.5469;
13.9744;
12.5767;
10.7431;
11.468;
12.7862;
9.32082;
16.7594;
16.4896;
15.7556;
13.1902;
12.9627;
13.7707;
13.0482;
11.4834;
11.6771;
13.7642;
17.2612;
10.4708;
9.37351;
18.0043;
10.4923;
12.6334;
9.95475;
14.4981;
11.7712;
15.3895;
14.697;
11.7639;
9.94518;
11.194;
11.427;
12.4498;
13.9417;
15.3618;
12.1361;
11.6306;
12.2136;
9.49594;
13.49;
12.0866;
17.1571;
17.9839;
12.2203;
12.8026;
12.3564;
16.468;
12.0095;
12.8875;
14.0068;
10.5193;
10.0212;
12.9388;
18.0504;
14.7949;
14.0218;
12.9637;
8.81802;
11.1526;
11.5094;
14.3939;
14.8687;
14.4108;
11.8723;
15.6501;
10.3789;
9.88389;
14.2377;
12.7984;
17.0791;
12.2358;
13.1002;
10.0135;
12.0221;
14.3036;
13.194;
10.6898;
10.6306;
10.7078;
12.6504;
13.8309;
10.7562;
10.9961;
14.0782;
12.2773;
12.8539;
12.1433;
12.0638;
12.6766;
13.2744;
13.684;
12.3319;
18.1921;
18.7946;
10.268;
13.5658;
10.8746;
12.8643;
11.6949;
12.2711;
11.1351;
16.9153;
17.9761;
12.254;
13.3234;
13.9782;
10.947;
12.2849;
9.72317;
12.2232;
11.0603;
12.4476;
9.98596;
12.2286;
10.061;
20.6264;
9.03174;
17.5345;
9.87044;
15.5766;
12.1213;
13.1727;
12.5215;
15.3777;
10.8566;
13.7916;
13.4176;
12.5617;
12.1319;
13.6686;
12.7141;
10.0519;
11.7419;
14.7728;
12.7952;
12.3818;
10.4613;
11.8777;
11.6892;
8.89115;
13.3727;
11.7308;
9.62247;
19.7025;
16.9028;
12.3783;
19.7165;
13.329;
14.7183;
11.0579;
14.5972;
14.8154;
11.6489;
10.8204;
10.5245;
12.7282;
10.5904;
11.6639;
13.8239;
8.97027;
14.8002;
13.7345;
13.8627;
9.22051;
10.7274;
13.5326;
18.2491;
11.4554;
11.4554;
14.7185;
15.2198;
14.7242;
8.66479;
11.7016;
8.55163;
12.8907;
14.6829;
14.8364;
12.3128;
10.2909;
12.1126;
14.4515;
13.2439;
11.0491;
17.1258;
10.2469;
13.1082;
12.7008;
15.0251;
10.8587;
12.0451;
14.4122;
10.9821;
17.067;
12.6178;
12.5808;
12.0422;
11.245;
13.6251;
12.9856;
14.878;
15.2608;
11.7218;
14.1723;
12.1254;
11.0862;
12.8177;
11.4077;
11.5385;
10.9134;
14.3814;
17.8376;
13.0527;
11.5319;
12.4551;
11.3298;
15.9273;
13.4985;
8.34241;
15.8229;
10.3993;
12.5281;
11.0873;
18.0893;
13.6536;
13.909;
9.8385;
11.1372;
10.7646;
14.279;
13.9324;
14.1083;
17.0615;
14.1242;
9.59094;
13.7132;
15.9667;
11.9581;
13.5455;
7.39153;
14.9026;
12.8563;
11.0558;
10.3274;
10.6396;
9.34932;
11.9493;
9.87082;
14.9605;
8.0091;
13.0448;
10.7234;
11.7264;
17.2774;
14.5897;
12.8682;
10.5458;
14.3508;
12.2797;
12.249;
14.0942;
10.9622;
12.4145;
10.4337;
12.0497;
13.3175;
10.3888;
11.1387;
12.5115;
10.4755;
10.88;
11.4244;
15.9869;
13.669;
13.2672;
13.2371;
14.6825;
17.4668;
13.2498;
13.8117;
11.795;
9.53125;
12.7893;
13.7673;
9.01147;
11.0618;
10.8439;
11.0218;
15.0897;
13.8491;
10.9782;
12.4467;
11.3505;
10.026;
14.8816;
11.0329;
12.945;
8.07794;
13.3344;
15.286;
11.1453;
11.0457;
19.1477;
10.6425;
14.6083;
14.1113;
13.6348;
11.4258;
12.9459;
12.6406;
14.0759;
11.4158;
11.3382;
9.53801;
12.5217;
11.1796;
13.0483;
11.4612;
11.9518;
14.9032;
13.0749;
12.503;
15.6905;
10.397;
22.2597;
11.4112;
15.9337;
10.8511;
15.4081;
12.1248;
12.6766;
12.1674;
12.6364;
9.89544;
8.546;
13.5966;
8.60634;
14.9749;
14.2078;
11.6451;
14.9722;
15.9335;
12.6784;
12.6796;
12.6305;
11.4349;
13.1385;
15.5179;
14.4324;
10.4892;
10.323;
11.9104;
14.8383;
7.16297;
13.317;
9.3207;
12.3688;
11.4858;
12.7005;
12.4535;
12.1713;
14.5;
13.4412;
13.6019;
13.3072;
12.7724;
9.68443;
12.1443;
12.7722;
14.4753;
15.4288;
19.8531;
11.507;
12.6844;
9.09583;
12.3702;
13.4263;
12.2647;
14.8824;
16.2151;
11.5196;
11.3107;
14.2252;
10.1684;
14.6599;
13.5898;
11.3862;
14.1907;
10.5111;
13.2458;
12.3982;
12.1358;
13.5108;
13.9937;
12.1811;
14.5906;
18.6476;
13.8251;
11.7247;
10.3716;
11.5698;
16.1288;
10.6791;
11.8423;
15.6285;
14.8701;
9.28599;
12.0303;
13.5043;
10.1481;
9.25284;
10.8244;
11.0657;
13.1073;
14.5242;
16.6588;
10.3728;
14.9269;
11.3466;
16.2353;
12.7354;
25.1699;
11.5654;
11.1768;
12.6391;
17.1882;
14.6805;
13.0057;
14.6404;
15.2976;
12.5718;
12.0074;
12.8137;
16.7259;
11.3269;
11.1377;
14.0236;
10.2767;
12.5739;
13.7164;
9.73989;
11.8993;
10.2385;
13.3227;
15.7657;
10.3299;
10.3505;
14.5853;
13.6088;
11.3593;
13.7003;
10.84;
11.3823;
12.2005;
10.1628;
11.1998;
12.6365;
17.5022;
11.6921;
15.8912;
12.5941;
11.3153;
13.3423;
12.5394;
12.3426;
11.253;
14.4045;
10.378;
10.5801;
9.02838;
7.87017;
9.0456;
9.725;
9.70536;
8.80812;
13.3584;
13.2188;
15.6165;
11.8487;
12.4453;
15.0031;
10.1266;
11.7462;
10.9124;
11.468;
11.9898;
10.115;
12.9401;
11.0863;
14.3358;
11.9116;
13.2844;
15.8571;
12.0513;
11.293;
11.4627;
11.5348;
9.1932;
10.588;
14.389;
18.9605;
11.3925;
12.8715;
15.1135;
15.6991;
19.9906;
14.7971;
10.4205;
14.3694;
15.5885;
13.7682;
13.0477;
11.8779;
10.4804;
14.9348;
10.3688;
11.8139;
6.51683;
17.9639;
13.8669;
9.37691;
9.70915;
16.1665;
8.42632;
13.405;
11.0554;
9.90584;
12.3694;
11.2475;
11.206;
14.9779;
9.23057;
8.10205;
12.4717;
9.8986;
11.0275;
12.6993;
9.28226;
12.8775;
11.695;
10.0178;
12.0229;
14.1571;
12.5811;
9.23325;
10.3248;
9.99899;
11.5787;
10.9042;
13.0236;
18.0295;
18.2921;
11.5747;
14.2943;
9.49022;
11.1731;
10.8043;
11.6844;
9.85604;
14.0937;
14.0715;
11.9309;
11.6773;
12.9713;
10.3791;
10.1477;
13.4215;
11.5165;
9.88495;
11.5598;
11.0838;
10.1694;
12.1034;
13.1876;
10.8499;
10.2362;
11.9545;
12.1556;
13.7645;
12.4583;
11.1676;
12.2487;
10.9774;
14.3689;
11.0961;
11.4509;
14.4372;
13.5253;
9.8209;
10.534;
11.3505;
14.0429;
11.2576;
12.2707;
14.1751;
10.6465;
11.0196;
11.5401;
12.7279;
12.5069;
12.1952;
10.5404;
13.1208;
11.7568;
11.2833;
11.6606;
10.5031;
14.3859;
12.6006;
11.6198;
11.7202;
10.5285;
15.6955;
12.5196;
8.69227;
10.5387;
11.506;
15.819;
19.7078;
9.04854;
13.2361;
19.8407;
13.1825;
11.2034;
9.01732;
12.1059;
13.1077;
10.7281;
11.3729;
12.5801;
13.3098;
13.9724;
11.5489;
13.9615;
13.9162;
14.2689;
20.1416;
11.1436;
15.8929;
8.62723;
11.076;
18.01;
16.5053;
10.1533;
10.8962;
13.2362;
10.8682;
11.8703;
16.2944;
13.5439;
12.4633;
8.30189;
12.2596;
7.19586;
13.3344;
12.7359;
11.6744;
13.8314;
13.5374;
9.53672;
13.6755;
12.377;
12.8696;
10.3921;
9.82074;
11.3757;
11.6332;
10.0516;
10.5705;
13.7825;
12.2207;
8.67795;
13.5142;
20.4288;
21.9763;
7.71962;
10.5159;
12.2671;
11.4922;
12.504;
12.2797;
10.8855;
13.2289;
10.4787;
11.0057;
11.8885;
11.3978;
9.75396;
12.6709;
10.7727;
12.058;
15.0329;
12.4848;
10.4573;
8.59152;
9.4147;
13.3853;
12.4465;
10.4529;
8.40574;
12.5318;
12.1308;
14.6435;
14.41;
10.831;
10.7966;
12.2565;
14.5399;
12.6917;
9.41146;
11.9156;
13.7637;
10.4894;
6.89973;
9.18452;
14.1998;
9.26771;
9.69111;
8.23163;
12.7788;
12.7665;
13.5153;
13.5672;
12.6259;
15.5946;
12.2346;
11.8185;
12.8589;
10.8712;
12.6224;
12.0031;
9.14522;
16.2019;
10.5983;
13.2171;
11.1885;
10.2255;
13.0929;
13.8258;
10.3998;
9.404;
11.7263;
12.5652;
14.7824;
10.6236;
11.8224;
12.1338;
10.8655;
14.2144;
10.4426;
15.1594;
9.12903;
9.49998;
12.3033;
10.9122;
9.51628;
10.9438;
11.2573;
10.2357;
12.1905;
17.0797;
10.8915;
13.1599;
9.8416;
10.5993;
11.4967;
14.9233;
11.8168;
10.0344;
21.4219;
13.3123;
12.1038;
14.2144;
12.1219;
17.1487;
10.6943;
12.8284;
10.4818;
11.8755;
8.53993;
13.3228;
12.7209;
11.4911;
11.4744;
10.4205;
10.8389;
11.8086;
11.7682;
10.2216;
11.6591;
6.72919;
9.15188;
9.41654;
11.6277;
11.4949;
11.4613;
11.1113;
10.2138;
16.0223;
8.98966;
13.2347;
13.6254;
12.6065;
14.9812;
10.2487;
13.1769;
14.3428;
12.5359;
7.91359;
11.816;
11.141;
10.6752;
12.6024;
11.0032;
7.6107;
10.1284;
16.2588;
11.5521;
13.3869;
8.40195;
11.9503;
9.02635;
13.321;
17.5262;
10.4237;
9.25047;
10.1296;
9.49201;
11.0029;
11.9475;
8.48675;
10.8582;
8.3697;
11.2532;
16.6164;
9.02782;
13.7526;
10.4778;
10.8127;
12.2059;
9.1163;
9.23072;
11.5839;
12.3315;
10.1309;
11.028;
9.7048;
10.3928;
11.716;
13.1312;
11.7186;
12.4277;
12.4356;
10.1136;
9.99269;
14.4851;
9.08991;
12.0886;
13.2492;
9.72242;
10.1323;
12.4741;
10.8601;
12.8751;
13.4918;
10.8709;
10.4661;
7.3731;
11.5654;
9.05761;
11.7063;
9.97331;
11.0966;
9.0068;
10.4468;
8.33419;
10.3662;
10.0658;
11.2487;
7.59704;
10.2859;
10.8638;
10.4148;
12.9016;
10.788;
9.48963;
12.9999;
13.1643;
9.62844;
11.7792;
10.5587;
10.34;
11.557;
12.8307;
13.0742;
13.003;
11.0398;
12.2527;
9.04349;
10.6089;
9.94508;
10.4766;
8.59312;
11.5819;
14.5234;
13.9791;
9.1252;
10.6281;
12.7265;
13.5767;
22.9461;
8.81289;
12.4253;
11.6885;
13.6123;
12.5467;
8.84221;
13.6395;
11.1544;
8.52954;
11.5184;
10.5581;
13.5249;
12.9162;
10.068;
10.5798;
9.79595;
12.7568;
10.2965;
9.19434;
8.98889;
9.23873;
12.1892;
9.63391;
15.5399;
12.5944;
13.3571;
10.2459;
11.8731;
8.3977;
9.94999;
8.08626;
7.93982;
10.801;
9.23307;
10.0426;
9.17959;
13.0771;
10.4936;
9.54152;
15.7004;
9.64512;
10.4545;
11.5183;
13.1892;
9.49093;
10.6154;
15.9703;
10.0133;
13.8549;
8.35932;
9.57618;
11.9229;
10.2896;
8.85838;
12.377;
10.395;
9.41638;
8.87239;
11.6678;
10.5715;
8.08931;
11.7038;
14.13;
9.35559;
11.4271;
10.0744;
11.7893;
5.59797;
10.9196;
10.5613;
11.5218;
10.0556;
12.2236;
10.3091;
9.78908;
10.838;
15.9453;
11.554;
12.0275;
9.98291;
9.4227;
13.758;
9.70048;
10.5896;
12.4321;
9.52882;
9.24921;
9.53803;
10.954;
11.052;
10.0153;
9.09837;
11.5724;
8.87338;
8.98432;
9.44003;
8.04549;
8.11248;
11.6994;
12.0413;
11.149;
15.4387;
20.5874;
9.45442;
11.4751;
11.7358;
9.02506;
14.7042;
10.8274;
13.824;
7.91241;
10.4888;
9.21972;
9.78004;
11.1964;
12.3696;
8.13536;
6.84751;
10.4321;
19.185;
11.6588;
9.78944;
10.7872;
12.5999;
12.1678;
13.7188;
13.1291;
13.0084;
8.1388;
11.4473;
11.0848;
8.79772;
10.1531;
5.39423;
12.1161;
10.2484;
10.8034;
12.1802;
8.69325;
9.49916;
16.0446;
11.6379;
10.1815;
12.4281;
10.4246;
12.4121;
10.2882;
11.3976;
12.9956;
10.0851;
12.4734;
9.25212;
10.0194;
10.1338;
11.6381;
13.759;
10.3372;
8.21913;
10.8051;
11.2111;
9.16447;
11.1766;
12.8024;
16.5798;
10.9168;
10.8807;
7.66742;
8.49404;
10.1724;
11.0244;
8.94454;
9.31271;
9.92292;
10.9173;
12.4573;
8.86808;
8.09889;
11.4105;
12.2847;
16.6871;
7.56498;
9.19154;
11.3805;
12.674;
13.3415;
9.77717;
10.4581;
7.65892;
11.1612;
10.0106;
11.1845;
9.13282;
9.3101;
14.8443;
13.3006;
10.7167;
10.8131;
11.7413;
20.281;
7.17994;
10.8893;
9.2127;
11.4391;
11.2842;
9.86996;
7.94894;
9.5968;
21.388;
9.72582;
9.34036;
9.25813;
9.02657;
9.09468;
9.35099;
10.0605;
8.13697;
10.2111;
19.0618;
8.93082;
8.67436;
10.492;
12.1577;
8.64955;
9.91982;
10.0923;
10.3767;
10.379;
9.0588;
9.84842;
11.1151;
12.0516;
11.2387;
7.50708;
10.8993;
13;
9.99349;
10.9326;
9.93282;
7.94506;
7.74169;
11.855;
9.31933;
9.20439;
12.4811;
10.3309;
10.6329;
10.4175;
12.1349;
12.2726;
25.3938;
12.1297;
10.2665;
9.83908;
10.2595;
10.9314;
10.1855;
11.43;
10.9043;
11.0046;
11.8348;
6.93921;
11.2377;
10.5255;
7.18559;
11.1725;
10.9625;
9.92205;
9.20556;
9.54492;
10.5732;
10.0303;
10.7255;
11.1516;
6.31617;
13.4179;
9.57669;
6.92259;
17.5592;
8.26185;
10.2508;
7.79307;
10.751;
8.53659;
13.8167;
11.71;
12.8443;
9.61229;
11.5072;
8.46355;
14.3794;
8.63606;
8.91729;
8.98395;
13.2375;
9.77024;
11.1966;
10.4673;
11.3804;
9.43774;
11.0931;
9.23913;
10.2228;
12.2814;
9.14662;
10.3247;
11.4534;
11.2097;
10.989;
10.4865;
11.4299;
7.65656;
8.18822;
9.90767;
12.7382;
7.14697;
16.973;
8.54327;
11.7846;
11.366;
9.62192;
10.4076;
9.10016;
8.55615;
8.57451;
9.17049;
11.7953;
11.9332;
9.39694;
13.2737;
8.37787;
9.64518;
10.3928;
9.64057;
21.2093;
10.1004;
9.02326;
15.144;
14.2409;
11.0557;
9.70127;
12.6782;
11.2823;
8.99085;
11.3189;
8.58;
10.4173;
11.7937;
9.21803;
13.6547;
11.5615;
7.98758;
9.99884;
15.2006;
10.6372;
8.6318;
8.53085;
10.338;
12.0312;
11.8009;
12.3353;
8.13253;
9.2485;
10.4886;
11.0576;
10.6659;
11.332;
9.45526;
12.0733;
9.91998;
9.73121;
8.24051;
10.9767;
9.47189;
10.1011;
8.57716;
10.9572;
6.93253;
7.59256;
14.1661;
9.24975;
12.252;
19.1524;
15.3674;
13.6438;
18.8115;
10.5141;
11.9788;
9.06173;
10.0626;
9.43311;
12.6182;
8.8894;
9.9445;
8.91014;
8.75593;
10.0015;
11.7515;
9.13658;
11.8927;
8.13972;
9.5068;
9.38964;
7.88642;
8.22595;
7.46433;
7.67658;
10.9543;
10.6025;
16.5024;
11.4786;
10.1476;
13.0489;
23.662;
10.1428;
5.78683;
8.26926;
8.09225;
10.1541;
12.0907;
7.67875;
11.815;
10.9343;
12.3978;
9.78178;
12.2746;
11.0077;
10.4304;
9.35433;
8.77383;
9.46634;
9.34995;
9.32314;
10.7733;
6.23222;
9.15687;
9.0098;
11.0099;
9.60669;
9.09263;
11.9241;
10.4442;
9.16377;
10.9562;
21.3348;
10.8138;
9.46603;
8.04004;
10.295;
6.5233;
18.3269;
6.98768;
9.06667;
11.5691;
9.69586;
10.4389;
6.9026;
8.97621;
9.78395;
9.35602;
10.199;
11.8386;
8.93543;
7.68837;
20.0803;
10.8262;
9.42656;
6.66748;
6.36423;
7.67283;
9.49952;
8.8694;
9.22853;
17.2556;
10.6946;
8.21351;
7.46816;
11.5272;
9.3213;
9.0956;
7.52379;
7.96932;
8.19076;
10.5393;
8.57235;
9.51334;
10.7453;
9.26606;
11.4023;
7.25852;
9.37287;
7.45456;
9.50753;
8.1963;
13.1047;
8.80697;
8.44693;
9.96847;
13.8972;
10.6832;
8.03787;
7.47545;
10.4198;
10.2547;
7.17019;
9.08935;
9.106;
9.19318;
9.40096;
12.5709;
11.3363;
7.42081;
7.71485;
7.72091;
11.0299;
9.27576;
10.5553;
11.2888;
7.69142;
10.9255;
16.8737;
18.0274;
20.9882;
9.5165;
9.80263;
18.6446;
6.16636;
9.1396;
10.521;
10.5588;
7.44139;
7.79084;
11.3707;
9.99671;
7.98694;
8.79994;
8.28158;
8.87589;
8.7321;
8.36484;
6.8025;
11.8921;
10.5191;
9.30086;
7.68347;
11.018;
13.9069;
8.8362;
8.35788;
10.8891;
9.64694;
10.2141;
10.5713;
8.78579;
8.61127;
10.8496;
9.46382;
6.469;
6.80997;
11.5315;
9.33523;
11.2071;
19.8151;
7.93277;
5.29092;
7.31846;
8.62388;
7.07542;
7.49486;
5.06668;
9.29593;
9.41198;
9.31197;
6.42131;
8.75622;
9.19545;
9.11685;
9.51196;
8.79132;
9.0515;
8.86177;
9.13886;
8.2236;
6.16367;
7.0107;
10.4971;
9.48127;
9.10544;
8.28245;
13.9728;
16.0978;
7.09946;
10.4021;
8.72745;
7.2549;
9.40507;
8.6632;
7.7969;
6.39255;
8.62358;
8.43193;
8.72302;
8.87224;
9.07087;
8.52843;
7.07037;
9.47618;
10.0607;
10.8618;
10.2522;
9.16017;
10.3456;
7.4894;
10.3548;
10.4561;
7.15495;
8.1708;
5.95198;
10.8672;
9.74599;
9.26159;
9.11846;
11.8541;
10.26;
9.53746;
8.42631;
10.0823;
17.9981;
23.3343;
11.9404;
9.91805;
10.4429;
8.92941;
9.08721;
10.5999;
7.89668;
8.44735;
7.81297;
9.91054;
8.47454;
7.48284;
9.48066;
7.60104;
8.34837;
9.36077;
7.21312;
11.0072;
8.11739;
7.62829;
7.73919;
9.30175;
10.8585;
9.23204;
6.43557;
10.818;
8.9156;
10.4846;
6.63657;
9.16426;
14.9761;
6.26549;
9.20916;
10.1689;
11.1277;
6.12727;
9.23582;
8.70092;
7.40766;
10.9046;
20.1603;
19.3729;
9.81972;
5.1539;
6.79805;
8.11148;
9.88785;
10.1541;
11.0296;
8.13773;
9.36007;
10.2708;
7.19006;
8.60771;
9.28883;
8.14817;
8.55715;
9.5019;
16.3212;
18.5252;
12.5936;
10.319;
10.8281;
7.38128;
8.30242;
8.21981;
8.72318;
9.27102;
8.1841;
9.7131;
6.7312;
15.8917;
10.4208;
8.80216;
16.6359;
8.72269;
8.66957;
9.64842;
6.11376;
10.4644;
6.59514;
9.99731;
8.45031;
7.43327;
9.9228;
8.08439;
9.02155;
11.6065;
7.18172;
6.83236;
9.54274;
7.08087;
11.2657;
5.32709;
8.43414;
19.9578;
9.14912;
7.63881;
10.0986;
10.3291;
11.5786;
6.8056;
7.79448;
8.07053;
7.52572;
7.46069;
7.37916;
8.38123;
9.36468;
18.1605;
25.2413;
5.84332;
9.04021;
8.34795;
8.80688;
8.71662;
9.13782;
7.77807;
8.32517;
10.3425;
7.18934;
18.5702;
21.2202;
9.95787;
24.1572;
8.65928;
9.69413;
10.8581;
6.55761;
7.30788;
8.41726;
9.58722;
9.69807;
7.67226;
6.59995;
8.83813;
9.97293;
11.611;
20.2175;
10.1858;
7.56025;
8.53882;
10.6516;
6.11726;
7.0741;
8.94486;
8.23029;
5.14759;
8.16543;
7.21112;
9.73634;
12.5334;
18.583;
9.65946;
10.9747;
18.4785;
9.88471;
9.79868;
9.52006;
6.61015;
6.3961;
8.51444;
8.48098;
10.1275;
8.3886;
6.83016;
8.45409;
9.53755;
12.0165;
10.4754;
9.16905;
8.75507;
6.8938;
8.97528;
7.8661;
8.13771;
9.30689;
7.50988;
7.00157;
6.27318;
8.28229;
8.39006;
7.71854;
7.24351;
6.61704;
9.91999;
8.99663;
10.7188;
8.66169;
8.52383;
8.70093;
6.38739;
6.69272;
8.35116;
10.3687;
6.55223;
9.3644;
7.38527;
6.20496;
9.62401;
6.48294;
8.09327;
8.24029;
7.36404;
6.62103;
9.12646;
8.2916;
9.29073;
10.072;
9.49915;
7.1588;
8.38446;
7.9474;
8.88297;
10.5667;
7.99127;
7.45734;
8.31624;
10.4751;
11.7203;
6.47667;
8.16404;
8.80418;
10.2367;
8.74064;
18.2554;
10.2253;
7.44961;
12.7514;
10.7299;
9.072;
9.78568;
8.84295;
9.51435;
7.93904;
13.3652;
5.61371;
8.8677;
8.22975;
6.83998;
8.33061;
9.96549;
6.88604;
8.94483;
8.68431;
5.42894;
6.90485;
6.98582;
7.01287;
7.63739;
9.05877;
15.5526;
7.84166;
7.92778;
11.7665;
9.43506;
10.9775;
8.26244;
9.27468;
9.49919;
8.05416;
9.15403;
9.84567;
11.4717;
7.5519;
12.0434;
8.38643;
8.39703;
9.02716;
11.9563;
8.25897;
7.75438;
7.08169;
7.44896;
6.7997;
19.0914;
7.07982;
9.26736;
7.14015;
6.54621;
5.67952;
9.49219;
6.7861;
8.36205;
7.80153;
7.84409;
9.73447;
15.2352;
8.57639;
5.83789;
7.67963;
5.42095;
10.8789;
9.36505;
7.31358;
9.60485;
7.0312;
9.17801;
9.46003;
8.03014;
7.56311;
6.32615;
7.55156;
8.36566;
6.90354;
21.181;
8.57752;
8.44898;
7.18833;
7.84709;
7.90829;
8.98896;
9.83659;
8.49215;
9.49125;
7.3199;
8.40999;
7.32585;
10.997;
10.2083;
6.61926;
9.10229;
9.8007;
6.77979;
7.91276;
7.9132;
15.6724;
8.01047;
8.51634;
6.38283;
7.29846;
6.18444;
7.87785;
8.4476;
6.86219;
7.68785;
7.13859;
8.87996;
9.65023;
8.40999;
8.56064;
6.08067;
7.63866;
7.26306;
6.49826;
9.24603;
8.13702;
6.37566;
7.74269;
7.91137;
13.3609;
12.189;
9.78009;
7.79978;
7.57801;
8.7644;
7.14938;
21.0628;
19.5356;
7.83834;
21.5627;
7.39214;
9.57881;
8.45953;
8.84695;
7.35865;
8.06649;
8.39648;
8.5193;
8.52401;
6.94715;
11.1725;
7.02999;
8.96598;
7.71845;
6.30111;
8.00828;
8.07193;
6.70651;
7.16235;
5.77884;
7.74592;
10.6657;
10.1302;
7.08289;
5.97429;
8.79029;
9.41206;
8.16295;
7.38174;
7.06429;
10.7466;
6.59742;
7.81799;
8.66622;
8.90565;
9.31956;
8.56934;
9.48493;
8.89388;
7.55793;
6.91309;
8.90208;
6.40474;
7.19396;
10.7814;
9.7282;
7.28279;
7.81833;
7.61461;
7.0746;
10.3946;
20.6037;
9.81853;
7.98514;
6.75956;
10.605;
7.95692;
9.61148;
5.97888;
6.67102;
8.68575;
7.51939;
8.03446;
7.4157;
7.58004;
11.7673;
7.71992;
8.00087;
10.1818;
7.53649;
7.95273;
7.97784;
21.1946;
7.53235;
8.95732;
11.0651;
9.16402;
9.1212;
7.35207;
7.86827;
10.0426;
7.36382;
10.2706;
8.29439;
8.44572;
9.64249;
6.49152;
6.59418;
22.9189;
5.16879;
6.81313;
6.94256;
9.56033;
8.96146;
9.05465;
6.53971;
7.04727;
9.42917;
7.39048;
6.29408;
9.88425;
5.84429;
8.39121;
19.2587;
8.98991;
8.73157;
8.0649;
8.06444;
8.32737;
9.14474;
7.93638;
8.86094;
8.37002;
8.63443;
7.5698;
7.15892;
7.30787;
6.88872;
8.21597;
8.79158;
8.39147;
10.0126;
8.52148;
8.56856;
7.11647;
17.7905;
10.6351;
7.72754;
8.71754;
8.28781;
9.21261;
7.58084;
5.64434;
7.21789;
6.69811;
9.74778;
7.1687;
4.70306;
9.40878;
8.43629;
10.2065;
5.76191;
7.67138;
8.27298;
6.71494;
10.5127;
7.22174;
9.11296;
6.26383;
7.6943;
19.4002;
9.86437;
4.57385;
7.13645;
7.63116;
7.09777;
6.03607;
8.94576;
6.11323;
6.66454;
6.4529;
7.95338;
16.7735;
7.21979;
7.6716;
19.2652;
9.60917;
6.77185;
7.45615;
7.86753;
8.96543;
8.56496;
9.59139;
17.3595;
9.69633;
7.73224;
10.2203;
9.1263;
7.73925;
9.40767;
11.0014;
18.7893;
19.6533;
7.23957;
8.06143;
9.77145;
6.99744;
19.1985;
6.01182;
6.01589;
8.05506;
5.597;
8.75105;
8.42527;
6.85327;
6.0201;
8.06918;
6.92593;
8.88172;
5.81762;
9.17985;
7.00921;
6.64798;
9.42746;
6.74154;
8.20052;
6.52342;
8.01262;
7.8082;
9.18236;
8.30337;
19.3622;
4.93327;
9.21517;
6.26975;
6.6449;
8.8731;
7.07378;
5.36884;
4.57914;
10.4514;
8.58839;
6.63791;
8.85409;
8.8999;
7.55466;
6.95749;
6.86554;
6.67374;
9.03181;
8.81102;
6.53134;
12.4743;
21.0211;
9.11466;
4.72281;
8.75713;
6.28573;
10.19;
8.13795;
7.4592;
6.98276;
6.65313;
7.26931;
8.14348;
10.2061;
6.09929;
6.81784;
6.41728;
14.9074;
9.26921;
7.95625;
8.31103;
9.00092;
9.20212;
6.76468;
7.05824;
8.07696;
8.53574;
5.62096;
7.1014;
7.96996;
7.44926;
7.83073;
8.49363;
8.02267;
6.94601;
6.19746;
6.34998;
5.73701;
7.88824;
6.75101;
7.70592;
7.79112;
8.31814;
6.1402;
7.24492;
7.34736;
8.23812;
8.21325;
20.3418;
19.9797;
6.68524;
11.4047;
6.1428;
7.6693;
9.1127;
8.24483;
8.3007;
8.14264;
7.04845;
8.25754;
8.75974;
6.10212;
7.24541;
5.67715;
6.4836;
7.34117;
7.05609;
6.4133;
8.50137;
9.41434;
8.48042;
7.36384;
6.83252;
6.40538;
5.75004;
6.95258;
5.42861;
7.72603;
26.2465;
4.45249;
8.16506;
10.1679;
6.32045;
6.75765;
5.35228;
8.099;
5.51081;
6.10549;
5.79297;
5.316;
6.59525;
7.04973;
7.40089;
7.33704;
7.93873;
7.19256;
8.73913;
6.18469;
15.2405;
8.19742;
7.26582;
6.51672;
7.57321;
7.05771;
8.07203;
6.45857;
6.69903;
8.05112;
6.71118;
7.30541;
9.52792;
8.08309;
8.05882;
7.11338;
6.91532;
7.14814;
6.65119;
5.3277;
7.6314;
8.48982;
5.94763;
22.0291;
7.40858;
7.81729;
7.41315;
8.08177;
4.97094;
6.34548;
8.19879;
5.3339;
3.97269;
7.12698;
6.30758;
7.39665;
8.43429;
6.40095;
6.40906;
6.18563;
7.8175;
6.46245;
5.95332;
17.3146;
7.45657;
5.89107;
7.48321;
7.75616;
6.40173;
6.84346;
6.82544;
5.35387;
5.85605;
6.90668;
6.18524;
8.69547;
6.19447;
8.03485;
7.80553;
7.29763;
8.98211;
10.5218;
4.97077;
6.86618;
8.41157;
9.38754;
7.99683;
10.6512;
6.19127;
8.2267;
6.99032;
6.04454;
6.94969;
14.9462;
8.52252;
5.70182;
6.39362;
6.21133;
8.12177;
6.41533;
6.02149;
6.34324;
6.89584;
7.54451;
6.90841;
9.04459;
6.07673;
6.60692;
5.81346;
6.49936;
8.85451;
7.31851;
5.32927;
8.36721;
4.92179;
6.72746;
17.261;
17.5932;
7.90284;
7.39446;
6.01949;
8.05999;
22.4225;
20.2478;
7.25191;
5.80014;
8.83141;
7.71601;
8.36363;
5.64866;
7.16527;
8.02554;
6.06132;
5.71184;
6.84691;
7.82177;
8.9123;
6.80682;
6.5061;
7.21286;
7.19721;
5.76932;
6.75522;
7.50487;
5.41193;
6.25143;
9.02991;
7.46398;
5.00701;
6.80526;
7.36447;
9.23177;
6.62701;
8.8659;
7.40068;
6.24234;
8.20202;
16.1642;
8.42304;
7.62862;
5.60084;
10.7601;
7.56191;
8.32477;
6.27906;
7.57302;
6.49998;
7.85219;
7.57014;
6.17047;
7.68157;
8.27298;
7.84578;
5.62972;
8.09869;
6.47331;
6.30803;
6.52497;
8.01179;
6.55888;
8.25986;
5.17018;
6.17119;
5.06236;
7.55606;
5.97018;
5.9188;
5.89786;
5.26823;
5.54488;
6.59637;
8.25436;
17.0661;
8.41527;
6.88816;
6.24239;
7.13935;
7.26227;
5.91547;
4.50986;
8.99048;
7.51478;
7.94538;
6.92058;
7.36116;
7.01004;
7.28785;
7.23356;
16.12;
6.59289;
6.37175;
8.49639;
6.14543;
5.58254;
3.96304;
6.2697;
7.59349;
7.60206;
6.87313;
6.86273;
6.22469;
6.72023;
6.97086;
6.77155;
5.93517;
6.19657;
7.86021;
5.48104;
7.66251;
7.89287;
5.42414;
3.36084;
5.39837;
7.60169;
6.37033;
9.18363;
6.5313;
7.94921;
4.43013;
6.88083;
8.18629;
7.83381;
5.45866;
5.70404;
9.99035;
5.77175;
20.157;
8.02559;
6.33087;
7.15589;
6.43116;
4.48538;
7.87146;
5.26376;
5.14609;
8.9731;
5.62374;
6.80082;
8.63937;
6.24924;
6.46195;
5.41037;
6.85358;
21.3346;
5.80847;
17.4242;
6.44668;
8.63339;
5.51936;
5.72824;
5.35941;
22.636;
6.60403;
4.9205;
7.2668;
10.307;
8.1081;
5.78109;
8.16416;
5.42832;
4.94508;
5.85871;
18.1779;
6.77488;
7.4496;
6.91598;
6.52149;
4.46644;
7.87525;
6.22467;
7.13416;
6.33754;
6.02915;
4.15665;
6.45332;
9.19011;
5.95868;
5.6245;
6.89908;
18.249;
5.80163;
7.51652;
5.43899;
10.6481;
6.80439;
7.45576;
7.08643;
5.99695;
7.69597;
5.99442;
8.06843;
8.17717;
6.48862;
6.81993;
21.9109;
9.32172;
4.52316;
7.67797;
6.55998;
7.51763;
5.57625;
4.78383;
7.05345;
5.60433;
8.42665;
4.20948;
6.1416;
4.59591;
6.96255;
7.44122;
7.31806;
8.37844;
5.40864;
5.44615;
9.59547;
6.63651;
5.73074;
6.54432;
12.8287;
17.5149;
6.59911;
6.43602;
5.43521;
6.99607;
5.27332;
6.97874;
7.07748;
6.73443;
20.2092;
6.62428;
6.24927;
8.2578;
6.10913;
5.01473;
6.46137;
4.83592;
5.88452;
6.82322;
6.60154;
19.0237;
9.02054;
4.08578;
6.19192;
4.97909;
4.86343;
6.77714;
4.90748;
6.88064;
7.95096;
5.35923;
6.10876;
6.38065;
8.07422;
7.77465;
10.1145;
6.29352;
6.8535;
5.93022;
6.49485;
5.50885;
10.3701;
5.29936;
5.39968;
8.62574;
8.38481;
7.13221;
4.30307;
8.82826;
6.71521;
4.35851;
6.50693;
4.32367;
20.0127;
6.12391;
7.55045;
4.68083;
5.23556;
4.22753;
3.92077;
5.42142;
7.19589;
6.39798;
6.15331;
7.88843;
8.89835;
6.70979;
7.80828;
8.0173;
4.02345;
5.60125;
7.91557;
7.14389;
6.92425;
4.38919;
6.30828;
9.01455;
17.86;
7.25979;
6.82877;
5.45892;
7.56391;
8.28721;
6.92839;
7.42903;
4.14054;
4.92038;
5.01843;
4.15857;
5.0515;
7.33576;
13.872;
11.0987;
19.8066;
5.56978;
6.57347;
5.27002;
6.10609;
7.33388;
5.36947;
6.18793;
5.87092;
6.06877;
8.10268;
6.27889;
6.55433;
5.77773;
5.05697;
7.12374;
7.05739;
5.82514;
6.83933;
5.60443;
5.32334;
7.16998;
7.56912;
18.4886;
5.92965;
6.11634;
5.69324;
4.02801;
9.09139;
5.62401;
6.67948;
6.30613;
4.08419;
7.41116;
6.25664;
4.97744;
6.52104;
7.22015;
5.903;
6.6944;
8.90561;
5.20036;
5.58664;
6.18837;
18.1733;
5.9004;
5.21372;
6.955;
4.58362;
6.90298;
6.04096;
6.51807;
5.89162;
9.2337;
7.19162;
6.85157;
6.82056;
7.57144;
6.37076;
19.3212;
6.28009;
6.71716;
7.3865;
7.12751;
8.65757;
5.44743;
9.3521;
6.09786;
6.11788;
4.47656;
4.54796;
5.14367;
5.47603;
6.73523;
8.0515;
6.85952;
8.41665;
6.62892;
6.8401;
5.93398;
7.03646;
7.22407;
5.22019;
6.95663;
5.29718;
6.25499;
5.94883;
20.9428;
6.98684;
5.73286;
4.77987;
7.36815;
5.26923;
7.26873;
3.52189;
5.71294;
4.22226;
8.39695;
5.42606;
5.05618;
5.58646;
7.20714;
6.636;
5.01612;
6.0911;
5.86924;
4.4839;
4.58149;
6.81149;
18.1508;
7.13963;
5.85151;
5.52114;
5.1318;
6.90455;
6.73937;
5.41411;
5.71728;
6.75833;
5.97136;
4.97728;
5.88288;
5.37104;
6.48134;
6.26254;
6.3811;
5.55187;
7.94659;
3.7314;
4.89089;
5.16252;
6.42017;
7.5;
5.98347;
5.82991;
7.84929;
7.23324;
5.60588;
16.5301;
5.61788;
5.41861;
6.06432;
5.60636;
5.58007;
8.20671;
4.54751;
7.59832;
4.84172;
5.66866;
6.37104;
6.03306;
5.35244;
6.79561;
7.98771;
8.56486;
6.28958;
19.2016;
6.58793;
5.83734;
4.43871;
4.84132;
7.48685;
5.04056;
3.31172;
4.60889;
6.60608;
6.81196;
7.06919;
5.50904;
5.86489;
5.92321;
7.31008;
6.18724;
5.37947;
5.79996;
8.04634;
15.5001;
7.10196;
6.87274;
6.2861;
3.3532;
5.36421;
5.89748;
5.9371;
6.89339;
4.94335;
4.60292;
7.71948;
7.11562;
5.5341;
5.0001;
8.01162;
6.36074;
6.16576;
6.85394;
5.81272;
6.35854;
5.92785;
7.91781;
16.2617;
4.56601;
6.59017;
7.33082;
5.29168;
6.45659;
4.40902;
8.02013;
6.58602;
6.51455;
5.62529;
4.33528;
6.57758;
6.8345;
6.01026;
20.5245;
5.58855;
6.50694;
5.49674;
4.32286;
6.62265;
5.96982;
15.9755;
4.51496;
4.83107;
4.68617;
6.77064;
6.53846;
7.96648;
7.39255;
6.25762;
5.60937;
6.31608;
6.61638;
4.61441;
6.33767;
7.2239;
4.17817;
8.08149;
6.50415;
5.26179;
6.2331;
4.70552;
5.52282;
3.15246;
4.21298;
7.74902;
7.41245;
6.25992;
4.03034;
6.9463;
5.82377;
4.04381;
6.87224;
4.91776;
4.25186;
6.309;
5.83519;
7.99154;
5.95016;
3.88333;
5.24159;
7.41941;
5.64416;
4.28895;
18.8608;
6.11716;
5.21674;
4.80138;
6.73429;
5.87388;
4.04345;
5.83097;
6.08204;
4.21717;
6.01706;
3.97983;
5.0436;
5.9214;
19.442;
7.49769;
5.8921;
7.79315;
5.04693;
9.08451;
5.10926;
6.78638;
6.84687;
5.92369;
5.03267;
6.40167;
6.84634;
6.75519;
5.65351;
6.33242;
5.34504;
8.12821;
5.29829;
6.11716;
4.96486;
4.30144;
4.27262;
6.0019;
17.6417;
6.58065;
4.33928;
5.38863;
5.43168;
5.83026;
3.96047;
7.53649;
5.41918;
5.39578;
5.44791;
8.23751;
5.67675;
5.04657;
6.96345;
6.31399;
7.23976;
5.5354;
5.12913;
4.50563;
4.51115;
17.733;
8.11218;
5.17459;
5.49692;
5.73745;
6.84579;
5.55406;
7.10549;
5.55917;
5.30905;
5.49231;
5.64736;
4.69526;
4.93891;
5.09302;
3.52938;
7.45819;
5.56583;
4.61254;
4.74519;
3.96263;
6.20133;
6.62782;
3.49825;
4.91567;
5.58186;
6.11119;
6.16706;
17.0235;
4.567;
4.47641;
5.90045;
5.07622;
5.36556;
7.72575;
7.71065;
6.60343;
8.42672;
5.91288;
7.2887;
5.53503;
5.40744;
4.01089;
4.57863;
7.38263;
18.4216;
5.35221;
7.87996;
4.31738;
11.6014;
6.73023;
5.75221;
6.41686;
5.72395;
5.90198;
4.8786;
6.28211;
6.78572;
4.44449;
8.36539;
5.08305;
5.96816;
16.6973;
4.07862;
6.43647;
18.4617;
16.0913;
6.90495;
6.59353;
6.20104;
6.17364;
6.38878;
4.6919;
5.74813;
4.96473;
5.86665;
6.54622;
6.23276;
5.43001;
4.46694;
5.6762;
5.30312;
6.42117;
5.04211;
5.97775;
5.82291;
6.38727;
5.98709;
5.23656;
6.69854;
7.52545;
7.06895;
3.02959;
16.0837;
5.94488;
6.52872;
5.72003;
5.25552;
6.78099;
5.52911;
4.26848;
6.62532;
6.44988;
18.137;
5.35636;
4.719;
4.63482;
5.11808;
5.91337;
5.36157;
6.59193;
5.33772;
7.5;
5.57522;
5.57324;
6.10631;
5.19196;
4.14235;
5.90014;
5.01787;
5.73556;
6.62148;
7.664;
16.4003;
3.65677;
7.54069;
5.60703;
5.22091;
4.1041;
5.43913;
6.08063;
4.87755;
4.25675;
5.39905;
5.06697;
8.32629;
5.40548;
5.57326;
5.13484;
6.64179;
6.30033;
6.29522;
13.4788;
8.09275;
4.56886;
4.31748;
5.14982;
3.97903;
4.27358;
4.42566;
5.47653;
5.27625;
5.22592;
6.33156;
7.50559;
4.79549;
8.47374;
4.97943;
5.79474;
19.0807;
7.40638;
7.07605;
5.2961;
5.32069;
5.16751;
6.92353;
5.62424;
5.99666;
7.17169;
7.65067;
5.57952;
7.43488;
3.76131;
5.08853;
7.60016;
5.56153;
6.66942;
4.93515;
5.96821;
6.82942;
4.73539;
4.41335;
7.2083;
6.74834;
5.48395;
5.58783;
20.3344;
4.66133;
6.06432;
5.28477;
6.46248;
7.49232;
4.99799;
8.95051;
6.43723;
4.52237;
5.974;
3.31219;
5.23647;
5.07974;
6.77016;
5.61762;
4.98099;
4.78594;
6.43519;
5.18356;
5.6288;
5.46514;
4.13416;
6.12619;
5.21954;
7.50896;
7.22566;
4.89461;
5.63754;
5.22071;
13.5307;
5.93028;
5.58597;
4.97426;
5.16783;
5.78955;
4.47894;
5.61502;
5.91408;
4.45984;
4.71174;
5.16212;
5.49484;
4.74355;
5.57988;
3.99843;
5.29398;
5.51359;
5.85898;
15.7809;
4.74912;
4.42839;
6.1683;
3.83735;
3.76683;
7.14533;
5.81981;
5.24538;
5.04192;
4.6942;
5.93753;
4.38921;
4.9935;
5.77543;
4.91159;
6.53347;
5.34992;
5.24786;
5.91239;
5.25217;
6.98497;
6.15432;
4.89515;
6.02416;
5.73046;
7.28442;
7.56086;
5.5791;
4.51567;
4.92546;
5.15787;
4.54327;
7.34065;
6.52753;
3.82167;
3.53587;
4.40847;
3.96037;
6.39101;
14.8158;
5.73006;
6.10524;
3.46718;
5.31787;
4.98283;
6.40365;
4.81385;
6.51216;
4.81752;
6.04269;
5.94332;
6.63793;
4.74785;
17.7293;
5.38856;
3.25131;
4.29575;
6.13194;
5.288;
3.80957;
5.83319;
4.65953;
4.605;
5.40658;
5.84067;
5.24327;
6.01765;
6.94058;
7.29888;
4.16989;
5.6645;
6.00874;
5.45532;
6.64489;
5.5942;
5.58708;
6.05392;
5.65907;
19.0603;
17.8328;
5.17944;
3.88371;
6.71368;
5.93056;
4.96547;
3.96542;
3.78815;
19.1285;
6.12887;
5.67575;
4.59893;
5.44467;
4.98606;
5.73797;
4.87173;
4.99457;
3.90194;
4.60116;
5.5945;
4.80796;
6.01377;
5.76765;
4.967;
4.88783;
5.08924;
5.82704;
21.1158;
5.74187;
3.82534;
5.17943;
4.56432;
4.63609;
4.55678;
4.24415;
5.85125;
4.11466;
5.92685;
4.63578;
6.61163;
5.67749;
6.04469;
3.85171;
5.19048;
21.2097;
20.8008;
6.58717;
4.4285;
6.38013;
5.57878;
7.031;
5.13016;
5.75286;
5.65348;
4.07414;
4.4155;
5.76618;
5.13223;
6.05187;
7.05718;
5.88834;
5.33188;
5.91153;
4.49591;
14.7618;
5.4299;
4.73084;
4.71829;
5.56594;
6.3169;
3.75454;
6.14945;
5.7705;
5.05716;
7.52382;
6.59114;
18.9264;
4.43726;
4.20155;
7.30355;
4.33837;
4.01719;
4.10877;
4.76078;
5.20065;
4.25472;
4.58681;
5.21855;
4.48228;
4.36138;
6.82685;
5.63405;
5.60806;
4.79419;
7.15507;
5.40044;
5.35189;
4.0084;
6.15594;
5.11298;
4.89153;
4.42619;
4.51272;
17.1958;
4.21702;
5.6771;
5.97174;
7.37563;
6.54612;
4.41927;
19.137;
4.26474;
5.93732;
4.64611;
6.22619;
6.88302;
5.04259;
5.78312;
7.39754;
4.52061;
4.42374;
5.7634;
3.66589;
5.85771;
4.77581;
5.3126;
7.35407;
4.23894;
20.0196;
4.02559;
4.86091;
4.68187;
4.81805;
4.78544;
5.59238;
5.80144;
4.99784;
4.15447;
5.82174;
7.17192;
4.71989;
14.1627;
4.64804;
4.88221;
6.13656;
6.59845;
6.00296;
4.68106;
4.46091;
6.67648;
5.76153;
4.99526;
5.59936;
4.04074;
3.57433;
4.50531;
18.4341;
4.57515;
5.38435;
4.01491;
3.29749;
4.56516;
4.71065;
4.61817;
4.24777;
5.27319;
6.63637;
5.53191;
6.91048;
6.75787;
4.52833;
3.73587;
5.03782;
5.16926;
5.5589;
4.93572;
5.69578;
3.6902;
6.25751;
2.98215;
4.18177;
5.27596;
4.44058;
4.80424;
6.07587;
5.87952;
5.02902;
4.79058;
4.00499;
6.91309;
4.84909;
4.77294;
5.07666;
3.95628;
4.85794;
5.57494;
4.97364;
4.44594;
3.88946;
1.64805;
6.38574;
3.31892;
4.04576;
4.17013;
5.02642;
6.18751;
5.64543;
17.1074;
3.46211;
3.75983;
4.75898;
6.0442;
6.30636;
3.81541;
4.06293;
18.8661;
5.2839;
5.12554;
6.06164;
5.44817;
5.73639;
5.19605;
4.21924;
5.7831;
6.0358;
4.63954;
3.55288;
4.36231;
4.98305;
6.11537;
7.55072;
5.97874;
3.84187;
5.49638;
5.6102;
21.4661;
6.24695;
3.54833;
4.41404;
4.79001;
3.5997;
5.56768;
6.82262;
4.24731;
6.25616;
3.43582;
4.28566;
5.85184;
6.02606;
5.17952;
4.74064;
4.01553;
4.65305;
6.59615;
4.46477;
5.19596;
17.6748;
6.47549;
1.47134;
6.32335;
5.30315;
4.23413;
5.61456;
5.56553;
3.87783;
5.36973;
5.35757;
6.14532;
3.82737;
4.46857;
5.09541;
2.9961;
5.47016;
4.51093;
6.27706;
4.05657;
4.06041;
5.61709;
3.60481;
4.50529;
4.41896;
4.53659;
3.87359;
4.12127;
5.85353;
3.24019;
3.87891;
4.50177;
4.53184;
4.97264;
5.86608;
6.06409;
4.68071;
4.14642;
4.17398;
3.66651;
4.05975;
4.03654;
5.75197;
4.20693;
4.1965;
5.21395;
5.02121;
5.67576;
3.45989;
7.25002;
3.21653;
4.1;
3.33704;
5.00121;
3.81479;
4.86302;
6.47184;
4.81958;
5.26911;
4.44595;
4.62656;
19.5887;
5.5449;
4.73031;
4.65895;
5.46149;
2.55314;
6.79926;
8.76475;
3.93665;
5.38822;
4.05752;
4.92553;
4.53863;
3.4603;
16.6176;
3.07558;
3.30705;
4.03917;
3.91663;
5.11122;
6.10005;
4.21611;
4.43671;
5.03209;
4.89753;
3.69126;
5.60268;
6.71516;
4.52716;
5.11872;
3.54316;
2.58394;
4.86268;
3.81919;
4.93886;
5.89306;
6.71455;
4.39686;
3.0526;
4.25204;
3.3397;
3.87502;
3.65568;
6.61683;
4.4043;
3.35097;
4.04346;
5.62606;
5.2076;
5.93651;
6.6341;
2.45997;
4.49859;
5.80812;
3.41688;
3.47949;
4.27702;
16.9707;
4.60339;
8.02381;
6.13203;
5.44407;
5.64522;
4.44523;
3.45672;
5.65114;
3.94795;
3.80108;
4.26529;
5.29088;
3.89754;
3.26843;
4.95863;
6.50469;
3.84218;
4.41396;
3.64408;
5.89104;
4.41782;
4.62914;
4.393;
4.37472;
4.88689;
4.76539;
4.65788;
4.58259;
4.05812;
18.9127;
14.295;
13.5349;
4.12654;
3.52432;
7.13199;
5.56417;
4.20192;
4.66868;
5.49264;
4.77135;
5.63734;
5.49533;
5.739;
4.49596;
18.9543;
4.68465;
3.49373;
4.49114;
4.59691;
4.69489;
4.45009;
3.54813;
4.34231;
4.33886;
5.14147;
2.11621;
3.70391;
3.62799;
3.46628;
17.057;
4.52224;
3.86535;
4.57484;
4.97214;
4.76813;
3.35144;
4.25808;
5.4001;
3.43982;
4.08896;
4.79121;
13.7066;
4.19175;
4.30248;
14.5008;
6.46983;
5.05046;
4.01101;
4.12643;
4.91409;
3.86526;
4.94977;
5.03218;
4.14421;
3.59324;
3.71582;
4.47786;
2.91817;
3.98998;
15.281;
5.78837;
3.90965;
2.58493;
4.39558;
4.32385;
4.24409;
5.02643;
3.46574;
5.09228;
3.89567;
3.83137;
3.21549;
4.98862;
14.7806;
5.53258;
6.17942;
3.14249;
3.05268;
4.49762;
3.86211;
15.0376;
6.72903;
5.08675;
4.37506;
4.16012;
4.22801;
5.1611;
6.60272;
4.18668;
5.0435;
6.80406;
4.50187;
4.02655;
4.35323;
3.85018;
5.81128;
5.54846;
4.86752;
2.72865;
4.78711;
3.85756;
3.56743;
5.59982;
5.70483;
4.33845;
4.74005;
3.55335;
4.45151;
4.97758;
6.15959;
3.65658;
4.87137;
3.2951;
17.287;
5.29038;
3.9933;
3.60836;
3.90986;
5.27652;
4.31815;
4.45558;
5.46874;
4.63205;
16.8845;
21.8493;
3.90739;
4.73891;
5.27586;
4.33943;
4.41992;
2.87183;
3.55215;
23.6335;
3.38857;
4.57309;
4.16632;
6.22396;
4.97651;
3.79497;
4.92437;
4.34683;
4.9849;
4.20132;
4.10809;
4.9895;
5.26574;
4.14567;
3.03058;
2.86805;
5.78869;
6.07437;
4.80641;
15.6721;
3.95317;
3.65659;
6.4538;
3.30272;
17.4974;
5.59414;
3.22044;
6.08006;
5.05981;
4.0037;
3.06049;
4.15652;
4.68842;
3.068;
4.93028;
2.31902;
4.59733;
5.39404;
4.68926;
3.78941;
4.48572;
5.29748;
5.07895;
14.2354;
5.40784;
3.88297;
5.00893;
4.38699;
4.22198;
4.08642;
3.43705;
17.1983;
4.7539;
4.19483;
3.15399;
3.64437;
3.6368;
4.29593;
3.31423;
3.07864;
4.13249;
4.89017;
18.2321;
5.07937;
3.34867;
4.84582;
3.85899;
4.81485;
3.95263;
3.63154;
5.35818;
4.5729;
3.10785;
4.56248;
3.78335;
3.45206;
5.11384;
5.18967;
4.3961;
2.98187;
4.24793;
4.32803;
4.00209;
4.72341;
5.33374;
3.94061;
3.89061;
3.85123;
6.18245;
5.98612;
3.21841;
4.28795;
3.28487;
3.05879;
4.19909;
4.08813;
4.3911;
5.61476;
3.62049;
19.4552;
23.7344;
17.7418;
4.88516;
6.25758;
15.4743;
3.82296;
5.23959;
3.82418;
3.60051;
6.15171;
3.92046;
4.49059;
5.00071;
3.98829;
4.47135;
3.96279;
4.64256;
4.67348;
6.23048;
5.31696;
5.15298;
3.42847;
3.98844;
5.10156;
5.47743;
18.3062;
3.90254;
3.61481;
3.05047;
4.57734;
4.09184;
3.90814;
4.35756;
3.14478;
4.30429;
3.06465;
3.09055;
5.27003;
4.46613;
3.34665;
2.48666;
3.6577;
5.18672;
5.13787;
4.24048;
4.01501;
4.48165;
3.70564;
3.95436;
5.29416;
15.5273;
3.55552;
4.28914;
4.4876;
5.87368;
3.65306;
2.79542;
5.14486;
2.98546;
3.37304;
3.16886;
3.23255;
3.64405;
4.70691;
5.07628;
4.04734;
3.1081;
4.11311;
2.79625;
4.5581;
3.84545;
4.0876;
16.2116;
3.94478;
3.4969;
2.55215;
4.50675;
4.6323;
5.94092;
4.16652;
3.22163;
4.30277;
4.14594;
3.14752;
4.56582;
5.10178;
2.21536;
5.5263;
3.48652;
5.61463;
3.43438;
5.48108;
5.00662;
4.71182;
3.73727;
3.89375;
4.54193;
3.41731;
3.85149;
16.4127;
18.3656;
3.57537;
3.58379;
14.6448;
3.67792;
3.96537;
4.28861;
3.19487;
4.30825;
3.18069;
2.84591;
3.88298;
4.77292;
3.54001;
4.64789;
4.06029;
3.8509;
4.7409;
5.46146;
2.34968;
3.28975;
5.57744;
4.61037;
4.47496;
1.89741;
2.71987;
4.78285;
4.76363;
5.74436;
3.64018;
3.60591;
3.91476;
3.11633;
4.41749;
3.94158;
4.7544;
6.43721;
4.34131;
5.51271;
6.14604;
3.19878;
5.80973;
2.42475;
3.80344;
5.79489;
4.98903;
2.41166;
3.72794;
3.27687;
15.8012;
4.63723;
2.61195;
3.08782;
3.13211;
3.33507;
5.02428;
4.46152;
4.21873;
2.93227;
4.52457;
4.7705;
4.01695;
3.23731;
4.35165;
2.50939;
4.57566;
4.24147;
5.39215;
4.55396;
5.1422;
4.12918;
3.28568;
3.72766;
3.51387;
3.74455;
2.9701;
4.05212;
3.41013;
3.53064;
4.33888;
16.273;
4.47374;
3.04326;
4.10142;
3.91395;
3.1749;
4.04547;
4.6808;
6.48054;
4.05296;
4.14215;
2.85654;
2.84696;
4.52964;
5.09459;
4.71809;
5.49224;
3.74438;
4.09982;
3.53022;
14.7426;
3.75648;
2.73276;
2.64911;
4.15745;
3.48942;
3.10876;
21.5944;
3.56434;
3.64791;
3.74873;
3.49999;
5.52725;
2.86259;
3.50949;
3.502;
2.82961;
2.48025;
3.13009;
3.24988;
3.21682;
4.67917;
2.73478;
4.92809;
3.23451;
4.85068;
4.45818;
4.03231;
4.24735;
3.57798;
3.70523;
5.40892;
3.48181;
4.55774;
2.94951;
5.43673;
4.3124;
3.37916;
3.46443;
4.19773;
3.24689;
3.20924;
4.59474;
3.15602;
2.95177;
5.53409;
2.99123;
5.43553;
18.9335;
3.62593;
2.69721;
3.2877;
4.67739;
2.81648;
2.856;
2.83598;
3.7589;
3.07122;
6.60773;
3.18977;
2.42185;
2.86757;
3.49142;
4.16264;
2.56058;
3.55416;
4.14314;
2.52101;
3.52662;
3.38055;
3.49078;
4.23165;
4.51062;
2.97598;
21.5323;
3.92758;
18.7239;
4.18603;
4.4457;
5.88124;
2.35772;
2.84788;
4.96905;
3.38378;
4.29187;
2.22662;
3.09931;
4.32603;
2.52966;
2.78429;
4.13937;
4.19814;
3.27124;
2.78363;
3.91631;
3.91861;
4.37348;
6.07867;
4.28812;
3.59063;
4.42501;
14.4711;
4.72635;
3.73005;
2.74084;
4.136;
3.58282;
5.17097;
2.2649;
5.41633;
3.83157;
3.98975;
3.9869;
5.08365;
2.11267;
4.26923;
4.77163;
3.36725;
2.91048;
4.70009;
2.74358;
3.36273;
2.63094;
2.39669;
3.82408;
3.71989;
3.9181;
2.44083;
4.17176;
3.66203;
4.2755;
4.02452;
3.57375;
4.18473;
4.26007;
3.97602;
4.02234;
3.44046;
4.24121;
2.55927;
4.0222;
15.8024;
2.95294;
3.26397;
4.13193;
2.53345;
3.57524;
4.69734;
4.01159;
2.82531;
3.60256;
3.75964;
3.31392;
3.35243;
4.21669;
4.02449;
3.82794;
4.31638;
3.65362;
4.8203;
2.8473;
3.26202;
2.26423;
3.60101;
2.88303;
16.8318;
4.52246;
3.47619;
4.5729;
3.10726;
2.19654;
2.91169;
3.88061;
5.01854;
2.54314;
5.04013;
3.28825;
3.65095;
3.37169;
4.65264;
2.60123;
3.74827;
3.18032;
3.13308;
2.92624;
5.05762;
3.93128;
3.60824;
3.04008;
14.6662;
1.14506;
4.07283;
3.71874;
3.58011;
2.64655;
4.396;
3.18754;
4.73051;
2.60552;
3.44899;
15.4458;
2.21944;
3.62857;
2.27231;
2.38447;
4.43729;
4.65511;
4.14778;
4.59357;
4.00594;
3.06243;
3.00538;
4.86546;
3.35909;
4.68794;
4.37019;
5.74495;
4.46182;
3.48464;
4.53141;
3.58041;
3.1013;
2.91633;
3.23509;
3.44099;
3.97198;
3.23493;
4.20646;
2.95796;
6.81732;
5.6865;
2.23546;
3.13966;
3.25831;
4.82719;
4.17245;
4.06773;
5.16299;
4.45219;
2.60262;
3.65667;
4.50613;
4.22942;
2.65807;
0.811992;
3.39859;
19.6381;
3.3223;
4.39785;
3.77071;
3.19427;
4.22752;
4.57603;
3.58296;
4.31841;
3.81473;
16.1912;
2.94218;
4.53454;
4.89232;
1.78468;
4.32046;
3.74183;
2.62175;
3.18339;
4.71875;
4.52761;
4.86484;
2.91169;
3.30251;
14.6398;
4.4049;
3.88597;
4.22567;
3.44319;
3.38606;
4.36538;
2.95648;
2.76455;
2.57285;
3.35252;
2.71971;
2.24183;
2.64444;
4.4442;
2.67822;
3.73763;
4.16049;
3.05165;
4.31009;
4.609;
3.31127;
2.69645;
17.2595;
3.84001;
3.52433;
4.83068;
4.29337;
5.81825;
1.82168;
3.72597;
3.33856;
3.2624;
3.27555;
3.6612;
3.66929;
5.38356;
3.49355;
2.90894;
3.83016;
3.30798;
3.73413;
4.4379;
2.47008;
3.57093;
3.13061;
20.2737;
3.98586;
3.44645;
2.79171;
3.07134;
3.1459;
3.32665;
3.86991;
2.91838;
1.63588;
5.37269;
2.66727;
3.79021;
17.9525;
23.8881;
3.93517;
3.00402;
2.67713;
2.68032;
4.65797;
3.19721;
4.2781;
2.82556;
4.18031;
4.53204;
15.7209;
4.04674;
2.99151;
5.15914;
4.14913;
4.00014;
5.32268;
2.96195;
2.20271;
4.72305;
3.6239;
3.49953;
1.65497;
2.95977;
2.84509;
2.29359;
4.42663;
2.26764;
3.95977;
3.96593;
3.75652;
2.26119;
3.37374;
3.58533;
6.4567;
3.80223;
2.48563;
2.91876;
5.87912;
2.35156;
4.1503;
2.60598;
3.45619;
5.46874;
6.10504;
3.74355;
3.43933;
3.29913;
3.39151;
4.52101;
2.11257;
4.31232;
3.70395;
2.49459;
4.0999;
3.9277;
4.36397;
4.57303;
3.37978;
3.40848;
3.09414;
3.44052;
2.58348;
16.4099;
17.7093;
3.42561;
2.8207;
3.13623;
3.93189;
3.1234;
2.55109;
2.0536;
2.75998;
5.13584;
4.16916;
3.41106;
4.62733;
13.9274;
3.85569;
3.00783;
4.03544;
4.24693;
3.13455;
4.24932;
3.58246;
2.71583;
3.89374;
3.63543;
3.73484;
3.64329;
2.77657;
3.66149;
4.14416;
3.96469;
4.08903;
16.4565;
3.0829;
3.1241;
4.0202;
4.17811;
3.96901;
4.76713;
2.71176;
3.91731;
4.73684;
3.24105;
3.12609;
2.94698;
1.84397;
2.60984;
2.5145;
2.03871;
2.536;
3.48552;
2.30558;
3.08345;
3.26255;
3.18095;
1.58803;
2.7863;
3.38987;
4.28241;
2.49884;
4.20457;
4.33963;
19.2545;
1.94392;
3.67609;
2.75196;
5.42746;
2.79778;
3.96992;
4.17889;
2.61562;
2.53148;
5.45814;
1.74945;
4.36286;
3.30869;
3.38907;
3.07545;
3.61369;
19.3806;
3.61368;
3.98046;
3.93166;
3.20951;
4.28889;
2.66157;
3.62501;
3.28907;
3.6628;
2.4853;
15.0357;
2.43452;
3.80289;
3.41016;
2.53367;
2.71871;
3.37186;
1.70998;
1.6405;
2.77812;
3.28143;
15.6616;
4.12451;
5.11872;
4.25201;
3.89528;
2.77933;
3.28368;
3.70214;
4.21705;
3.99285;
15.9972;
15.9288;
4.25404;
2.78329;
17.4605;
2.39021;
4.41641;
3.05687;
3.69478;
2.63775;
3.36614;
3.61242;
3.89244;
4.48801;
3.1007;
2.19142;
2.41366;
4.19461;
15.3898;
3.18518;
2.83819;
3.1964;
2.94823;
1.66187;
3.37915;
4.37424;
3.4708;
2.92553;
2.56784;
2.09105;
4.02783;
1.79001;
2.2459;
2.35924;
3.701;
2.84336;
2.67157;
2.70556;
4.44968;
21.2055;
2.7869;
2.88081;
1.42652;
2.42108;
4.92782;
3.72905;
4.24376;
1.86886;
2.72364;
5.08127;
14.5591;
2.96651;
2.99976;
3.06727;
2.98989;
4.57669;
2.90522;
3.11061;
2.46479;
5.06083;
3.37378;
4.50148;
2.29048;
3.75454;
2.08853;
4.39248;
2.77771;
2.74426;
1.08782;
4.12692;
3.70761;
2.86213;
2.5674;
3.35233;
3.17911;
16.0483;
2.47368;
4.36502;
4.3202;
3.52921;
2.7537;
2.43816;
2.44123;
3.8457;
2.62545;
2.99515;
3.54794;
3.0993;
3.71345;
3.43385;
3.84914;
3.28761;
1.84169;
3.62995;
3.65001;
2.38132;
3.32409;
2.70112;
2.04611;
2.44172;
3.40598;
2.92143;
2.02514;
3.83961;
2.90596;
2.83826;
4.27805;
2.07748;
1.6723;
3.66703;
14.9106;
3.19761;
2.81853;
3.88246;
2.67535;
3.71007;
4.52146;
2.19446;
2.80285;
3.48839;
2.61743;
3.03047;
2.80964;
2.80936;
3.7315;
2.71428;
2.70556;
2.26933;
3.72499;
3.66223;
3.44165;
3.1168;
3.33599;
2.30023;
14.9539;
1.88019;
3.46083;
4.03875;
2.15564;
1.98867;
3.62635;
3.18024;
2.64047;
2.32219;
3.10073;
2.48194;
3.50839;
2.57829;
3.63927;
2.97796;
3.54959;
4.25579;
2.22516;
5.75232;
2.40817;
15.1801;
3.49409;
2.7239;
2.83002;
3.59359;
3.38808;
3.24109;
3.46525;
2.55072;
4.73508;
3.62904;
3.62952;
2.82363;
2.3461;
2.986;
2.36448;
2.50934;
3.56525;
3.11398;
2.85608;
3.73317;
2.99889;
2.00341;
1.81898;
2.9827;
3.54605;
1.63911;
3.17113;
1.57469;
20.4742;
3.94704;
2.72177;
2.08802;
3.75731;
3.93721;
3.41864;
2.06769;
3.56571;
3.4295;
1.30822;
2.91324;
2.49291;
3.89559;
1.7973;
3.19794;
4.00328;
4.12856;
3.02352;
2.4301;
4.48897;
2.49403;
1.81573;
3.46942;
2.93326;
3.61151;
3.60804;
3.8215;
3.72743;
2.53916;
4.09449;
3.30543;
16.0286;
3.85417;
2.47126;
2.96512;
2.21447;
2.87121;
3.05195;
2.13779;
4.2537;
3.95289;
4.15493;
1.35762;
2.47907;
2.07011;
2.91073;
4.74378;
2.74037;
3.6019;
3.40418;
3.68039;
3.06263;
2.07756;
4.73858;
5.27248;
15.6578;
1.86394;
3.66488;
3.42013;
1.8117;
2.6552;
2.88695;
3.38587;
2.06007;
3.08849;
2.65601;
2.35092;
2.83755;
1.65717;
2.11178;
4.16372;
2.63816;
2.05948;
3.42776;
1.77557;
2.52262;
3.24869;
2.56698;
3.81615;
4.52652;
2.61634;
2.54004;
2.87757;
15.0429;
1.82464;
3.37501;
2.90384;
3.85543;
2.57283;
2.63283;
2.42578;
2.24348;
3.60258;
3.27705;
3.37258;
2.93658;
1.95051;
1.31598;
2.53538;
4.14416;
2.10164;
2.13301;
3.54272;
4.07666;
3.0306;
15.6318;
17.5239;
3.93263;
2.30329;
3.27001;
2.29607;
1.95028;
4.05249;
1.55198;
3.6461;
16.7534;
2.5336;
3.9961;
3.26037;
1.52571;
2.71044;
2.00511;
4.40818;
2.93526;
3.48504;
3.54664;
3.67066;
2.26467;
3.62534;
19.9071;
3.05373;
2.60597;
2.84195;
2.83542;
4.57384;
2.06602;
1.76922;
3.05039;
2.47156;
2.36495;
2.64076;
4.54702;
2.23837;
1.95316;
2.0249;
4.0672;
1.06223;
2.8709;
4.31623;
2.15744;
2.96863;
2.54666;
3.3079;
3.31895;
2.16627;
5.11548;
3.86955;
3.79387;
3.99569;
2.00763;
2.67077;
1.74172;
1.7827;
3.67224;
2.59059;
2.14839;
3.43903;
2.54682;
3.37198;
17.9121;
4.05186;
2.48463;
4.23276;
1.93345;
2.3858;
4.22047;
2.44079;
4.00014;
3.56708;
1.73569;
2.82814;
3.22022;
2.56213;
2.3359;
2.88492;
2.84266;
3.64586;
20.491;
3.55337;
2.02857;
2.30941;
3.04899;
4.2581;
4.22964;
2.58591;
3.66093;
2.85488;
15.2325;
3.73737;
2.28658;
3.06256;
3.73517;
1.64908;
3.70237;
1.94403;
3.25192;
3.28022;
1.74563;
3.83503;
3.58214;
3.68716;
4.53125;
3.09386;
2.53466;
4.4259;
3.40506;
1.40359;
1.58358;
3.0866;
4.15989;
3.36784;
4.1231;
3.83894;
2.34429;
2.39481;
2.53988;
1.57506;
2.42728;
2.13373;
1.91551;
1.64518;
3.94669;
2.36549;
2.62111;
1.45963;
3.30837;
2.3536;
2.83009;
1.46887;
2.77717;
1.9553;
2.60868;
1.84746;
3.11638;
2.30142;
2.63438;
3.48083;
2.88875;
2.45047;
2.5311;
2.5994;
2.75365;
13.2378;
2.70276;
3.09882;
4.07335;
2.09546;
2.53606;
4.35881;
3.74587;
2.17026;
3.45233;
1.47116;
2.62533;
2.40752;
3.33159;
2.97222;
2.87269;
2.12941;
3.56788;
1.96203;
2.82982;
3.39451;
1.12198;
2.36234;
0.977145;
2.43588;
3.58101;
3.17439;
2.17008;
1.85264;
2.58014;
2.43462;
2.09173;
3.0351;
2.64785;
14.8866;
2.71679;
2.96298;
2.8899;
4.45656;
3.48836;
4.03346;
2.22681;
2.34455;
3.63881;
3.18534;
1.186;
2.83099;
2.91745;
2.26846;
2.05241;
1.68273;
2.33629;
5.26413;
2.65914;
2.61569;
2.34162;
3.6821;
3.21697;
2.03382;
3.18611;
1.83708;
2.23213;
2.3438;
2.43284;
2.27346;
2.23591;
13.5216;
3.27903;
1.81357;
2.67882;
2.21476;
3.13716;
1.98959;
3.27767;
1.78695;
2.24927;
2.62091;
2.90117;
3.73299;
2.37274;
1.94071;
2.64401;
3.733;
1.85377;
1.41759;
3.95583;
2.062;
2.17573;
2.89588;
2.86455;
2.06942;
2.11289;
2.74774;
2.59144;
1.66231;
2.16792;
3.2267;
4.12575;
1.05448;
12.7733;
2.68439;
1.76075;
1.89149;
1.67401;
1.78027;
3.0103;
1.85545;
3.13667;
1.57785;
2.21843;
2.34853;
2.23325;
1.19238;
2.76556;
17.1137;
1.35008;
2.18737;
2.49953;
4.26326;
2.1314;
1.62223;
2.006;
3.5883;
2.34299;
2.54163;
18.0307;
2.60714;
1.90445;
2.28687;
3.6884;
2.31147;
2.93791;
1.9503;
1.77168;
2.15859;
1.90337;
2.42314;
2.71213;
2.32367;
2.85231;
4.67722;
2.01668;
2.74901;
2.21101;
1.59313;
3.08548;
1.99332;
16.3414;
1.30859;
1.4413;
3.10346;
1.86091;
2.42116;
4.41806;
2.46859;
2.64055;
2.475;
1.64629;
1.06273;
2.73976;
1.85385;
1.64484;
3.2257;
2.36773;
3.21829;
2.93487;
4.12133;
2.31768;
2.17314;
2.21111;
2.42553;
1.66203;
1.54425;
3.04278;
2.43513;
3.58565;
2.7763;
2.82715;
1.7599;
1.9504;
3.62362;
2.41523;
3.44883;
3.06404;
2.52177;
3.05963;
2.33443;
1.33265;
1.6126;
2.23646;
3.00428;
1.37896;
1.63455;
2.21722;
1.96229;
3.27107;
1.38887;
3.19466;
1.30436;
3.37922;
3.3817;
17.9992;
3.4511;
1.89262;
2.57775;
2.79638;
3.52525;
2.95822;
1.84199;
1.88606;
3.2882;
3.10683;
2.8873;
2.0138;
2.29473;
3.15821;
2.00741;
3.16313;
1.60027;
2.46485;
3.43593;
2.09784;
2.22618;
2.45811;
1.31529;
2.32866;
2.68813;
1.37235;
1.43701;
1.73101;
1.86654;
2.52114;
1.62272;
2.37318;
3.68637;
1.1128;
2.66267;
1.38028;
3.40426;
2.43578;
3.83472;
2.66844;
1.69448;
2.27306;
1.44209;
15.646;
16.9446;
2.79707;
3.1747;
2.71882;
1.68212;
2.45894;
2.51299;
1.82771;
1.66557;
2.56595;
1.85712;
1.87839;
0.961175;
2.03524;
2.85741;
2.01142;
1.83487;
4.22092;
3.59208;
2.21552;
2.4417;
21.0158;
1.27812;
2.01011;
3.14899;
1.71237;
1.93358;
2.9695;
2.04839;
2.17848;
2.22905;
3.58456;
2.76368;
2.54936;
2.02555;
2.69796;
3.36624;
1.99699;
1.94735;
1.7393;
1.90087;
1.33478;
1.4366;
2.92018;
1.13528;
3.2792;
1.38153;
2.09175;
3.74119;
3.13148;
1.39158;
2.47635;
1.65971;
1.1644;
2.70326;
3.22119;
2.05114;
1.96985;
2.16918;
1.93349;
14.3864;
