47.2618;
44.2411;
58.677;
43.1109;
39.4012;
49.3557;
47.1173;
34.0566;
41.527;
55.9653;
52.8149;
38.7339;
42.6837;
34.4308;
50.0426;
42.0518;
40.9187;
39.3365;
59.0047;
64.6816;
32.9483;
55.7711;
58.1989;
63.8819;
38.9665;
52.5743;
47.5112;
48.3408;
65.5789;
44.3826;
52.2193;
29.7213;
52.5272;
63.1139;
40.2096;
45.9015;
56.4938;
40.3269;
33.3643;
60.5449;
42.8608;
68.0022;
46.0472;
43.9139;
51.3145;
37.8065;
48.8042;
37.2202;
62.9306;
44.1669;
60.9368;
35.8573;
60.8993;
71.0994;
65.9436;
49.1461;
59.0149;
28.6129;
45.2108;
41.6026;
37.8771;
39.256;
38.822;
45.4228;
43.5321;
60.4031;
54.195;
63.3148;
42.0502;
64.917;
46.7814;
50.7452;
67.1386;
43.3915;
45.035;
67.0904;
48.1673;
65.4353;
49.5471;
35.3728;
41.6141;
33.66;
45.3984;
48.589;
53.6743;
69.7392;
36.1249;
44.1107;
46.7615;
42.8348;
52.9444;
36.53;
69.6082;
46.3845;
50.4919;
46.1963;
30.0254;
53.0549;
46.3688;
60.6029;
55.6752;
40.2493;
45.8211;
61.6066;
46.3534;
68.0182;
42.2398;
47.9804;
56.9366;
55.5878;
64.807;
39.5401;
44.0188;
65.8018;
47.4465;
71.2039;
47.2087;
49.7215;
46.1499;
66.1129;
42.8352;
41.6639;
40.1053;
35.6334;
55.088;
35.0758;
62.1173;
32.8507;
67.0313;
45.096;
60.4886;
35.7753;
55.5834;
51.9951;
39.6229;
36.0956;
50.291;
37.1134;
49.3279;
44.5463;
36.2477;
33.1012;
53.8412;
47.6065;
55.9903;
30.9894;
34.4764;
53.9557;
49.9384;
37.2811;
43.6421;
36.3572;
52.5462;
54.4424;
56.2487;
54.6245;
47.2256;
63.5568;
59.2933;
47.0984;
36.5099;
42.5822;
46.8417;
42.0627;
46.9699;
46.1414;
42.9615;
40.7339;
46.8202;
42.6664;
57.3059;
40.1817;
29.6562;
35.2038;
34.147;
49.0842;
40.7111;
44.0185;
33.9647;
33.9929;
38.4845;
33.5364;
29.0699;
51.2199;
30.6259;
34.936;
27.2521;
45.3734;
37.054;
45.7877;
52.2255;
36.4;
42.0233;
62.7513;
42.4271;
46.7739;
41.2327;
62.3666;
57.6588;
54.9515;
35.8371;
42.8995;
37.8883;
63.2634;
51.5145;
61.2832;
51.3185;
47.9782;
35.065;
51.6036;
36.959;
40.4254;
46.7034;
39.2096;
66.5333;
55.0095;
65.1028;
34.1017;
35.9458;
38.924;
54.8292;
43.4921;
31.9815;
42.6193;
39.8668;
52.5343;
28.9454;
63.6063;
40.0463;
38.4684;
45.844;
37.4859;
39.8986;
64.626;
42.0084;
46.7975;
47.2335;
61.9673;
32.4235;
33.7553;
39.7337;
46.1565;
41.8124;
50.7723;
38.3563;
57.9717;
58.2159;
36.0089;
44.5563;
38.2163;
42.7226;
15.7921;
44.7308;
35.2172;
38.5774;
42.6747;
42.3892;
43.3446;
42.787;
40.8148;
41.6431;
34.2106;
52.3621;
40.4638;
44.3672;
33.6139;
61.4543;
44.7331;
60.2694;
37.5276;
59.3856;
46.4067;
40.4372;
38.651;
38.0263;
44.3132;
37.6642;
43.8658;
38.6591;
38.4101;
46.1301;
50.6666;
50.131;
47.1537;
28.2662;
42.4612;
47.069;
42.5233;
44.4337;
32.1702;
59.2398;
36.4844;
27.9841;
50.7889;
29.3533;
26.702;
48.1434;
39.6686;
51.1542;
48.6187;
39.7984;
34.3206;
53.4086;
46.1244;
38.1352;
36.8075;
37.4881;
35.6832;
48.3766;
45.0129;
47.5166;
44.2918;
44.8013;
30.0211;
38.8432;
42.4059;
44.1452;
50.4091;
43.3441;
23.7971;
35.3048;
53.7741;
33.0153;
30.6382;
50.5282;
41.9234;
45.7404;
26.2035;
45.202;
36.5926;
42.4522;
45.9631;
37.2624;
40.0637;
38.3216;
34.9935;
46.8784;
44.6584;
32.5182;
25.6464;
53.8866;
48.3589;
45.136;
40.7671;
48.3804;
34.901;
40.9177;
38.9609;
62.3669;
33.0354;
39.8762;
39.9839;
39.1837;
47.096;
52.1586;
42.2063;
33.5766;
41.7827;
53.3701;
50.3386;
41.7132;
53.4912;
40.3959;
31.1016;
56.7931;
34.4439;
40.6584;
37.1825;
37.7723;
38.9554;
44.0224;
31.3969;
57.0626;
63.7589;
52.7693;
56.0027;
38.0488;
54.4798;
58.3437;
39.7463;
42.9084;
57.7962;
59.8224;
38.7354;
36.3406;
48.1519;
36.7933;
43.7359;
42.2543;
43.9719;
56.1101;
34.0993;
35.1293;
53.2759;
44.9703;
38.5508;
32.5435;
27.9197;
39.9724;
29.0755;
47.9886;
38.8094;
29.3421;
37.4657;
53.7443;
52.6538;
59.9211;
51.175;
35.2525;
42.2744;
54.763;
47.4509;
33.2578;
41.3329;
40.1981;
35.9119;
49.8477;
32.5775;
31.5195;
27.9303;
30.9315;
33.129;
36.0165;
50.0028;
46.4504;
53.4739;
60.632;
22.221;
59.6429;
53.8966;
32.6979;
53.1199;
38.9264;
41.1488;
51.9334;
59.0126;
35.984;
40.5986;
32.3683;
36.2173;
42.6154;
37.7095;
40.641;
35.1568;
33.4872;
40.0925;
47.8837;
55.1139;
37.3731;
56.5886;
46.8093;
58.2467;
32.3271;
54.6065;
29.3783;
56.3608;
34.6069;
45.586;
35.7214;
47.8677;
42.1684;
40.9073;
37.6878;
43.1023;
48.9391;
35.1846;
54.5285;
44.0506;
34.7466;
23.348;
25.9473;
47.3812;
41.6344;
31.8258;
41.9687;
50.0247;
44.7968;
40.4559;
25.8766;
43.3901;
48.303;
35.447;
35.8943;
42.9871;
41.3859;
46.0066;
38.5995;
38.1568;
41.6125;
25.4051;
30.0285;
30.4041;
39.3912;
41.3707;
46.3368;
50.8558;
51.5291;
57.0414;
37.8282;
37.8389;
22.9189;
40.967;
22.563;
43.1575;
40.4305;
40.3069;
51.6267;
54.4959;
37.6938;
40.1927;
54.6726;
39.8706;
60.723;
41.6816;
54.7445;
39.3926;
37.5686;
39.8426;
33.67;
44.1659;
35.7284;
36.4005;
33.8934;
37.2249;
39.9713;
27.6415;
60.5278;
48.7177;
30.8228;
34.18;
31.2987;
34.0318;
39.6843;
40.9376;
41.9536;
29.3295;
37.0408;
44.6059;
40.4141;
46.9997;
39.8692;
55.6468;
34.7273;
37.3845;
40.4336;
51.0891;
36.2597;
31.5255;
54.5194;
29.0604;
33.2385;
38.0404;
42.3035;
52.5299;
27.9585;
26.6507;
32.1355;
41.8018;
36.1617;
35.8624;
40.1879;
45.5317;
54.4867;
47.519;
36.1601;
34.381;
37.9199;
38.5151;
37.4839;
47.5129;
40.3841;
36.4733;
48.0667;
35.9229;
41.8744;
30.0284;
35.3633;
37.7147;
45.9797;
28.727;
37.2042;
39.3208;
27.9949;
44.1916;
45.6498;
36.916;
24.7897;
40.4291;
46.6687;
52.8503;
36.9647;
57.2418;
37.5645;
51.3224;
32.1825;
31.3682;
43.9637;
52.9265;
37.8906;
41.5464;
27.2917;
38.8333;
30.1486;
43.9515;
35.9749;
57.4866;
30.755;
37.6215;
38.903;
43.3786;
35.2324;
39.4011;
42.3094;
45.2667;
40.0821;
44.2268;
37.5247;
52.1677;
56.6639;
53.4201;
43.1665;
40.4795;
54.4795;
40.6407;
31.2211;
48.7612;
31.6467;
43.9637;
33.1415;
46.3787;
31.6088;
31.1929;
42.9529;
29.3149;
35.101;
37.9571;
37.8204;
37.9427;
36.2493;
42.488;
36.9294;
39.3456;
32.554;
48.306;
41.2286;
43.36;
37.4654;
41.2701;
24.2018;
46.0584;
27.348;
34.8464;
41.9182;
32.6134;
58.1767;
48.5598;
32.2484;
34.3028;
49.1095;
49.6971;
33.7819;
29.7953;
53.759;
43.7519;
47.0032;
38.7705;
50.5091;
31.5589;
34.216;
30.6502;
43.5252;
28.8389;
37.5265;
23.7978;
50.7057;
39.5493;
19.9803;
41.8012;
47.1431;
34.5318;
53.7906;
35.1777;
36.7453;
25.0826;
53.6127;
50.1222;
26.0051;
49.3287;
28.9082;
41.2343;
34.5963;
38.4591;
35.2767;
31.6303;
33.7099;
39.1972;
33.9567;
29.4228;
38.237;
33.3946;
27.0236;
51.5614;
47.8052;
43.1789;
33.6612;
30.9393;
30.0809;
45.5037;
37.1017;
41.2391;
38.6377;
34.2292;
35.8722;
49.577;
36.4217;
42.911;
46.4242;
55.0722;
43.339;
49.0383;
52.3125;
50.1726;
27.1398;
47.3889;
24.1606;
32.6821;
45.083;
40.0903;
31.5426;
43.9873;
24.5136;
36.8356;
31.4776;
40.9693;
50.3333;
43.3871;
32.1816;
42.3867;
29.9497;
27.6809;
29.9226;
41.4521;
29.6747;
33.175;
34.01;
27.6999;
36.0534;
38.7681;
32.4656;
56.1186;
32.7505;
35.4721;
54.0356;
36.7724;
31.8442;
40.319;
34.5156;
48.3441;
48.3871;
31.7164;
39.7376;
55.0578;
33.685;
38.7649;
38.7863;
38.204;
28.8269;
28.3643;
48.5929;
27.1713;
33.5551;
38.0523;
37.3453;
27.8751;
43.1875;
38.8223;
43.8612;
33.7394;
36.7117;
26.0156;
47.7604;
38.471;
39.6466;
36.9181;
40.516;
33.9477;
33.5989;
37.7236;
40.7583;
46.4013;
46.2306;
39.006;
39.2549;
39.1045;
33.1878;
35.7184;
47.5139;
33.3054;
36.5827;
36.2363;
28.2392;
32.2692;
33.8593;
45.6781;
32.1379;
41.673;
29.8537;
45.004;
40.9708;
38.9463;
36.1421;
29.3918;
41.8772;
37.9919;
27.0494;
33.4115;
37.7586;
42.9505;
35.1636;
57.2929;
32.7948;
45.6645;
38.9381;
34.0234;
35.2881;
36.798;
28.4286;
42.4802;
30.5768;
35.5525;
28.3076;
45.7272;
30.163;
32.2453;
33.2415;
43.1834;
47.5367;
44.6874;
50.7687;
49.1408;
36.9747;
53.3684;
47.173;
30.5158;
47.7979;
30.2553;
52.0669;
40.76;
47.2625;
39.2497;
32.607;
41.9556;
52.4394;
35.8938;
29.0575;
33.9191;
28.4185;
37.3127;
41.9333;
46.2071;
44.3277;
25.5769;
53.6233;
38.0402;
23.8219;
38.2749;
38.7767;
43.5569;
29.5515;
36.5111;
44.4582;
28.7044;
46.6041;
35.4675;
33.1183;
35.0778;
39.816;
28.3756;
38.2228;
41.6295;
34.3385;
40.8848;
41.138;
30.77;
33.2484;
28.0163;
35.3295;
29.4731;
32.1994;
41.7072;
30.5622;
38.0339;
44.1441;
29.2836;
32.5715;
33.139;
41.9302;
37.1405;
45.7004;
37.4021;
40.851;
42.9018;
36.8956;
37.6179;
40.2617;
47.6753;
35.4058;
44.5993;
35.5758;
46.082;
46.1592;
35.8722;
26.3305;
54.2539;
30.3948;
36.6243;
49.2092;
35.6296;
39.9176;
38.5448;
32.2933;
26.6821;
27.8789;
39.8843;
26.8889;
51.6855;
31.723;
47.3894;
45.3335;
23.4585;
30.2651;
36.4163;
33.5108;
33.4033;
37.0199;
29.945;
31.8269;
38.6407;
41.7762;
45.4732;
33.8339;
48.1745;
35.5807;
29.0289;
41.0375;
47.9846;
36.9242;
30.3611;
41.3309;
45.2007;
27.2866;
22.5534;
34.2889;
41.5338;
34.7065;
53.1401;
42.67;
42.9115;
37.9161;
57.8003;
23.0686;
34.5826;
27.2796;
35.0298;
21.4604;
33.7197;
38.6728;
42.7969;
40.63;
32.3886;
35.7136;
31.4551;
40.0734;
44.9452;
41.9824;
34.1958;
42.7995;
46.064;
37.8672;
25.6617;
49.0902;
33.6123;
28.2302;
28.1648;
38.2694;
39.9207;
30.5561;
35.1988;
38.6661;
33.2459;
41.7315;
40.4942;
29.1334;
36.694;
39.3595;
27.1833;
51.4002;
34.9412;
37.4476;
37.7249;
43.5513;
37.879;
32.7736;
32.9363;
49.314;
38.5112;
51.7354;
30.2554;
25.8749;
49.4383;
31.8902;
27.8917;
45.5776;
29.1636;
48.7627;
27.6395;
33.3652;
38.5913;
31.7118;
36.1358;
37.9289;
26.4063;
46.8913;
22.6626;
37.4766;
37.6594;
33.9424;
29.7565;
33.7856;
27.3624;
37.0622;
43.189;
30.0714;
50.9596;
36.3112;
45.6133;
32.1996;
31.0654;
31.5445;
38.0733;
33.8063;
40.3851;
30.049;
42.9882;
27.2684;
32.8656;
30.863;
25.9626;
30.4486;
30.3153;
39.9483;
32.1306;
45.35;
35.9928;
32.888;
39.4768;
42.3247;
25.1948;
45.6797;
32.9325;
41.2842;
42.6568;
33.6651;
35.7444;
39.1278;
32.7862;
33.7784;
39.583;
34.6528;
24.7427;
33.889;
37.9246;
25.9022;
22.7786;
43.2955;
27.0934;
26.6839;
33.8146;
40.409;
45.076;
26.4465;
30.649;
39.0941;
31.291;
34.958;
35.9714;
34.3332;
42.7788;
44.5633;
39.1237;
24.8306;
31.7724;
30.5149;
36.1732;
40.7809;
32.5419;
46.4057;
43.1612;
40.2007;
36.3396;
49.1649;
44.9496;
25.9436;
21.2538;
29.7329;
26.0968;
47.5557;
30.1468;
42.3848;
31.2774;
43.6243;
34.38;
39.8407;
33.9684;
34.1429;
28.3857;
26.3444;
35.4437;
38.8445;
36.7403;
23.8741;
33.6533;
30.4864;
35.5344;
41.365;
33.5386;
44.3234;
32.1345;
39.2503;
39.3047;
30.013;
40.5953;
22.1707;
40.1353;
40.742;
34.5313;
46.968;
34.6076;
34.0622;
42.7764;
43.4726;
32.5372;
25.9976;
34.8306;
44.8501;
31.3631;
50.9983;
52.1436;
22.2874;
27.4489;
29.466;
27.9202;
44.539;
43.9102;
35.5746;
34.4853;
28.1518;
50.6408;
24.8315;
39.68;
45.5638;
44.0648;
26.8842;
31.214;
38.4752;
31.5326;
41.3236;
46.1264;
34.3852;
31.2268;
44.3294;
41.7927;
39.8119;
31.6849;
41.8613;
38.7876;
46.6959;
45.3125;
30.3064;
40.3146;
31.895;
29.1366;
33.7608;
31.5331;
30.8538;
29.4981;
31.1636;
35.2632;
31.8554;
33.4629;
26.5516;
35.5734;
43.7425;
38.4591;
29.0247;
33.846;
27.6811;
43.9955;
44.0409;
29.2227;
35.3439;
39.8719;
33.4471;
42.0121;
30.6333;
47.6887;
32.2204;
26.8738;
26.0207;
45.5814;
54.4879;
45.8557;
38.3316;
25.3394;
43.7364;
27.8651;
29.0404;
40.4897;
51.982;
35.2492;
51.4121;
32.3728;
44.7917;
45.9391;
49.4566;
41.1145;
32.8688;
28.8243;
33.371;
37.8664;
26.9878;
31.2134;
44.9568;
32.1235;
35.4926;
31.2366;
32.6739;
34.5638;
46.595;
28.9762;
43.1766;
32.9922;
26.6872;
39.085;
46.0556;
39.3793;
25.3408;
42.5864;
39.422;
42.6592;
32.5248;
31.2792;
44.5511;
24.1956;
33.0878;
42.8652;
49.0498;
33.5629;
46.9868;
38.9313;
49.035;
36.558;
49.997;
31.0067;
26.5335;
48.6157;
37.9574;
33.564;
37.4919;
46.7064;
31.3457;
26.5367;
20.8772;
34.5522;
41.8939;
44.7563;
36.8426;
40.2099;
38.016;
28.0575;
44.7573;
30.6997;
24.083;
46.2;
40.4752;
43.1772;
36.5906;
36.495;
30.0833;
34.2259;
24.1782;
37.7523;
23.871;
28.4206;
49.1293;
41.2004;
35.6056;
42.2843;
46.1783;
35.9714;
37.2708;
38.3067;
35.6734;
27.8296;
31.8843;
27.6522;
29.3721;
18.712;
45.0713;
38.3703;
29.4521;
33.3344;
31.5549;
27.5242;
32.6853;
36.8711;
29.1839;
43.1886;
28.9686;
43.1666;
31.8593;
32.0812;
16.1687;
41.8458;
45.1268;
43.5762;
35.9294;
28.0177;
48.6861;
44.8268;
25.4421;
34.0373;
32.7803;
29.1009;
40.3289;
27.574;
30.2609;
36.728;
32.0894;
31.1331;
31.379;
28.6547;
51.9355;
35.3346;
27.7278;
24.2476;
29.8675;
25.0698;
36.1848;
36.944;
46.6334;
45.2976;
39.7296;
27.657;
34.3865;
37.0537;
37.7983;
33.4333;
33.2794;
39.3557;
39.6394;
35.0288;
23.8412;
30.3208;
34.0808;
42.7118;
24.9945;
34.0275;
28.559;
42.2335;
28.1104;
38.773;
33.941;
41.9681;
30.0538;
28.0439;
36.3394;
40.4035;
39.5623;
30.3245;
37.3158;
42.6538;
35.8245;
37.0432;
25.6639;
36.2518;
37.1212;
27.8017;
36.8454;
37.499;
34.3498;
41.2016;
25.6409;
27.2729;
29.6628;
37.5085;
33.7608;
43.7768;
39.0738;
38.7872;
42.609;
32.7592;
29.0762;
36.2401;
24.9724;
29.6223;
38.4117;
26.6267;
30.0049;
34.8645;
46.2657;
23.8724;
24.2408;
30.9268;
36.0687;
43.311;
26.433;
37.8023;
33.5496;
30.1258;
42.5813;
23.5555;
25.8316;
44.2044;
31.3056;
33.5991;
27.6491;
32.0099;
31.4306;
37.7235;
31.2843;
34.3345;
32.8533;
36.6277;
39.6539;
20.4991;
40.6908;
31.4458;
27.0067;
32.6675;
24.8665;
35.2712;
46.149;
28.3963;
30.4507;
42.2559;
45.6592;
29.0294;
40.6667;
29.7171;
30.0571;
26.4981;
31.4828;
36.1717;
38.9372;
37.997;
39.5478;
25.3094;
42.6141;
43.5887;
29.0646;
40.7651;
30.8184;
36.0413;
23.6056;
33.0857;
41.1442;
34.4791;
28.801;
38.8333;
19.8113;
36.0198;
31.1438;
32.2879;
34.3443;
31.3597;
31.0156;
30.8586;
36.4612;
49.2264;
37.0596;
31.7629;
28.9096;
19.8809;
26.745;
37.6996;
34.8507;
43.3938;
19.5854;
29.7645;
24.4036;
30.8182;
20.2993;
28.6503;
27.7907;
32.8801;
31.1444;
25.1009;
26.9265;
32.7828;
34.0362;
26.4664;
31.8327;
38.0174;
28.1512;
29.4455;
26.4784;
34.3428;
24.7031;
28.1624;
30.5434;
22.8319;
38.471;
37.9725;
22.6719;
45.6758;
42.111;
39.7282;
39.2975;
39.8082;
28.5099;
35.8079;
42.0075;
35.4755;
24.1813;
34.5131;
32.9274;
32.4126;
19.1458;
33.8671;
32.0961;
28.3302;
36.8543;
44.3189;
39.0366;
21.9394;
24.6892;
36.932;
32.5024;
47.0709;
32.5097;
38.271;
41.0327;
27.4794;
42.0912;
33.2569;
44.0533;
26.7504;
16.5516;
44.6709;
42.6156;
31.8952;
39.8381;
39.0902;
30.5154;
45.4776;
30.3427;
30.2463;
32.8011;
44.2404;
25.5721;
32.7198;
30.2685;
28.804;
30.0656;
28.5588;
27.2867;
23.1728;
43.7044;
44.2283;
36.3621;
34.7534;
33.7608;
28.9534;
31.9344;
30.0785;
21.8104;
47.6661;
31.2714;
22.1218;
43.4675;
36.0132;
33.8913;
40.1266;
26.3941;
32.2156;
30.4708;
31.6915;
32.9613;
24.4742;
33.2052;
23.4455;
31.9207;
33.0379;
29.0135;
40.1242;
28.3995;
25.9137;
41.9725;
38.8923;
44.6277;
33.7622;
41.7675;
43.5399;
25.9633;
33.4757;
26.9858;
38.1964;
31.0464;
32.4636;
34.7243;
42.2791;
32.4002;
18.8796;
27.8147;
38.9737;
34.0083;
34.5685;
31.9656;
31.3926;
41.8795;
41.8309;
26.5151;
37.2186;
27.7374;
38.8029;
33.5982;
28.4221;
30.5824;
38.6325;
32.193;
18.7963;
29.3696;
39.3424;
27.3543;
30.2673;
30.9003;
25.4741;
46.1479;
18.7563;
48.7199;
29.1112;
26.8719;
29.8973;
36.0748;
30.4183;
25.7884;
41.3503;
34.4012;
33.7126;
26.5673;
25.7462;
25.6445;
25.2611;
37.5212;
30.5225;
34.9197;
31.0745;
16.0794;
29.3688;
30.612;
30.083;
42.7185;
26.2093;
41.3877;
31.9705;
35.3028;
35.3361;
23.3832;
38.9559;
18.9552;
29.3007;
38.8679;
21.8342;
32.0054;
19.9768;
32.6479;
38.3628;
33.7861;
20.2485;
20.9335;
30.2648;
34.714;
22.4332;
26.756;
29.4799;
28.3536;
31.312;
27.9514;
32.8724;
22.1649;
31.6492;
34.7342;
41.7549;
26.9379;
30.9483;
37.3272;
42.0588;
37.2751;
26.5325;
28.7481;
24.6948;
31.5981;
29.122;
44.7265;
28.0318;
35.2547;
27.9162;
35.7739;
25.0235;
34.6758;
38.145;
42.6078;
30.4375;
40.1805;
41.9471;
33.0327;
42.6311;
30.0258;
29.2372;
32.9995;
32.6422;
32.3885;
33.0613;
42.4192;
37.1713;
45.4559;
25.751;
34.9474;
22.7641;
36.5547;
38.0611;
31.499;
36.6635;
22.957;
39.4972;
24.9416;
43.8105;
40.1202;
44.3216;
39.1996;
26.3864;
38.4116;
29.3213;
29.3778;
30.0838;
23.5367;
38.8858;
32.93;
28.7969;
26.1064;
38.1558;
37.2922;
34.592;
27.0936;
38.3654;
24.3334;
40.7337;
28.64;
31.4651;
43.1312;
23.7619;
41.0454;
30.5714;
26.2416;
40.9737;
39.5097;
29.556;
36.1843;
38.1094;
33.6059;
31.5262;
30.4368;
36.2443;
39.5087;
39.102;
27.9176;
45.6774;
29.7319;
22.5142;
26.4022;
34.828;
26.6696;
34.5357;
35.0806;
22.9838;
40.9516;
43.173;
25.9686;
27.1448;
32.8151;
26.3628;
24.8781;
23.7204;
28.0452;
31.8715;
34.2705;
43.7207;
24.7852;
43.4992;
31.5926;
38.153;
33.1424;
39.9267;
28.7507;
39.9342;
35.7745;
35.4388;
25.3264;
32.5359;
24.3827;
30.1062;
24.7339;
32.753;
26.1277;
36.4907;
42.8381;
37.5135;
36.774;
37.7547;
26.1608;
29.9075;
44.8833;
41.1316;
42.6922;
33.4227;
40.7881;
27.2821;
29.8436;
27.2279;
32.4822;
40.7523;
36.8985;
33.182;
24.5447;
25.4408;
37.0075;
35.3405;
28.2606;
23.8323;
20.799;
29.5888;
28.2856;
43.4813;
34.5372;
27.9203;
27.7432;
31.6437;
30.5091;
22.0955;
23.5124;
20.7992;
25.4558;
24.2471;
32.0257;
34.3832;
25.1065;
46.349;
30.1151;
23.38;
23.8852;
30.1021;
23.8172;
35.924;
36.6168;
38.1776;
40.978;
38.3774;
31.5096;
35.9792;
27.9496;
41.61;
33.755;
23.876;
25.9146;
25.5616;
45.6249;
29.603;
38.4232;
23.6481;
25.1537;
24.7651;
42.7837;
30.8047;
34.1662;
39.1188;
33.7977;
21.7645;
35.895;
26.2468;
26.9667;
30.4567;
26.7451;
27.4762;
30.7032;
34.2802;
31.7034;
29.8487;
37.0777;
45.3579;
30.8358;
37.0657;
20.4407;
34.9902;
38.0832;
28.3851;
34.598;
27.1596;
27.1443;
28.1324;
31.3375;
29.227;
27.8171;
35.3505;
28.6853;
28.1903;
32.4966;
26.3366;
32.8546;
25.2612;
33.8406;
22.8406;
22.0785;
38.2375;
25.0244;
33.7827;
26.4858;
36.0356;
30.7964;
40.4389;
33.0319;
28.1164;
27.4244;
27.0694;
31.3245;
30.1587;
37.8722;
33.6432;
23.7586;
30.308;
30.7331;
29.7099;
32.5884;
32.0154;
26.0206;
40.6628;
31.1051;
23.898;
29.1369;
35.0471;
29.4987;
34.3809;
27.4916;
22.4645;
38.5071;
43.5646;
34.033;
32.7756;
33.4254;
31.3721;
30.5518;
27.2643;
26.4287;
30.4409;
44.7766;
26.1638;
39.9253;
30.3659;
31.3097;
40.7;
44.2221;
30.7951;
23.2467;
38.5565;
37.173;
37.3539;
46.1542;
29.7634;
32.0322;
31.4686;
21.7671;
41.8291;
35.3226;
24.439;
31.6726;
38.8658;
37.3994;
25.6361;
30.6131;
34.9377;
27.6545;
35.2758;
23.3175;
41.0082;
29.7353;
29.0503;
40.1968;
39.4228;
25.6498;
26.0452;
24.3842;
25.4187;
33.0883;
25.9776;
32.4611;
27.5668;
29.673;
40.1233;
26.1528;
39.5544;
45.2287;
35.4195;
31.1904;
33.0095;
28.7809;
50.7933;
31.1207;
34.1161;
26.2884;
42.6399;
35.396;
26.9692;
36.2236;
41.2154;
29.3948;
39.6248;
37.8224;
25.1786;
34.2782;
39.7807;
25.2046;
26.0905;
36.9422;
30.2224;
29.1627;
25.0544;
24.603;
27.4231;
30.6932;
39.0655;
37.3268;
42.2982;
30.2624;
33.6413;
34.0951;
19.2688;
32.1958;
37.8054;
35.1397;
28.6936;
42.4362;
25.4947;
26.5873;
36.7854;
19.9491;
30.0184;
26.7889;
32.343;
25.9898;
22.823;
28.0032;
21.6588;
34.8511;
30.1217;
33.974;
37.6678;
24.5536;
29.5409;
32.6741;
27.4595;
37.9002;
42.1687;
34.1931;
34.1675;
19.9654;
34.0419;
23.6497;
27.9532;
40.7861;
36.4909;
30.6239;
26.4491;
39.2734;
30.7548;
35.4351;
32.3719;
25.4973;
32.1047;
29.2468;
24.8413;
39.8005;
26.2927;
29.8026;
29.3806;
32.8996;
26.7893;
28.402;
23.2885;
18.1638;
27.9665;
26.7098;
30.0497;
33.2303;
32.4648;
26.9878;
32.2533;
23.9992;
32.6185;
26.2626;
31.9568;
24.1276;
37.5875;
34.8835;
26.322;
25.328;
34.8609;
29.8551;
32.0499;
26.0685;
31.4895;
26.6204;
30.1044;
22.3291;
26.0104;
33.5633;
33.0288;
33.8868;
28.0718;
32.1154;
27.9199;
35.6596;
34.8809;
24.2493;
33.0024;
32.1074;
41.1896;
31.7707;
21.9683;
22.507;
23.0783;
27.4248;
19.9957;
23.0395;
32.3804;
36.9304;
22.1716;
29.2121;
29.2639;
38.65;
31.3817;
34.7209;
25.8161;
28.1702;
35.2083;
26.8552;
23.4042;
38.5198;
32.5669;
32.6551;
33.4399;
20.5666;
35.0828;
25.0517;
26.8986;
29.9832;
25.9241;
32.8112;
27.5372;
26.5373;
37.5919;
33.3617;
18.0984;
36.649;
32.4698;
36.8802;
36.1805;
28.9831;
24.7208;
29.3782;
32.1436;
23.7919;
32.4631;
22.946;
29.024;
39.533;
33.5101;
27.6913;
32.4509;
32.5931;
33.9931;
37.1005;
24.2466;
25.5706;
29.3189;
26.1424;
27.6881;
20.5009;
28.7706;
34.2077;
40.4017;
27.8415;
26.5639;
21.7169;
19.5192;
32.1682;
19.7472;
23.7238;
30.3952;
31.314;
25.3401;
28.6315;
28.1075;
27.3706;
33.7499;
30.9454;
36.1701;
21.1208;
34.782;
33.4695;
24.9093;
40.063;
35.2857;
32.1645;
23.5033;
35.8325;
30.4673;
22.7451;
39.0173;
35.8127;
37.4189;
29.1024;
22.1485;
33.8176;
24.6777;
37.2996;
24.4911;
29.8492;
34.4343;
21.4518;
25.6493;
31.9305;
30.77;
22.8165;
22.9617;
28.973;
16.9669;
28.3627;
34.1337;
30.4667;
38.4006;
18.0979;
23.7936;
19.9683;
16.6661;
21.8304;
37.3276;
35.6584;
26.0354;
34.592;
31.7581;
26.2994;
29.2706;
23.4306;
25.5903;
26.81;
22.5999;
26.645;
33.0403;
29.4904;
35.9311;
33.7149;
19.6928;
37.8148;
16.822;
24.2249;
41.2118;
38.1864;
34.9644;
29.3875;
29.8559;
18.7785;
24.9802;
21.8748;
24.1394;
21.6562;
28.6831;
29.0697;
34.0978;
21.9143;
32.7595;
28.6669;
30.3034;
25.3104;
43.8963;
38.8076;
22.2921;
33.2474;
27.1232;
28.523;
24.133;
29.6203;
20.3197;
22.498;
36.4929;
27.8658;
34.7834;
24.5701;
24.0095;
20.7482;
29.6092;
26.5192;
29.5598;
20.9758;
28.478;
40.0144;
33.9114;
27.8495;
28.0302;
30.7007;
46.9761;
25.6471;
28.6745;
25.8603;
36.9911;
34.6988;
36.135;
24.6323;
30.995;
26.138;
28.1781;
27.3743;
32.05;
20.464;
33.8649;
29.4307;
33.2188;
28.6111;
32.0972;
41.4171;
35.2535;
28.5239;
35.8014;
29.9688;
21.4822;
30.7095;
25.9279;
21.7546;
26.0947;
34.869;
29.9457;
34.8713;
23.8953;
35.7778;
22.1457;
20.205;
30.6003;
29.6789;
35.1767;
31.6999;
24.3869;
28.4238;
27.1783;
26.2089;
30.5343;
28.7067;
24.8561;
25.3083;
26.6728;
36.4458;
26.3633;
26.9519;
23.6579;
27.489;
32.4201;
35.1282;
28.6428;
22.0154;
25.0059;
23.913;
26.8412;
26.6092;
17.8446;
21.8241;
21.4301;
33.7757;
24.1532;
27.0948;
26.3945;
29.4879;
25.0394;
29.9076;
31.7696;
31.7875;
36.1954;
28.9193;
20.2586;
23.2496;
25.8931;
24.6336;
29.1319;
28.1807;
23.3237;
35.6997;
43.6083;
29.6409;
38.9535;
40.3292;
21.9123;
20.769;
38.9861;
31.967;
27.4458;
22.8562;
34.4239;
25.0862;
25.0704;
34.9573;
19.0681;
35.7117;
18.933;
28.2679;
23.1298;
24.5476;
27.8665;
26.4351;
23.1351;
28.1309;
29.9378;
22.4169;
23.1825;
24.3868;
15.6103;
34.5708;
27.7732;
31.1774;
34.5842;
23.9864;
34.3771;
28.6376;
38.7424;
33.0707;
37.2276;
33.715;
29.1525;
31.6552;
28.6003;
25.4646;
28.8659;
33.9698;
30.0073;
24.0483;
27.6341;
24.9445;
25.0348;
23.0644;
33.2348;
27.9164;
25.6976;
24.8032;
27.3442;
28.1023;
32.1826;
29.0662;
28.5313;
32.6814;
35.7424;
36.806;
32.0512;
23.9545;
34.4154;
26.6399;
28.823;
34.5068;
24.2597;
23.5674;
33.6304;
14.0589;
26.5377;
37.7037;
24.2592;
21.8041;
17.7043;
29.0972;
17.3148;
22.7333;
33.1409;
27.2838;
31.5265;
23.8968;
25.6383;
20.6711;
20.8197;
22.9629;
26.6624;
31.6962;
30.9427;
26.3286;
34.288;
25.7406;
26.051;
29.7015;
29.133;
36.6376;
29.2232;
17.2814;
22.6472;
22.2647;
20.5375;
23.4004;
35.4731;
16.9022;
26.8248;
34.3681;
29.5736;
27.2718;
39.4532;
26.8738;
26.9286;
35.227;
29.5315;
22.4657;
30.0571;
29.2583;
35.7748;
25.3036;
27.7134;
22.1396;
24.3188;
41.9619;
35.0429;
32.9144;
20.088;
28.6043;
24.9535;
26.502;
33.6059;
36.734;
39.9715;
28.2371;
26.1444;
35.4675;
35.7513;
36.5239;
24.1621;
23.6416;
27.995;
36.1018;
37.4024;
32.6675;
31.4062;
28.1604;
36.0832;
26.8855;
18.7354;
30.1685;
30.3312;
25.9309;
35.2777;
21.4159;
31.4137;
25.8322;
23.8093;
22.8191;
20.2313;
26.1314;
29.787;
21.7252;
23.9267;
31.3203;
22.664;
22.3977;
31.3923;
27.8628;
18.9021;
26.1958;
29.9627;
19.0253;
21.7564;
21.1962;
29.6955;
27.0642;
31.1807;
39.3657;
27.1337;
27.7132;
30.0645;
39.9892;
25.7286;
25.394;
29.5146;
26.5714;
18.6073;
32.76;
25.6474;
31.3716;
38.4072;
24.8955;
23.8546;
35.9896;
17.8914;
29.0905;
34.7764;
39.3837;
28.4631;
25.7904;
35.5541;
33.7759;
20.604;
27.2579;
31.0177;
27.7757;
25.8587;
28.1876;
28.8435;
23.0858;
20.9792;
24.2975;
24.191;
29.0568;
23.1869;
29.5184;
33.1428;
23.0165;
31.7655;
24.5371;
25.6949;
17.3341;
24.0959;
24.8061;
22.1985;
34.0052;
24.9596;
27.4837;
22.3993;
30.1042;
13.566;
21.755;
29.5444;
28.9724;
15.8069;
22.8718;
39.8269;
31.5828;
32.2686;
27.9766;
26.6665;
27.222;
24.9848;
22.6368;
30.3249;
28.2812;
33.5681;
20.5054;
30.4001;
20.779;
25.2107;
27.4248;
25.295;
25.9171;
27.1422;
19.3543;
32.1903;
22.6682;
19.2395;
25.041;
20.3442;
21.6264;
26.1009;
39.0749;
35.524;
16.1959;
32.8098;
18.7455;
18.9849;
28.5339;
16.1017;
16.9484;
24.1727;
19.514;
21.9657;
32.2082;
23.1138;
34.6002;
34.199;
19.4991;
28.6417;
24.8303;
26.1398;
39.9846;
22.465;
22.6562;
22.1688;
29.664;
30.2474;
24.2469;
24.4887;
29.5962;
26.6533;
33.9949;
41.0838;
30.3022;
27.1245;
24.3808;
21.8788;
25.8871;
27.7121;
31.433;
30.3379;
19.6973;
25.4271;
17.1446;
26.9404;
28.8085;
25.6339;
31.452;
29.0356;
30.5836;
36.264;
25.7214;
24.7525;
19.1806;
23.9148;
28.0479;
26.3302;
27.6232;
15.1977;
30.8922;
27.4886;
22.4909;
26.2786;
23.3669;
35.3451;
28.3751;
36.1076;
33.945;
26.5186;
30.7147;
31.5337;
25.1685;
21.5145;
13.4124;
25.6746;
22.2714;
21.1634;
22.7231;
34.0528;
31.1297;
35.4885;
36.5811;
26.0153;
27.7151;
33.848;
28.9218;
27.3811;
28.6178;
29.1635;
31.1018;
39.0895;
22.7113;
24.1243;
26.5819;
27.8839;
23.7472;
31.0885;
15.4316;
39.6431;
26.4946;
34.7508;
27.8286;
22.557;
27.9048;
18.3217;
24.3481;
29.8403;
21.6748;
25.8243;
23.3215;
25.9776;
30.9191;
25.519;
25.2282;
29.6698;
26.9276;
31.9631;
18.1767;
36.1883;
22.2944;
17.7973;
27.1103;
48.2553;
18.6769;
32.6226;
28.97;
28.3813;
19.0597;
28.0728;
35.2543;
21.6058;
39.3807;
19.0268;
26.1725;
17.6737;
22.1863;
28.3889;
25.162;
20.2084;
27.7267;
32.8515;
22.356;
35.1086;
15.1873;
23.3478;
33.4067;
22.2182;
21.7342;
22.4025;
29.7001;
24.7739;
29.5922;
23.0179;
21.082;
28.6586;
25.8218;
21.691;
20.6256;
29.1542;
36.1902;
19.8227;
31.996;
19.3687;
31.8815;
30.9718;
19.7594;
19.7454;
21.6673;
19.811;
16.4104;
27.653;
29.2067;
27.8684;
27.3407;
21.9315;
17.0406;
19.6799;
16.6161;
26.5881;
23.4265;
29.6883;
20.7459;
35.5154;
30.0614;
31.6369;
32.4716;
18.9578;
30.3806;
28.4028;
16.1726;
21.4303;
33.5657;
19.7219;
20.8733;
28.7054;
27.7814;
17.5778;
31.7156;
24.0825;
23.0221;
22.5564;
35.7503;
21.1983;
20.5222;
26.0916;
24.5666;
32.3853;
22.4996;
29.3561;
25.633;
29.6117;
32.7001;
28.6951;
17.9229;
24.2821;
23.883;
20.0432;
24.2299;
36.4401;
30.5414;
25.104;
18.4733;
25.9258;
35.1124;
21.7114;
29.1912;
33.5532;
33.9541;
28.3635;
30.8436;
28.0331;
18.5704;
25.8551;
31.9632;
25.3113;
18.772;
22.5326;
32.3477;
24.8513;
30.4701;
32.1847;
18.0611;
34.1719;
19.1063;
23.4567;
31.8298;
28.318;
37.1277;
17.3041;
27.9071;
23.8107;
31.1595;
28.9921;
19.5465;
22.4098;
27.2491;
26.6546;
28.2563;
27.4049;
26.7121;
25.5328;
26.8043;
29.3717;
25.8177;
14.3068;
19.9367;
23.1571;
21.2078;
21.5606;
21.9709;
15.5876;
22.6461;
31.4144;
29.2825;
27.5061;
21.6568;
18.1701;
20.9011;
24.8174;
30.4662;
25.2395;
30.5363;
17.9989;
22.7521;
19.4572;
33.357;
32.3709;
24.4164;
23.6333;
34.0095;
23.7112;
24.6639;
25.7207;
34.3947;
27.0839;
23.1934;
22.3405;
27.1956;
36.676;
21.6226;
30.1104;
21.7689;
25.243;
16.6746;
14.9317;
23.3743;
19.2445;
23.7106;
27.6517;
20.7369;
23.3118;
18.0411;
26.8163;
21.0755;
25.9889;
29.307;
18.4775;
26.1756;
25.6769;
20.1568;
28.7194;
23.2814;
20.1352;
25.6056;
36.0861;
25.6043;
30.487;
22.6117;
26.2033;
25.978;
25.8039;
24.1818;
21.0259;
15.5833;
25.9246;
22.4045;
26.3737;
23.5822;
16.1748;
23.2104;
23.4875;
26.5182;
25.789;
29.649;
26.3285;
33.823;
26.0375;
21.2635;
25.1681;
27.4804;
31.4006;
19.8452;
33.7488;
29.1763;
35.731;
19.613;
19.1782;
21.5751;
29.9123;
22.156;
23.3592;
24.8873;
22.9858;
14.8357;
32.8493;
25.6792;
27.6927;
26.0228;
32.7694;
21.8176;
27.677;
38.1863;
32.4203;
19.6882;
35.1085;
28.4922;
20.8639;
25.3886;
25.8567;
15.3438;
36.1727;
18.2615;
29.5982;
26.5614;
21.7235;
28.8115;
22.7247;
26.0975;
29.9277;
20.7901;
29.0271;
30.0004;
25.834;
25.4351;
23.0861;
26.7838;
35.1855;
17.1401;
21.4071;
21.7025;
25.7442;
19.9455;
24.3202;
20.8087;
23.053;
25.116;
19.0241;
24.9462;
33.2375;
31.4444;
39.2973;
18.817;
21.2222;
27.3749;
22.2797;
30.6578;
26.2163;
30.1745;
23.3386;
25.3009;
31.3754;
33.0216;
18.3819;
30.404;
28.6174;
31.0109;
21.7965;
30.8672;
19.8831;
20.6406;
38.25;
25.5268;
26.5971;
24.8778;
27.526;
34.479;
26.6953;
37.407;
41.8576;
27.0548;
14.2563;
35.4668;
23.5594;
21.2072;
21.6942;
29.3052;
21.0374;
19.1043;
22.5194;
29.5844;
19.6472;
19.4699;
28.3717;
20.6447;
27.5215;
19.8071;
20.1947;
30.4531;
36.8497;
22.0762;
16.5655;
23.5601;
31.9377;
35.9855;
19.4186;
27.8657;
29.9784;
23.0917;
25.4794;
18.9842;
22.1687;
30.9759;
19.7589;
24.3444;
23.5177;
17.7774;
20.5232;
24.925;
26.5594;
29.8799;
18.1724;
31.1437;
22.457;
24.2167;
19.0821;
25.759;
19.8751;
20.4668;
30.1649;
18.4719;
24.9825;
13.5573;
32.189;
26.6301;
23.5312;
23.6301;
29.7564;
21.8035;
27.6213;
28.1248;
25.1863;
32.3126;
27.1358;
30.1073;
25.5142;
18.6837;
20.0047;
23.8952;
23.2169;
24.1934;
25.1905;
20.6896;
27.1506;
22.6066;
18.9302;
20.716;
26.9843;
17.8521;
23.4517;
15.1574;
19.2913;
22.3137;
17.6514;
27.4107;
23.3489;
18.7988;
33.7987;
20.0612;
26.7327;
20.9635;
24.7698;
22.785;
26.9419;
32.3501;
17.688;
33.1336;
12.9831;
32.9969;
23.5564;
26.7196;
24.7731;
26.6081;
27.3409;
19.9334;
24.4317;
30.2022;
17.7212;
15.6962;
36.8852;
20.2661;
32.1505;
25.7212;
26.4548;
21.5034;
23.9183;
22.1421;
23.8258;
22.8337;
18.2291;
25.6037;
18.5316;
36.7683;
29.9144;
18.9533;
25.3207;
20.7127;
20.6788;
20.9999;
26.1349;
21.7828;
19.2883;
26.3367;
22.2077;
27.8642;
21.2772;
18.6903;
32.9183;
21.2501;
14.2486;
19.8456;
23.0096;
12.7037;
28.4559;
21.7913;
40.6066;
18.9003;
29.5474;
22.6664;
20.5114;
29.4796;
24.9596;
24.7057;
16.2915;
21.1896;
21.0228;
12.7253;
16.1756;
17.477;
23.2435;
28.0629;
25.9568;
21.9962;
20.171;
18.929;
25.4279;
20.0111;
27.5542;
26.8809;
13.3669;
34.1478;
31.6123;
19.8557;
27.441;
27.4721;
25.4382;
24.9134;
22.1823;
26.4045;
15.4144;
27.2082;
16.2179;
23.2496;
15.3877;
27.2241;
21.4977;
27.3005;
21.8246;
19.6305;
21.2803;
18.7372;
27.1207;
17.094;
32.7072;
24.7528;
34.1385;
21.1953;
18.9841;
22.9049;
22.6243;
21.5817;
17.0768;
17.3823;
32.182;
21.9008;
15.5881;
23.4334;
32.7647;
36.7822;
17.0036;
12.9481;
23.6583;
16.0708;
28.7551;
22.9078;
22.0247;
21.6699;
19.6692;
31.7392;
21.7513;
29.327;
30.3203;
31.4039;
18.0527;
23.6032;
33.286;
19.3643;
19.2104;
23.0262;
25.2315;
22.3559;
22.7912;
16.4638;
18.1392;
31.6326;
21.2877;
29.1566;
32.0245;
22.6268;
20.3249;
29.9981;
22.4422;
17.643;
24.7113;
25.01;
11.2861;
27.6603;
15.8619;
22.0687;
33.5709;
15.8256;
22.5382;
33.5045;
31.0061;
25.4298;
21.6558;
26.3385;
24.9203;
19.3017;
26.1992;
23.4617;
31.4176;
30.1334;
24.378;
18.8417;
22.3491;
17.7194;
17.593;
32.1329;
24.4012;
32.5885;
30.3109;
14.1643;
20.5356;
20.5418;
24.5541;
20.537;
23.0383;
17.6399;
20.1208;
21.1199;
31.4964;
23.6412;
20.2791;
17.7787;
32.9979;
20.6923;
27.9263;
17.613;
17.2141;
21.1667;
20.1247;
23.3841;
32.3879;
33.4866;
17.1372;
32.092;
16.8289;
15.3739;
20.4957;
16.4917;
20.0636;
26.7774;
17.1797;
25.8231;
24.3588;
35.868;
23.0436;
15.6041;
22.1418;
23.7629;
25.8971;
18.8731;
25.3636;
22.3239;
18.6023;
25.8932;
12.1242;
20.0886;
19.4891;
33.995;
19.1786;
27.9384;
29.9357;
30.3706;
21.5312;
24.113;
25.011;
24.8957;
12.8278;
30.1376;
18.7464;
30.8079;
16.2306;
20.0783;
17.4599;
16.439;
23.4295;
24.0604;
20.7829;
22.2716;
18.8441;
23.9022;
26.9972;
16.7583;
21.4661;
20.3137;
24.2071;
22.6368;
20.8723;
18.8533;
20.0197;
19.4152;
20.1331;
16.25;
13.7432;
17.3677;
20.9048;
34.7505;
24.0089;
20.5786;
20.4886;
33.4151;
35.3449;
30.2182;
35.736;
21.2432;
17.7262;
33.4032;
28.7345;
20.941;
17.6951;
29.4259;
24.5895;
19.8295;
24.17;
19.86;
22.7162;
32.0657;
19.878;
16.8536;
18.8555;
22.9836;
31.4705;
14.5715;
32.3967;
14.6343;
15.7747;
17.0517;
22.3514;
30.2887;
15.8078;
36.5437;
24.9682;
18.225;
20.2063;
17.9449;
24.0112;
24.235;
19.929;
22.5675;
23.1948;
26.9022;
34.1767;
17.5683;
26.9067;
27.2402;
21.6352;
31.782;
26.3489;
28.0094;
14.8891;
24.7123;
21.897;
24.9197;
29.1786;
29.6854;
20.4949;
20.9611;
13.5799;
23.8761;
22.2761;
19.2681;
24.2816;
26.2515;
20.6309;
15.9513;
29.2586;
22.1691;
23.1115;
27.2926;
17.7535;
25.9476;
19.6926;
19.2029;
21.0968;
18.184;
25.4518;
25.3519;
19.4355;
15.9718;
26.2488;
24.2265;
21.8278;
12.9837;
28.7654;
13.7029;
20.2009;
19.625;
22.1824;
23.6196;
22.0047;
23.7061;
22.4589;
20.6402;
18.2138;
20.9608;
22.8325;
29.0645;
18.8436;
21.0239;
20.7814;
17.3642;
20.1157;
23.1975;
22.6182;
19.4318;
22.7718;
24.1674;
26.5077;
22.9138;
21.0834;
25.0523;
22.9329;
18.522;
27.1847;
38.7211;
27.3329;
33.0955;
19.8363;
23.6067;
24.3406;
20.6971;
25.1601;
29.3812;
21.0333;
22.4152;
26.7324;
19.2455;
24.9484;
23.3687;
18.8251;
23.981;
20.2486;
11.72;
19.8203;
24.4005;
13.9937;
22.9778;
26.382;
15.202;
32.4034;
25.3237;
30.7514;
21.9404;
15.34;
25.2131;
35.8476;
22.4741;
19.0093;
19.6278;
11.6486;
16.6044;
21.5872;
31.9209;
28.6866;
22.0012;
19.3657;
21.239;
31.5591;
27.9939;
38.9833;
17.0263;
20.8147;
17.813;
15.3514;
29.6836;
22.4093;
22.3848;
25.7257;
23.3072;
26.2963;
26.9868;
21.042;
20.3489;
13.8159;
20.5486;
23.1516;
21.561;
14.4755;
18.1002;
19.1863;
20.482;
30.5411;
30.9923;
23.5719;
15.3812;
19.6997;
19.5798;
17.8915;
20.4795;
20.3335;
25.5046;
23.8562;
21.1947;
21.5257;
23.0349;
19.4497;
25.2267;
22.7275;
17.7108;
30.4271;
20.6331;
31.1304;
23.3125;
23.7992;
30.9999;
18.8744;
15.1836;
23.1117;
15.6102;
17.3145;
19.4635;
23.2777;
25.3162;
18.252;
18.6025;
24.5428;
19.5793;
31.8357;
16.4939;
22.2391;
20.9684;
25.1442;
23.1092;
23.5257;
15.4755;
25.6665;
25.9553;
20.0508;
17.8873;
15.2551;
24.72;
22.8809;
18.8655;
32.1312;
22.2346;
19.8584;
34.4491;
23.3354;
37.4819;
19.8826;
22.2894;
27.1738;
35.2998;
18.264;
17.306;
22.8217;
24.3837;
15.1278;
20.7801;
13.6975;
27.583;
29.5753;
25.1917;
15.2694;
20.738;
17.0904;
23.3905;
18.8456;
22.357;
14.378;
14.2793;
31.9336;
19.0188;
22.4058;
17.4663;
22.7423;
17.7189;
27.459;
31.6013;
18.6898;
23.1394;
34.9299;
30.6117;
34.1194;
17.837;
26.0184;
20.327;
20.0989;
19.8839;
20.6548;
18.2168;
25.1829;
20.592;
24.817;
28.3832;
15.2226;
29.79;
20.3906;
28.6511;
16.0844;
21.5647;
22.2119;
19.7154;
16.712;
12.9018;
22.7245;
18.4795;
27.2996;
33.7692;
17.4282;
12.7442;
25.0618;
20.6859;
25.7032;
22.7869;
23.7931;
19.7265;
25.3796;
27.5715;
23.412;
21.2574;
17.9546;
22.2341;
22.7525;
22.142;
14.2191;
16.95;
15.7401;
20.535;
34.292;
14.2713;
33.5376;
31.5584;
18.9811;
24.0299;
21.9579;
16.7627;
32.994;
20.6933;
21.3024;
13.4285;
21.7893;
22.3955;
15.5287;
22.94;
19.266;
17.321;
24.8912;
18.4041;
21.2495;
28.1738;
27.7178;
21.9683;
23.7668;
22.4571;
16.3082;
17.5325;
20.9991;
18.4817;
36.1897;
30.6285;
19.8504;
25.4397;
18.1389;
19.9271;
20.2539;
32.2945;
13.3666;
29.6853;
23.9043;
24.4481;
19.1155;
14.9488;
26.7489;
23.814;
15.2226;
22.6951;
20.1091;
39.127;
24.5402;
22.9369;
24.1682;
19.7977;
22.3994;
33.3895;
22.5392;
16.5261;
29.9601;
15.9099;
16.663;
15.3495;
21.3391;
24.1304;
13.9565;
12.2746;
21.632;
23.3564;
32.5883;
29.4353;
17.3546;
20.5894;
26.1931;
17.7407;
22.7926;
18.8527;
13.9028;
23.4651;
16.0875;
18.9437;
25.1544;
24.7763;
15.9212;
25.7207;
24.5301;
28.6224;
35.447;
17.9654;
14.751;
20.8049;
25.5428;
20.5234;
27.2047;
23.6341;
18.2914;
16.538;
26.5165;
19.5073;
23.2129;
32.3552;
24.3986;
31.4605;
16.3925;
24.1935;
19.7001;
12.0274;
23.1069;
16.3498;
23.2739;
24.0592;
20.2476;
35.0518;
18.0065;
18.2029;
21.5986;
22.7119;
20.6966;
25.6098;
34.3391;
12.6121;
20.6877;
14.1832;
23.1666;
23.1479;
16.4282;
20.0168;
24.2647;
19.1879;
15.7792;
20.9063;
23.4939;
11.5608;
19.9051;
17.6429;
24.9755;
16.4526;
22.2778;
26.3137;
19.4319;
21.434;
14.0104;
23.5418;
19.2263;
28.3294;
22.6279;
16.0636;
14.0092;
18.0462;
20.3929;
23.9873;
12.545;
12.3028;
20.5512;
22.046;
17.2902;
25.423;
32.9068;
11.9743;
19.6782;
14.5021;
32.6392;
21.8081;
17.5226;
18.8547;
37.2458;
19.3124;
22.249;
21.0242;
13.6092;
20.1128;
24.0285;
23.0623;
17.9805;
16.4893;
17.6295;
19.505;
19.2916;
18.0424;
15.0734;
15.285;
21.4103;
26.0788;
21.1592;
14.2703;
20.8125;
24.3501;
24.4457;
29.0997;
28.0732;
12.1854;
37.5982;
21.424;
19.3598;
24.246;
17.9056;
20.9898;
24.3368;
15.3688;
12.2973;
13.6343;
35.6053;
27.0369;
33.0722;
30.5713;
33.6032;
14.9313;
23.4196;
18.0096;
17.9681;
17.3857;
17.1638;
21.0267;
22.4462;
22.9851;
22.4582;
24.1986;
28.0316;
22.0724;
15.9327;
17.563;
16.3581;
17.6572;
15.7719;
27.3753;
20.014;
12.0402;
14.6234;
16.0366;
30.7442;
17.0259;
18.3639;
18.4974;
26.0624;
18.9649;
21.7513;
15.6367;
22.8295;
12.325;
17.9911;
15.1261;
11.0669;
16.6803;
38.0889;
23.7091;
26.7594;
16.5117;
19.8959;
16.1764;
20.8467;
31.5944;
19.4284;
30.7142;
12.0997;
34.2153;
33.2244;
21.6756;
20.1036;
15.9522;
18.3095;
14.8767;
23.4658;
20.0388;
20.4598;
21.9821;
21.7078;
35.9197;
18.6887;
12.0965;
16.0285;
18.658;
19.3875;
18.5782;
21.9491;
13.5466;
22.7133;
18.6824;
17.1125;
25.2033;
21.0854;
17.1876;
20.0178;
16.5637;
15.9183;
19.5838;
15.2886;
19.8361;
21.3942;
20.1713;
17.2711;
16.9863;
19.0265;
13.819;
21.3427;
20.5997;
17.1818;
14.7793;
34.3072;
28.8565;
17.6378;
35.3429;
17.8136;
12.6985;
19.1092;
25.4054;
19.9144;
16.8914;
27.7561;
19.2066;
32.5534;
24.4065;
15.3975;
16.0367;
22.8057;
18.8903;
20.168;
29.3416;
22.831;
23.71;
16.5738;
19.5083;
7.93243;
14.7867;
23.0498;
15.5502;
16.7231;
21.4274;
24.3777;
14.7095;
20.5854;
13.7872;
18.8837;
19.2523;
14.8795;
37.4489;
20.9504;
24.3467;
18.4322;
18.8225;
17.0544;
21.8206;
18.773;
12.129;
15.3799;
20.0273;
23.9642;
13.1633;
27.879;
14.8444;
10.6755;
22.9862;
23.6382;
16.5745;
19.5151;
16.0008;
24.1587;
20.3612;
20.7427;
17.4213;
16.6962;
17.4556;
18.4206;
15.6646;
20.7335;
23.8624;
16.5366;
16.0841;
12.2363;
37.5366;
18.0996;
20.3392;
26.5568;
17.9932;
17.9756;
18.9599;
17.4262;
17.6685;
26.571;
17.9535;
15.4114;
23.7289;
14.7105;
21.2481;
17.1744;
17.4673;
20.0292;
21.3347;
24.1097;
22.3334;
18.767;
22.6999;
17.2775;
25.668;
19.852;
14.6078;
18.2115;
19.9679;
22.3129;
13.436;
14.4254;
19.3823;
18.083;
32.3828;
14.8718;
13.4765;
9.51695;
29.6826;
13.6647;
21.9326;
16.0881;
16.1534;
15.883;
16.332;
14.4201;
20.2661;
15.3552;
22.8617;
18.3044;
17.4653;
16.9433;
22.1817;
12.4781;
26.7152;
15.9171;
13.7771;
15.1079;
21.3032;
35.4397;
27.9241;
18.8038;
18.6215;
20.6388;
20.2431;
14.6123;
19.1774;
17.7429;
25.4318;
23.3583;
20.2827;
11.198;
17.1828;
12.5279;
33.0526;
17.47;
20.9196;
19.5583;
21.6852;
21.4646;
23.4231;
24.8177;
10.2735;
19.8931;
14.5619;
18.0035;
17.5786;
16.3235;
13.7416;
19.5216;
10.8863;
14.7197;
18.2633;
22.8041;
19.4444;
20.8674;
19.9774;
19.6917;
30.4692;
24.7408;
20.6353;
17.6451;
17.1021;
16.5213;
15.0348;
15.254;
19.7783;
21.688;
18.22;
15.1273;
21.6534;
21.8401;
18.338;
15.7433;
25.7622;
25.682;
17.1222;
15.9197;
22.422;
20.6745;
19.6161;
16.9983;
20.725;
19.9222;
26.8975;
32.5667;
31.1224;
19.8674;
22.3991;
23.5885;
16.905;
14.8398;
13.8925;
32.9068;
18.2903;
30.0983;
21.098;
24.4389;
17.6498;
19.9093;
19.7673;
25.8134;
11.4157;
16.4152;
11.0305;
18.0904;
17.5745;
13.7738;
19.6097;
19.194;
15.5114;
20.8686;
24.1978;
19.7223;
14.5829;
18.3798;
18.4488;
20.636;
29.012;
17.57;
18.4618;
19.6589;
16.4124;
16.4432;
20.3065;
21.6716;
28.4562;
31.0774;
13.2326;
14.5848;
18.9389;
29.4427;
13.57;
19.0947;
14.6267;
27.1169;
29.397;
12.4197;
13.8434;
14.0635;
11.6436;
10.3666;
13.888;
17.1319;
23.8061;
31.7614;
11.3515;
20.1629;
21.2149;
16.8587;
15.5407;
28.5694;
13.3641;
14.3497;
14.4174;
26.4129;
11.3532;
18.2234;
18.3739;
18.8837;
25.1265;
15.3457;
11.8265;
15.8914;
29.4555;
17.9142;
19.8523;
12.9414;
17.3106;
16.6683;
18.3129;
18.628;
20.7469;
17.0164;
15.0913;
13.4896;
13.9742;
14.9944;
23.8071;
23.386;
15.2055;
17.433;
13.7479;
17.9604;
16.9279;
18.1492;
20.1015;
19.2529;
31.1245;
17.2377;
23.8544;
14.1717;
27.8937;
13.1137;
21.3324;
30.1939;
12.4574;
20.5299;
17.1811;
11.9988;
31.8328;
16.7986;
18.5857;
19.5172;
16.5723;
17.7436;
15.953;
13.1205;
13.588;
16.5279;
19.7644;
18.6335;
18.4878;
22.1908;
17.9224;
17.7329;
15.3942;
29.2828;
25.4507;
16.7068;
12.5973;
20.6818;
31.9474;
15.5719;
18.266;
16.1792;
13.5681;
10.7158;
18.23;
16.2565;
15.4641;
18.2195;
37.1829;
18.6611;
16.5414;
16.0829;
19.7903;
15.4504;
11.6824;
29.2287;
21.9552;
14.2967;
22.3892;
10.6545;
21.903;
19.5694;
13.0786;
16.0265;
13.7203;
10.9883;
16.3222;
17.3752;
18.4715;
16.7188;
13.1544;
15.0998;
15.3338;
14.3331;
19.4635;
30.7753;
19.1893;
20.7923;
19.5579;
28.2221;
21.0314;
28.891;
14.6275;
32.2863;
18.5828;
13.0145;
18.4953;
18.7788;
18.8543;
22.4803;
13.2577;
25.1708;
18.6608;
17.3868;
10.7362;
18.3459;
19.1471;
18.0028;
29.4932;
18.1295;
15.0388;
18.014;
18.4453;
25.0181;
24.6856;
23.0704;
30.1602;
16.9502;
18.9225;
14.7254;
21.9531;
21.4249;
15.9819;
20.1491;
16.1484;
21.2016;
16.2952;
17.4567;
22.5152;
15.0401;
13.8431;
23.9321;
15.5299;
23.992;
21.0184;
25.4588;
17.6509;
23.2427;
14.7143;
17.9622;
15.3104;
19.9725;
35.6989;
14.0298;
29.0815;
22.5084;
13.5449;
35.0464;
15.6542;
30.5563;
16.9794;
16.0403;
22.4157;
17.1023;
20.0378;
13.3605;
8.3124;
16.0811;
15.7767;
17.5703;
7.53189;
23.2816;
18.7432;
19.8474;
26.1903;
15.8414;
22.0051;
18.6535;
18.6944;
14.2848;
18.6717;
13.7103;
16.9804;
16.4425;
11.2774;
17.5032;
8.56172;
11.8462;
15.8886;
30.4258;
12.8685;
16.0152;
19.5359;
22.3175;
18.8032;
14.2497;
20.0961;
20.3252;
26.4091;
15.4532;
16.4145;
10.1764;
21.3017;
16.0297;
12.784;
19.4277;
26.2808;
18.1096;
17.4126;
13.9656;
15.8497;
20.6874;
30.3062;
26.4047;
7.65551;
31.0755;
15.8112;
11.6299;
21.5111;
22.5474;
14.74;
21.3755;
10.2942;
22.1954;
27.1906;
17.8586;
12.272;
19.0536;
18.4053;
29.772;
17.6181;
16.9042;
15.774;
23.7213;
16.8995;
20.2032;
12.99;
20.9561;
19.5856;
18.4066;
30.3743;
13.4482;
10.7409;
20.439;
11.0607;
14.9341;
16.4793;
17.3691;
35.8278;
19.6519;
16.3273;
18.7032;
15.4952;
11.9365;
15.4709;
29.8578;
18.9263;
14.7397;
15.3273;
11.3729;
14.1821;
17.0805;
24.067;
17.697;
21.2557;
15.4745;
18.7941;
16.5894;
16.3526;
19.5956;
31.3341;
10.5498;
17.3222;
12.6621;
20.2531;
19.6253;
16.6193;
14.007;
22.3946;
17.2195;
15.9415;
14.0249;
17.2389;
9.59665;
31.4225;
14.1252;
13.3778;
14.9005;
17.9466;
16.0623;
14.7184;
16.2652;
11.6726;
26.9641;
18.7168;
13.8841;
14.4054;
16.6505;
14.4484;
15.4771;
28.0021;
14.5269;
19.0563;
13.9788;
17.4444;
18.5518;
15.1026;
17.456;
13.1884;
16.5364;
16.0559;
20.3177;
28.1519;
15.802;
12.2278;
13.2471;
17.6566;
31.5177;
13.1911;
14.3782;
30.0669;
18.9177;
15.7142;
18.6232;
18.3933;
15.5615;
17.0436;
10.0084;
15.5287;
19.316;
11.5483;
11.9291;
15.3794;
29.9239;
22.7763;
31.2784;
18.5335;
18.4733;
18.4123;
13.1449;
16.4995;
16.8127;
16.9181;
15.6263;
21.3784;
13.6494;
14.3675;
26.9307;
17.7017;
16.9703;
16.2708;
15.5325;
16.6787;
13.6852;
14.3781;
28.9925;
15.7016;
15.1205;
27.1077;
16.1909;
14.2388;
12.0218;
13.0049;
14.1533;
12.2654;
17.434;
29.3795;
15.9634;
25.7457;
29.7826;
14.8829;
20.3345;
19.3247;
21.568;
17.7421;
9.16495;
30.2595;
15.512;
21.9005;
16.9642;
14.0377;
10.1169;
22.374;
19.4991;
15.0188;
14.5638;
11.634;
15.5765;
18.9819;
28.701;
13.6893;
19.6005;
12.0286;
14.4882;
18.4164;
14.7465;
12.2856;
15.0793;
12.718;
17.5539;
10.2394;
33.9538;
14.4922;
9.30179;
14.6077;
15.4439;
13.4548;
32.3288;
19.7743;
19.8719;
28.561;
18.2703;
13.1654;
18.5835;
10.3952;
16.856;
16.5823;
16.7501;
18.1731;
14.8016;
20.0106;
19.7846;
14.4347;
10.6722;
14.6397;
12.2277;
13.4236;
13.9288;
7.53402;
28.51;
10.9604;
13.8889;
10.0232;
14.571;
20.3054;
16.4237;
23.3251;
14.9768;
17.5887;
14.3483;
28.2018;
14.9413;
16.2062;
29.7997;
11.3165;
15.107;
18.1427;
22.3931;
15.6811;
19.9834;
21.83;
11.028;
14.9648;
13.3776;
19.2622;
10.541;
11.8107;
27.6037;
13.7057;
15.8959;
15.6816;
19.0613;
20.3383;
17.9348;
35.5947;
20.3916;
25.8068;
14.0186;
18.7592;
13.5762;
15.3796;
25.9715;
13.301;
15.6143;
14.3645;
18.4434;
15.0472;
20.9356;
25.5067;
14.5766;
15.1131;
27.1862;
18.1753;
13.7684;
14.2528;
15.3537;
17.1094;
12.3199;
14.2899;
20.1029;
16.5227;
11.9063;
13.8837;
18.414;
12.3206;
26.6239;
13.1965;
12.9095;
12.1792;
18.4423;
17.8975;
17.3947;
12.5899;
11.7546;
13.2114;
13.481;
31.7175;
13.3158;
15.6475;
23.7601;
11.2566;
17.7044;
14.5576;
26.1485;
16.3268;
16.2354;
14.8854;
19.527;
16.7271;
14.6632;
15.489;
18.2255;
16.3574;
19.4353;
9.2766;
14.6743;
15.0316;
11.9566;
11.411;
7.16272;
25.3457;
13.0916;
9.11318;
9.64934;
12.2432;
19.6387;
13.313;
18.3537;
10.4842;
14.722;
31.7397;
19.7282;
19.0327;
15.2004;
6.88771;
8.24104;
13.0101;
15.3647;
20.6985;
8.77614;
25.6789;
14.1445;
17.2968;
10.6471;
18.2458;
14.9489;
14.0737;
15.0344;
34.3726;
10.4873;
9.31438;
12.8097;
10.333;
23.3965;
21.6249;
15.4632;
25.551;
16.1506;
11.1962;
14.8177;
14.5021;
18.4607;
10.9477;
19.9829;
23.1577;
12.7401;
12.0189;
17.7986;
15.7962;
31.63;
17.6238;
25.7329;
12.0671;
26.6458;
14.9898;
18.3959;
20.7318;
15.2866;
9.31265;
10.2748;
14.7812;
17.5706;
12.6475;
13.4289;
15.1487;
15.5715;
15.8258;
14.3632;
12.8433;
17.1601;
18.7643;
13.0776;
16.8143;
12.1411;
26.5843;
30.8647;
12.3082;
14.6123;
15.3859;
42.0933;
31.9318;
8.09497;
13.4971;
22.5892;
14.5755;
19.7661;
12.9614;
11.3169;
13.35;
15.7511;
16.4694;
13.264;
13.768;
16.2829;
12.5283;
14.9846;
21.2575;
11.0915;
18.6267;
17.2412;
24.9676;
28.3171;
15.1439;
15.5416;
29.8268;
16.4649;
15.8512;
17.6108;
16.0452;
18.9247;
14.7626;
12.3433;
33.7374;
10.3126;
14.2725;
13.1511;
18.0527;
9.69785;
16.081;
9.76613;
18.0924;
10.2454;
17.5748;
11.0602;
16.4825;
12.1426;
37.4203;
16.6677;
17.6783;
22.0002;
14.1231;
13.182;
13.6776;
13.2805;
16.8287;
18.6022;
18.1663;
19.1951;
14.1213;
10.8004;
30.692;
28.3223;
14.028;
13.5226;
13.8273;
10.9938;
17.1421;
15.516;
13.4244;
27.5582;
12.8236;
13.1211;
15.6627;
11.2373;
12.0353;
14.9133;
10.4036;
13.8386;
20.8144;
26.9164;
18.2691;
13.5308;
13.0959;
15.277;
14.6341;
13.3403;
16.7415;
18.1061;
16.2615;
13.688;
9.74128;
20.0398;
27.1554;
29.7974;
12.8193;
14.1437;
11.5849;
13.807;
9.86192;
16.7785;
28.6566;
8.91681;
23.7465;
14.7236;
17.9798;
14.9761;
13.6115;
8.30209;
14.7936;
12.9958;
13.8332;
12.3021;
11.7914;
16.7606;
9.95425;
9.40767;
18.3943;
14.9033;
9.71296;
14.3217;
16.1456;
17.1026;
27.7006;
16.0524;
20.4743;
11.1751;
12.045;
9.64096;
17.6367;
19.6892;
12.021;
11.2309;
8.29353;
14.0027;
12.8777;
17.4869;
23.5354;
15.1988;
9.85725;
12.9444;
11.67;
15.2118;
19.6799;
29.9221;
15.7132;
10.4647;
12.4551;
15.7282;
19.7061;
26.4781;
15.8882;
13.0507;
14.4768;
20.7588;
12.0638;
13.7761;
10.5876;
15.4873;
30.9351;
11.6876;
15.1243;
23.5956;
15.8194;
19.0646;
33.049;
15.4545;
12.9721;
17.998;
11.9334;
15.178;
10.6921;
13.5278;
10.0901;
9.92788;
14.5521;
14.7498;
16.3126;
7.83893;
34.4016;
19.4062;
13.683;
14.672;
12.255;
13.7167;
18.0278;
15.4019;
22.3891;
13.0591;
16.5013;
12.9414;
23.6952;
13.7118;
30.2561;
13.4416;
13.6236;
17.1841;
14.2802;
16.5583;
10.1958;
14.4802;
13.315;
14.6901;
13.6147;
13.7655;
11.4902;
16.0066;
13.1844;
12.5836;
30.606;
15.8471;
13.1789;
11.9023;
13.7488;
10.3301;
32.152;
11.8431;
27.7215;
17.466;
10.7727;
14.1878;
14.4761;
11.4898;
10.7964;
13.7044;
12.1435;
15.1645;
18.5961;
12.8363;
12.6348;
10.9671;
10.392;
14.7282;
18.4456;
15.1834;
33.2994;
10.2613;
18.5935;
12.1053;
14.9086;
11.503;
16.0414;
12.7652;
17.3343;
11.268;
15.3782;
17.586;
12.1347;
14.3646;
26.4009;
13.5096;
24.9534;
12.1779;
13.2239;
33.199;
11.0253;
12.7906;
6.42673;
15.144;
14.6213;
14.8674;
16.0615;
14.128;
12.2014;
17.0814;
9.07004;
12.9877;
10.9888;
13.8053;
16.3164;
9.77307;
14.7779;
9.64313;
27.0974;
27.3064;
19.868;
9.83643;
10.0726;
15.7394;
13.208;
18.2462;
14.2637;
11.6447;
27.8663;
14.0234;
18.277;
11.3505;
20.3293;
16.6042;
18.9022;
10.1819;
8.76296;
13.6937;
18.6972;
17.1;
8.74081;
11.0831;
11.6413;
27.6096;
10.3573;
16.4921;
26.5395;
8.01271;
10.2881;
11.5349;
14.4698;
12.2854;
13.3343;
11.8328;
16.8727;
14.0873;
17.9247;
15.8547;
17.6128;
16.3486;
15.8258;
10.3818;
12.4619;
26.6287;
30.0541;
19.0623;
18.1999;
27.7441;
9.53814;
14.9972;
13.195;
14.935;
9.65146;
13.3284;
14.8192;
10.7414;
14.7023;
13.717;
14.8843;
17.6296;
14.7461;
13.8387;
14.6975;
7.26161;
27.9148;
11.6727;
16.483;
11.798;
19.702;
10.9839;
9.56922;
12.8089;
21.9648;
12.3697;
13.3385;
14.5263;
14.0816;
24.4825;
9.52489;
15.7538;
9.05243;
8.20212;
15.3623;
14.2391;
17.2527;
13.6739;
17.0607;
18.3411;
18.2718;
20.2316;
10.6753;
17.2101;
9.46435;
7.93137;
17.1859;
14.1011;
24.317;
10.849;
13.2289;
18.6126;
13.1443;
9.07999;
19.3363;
13.7639;
13.9005;
14.005;
26.2723;
10.9524;
11.6897;
12.8616;
8.72836;
16.2107;
13.8847;
12.9635;
24.6555;
16.2603;
12.7045;
14.9065;
14.8072;
11.1718;
14.5407;
14.3443;
14.5121;
9.78513;
14.3199;
15.9391;
11.6837;
16.4176;
14.348;
14.297;
14.1609;
13.7229;
32.0758;
11.7211;
10.161;
10.1521;
14.9992;
16.8095;
12.0302;
12.7635;
32.2536;
9.95337;
17.2238;
8.46806;
30.8504;
31.0561;
19.7617;
13.8693;
11.5443;
29.5861;
12.5136;
11.8273;
22.9935;
8.43756;
16.6631;
19.8846;
13.6064;
13.5083;
13.2777;
8.97997;
12.9146;
28.7476;
7.71115;
10.6409;
12.6749;
15.3152;
14.4785;
13.946;
8.54985;
11.8189;
9.03584;
9.64193;
13.9999;
16.3766;
13.6188;
18.3034;
10.8527;
17.5671;
16.4408;
17.1628;
10.9014;
13.2593;
15.8747;
26.3247;
13.0785;
9.19047;
11.8966;
15.4434;
25.3451;
9.67832;
13.3656;
15.0779;
15.2703;
14.0726;
12.4734;
11.4513;
14.6422;
9.11909;
9.832;
14.9719;
11.3437;
12.9921;
10.5079;
26.3073;
11.063;
28.7943;
11.9749;
13.2522;
9.35051;
14.5615;
9.4063;
12.0224;
15.9038;
19.583;
16.3986;
13.9385;
15.1037;
14.4383;
31.7205;
22.5126;
13.0581;
15.4153;
15.1774;
18.0325;
14.4555;
9.24613;
13.1449;
12.2543;
15.9618;
13.7755;
12.9933;
14.998;
13.3978;
12.4557;
13.1405;
11.8131;
13.5533;
9.455;
16.78;
13.2416;
12.2523;
9.54053;
28.1063;
22.5679;
15.9774;
12.4402;
12.8178;
13.5877;
27.6127;
11.3232;
17.9641;
19.9127;
16.1137;
13.2749;
19.1023;
15.6772;
18.9991;
19.1621;
15.1779;
11.7208;
11.0842;
26.2361;
8.6126;
14.1578;
7.72849;
9.12912;
12.9245;
14.4189;
14.8492;
13.9858;
13.1952;
17.9534;
8.05017;
14.69;
23.6405;
15.6212;
14.3489;
15.7507;
10.1187;
9.54768;
13.2988;
12.2401;
13.7049;
11.0905;
12.076;
23.7629;
10.8811;
14.5419;
7.56139;
14.0807;
10.2313;
12.9119;
12.6168;
11.917;
12.9146;
12.6104;
11.2151;
10.1077;
9.88645;
11.9301;
14.6858;
8.23538;
14.5259;
13.8247;
25.7899;
16.6284;
9.63114;
12.4181;
15.4462;
16.9698;
14.8336;
17.9063;
14.3596;
4.95758;
9.31411;
11.0599;
12.8328;
16.1177;
14.9007;
15.5998;
13.1657;
14.7387;
10.2616;
10.0575;
13.6441;
14.7545;
11.9636;
10.1621;
12.7789;
12.9461;
11.5365;
23.7422;
11.7651;
10.2457;
10.4522;
16.2726;
8.53314;
15.2203;
13.5001;
11.0138;
19.7023;
17.747;
17.3404;
14.0385;
10.6844;
13.1039;
16.1731;
7.52195;
29.3655;
11.4221;
13.0595;
12.2764;
15.139;
12.519;
10.3263;
12.2034;
10.2552;
8.5371;
12.6307;
13.672;
14.4794;
12.7244;
13.0895;
12.9756;
11.722;
18.6568;
15.5447;
13.7543;
11.4234;
16.2572;
10.7535;
9.16051;
10.7994;
10.1075;
26.1071;
16.5102;
4.30055;
16.0129;
15.3079;
13.1396;
14.8625;
15.8227;
10.5535;
7.59401;
13.6789;
10.0723;
18.0438;
7.80526;
12.1583;
13.7482;
10.003;
15.2267;
25.3859;
12.7317;
14.0977;
17.5638;
13.9324;
11.8206;
13.7024;
13.3047;
13.4463;
10.5784;
10.9792;
11.6201;
12.5837;
10.2528;
9.54861;
13.9469;
9.8565;
11.9618;
25.4618;
11.4983;
16.3393;
8.49398;
11.8734;
13.8112;
10.8988;
15.6164;
13.9864;
13.0986;
15.3875;
10.5532;
14.3236;
12.9776;
10.3105;
21.6498;
9.82823;
13.375;
14.4651;
13.3408;
16.4092;
9.73704;
13.4047;
8.06272;
10.4206;
9.31264;
10.495;
12.3845;
12.3113;
8.96044;
11.0084;
13.1444;
16.5089;
14.2283;
11.2117;
8.73655;
14.7576;
12.9428;
16.2472;
14.7784;
6.25378;
11.2499;
13.3119;
11.111;
12.4086;
16.3847;
13.4032;
14.1837;
22.9701;
10.0185;
10.8735;
12.0776;
11.1681;
14.6342;
12.356;
12.6375;
25.9915;
23.855;
25.9533;
15.2097;
8.77063;
14.1067;
15.7975;
15.5176;
10.1038;
14.1275;
12.3332;
6.38628;
13.9541;
15.2398;
10.5884;
23.011;
15.6388;
12.8004;
13.0471;
9.40904;
10.8917;
9.5863;
12.4471;
11.4541;
14.0498;
10.7488;
12.3071;
9.46767;
13.4697;
26.4303;
12.1052;
12.8398;
7.20996;
14.8295;
19.5715;
12.1442;
13.0836;
13.2577;
12.1587;
11.4532;
10.6237;
9.09495;
13.745;
12.5124;
12.5166;
15.7663;
10.6289;
11.7242;
9.27865;
11.6505;
8.33628;
8.39397;
31.4381;
11.8657;
12.7361;
11.7898;
8.2448;
8.00692;
10.6811;
3.51053;
11.5099;
9.94594;
11.2921;
12.7465;
16.2097;
10.3756;
10.1512;
13.1132;
14.4032;
12.1186;
15.3085;
13.9368;
10.0895;
8.96156;
10.4706;
15.0763;
11.2654;
13.4749;
12.3923;
13.7022;
9.56717;
11.0517;
9.9509;
13.7158;
8.52987;
24.8019;
13.3786;
13.5413;
11.3326;
14.4348;
12.624;
11.6831;
12.6385;
8.74542;
8.95134;
11.0337;
8.32778;
8.86919;
15.1314;
9.1563;
11.0674;
13.2236;
11.4341;
13.1356;
9.10256;
10.8228;
12.3687;
13.8206;
16.4516;
26.5018;
13.7247;
9.54398;
24.3307;
12.6544;
12.5278;
13.68;
12.8835;
8.89912;
10.8598;
11.4201;
6.06997;
12.2789;
10.6736;
6.36504;
6.24058;
11.0722;
11.0853;
6.72461;
9.64705;
7.94254;
12.2423;
12.9245;
10.9702;
7.85844;
5.53003;
11.8967;
5.44071;
6.77434;
10.9626;
13.7359;
5.61563;
15.7965;
10.5621;
8.55037;
17.0007;
13.7798;
9.8265;
11.4088;
15.8906;
11.7066;
9.35733;
24.7681;
14.2196;
12.2841;
11.2079;
12.4846;
17.5672;
9.48333;
27.9528;
14.48;
12.0692;
11.5338;
10.0134;
13.8262;
10.8461;
9.60698;
13.2071;
10.462;
8.90242;
12.9577;
12.9618;
10.1655;
16.2639;
8.40821;
9.91503;
13.2212;
9.8846;
17.6403;
7.2275;
8.31869;
8.2916;
9.68134;
11.0068;
9.60317;
13.7028;
12.0492;
7.87889;
9.46637;
7.88342;
10.379;
15.493;
8.88599;
11.1641;
10.8922;
26.29;
13.9744;
12.3832;
13.2839;
12.5955;
25.6288;
13.1284;
10.8059;
12.0166;
8.86684;
8.40611;
11.528;
8.54573;
12.7792;
9.79281;
7.47491;
8.97044;
23.6182;
22.8594;
16.716;
9.02887;
9.94329;
6.70937;
15.7007;
8.84555;
13.3382;
10.4462;
12.9552;
8.71305;
14.6284;
15.6116;
13.6835;
10.4385;
7.40777;
12.8937;
13.7212;
13.3931;
12.1286;
10.2123;
11.8842;
11.8805;
11.327;
10.938;
12.3893;
10.7238;
11.53;
14.424;
11.3334;
8.74086;
7.39931;
9.2812;
14.9949;
15.1815;
10.4228;
12.1075;
17.4369;
8.35787;
27.1109;
9.51409;
8.50495;
8.58638;
12.5289;
20.991;
10.7039;
13.1551;
10.8776;
8.32172;
13.0044;
10.7263;
10.6012;
15.0349;
10.5936;
15.2701;
8.49182;
11.6481;
27.9937;
7.72713;
8.80107;
14.0188;
8.62372;
12.625;
12.1701;
12.3534;
12.065;
13.2711;
9.24672;
10.7962;
8.67711;
7.50637;
11.6188;
14.6571;
6.43099;
12.8045;
6.83497;
12.2163;
9.01393;
22.0874;
14.3742;
6.93214;
10.4088;
6.19551;
10.1835;
9.39137;
10.9574;
13.1988;
8.34146;
11.1642;
8.91301;
11.1399;
12.1889;
11.6582;
11.0904;
12.6155;
11.6774;
9.78207;
10.6747;
10.6493;
5.7216;
25.4306;
8.79347;
23.7979;
5.40454;
10.1802;
5.47732;
13.5597;
14.0058;
7.11774;
10.7314;
10.4494;
10.5387;
5.63006;
10.0835;
11.4596;
9.92798;
19.7341;
27.6131;
14.8105;
9.73852;
9.54572;
12.4118;
10.571;
8.56964;
9.5301;
11.7969;
6.38534;
10.9045;
8.74301;
10.5957;
9.99387;
15.0481;
7.85537;
17.6404;
9.96586;
9.38156;
22.5193;
9.78835;
10.1714;
10.138;
7.50507;
12.9906;
8.67653;
12.0657;
15.282;
10.0964;
9.87098;
11.9806;
8.1415;
9.58745;
12.6344;
7.49561;
13.3673;
7.43997;
12.0476;
4.76654;
13.2531;
11.2397;
5.95066;
10.2716;
11.4768;
12.7304;
13.1105;
7.58475;
11.5114;
6.72819;
20.4646;
13.5925;
8.03651;
13.2175;
9.42361;
9.68991;
11.5839;
11.9883;
10.8588;
10.5921;
10.0062;
11.9928;
8.95242;
10.7942;
22.9945;
7.45731;
10.443;
9.93279;
16.4814;
10.9882;
13.4115;
15.6485;
11.4231;
8.29673;
9.66468;
11.8015;
9.04834;
10.0053;
8.88615;
9.6475;
12.9473;
8.95578;
12.4457;
9.95633;
18.2724;
10.8273;
11.6883;
7.0878;
5.0361;
9.11337;
14.7664;
9.51098;
12.0588;
7.93042;
8.51807;
13.7088;
6.22298;
11.2325;
11.1432;
22.3098;
8.71124;
8.07272;
8.86425;
7.56696;
10.2775;
6.68096;
9.15079;
8.79695;
8.34497;
9.39887;
12.4687;
10.5191;
16.0849;
12.2308;
14.9099;
13.0137;
9.19501;
11.7598;
8.55922;
11.9612;
10.5535;
11.2571;
11.492;
22.9157;
10.3408;
6.68149;
16.3197;
10.6792;
8.43627;
6.37224;
8.58223;
9.669;
10.6226;
15.611;
6.30195;
7.69015;
11.2825;
8.89607;
11.1855;
23.5414;
8.2936;
11.2846;
5.75264;
9.01744;
7.20881;
11.0336;
8.29885;
13.2912;
6.53042;
9.33873;
13.8265;
9.95927;
8.99323;
11.1868;
8.14576;
24.5589;
11.55;
10.9027;
6.67675;
8.59491;
10.1369;
13.978;
14.7543;
8.99282;
22.8562;
8.78256;
24.9214;
27.1246;
10.6953;
11.402;
12.7243;
17.1608;
9.03647;
12.221;
8.9598;
10.8249;
9.73438;
10.4791;
8.81365;
8.04219;
21.661;
13.4213;
7.79008;
10.2174;
9.94384;
7.73117;
11.0518;
11.2247;
13.3287;
6.69214;
11.3916;
9.91367;
14.5713;
14.381;
8.18004;
7.21784;
9.47375;
7.05444;
7.2221;
9.16294;
7.93958;
11.4397;
10.879;
8.97399;
11.2797;
5.7624;
28.7966;
14.1672;
12.7422;
6.81238;
11.3943;
10.863;
9.17122;
10.3091;
8.15884;
10.7595;
21.6059;
23.9635;
12.0572;
7.53543;
6.16644;
7.62882;
8.83919;
7.75398;
10.047;
10.058;
9.74183;
14.4833;
10.3655;
7.33634;
12.9834;
7.91625;
9.62644;
11.0318;
9.65324;
6.90598;
7.55796;
9.98588;
12.0089;
8.63864;
9.65803;
10.5143;
7.58476;
10.9406;
10.1303;
6.8865;
11.2872;
8.77833;
8.15674;
10.456;
11.1114;
9.89387;
13.4908;
14.0098;
11.9189;
5.94033;
23.4432;
10.6119;
16.3468;
6.51916;
11.4103;
11.3148;
6.27681;
14.7511;
8.33785;
10.2559;
9.81464;
10.6919;
5.45597;
10.644;
9.45676;
8.16859;
21.6336;
9.90377;
10.9301;
8.08618;
7.14968;
10.5918;
10.1941;
6.77527;
10.6316;
12.1555;
12.0481;
7.01814;
10.4616;
8.44369;
8.74791;
7.30959;
7.5536;
10.4821;
9.18658;
7.5637;
10.2593;
12.2554;
8.73524;
6.91252;
9.78986;
11.5129;
8.47938;
9.73699;
7.99234;
11.3327;
8.68844;
19.7116;
4.82044;
10.1453;
13.2466;
10.2098;
6.72686;
8.62708;
8.6391;
11.3961;
10.791;
7.48801;
9.11666;
12.5389;
7.00611;
7.95387;
7.21797;
8.6199;
11.3245;
9.06425;
9.82189;
25.9592;
23.6227;
13.1511;
10.6357;
13.0077;
11.418;
10.1579;
4.67334;
7.27513;
10.5304;
10.1951;
8.52341;
6.27143;
7.81187;
9.52705;
7.86126;
4.10961;
10.3355;
9.93497;
8.87182;
9.35243;
3.25279;
5.94081;
6.34833;
26.1576;
21.0599;
9.62626;
12.3573;
10.4167;
8.67428;
10.8747;
17.55;
7.34578;
7.62358;
5.56478;
8.39876;
8.02664;
9.15528;
15.6668;
11.0585;
20.9973;
8.97847;
11.689;
12.4578;
3.10152;
11.7958;
10.9538;
15.7148;
8.74322;
7.49753;
8.14928;
23.9342;
8.37748;
10.7044;
11.1416;
8.02393;
8.7667;
7.98963;
9.13561;
8.21083;
12.5729;
13.0096;
11.745;
12.2821;
23.7083;
10.1073;
7.23186;
10.1765;
7.09837;
8.40956;
14.0853;
5.64803;
19.1983;
14.6787;
5.47442;
11.2115;
9.56685;
20.1834;
11.8712;
8.03928;
11.6671;
5.47927;
11.1885;
7.52182;
10.0333;
9.08014;
7.19733;
10.0844;
7.88504;
11.8398;
9.44767;
8.4388;
6.49527;
11.7655;
10.4298;
8.0155;
9.02231;
8.8638;
22.697;
8.58377;
7.26858;
9.96224;
8.83756;
7.25364;
9.62506;
11.367;
20.5472;
8.82936;
11.7478;
9.30458;
6.84961;
8.28462;
8.33467;
9.59055;
7.09784;
6.13991;
11.884;
9.50863;
13.155;
5.79874;
9.28322;
9.8293;
9.44413;
6.19511;
8.95876;
21.9605;
5.90757;
10.1167;
14.504;
10.0255;
14.0073;
7.55394;
11.1302;
6.26409;
6.04772;
10.0949;
4.23343;
10.5507;
10.9504;
13.2864;
11.1273;
7.90861;
10.4653;
10.7087;
5.36144;
8.28247;
10.9295;
8.4421;
9.37783;
19.8322;
7.93259;
6.85106;
8.23155;
8.20403;
8.63483;
8.87696;
11.7313;
7.92058;
8.40721;
10.813;
11.6396;
12.6613;
7.66229;
8.88166;
10.0231;
20.5471;
8.74168;
9.30314;
5.11027;
12.0309;
7.05022;
9.58937;
6.293;
7.82801;
8.70505;
10.5268;
8.75896;
8.49752;
3.75922;
9.74472;
4.84622;
9.32269;
6.45227;
10.5306;
6.60038;
4.3295;
6.31229;
22.5813;
7.05398;
9.5491;
7.21744;
10.372;
8.35612;
6.80581;
14.6608;
5.63317;
5.45801;
7.85725;
9.28804;
8.10869;
6.29518;
7.39235;
12.1798;
8.62331;
8.73342;
9.42101;
11.4353;
8.64321;
23.4007;
7.93738;
9.74836;
10.7036;
7.63021;
10.6274;
9.69739;
6.19544;
4.10937;
8.31585;
5.75523;
12.0698;
11.1251;
8.28258;
9.44822;
13.0133;
18.3337;
12.8523;
9.65329;
11.3665;
7.3147;
7.51104;
8.87935;
9.43114;
6.25225;
10.0598;
7.46004;
6.50422;
26.5672;
8.19132;
8.54941;
10.8647;
8.07355;
6.89374;
8.84458;
4.09672;
11.8786;
4.15495;
6.92614;
8.07487;
10.7506;
9.97706;
10.1017;
5.82413;
5.30161;
11.3354;
7.78833;
12.4408;
24.1368;
12.6206;
7.84597;
7.95613;
6.5164;
11.9214;
8.45431;
7.489;
5.211;
7.62994;
5.79122;
7.69653;
9.74061;
11.5823;
9.9721;
8.57314;
11.1325;
7.83401;
11.4159;
7.27091;
11.8692;
11.2754;
7.22228;
7.3438;
10.2987;
8.98268;
11.6957;
7.41985;
8.34996;
8.22802;
11.0624;
4.76328;
10.7454;
8.80597;
7.06877;
7.07272;
5.99694;
10.5425;
10.6257;
8.22563;
9.43072;
22.2135;
28.9442;
7.15077;
11.1949;
5.68451;
8.38068;
6.70289;
7.29485;
9.74296;
7.84561;
10.1934;
7.22951;
9.45578;
8.55663;
9.12519;
10.8564;
8.12952;
28.8449;
12.4202;
6.65359;
8.62825;
9.01302;
7.86243;
12.9591;
10.7596;
5.95144;
23.6585;
6.53023;
4.38458;
9.60285;
6.79782;
8.4105;
11.6399;
5.62376;
15.302;
7.59057;
10.001;
10.1282;
11.2085;
10.7347;
6.15899;
11.4796;
10.0383;
8.76218;
4.73487;
8.75556;
10.4751;
4.23865;
7.6158;
5.40006;
8.95415;
16.083;
8.06226;
8.45914;
9.21006;
8.25391;
9.3585;
9.08318;
4.44453;
7.90558;
7.23571;
10.6896;
6.97714;
7.97231;
8.32718;
6.62881;
8.18629;
6.44135;
8.49941;
8.10011;
6.73779;
7.15641;
5.44669;
6.76944;
8.27328;
8.80545;
8.71356;
25.2976;
7.14835;
8.886;
6.58152;
6.56646;
3.38175;
6.09129;
5.98147;
21.3783;
11.2657;
9.97842;
12.3153;
14.1896;
7.28927;
9.43616;
9.21466;
8.12132;
6.05163;
9.06105;
8.37353;
19.886;
4.39363;
5.60758;
8.07175;
6.74893;
5.28461;
7.96075;
8.41401;
8.36879;
6.86427;
12.3018;
7.55728;
9.71372;
6.3194;
7.74108;
20.4816;
5.58688;
6.8337;
6.55828;
7.28236;
25.1168;
10.485;
8.02111;
5.8936;
12.5387;
5.82968;
7.7736;
5.16829;
5.5923;
7.02139;
6.19981;
5.63952;
6.07413;
6.07101;
10.3333;
8.59418;
6.49083;
7.43019;
8.92732;
8.37373;
8.67139;
5.91101;
5.68957;
9.43278;
12.6299;
8.77738;
5.8999;
8.2346;
9.90214;
9.04488;
4.83991;
7.68521;
6.74347;
9.81365;
5.95508;
8.23672;
22.3131;
9.77972;
6.63806;
5.2058;
13.5649;
6.62669;
6.14876;
9.82949;
11.2861;
6.74075;
27.6729;
5.58656;
8.37396;
6.64451;
6.42288;
11.5106;
4.73856;
8.27216;
7.51695;
5.75539;
7.47788;
7.19829;
7.23947;
7.31245;
7.97475;
8.29774;
8.66858;
9.23921;
5.35932;
9.42002;
25.731;
9.20236;
6.8942;
3.94469;
5.63441;
6.12882;
6.8752;
9.09905;
9.6323;
6.68915;
7.9235;
6.25157;
8.08307;
8.45474;
5.81705;
8.8497;
6.59008;
8.93796;
5.94933;
6.55885;
7.47815;
4.11101;
8.32035;
6.96897;
5.35973;
5.9414;
11.2758;
11.196;
5.87153;
10.1527;
9.24621;
6.47483;
11.2278;
27.4336;
10.6502;
7.02847;
4.87578;
6.82983;
8.6343;
10.3342;
6.97089;
12.8458;
9.04688;
9.12184;
11.6532;
8.8261;
7.67899;
22.1714;
3.93604;
9.69113;
5.47702;
7.53116;
8.8915;
7.51025;
8.23655;
10.5414;
8.46891;
5.7064;
4.97211;
4.46254;
6.84802;
6.30364;
3.83094;
6.19263;
7.06225;
5.36892;
3.90243;
8.57065;
4.0578;
19.2806;
8.82431;
7.67576;
5.91947;
5.62261;
7.85535;
12.7259;
5.83111;
8.22572;
6.35014;
5.82742;
6.54757;
5.57157;
9.5211;
6.72891;
10.1871;
6.73402;
4.4785;
8.32796;
7.95379;
4.93089;
8.66574;
6.65793;
5.28347;
5.8844;
7.65508;
9.53074;
7.65031;
9.07177;
7.47516;
5.33001;
6.62151;
9.9584;
7.63101;
6.29913;
11.0217;
6.8755;
3.48469;
4.86286;
19.2699;
8.49449;
8.68016;
9.49489;
7.26502;
6.58075;
8.35645;
10.572;
10.0677;
21.2622;
7.55606;
9.51219;
8.09506;
6.6558;
9.07796;
5.19992;
7.2997;
6.39364;
6.85971;
7.43161;
4.54837;
9.55939;
8.79271;
7.40275;
5.1835;
5.70141;
6.46982;
5.40863;
11.4786;
23.5591;
7.41446;
9.25744;
4.39267;
8.57306;
6.12132;
7.62689;
23.5465;
7.10486;
4.94849;
6.21598;
8.02489;
11.054;
7.9296;
8.41194;
7.03428;
7.45287;
5.26998;
9.53308;
9.7618;
6.6448;
6.32981;
10.9757;
6.18568;
9.74389;
9.21915;
7.79664;
5.02166;
5.48214;
4.29986;
6.56278;
4.61207;
9.82443;
4.46647;
9.84687;
8.6611;
6.50981;
4.80597;
3.26033;
8.07239;
5.31508;
5.24554;
5.97686;
6.77576;
5.45067;
9.6651;
6.46737;
26.2217;
6.91827;
9.65124;
5.41107;
4.82828;
5.75178;
6.87764;
5.95936;
5.05549;
10.1529;
7.58194;
8.31231;
6.88356;
7.06678;
10.2671;
3.76575;
6.36386;
18.9645;
5.09412;
6.79703;
5.38678;
7.22037;
7.57966;
8.04047;
7.39901;
8.64815;
10.6775;
5.7216;
24.6935;
9.31376;
6.15253;
4.69677;
9.17681;
7.33807;
5.4606;
5.32203;
4.47886;
6.47952;
6.42664;
5.66825;
4.22916;
5.68551;
8.97299;
6.26154;
8.42425;
7.31131;
4.63813;
5.57502;
6.4548;
5.31338;
10.2382;
5.74901;
5.25601;
5.6795;
6.95928;
10.5217;
8.89886;
4.50622;
6.02739;
10.6776;
5.00145;
8.3671;
8.23646;
7.20133;
6.24296;
5.81784;
4.64928;
4.06875;
3.76204;
3.98518;
7.01411;
10.9429;
6.83708;
8.98796;
7.08533;
7.20982;
6.0006;
8.85334;
8.36361;
5.65477;
7.57139;
7.00244;
3.92591;
6.43281;
8.47786;
7.68057;
25.4335;
6.38777;
8.27113;
10.6418;
8.75346;
6.8288;
6.18578;
3.75471;
6.55241;
10.9424;
5.20544;
6.07629;
6.23858;
6.8699;
5.64882;
5.86457;
5.61984;
24.3607;
4.29926;
3.19127;
6.90541;
7.45775;
7.52605;
4.25438;
7.70263;
5.15093;
7.75305;
6.21613;
6.80025;
6.21394;
7.26002;
27.4473;
7.52535;
5.42372;
11.4875;
5.77032;
5.89621;
6.74256;
8.35446;
4.5179;
10.4607;
7.25018;
9.73198;
10.4181;
5.51912;
4.83581;
3.2202;
7.02357;
7.45987;
5.57071;
8.0298;
5.84957;
7.47883;
10.8928;
6.58065;
8.9364;
7.03055;
4.78485;
6.59399;
10.0931;
9.13171;
5.07255;
21.7288;
7.24388;
7.41651;
6.21183;
5.72793;
5.31758;
7.53297;
6.40086;
5.4906;
7.64487;
6.47125;
6.32043;
6.93315;
5.97078;
7.20225;
5.05206;
4.41867;
5.30214;
8.31744;
6.79159;
6.68338;
5.97387;
7.20495;
9.66414;
3.09802;
7.62527;
7.1583;
7.89225;
6.63504;
7.92532;
19.1486;
9.12638;
6.16288;
10.8597;
6.4483;
4.3638;
4.92861;
7.01747;
6.28346;
8.11173;
6.21905;
7.52825;
7.406;
5.41777;
19.1348;
7.09742;
5.01363;
6.62542;
5.90468;
3.52452;
5.62455;
4.86229;
7.89332;
6.1727;
8.14423;
6.4122;
6.09319;
5.78204;
7.23157;
5.37186;
6.44271;
8.93955;
7.80487;
7.43526;
24.4057;
8.62042;
7.60477;
6.91776;
7.91529;
10.3928;
8.46302;
5.27614;
5.34497;
8.18833;
6.25072;
5.74415;
7.16388;
8.33762;
6.6777;
6.4913;
8.88255;
6.91202;
6.94565;
7.25044;
5.41223;
7.9794;
4.99632;
5.69851;
6.00592;
6.94201;
2.75481;
5.84256;
6.66668;
7.2393;
11.9741;
4.64073;
5.65454;
5.71003;
7.0086;
4.80881;
6.52505;
4.97866;
5.82307;
5.83731;
5.49632;
20.5535;
7.3557;
6.47365;
22.1389;
5.55817;
4.6808;
7.87606;
6.88563;
8.98559;
8.61945;
7.7812;
8.13414;
5.88645;
5.39301;
9.2732;
9.05173;
3.46072;
5.59954;
5.28277;
5.75152;
4.81896;
6.0674;
4.34453;
4.26014;
6.79993;
6.1866;
5.23337;
5.64258;
6.74373;
4.1265;
5.67989;
5.08166;
7.81017;
6.82138;
4.28801;
5.59514;
4.84812;
6.88808;
3.13319;
3.41635;
6.65511;
19.4853;
1.5384;
2.8647;
3.62574;
7.06752;
8.0138;
8.07443;
7.62567;
3.18793;
5.8732;
4.69164;
19.3156;
6.97907;
6.49149;
8.81724;
8.43727;
6.6916;
4.54496;
7.98648;
7.96022;
9.53748;
4.04789;
7.22807;
4.77506;
6.24651;
4.76349;
4.17018;
3.49002;
4.15294;
8.39236;
5.59086;
6.32968;
20.2346;
23.1643;
7.91452;
5.66125;
4.26646;
4.66517;
10.514;
5.88559;
5.42768;
5.70243;
6.14091;
8.68909;
5.40582;
4.24688;
2.75462;
9.61912;
9.2155;
4.76117;
6.71513;
7.84967;
3.53757;
5.10564;
5.83857;
7.98229;
6.9469;
5.36279;
22.3501;
4.21406;
4.67694;
4.83785;
6.89952;
4.0935;
5.05726;
5.06226;
4.81323;
7.453;
7.81567;
8.56619;
5.29725;
7.13519;
6.23057;
5.99652;
5.75366;
8.70047;
9.23031;
4.01666;
7.01256;
5.99646;
8.16899;
6.19889;
4.48171;
9.73731;
4.07336;
21.8827;
22.4272;
6.6462;
6.65743;
8.38742;
3.55617;
5.80614;
5.9404;
3.84954;
9.36742;
3.8896;
4.38276;
7.6884;
4.45379;
3.1752;
3.55076;
9.33888;
7.39435;
21.867;
4.11505;
4.29923;
6.39173;
5.53716;
4.46813;
8.61085;
7.01165;
5.72414;
4.33674;
9.10234;
5.90521;
4.8343;
6.28892;
7.1037;
8.18047;
5.32192;
4.36126;
20.5166;
6.52975;
6.00139;
6.92241;
4.89113;
8.88335;
5.97394;
7.2009;
8.19596;
4.53281;
6.09957;
6.56258;
8.36545;
4.70216;
6.63999;
6.20281;
6.61188;
4.45066;
7.28113;
6.03135;
3.91149;
3.65845;
7.81908;
8.18751;
3.7317;
9.3695;
20.3308;
4.76617;
3.98374;
8.84892;
5.60862;
6.65018;
3.19762;
5.23454;
4.27041;
7.21754;
6.76377;
10.1031;
2.88442;
2.54979;
5.00227;
4.02801;
4.82076;
4.98774;
5.65056;
4.77242;
5.74882;
4.68188;
22.3596;
6.89972;
7.11749;
5.63897;
5.67674;
7.12085;
6.85012;
6.88873;
6.9877;
2.09356;
2.60347;
6.26275;
5.91475;
4.54658;
4.01932;
5.8241;
4.40198;
4.06232;
7.86022;
5.58223;
8.02655;
3.70446;
4.19162;
3.805;
6.72875;
5.83546;
5.52192;
4.76141;
3.66338;
2.96579;
5.28556;
6.03163;
5.82813;
7.56097;
4.35381;
4.78243;
7.70833;
4.22653;
7.04673;
4.68944;
7.30454;
9.48122;
5.33729;
8.39087;
4.69194;
5.57105;
6.43725;
6.728;
21.2962;
5.47017;
5.87525;
5.91967;
7.0048;
5.50887;
6.69834;
3.22139;
6.3368;
3.29554;
5.43942;
4.7027;
4.48368;
4.05904;
8.91798;
4.44285;
6.49127;
5.6536;
4.37393;
9.92631;
5.12387;
5.21878;
6.51079;
6.50495;
6.03754;
3.70665;
6.06908;
6.13656;
4.49621;
5.0504;
5.66735;
10.5941;
5.89815;
6.29959;
4.63284;
4.21382;
7.04857;
5.55321;
7.51693;
2.92062;
8.20133;
4.28851;
5.27375;
5.11989;
4.85001;
6.98621;
5.71137;
5.87851;
3.6153;
3.7929;
3.64234;
6.1843;
4.86108;
4.80596;
5.48434;
5.24846;
3.24926;
5.23199;
3.8511;
4.93272;
8.02767;
8.08527;
5.65741;
5.66196;
4.41217;
5.32517;
5.35998;
5.64746;
5.74702;
2.92345;
4.84841;
2.87949;
5.16631;
2.08328;
4.5006;
4.19683;
3.09437;
4.62824;
5.86312;
7.15531;
3.77644;
3.09211;
5.2497;
2.66628;
3.55222;
4.45251;
6.19413;
4.28288;
4.2682;
3.87622;
4.01546;
7.78703;
5.71752;
6.45934;
2.66352;
5.64817;
4.68175;
1.78725;
4.99998;
4.9589;
19.6331;
5.45733;
5.66339;
6.18176;
2.53704;
4.15145;
5.677;
3.07735;
4.50145;
3.41927;
4.68444;
4.30847;
4.92035;
3.38946;
4.51925;
2.93988;
3.02758;
4.16412;
9.10989;
7.49284;
4.06917;
3.99323;
7.57282;
5.92487;
7.23339;
5.22982;
7.92988;
5.43815;
8.13735;
6.00044;
17.0468;
4.40309;
7.63483;
4.09346;
6.69405;
6.49078;
6.38688;
4.642;
2.66928;
4.74138;
4.78128;
9.23414;
3.0965;
4.65118;
4.86425;
3.22686;
2.77107;
4.09924;
6.12078;
2.8663;
4.06031;
2.30713;
3.64829;
5.0647;
4.98692;
5.54139;
3.95981;
21.2031;
5.04106;
5.03027;
5.78692;
3.67752;
8.70102;
5.21006;
4.95018;
1.60308;
21.2533;
6.10509;
4.99425;
5.92757;
2.81567;
6.28661;
4.99071;
5.24008;
3.83165;
5.97336;
5.75596;
4.55943;
5.69975;
6.61631;
7.46333;
7.54496;
5.85085;
4.38764;
6.30328;
4.12127;
3.94372;
6.15211;
4.80469;
5.58415;
4.73903;
22.0147;
8.13246;
5.57209;
2.71675;
5.97725;
8.14709;
2.5619;
7.65206;
8.46182;
2.97766;
4.77983;
4.10021;
5.95921;
3.67135;
6.76932;
3.04832;
3.64987;
4.33549;
6.03962;
6.38545;
4.85605;
5.83414;
4.78171;
4.7587;
3.6188;
4.51511;
5.86357;
5.41985;
3.5904;
6.7026;
4.67239;
5.25331;
6.04207;
4.81952;
6.67957;
4.80608;
6.00527;
3.75718;
17.7912;
6.80868;
3.37347;
5.35985;
4.03798;
4.68978;
3.40755;
5.80153;
5.31752;
3.73321;
2.20267;
4.2726;
6.15438;
3.58903;
4.35974;
4.53146;
3.55773;
6.91177;
4.96772;
4.49365;
7.04662;
6.69251;
3.18948;
2.79585;
4.43932;
2.97901;
6.87921;
5.01567;
18.5559;
6.16193;
6.49924;
5.79347;
4.25641;
2.82271;
6.06517;
2.77547;
4.53891;
4.59138;
4.16493;
4.59158;
8.95099;
3.67082;
6.03083;
4.78863;
4.81;
17.8764;
7.79968;
6.06795;
6.92646;
4.7078;
4.7311;
4.32956;
7.26068;
4.28429;
3.62282;
5.98971;
5.83444;
2.90193;
5.76262;
4.64857;
2.61624;
2.13389;
2.38223;
4.37468;
6.15986;
4.0501;
3.24005;
6.27212;
4.72767;
5.19339;
5.61526;
6.52367;
4.22923;
4.66828;
5.75795;
3.90458;
4.40518;
3.96494;
4.22316;
8.36245;
9.14677;
6.96719;
3.80065;
3.10466;
3.06657;
5.00317;
8.54501;
4.73678;
4.54954;
7.13017;
4.66306;
3.26248;
3.03016;
7.30215;
18.2598;
3.80876;
3.96166;
3.34316;
3.84592;
4.16026;
4.37763;
6.37204;
3.692;
3.68711;
3.98827;
5.07605;
3.28682;
3.32534;
2.59105;
5.10264;
6.74447;
5.51828;
3.20287;
4.74187;
19.5391;
3.71894;
2.71042;
3.83257;
4.45355;
4.09478;
3.57131;
4.82095;
8.10175;
5.58349;
4.86216;
20.9902;
20.1887;
3.97655;
3.33324;
5.44505;
4.97157;
3.55973;
3.36377;
3.90452;
7.36195;
23.4538;
20.5361;
3.95148;
6.10189;
6.5328;
2.95631;
3.35259;
8.56452;
4.80883;
4.47275;
3.59216;
4.90687;
3.13906;
2.92533;
3.60701;
2.59575;
5.22609;
4.00326;
5.30445;
3.89551;
4.0491;
3.30701;
5.02936;
4.74868;
4.15113;
5.98935;
3.17507;
3.2572;
5.33602;
5.29091;
4.09558;
3.77109;
4.30873;
2.87266;
2.54229;
4.2708;
5.55793;
7.55412;
4.01566;
4.18201;
3.9591;
4.84828;
4.32081;
3.48607;
6.3708;
15.459;
4.84281;
5.39878;
6.39126;
4.63185;
4.50686;
4.21585;
3.05958;
5.64224;
3.92799;
3.31097;
8.53879;
3.49771;
5.41859;
5.23041;
2.88744;
2.62251;
6.30177;
6.76505;
5.57628;
3.25721;
7.45674;
5.60884;
6.08126;
4.09568;
6.57949;
4.49153;
2.31613;
5.58951;
4.80054;
4.58713;
4.57081;
4.68564;
4.72233;
22.3111;
2.70347;
5.0868;
8.08533;
4.71291;
3.36057;
4.81466;
3.28488;
3.0475;
4.30008;
4.82628;
2.92843;
18.9149;
4.83865;
5.64595;
2.39835;
4.17352;
4.47332;
4.11302;
6.51646;
4.54465;
1.38141;
4.87637;
4.50685;
4.13657;
3.25882;
1.97396;
3.94253;
5.85159;
2.55622;
3.60012;
3.20394;
3.69677;
3.92338;
9.17587;
3.24062;
4.00902;
3.55899;
5.15851;
6.47509;
3.17034;
18.5824;
5.00453;
4.78909;
3.65296;
5.44569;
3.79904;
4.21722;
2.06275;
2.46702;
4.97419;
4.65898;
4.20485;
5.73163;
6.30101;
3.45296;
4.54135;
3.85822;
2.53383;
3.65292;
4.55001;
1.83117;
2.66666;
3.91325;
4.71179;
2.35153;
4.86613;
1.79037;
3.347;
4.23437;
3.76501;
4.55372;
6.38501;
4.10031;
2.29388;
5.70055;
3.38599;
4.80238;
6.01261;
3.96809;
3.79403;
5.09477;
2.34285;
5.99419;
6.90103;
4.29037;
5.01885;
5.81073;
3.31497;
3.25333;
3.59651;
2.28734;
4.04621;
5.41271;
5.94691;
2.3887;
5.04474;
5.3842;
5.10812;
4.40474;
5.68203;
5.57257;
3.50309;
5.82924;
7.11682;
3.78017;
4.76554;
3.87098;
2.04206;
4.37409;
3.61756;
4.49301;
3.76487;
3.91516;
4.79017;
3.06507;
19.8975;
3.54154;
5.30411;
3.53521;
6.49627;
4.69942;
4.16873;
5.45572;
3.08715;
16.7195;
5.7394;
4.42115;
4.07554;
4.68718;
4.26693;
2.88169;
2.98692;
6.74747;
3.22595;
17.4711;
6.53496;
2.35116;
4.01941;
4.25384;
5.45336;
2.7428;
3.66695;
7.19605;
3.50551;
5.01373;
2.63513;
5.62449;
2.98624;
3.72531;
4.68748;
5.63152;
17.0735;
8.06998;
3.98522;
4.03168;
5.76854;
5.24292;
5.60814;
5.30807;
4.52713;
5.17488;
2.50787;
1.37976;
7.1701;
3.08999;
6.81709;
3.39563;
2.66509;
4.44667;
4.36488;
2.38631;
3.36168;
4.9191;
4.96096;
5.38585;
4.84602;
4.26678;
5.62831;
2.95599;
5.23587;
2.47155;
5.74555;
2.56461;
1.86083;
3.09606;
4.74752;
18.7524;
2.48667;
8.45808;
4.15295;
4.95083;
4.95334;
6.05511;
5.46683;
5.54095;
17.1956;
5.79825;
3.62154;
3.47844;
3.94767;
3.31999;
7.46613;
4.89904;
4.2094;
3.49584;
1.95274;
3.85884;
2.79752;
4.89574;
3.05715;
3.76029;
4.06473;
3.00476;
3.698;
2.92308;
3.05916;
3.59412;
2.22115;
3.75617;
4.70862;
1.24098;
3.16929;
4.77455;
5.73205;
5.9795;
3.53319;
5.41807;
2.49933;
3.55022;
2.01087;
4.80133;
1.78248;
4.59759;
3.25342;
4.46521;
3.07511;
4.79945;
5.41421;
7.43633;
4.74721;
5.65274;
3.25643;
6.87399;
6.43927;
2.53891;
3.08293;
5.75425;
1.788;
1.62961;
2.75727;
6.74144;
2.52188;
3.72208;
4.67249;
3.00412;
2.60019;
3.58801;
6.61613;
3.51031;
3.68343;
3.20904;
2.99736;
3.64937;
1.10223;
3.27681;
2.64742;
3.56874;
2.68329;
3.46955;
6.58186;
2.93181;
3.42583;
9.04275;
3.14376;
5.25787;
3.96936;
2.86777;
3.16261;
4.33734;
2.84707;
4.85342;
5.92054;
3.3336;
3.53582;
2.32824;
2.81657;
17.8664;
3.3085;
4.16576;
2.46666;
3.36364;
20.0898;
1.78515;
3.6836;
4.92525;
5.14662;
5.82882;
5.29616;
4.52629;
4.2543;
6.67856;
3.34347;
4.66861;
5.11575;
3.10513;
1.81871;
3.26493;
5.35994;
4.66098;
18.0588;
5.24919;
3.04283;
3.70162;
4.43947;
3.19022;
3.36185;
3.79405;
4.31208;
3.96241;
2.73156;
4.10943;
3.63031;
2.74547;
2.88187;
4.41367;
0.745671;
3.45234;
3.80159;
3.32599;
3.18886;
18.9297;
3.81252;
3.51678;
3.40179;
3.7943;
4.06132;
3.30051;
4.03976;
3.28908;
3.15635;
4.40078;
4.02418;
4.06997;
1.93577;
1.73518;
3.96451;
3.28173;
3.50219;
2.95218;
5.02502;
4.18603;
1.77092;
4.0636;
5.87833;
4.37583;
4.78358;
5.85195;
5.70204;
3.98976;
2.28481;
2.98274;
5.76803;
4.30208;
17.1218;
2.58586;
2.88157;
3.66245;
8.22546;
5.5057;
2.33435;
3.66765;
4.20035;
4.11722;
4.51677;
1.21926;
3.7377;
4.53183;
4.35772;
3.42688;
4.67556;
2.10337;
2.37456;
1.7236;
0.719217;
3.1286;
3.11369;
2.75629;
4.73148;
3.118;
4.87372;
6.95151;
5.32841;
1.36078;
5.75394;
5.03245;
4.36945;
3.01887;
2.82803;
4.87689;
2.77379;
19.698;
6.43648;
4.64414;
4.66489;
3.07852;
2.29152;
3.12293;
2.67306;
4.94579;
5.80598;
4.77964;
3.03681;
3.54081;
2.91265;
2.41305;
5.80557;
3.05295;
6.15014;
2.21635;
2.767;
6.36271;
2.69807;
4.97794;
2.00993;
2.03222;
2.84492;
1.28621;
20.6633;
2.12049;
6.15225;
2.7279;
4.73338;
5.05043;
4.32795;
3.02559;
2.98858;
2.68018;
3.76212;
2.34162;
3.74494;
1.83401;
4.05896;
2.97475;
3.21228;
3.41402;
2.77637;
3.8856;
1.48408;
4.76351;
3.50441;
6.90176;
5.91286;
3.56555;
3.11122;
5.77022;
2.81528;
3.8369;
3.62655;
2.71351;
5.29643;
2.67353;
16.1416;
2.98855;
3.62306;
3.95604;
4.41422;
4.38695;
2.06815;
3.68179;
1.71343;
4.50534;
2.40327;
4.07587;
2.58062;
4.58387;
2.34271;
3.50635;
4.2996;
3.81022;
2.67532;
3.38127;
1.29018;
3.00942;
4.06406;
3.35316;
2.84383;
3.69247;
2.62601;
5.72206;
4.69822;
19.5934;
1.77009;
2.34469;
4.0489;
2.21622;
3.14615;
2.76577;
3.24431;
3.82834;
3.52108;
1.00926;
3.73406;
4.21774;
4.71859;
2.68551;
2.59496;
4.05324;
4.0373;
5.05972;
3.5478;
3.39856;
4.79274;
4.36616;
4.60962;
5.05661;
3.83082;
4.17627;
3.12083;
3.28432;
3.45158;
2.38885;
3.78149;
2.21908;
5.06513;
3.16243;
1.23207;
18.7313;
