39.1394;
33.1022;
36.423;
35.0499;
33.0598;
32.0314;
36.0341;
34.4521;
35.2423;
31.4888;
39.7913;
37.9368;
36.3104;
34.5019;
36.7903;
31.8127;
31.9038;
29.4853;
34.4536;
31.0148;
36.3412;
33.5431;
7.86013;
7.05321;
35.1847;
30.3827;
33.1155;
33.5199;
35.0483;
35.989;
29.2531;
30.8815;
36.201;
38.7565;
33.9486;
33.6619;
30.8272;
29.6152;
38.7474;
36.0759;
32.2911;
35.0649;
39.3299;
32.6027;
38.6949;
33.9054;
32.8218;
37.265;
36.2669;
7.01275;
36.6918;
30.0074;
35.2424;
36.9326;
34.2568;
36.0337;
29.0681;
35.5277;
32.1746;
36.683;
37.7565;
35.3937;
32.7961;
6.01285;
34.6782;
37.4084;
35.8489;
31.8129;
34.047;
35.0692;
41.9237;
37.0528;
7.28069;
34.0062;
7.04538;
30.4364;
30.2106;
30.8544;
5.61214;
34.1886;
33.87;
35.7525;
34.757;
31.9638;
33.3845;
36.5091;
31.6615;
37.9734;
28.3263;
30.3925;
3.63513;
29.5693;
33.7199;
32.2247;
30.1819;
35.3917;
35.6061;
33.9137;
7.00221;
30.0059;
7.57781;
34.6168;
9.44314;
34.0147;
33.0669;
37.9547;
30.5839;
32.9462;
35.8738;
39.4236;
34.8396;
30.8616;
36.6862;
38.7221;
33.6078;
33.7045;
33.2555;
31.6324;
36.5197;
35.2342;
30.0869;
33.4487;
29.6039;
31.9828;
8.50081;
32.7263;
30.7854;
33.0007;
27.2185;
32.9629;
3.8628;
30.4701;
31.3119;
37.2368;
29.7068;
30.1177;
5.28516;
34.3616;
33.3562;
32.6127;
32.2053;
33.7991;
29.9095;
6.57949;
30.0239;
9.90621;
31.6521;
33.2126;
31.2349;
31.9887;
34.7434;
36.1996;
32.1952;
35.4636;
6.93996;
30.3444;
33.6045;
30.4369;
36.6846;
30.5743;
34.4033;
34.6936;
28.7564;
33.2884;
34.3853;
27.3207;
38.0403;
34.1274;
32.6919;
31.5641;
33.858;
35.2632;
30.03;
35.7386;
29.0956;
33.7593;
30.192;
34.4379;
32.7738;
29.8451;
35.9722;
31.1987;
31.847;
38.5347;
28.8284;
30.8126;
34.0624;
36.244;
31.5665;
32.8716;
32.1837;
33.9598;
30.1625;
29.6715;
29.0018;
34.4237;
30.9527;
37.8341;
32.8586;
27.8834;
8.57875;
28.097;
35.1126;
30.5149;
5.3196;
30.9408;
8.79094;
7.50784;
31.8901;
32.7461;
34.2225;
30.5195;
30.6125;
34.4798;
6.72858;
9.00474;
4.03292;
27.5166;
30.8324;
30.2009;
36.882;
31.3317;
32.5061;
32.6018;
7.76459;
28.0473;
29.8749;
30.1688;
28.7168;
6.18296;
30.3536;
7.98496;
33.9336;
33.9057;
33.163;
36.6808;
33.199;
33.6975;
30.9019;
32.104;
30.4585;
32.4912;
26.6216;
26.0007;
32.5143;
37.8381;
33.2007;
31.7639;
28.3896;
35.7751;
29.9018;
31.9658;
32.584;
30.7705;
33.7383;
31.2685;
34.4026;
32.2153;
36.0097;
33.0088;
33.1191;
32.6247;
29.6998;
34.0339;
26.911;
26.4212;
31.5748;
33.9436;
32.8479;
35.1299;
28.0014;
35.1008;
31.9431;
35.4099;
33.1929;
8.46116;
28.9463;
32.9492;
32.8724;
36.444;
29.5506;
33.0872;
31.9619;
35.8991;
35.1531;
23.3934;
31.0332;
37.5416;
35.6928;
7.7777;
31.5908;
26.985;
32.8113;
30.5948;
34.6365;
28.5695;
32.8032;
31.2994;
28.3439;
31.8725;
29.7385;
30.991;
22.0353;
32.2263;
26.7742;
33.5974;
35.1063;
30.3946;
28.5018;
30.9295;
32.8884;
29.4231;
30.079;
30.9986;
30.3028;
8.69036;
33.6192;
31.895;
33.0975;
32.4914;
10.8833;
30.263;
31.7141;
29.6058;
32.1829;
6.07023;
13.0361;
32.4941;
31.98;
27.3205;
30.952;
31.5679;
27.2429;
28.216;
28.9603;
30.9744;
29.7246;
33.3348;
32.6981;
31.8865;
30.8962;
32.6463;
7.28427;
31.2142;
33.5835;
9.63777;
33.4891;
31.5697;
26.2093;
28.6731;
27.5431;
30.3058;
29.8975;
29.4958;
28.667;
33.8705;
30.6276;
30.531;
27.5845;
31.1889;
27.5067;
29.7079;
28.0274;
33.1062;
29.5261;
24.7981;
28.37;
32.1894;
29.6981;
28.973;
27.6082;
29.752;
10.2411;
29.8205;
29.4501;
28.1667;
33.2069;
26.6642;
29.1153;
29.2901;
32.5611;
30.4259;
10.7884;
33.6656;
29.2982;
29.5302;
27.8111;
26.8639;
7.95353;
8.26915;
31.5237;
29.4268;
27.4801;
28.4337;
9.42491;
31.2837;
24.4086;
12.8176;
28.6658;
32.9651;
27.3756;
27.9563;
32.7721;
28.3397;
29.9044;
26.6146;
5.95016;
26.4258;
27.7981;
32.6316;
28.4883;
28.747;
25.5886;
30.5788;
30.2061;
28.3722;
30.7426;
26.727;
36.0885;
29.8616;
27.0607;
29.4974;
31.0146;
27.4922;
10.6342;
32.2131;
32.9359;
26.6999;
26.2702;
28.3279;
31.9924;
29.0781;
27.5807;
32.233;
26.9659;
5.72325;
28.3929;
32.2476;
26.0156;
32.948;
30.098;
30.2641;
25.3882;
33.3842;
23.4952;
9.9253;
30.7798;
32.865;
28.405;
29.9516;
30.9736;
25.7426;
24.2209;
28.5498;
13.7721;
31.0762;
10.5992;
33.9357;
9.17581;
32.133;
26.2019;
31.113;
29.9445;
30.5533;
31.3211;
31.3608;
32.1902;
32.625;
25.1609;
28.3003;
24.3933;
8.94295;
30.7191;
29.3349;
30.9716;
29.6844;
26.1166;
20.5714;
26.1488;
26.5696;
29.3202;
12.9571;
27.4636;
27.3744;
25.358;
29.1514;
26.6531;
27.03;
26.0134;
29.0439;
24.7709;
32.4535;
28.6783;
22.712;
29.0481;
29.0399;
26.0425;
28.361;
23.8892;
22.6118;
27.2054;
28.9136;
28.5311;
26.6712;
27.9543;
30.1505;
29.6425;
34.5592;
27.7944;
25.0768;
33.0552;
26.5798;
28.6636;
27.5796;
25.3853;
29.7008;
23.0608;
27.4623;
28.1847;
25.5558;
23.9302;
26.4779;
30.4498;
24.3317;
29.877;
11.6815;
28.4228;
11.5816;
31.3161;
26.9467;
29.9048;
29.8295;
24.9049;
14.5837;
12.132;
29.3334;
10.4362;
10.6789;
23.4118;
28.5389;
28.2816;
28.0205;
27.386;
28.9744;
29.6986;
28.949;
24.7477;
30.6366;
27.3955;
26.7836;
31.3878;
28.2695;
26.3478;
28.6263;
23.7535;
30.8109;
35.0268;
30.8713;
25.3779;
27.1089;
7.89084;
10.2805;
28.3054;
25.8306;
31.356;
29.0237;
25.2529;
29.8803;
26.9529;
24.3173;
23.3792;
25.6745;
28.0976;
32.9181;
25.4438;
26.6203;
30.0939;
28.3472;
33.2344;
26.1556;
27.7715;
28.0336;
6.71284;
26.82;
30.3168;
25.5581;
25.0765;
28.0947;
25.702;
24.4576;
10.1799;
26.0268;
30.0578;
12.0881;
26.2115;
29.9896;
28.5863;
8.89338;
27.765;
32.6389;
29.1595;
29.8931;
27.9443;
28.7708;
25.0854;
26.6506;
23.2807;
25.3397;
23.9188;
27.1328;
25.9375;
33.0761;
29.0639;
28.7525;
29.8664;
23.9467;
24.0847;
27.9473;
31.135;
28.0654;
24.7637;
26.4788;
28.2019;
20.8921;
28.4667;
27.596;
29.0286;
24.4493;
29.4277;
22.2244;
32.226;
27.897;
27.117;
27.3488;
28.6439;
25.6511;
27.5753;
29.2835;
25.9411;
26.6859;
23.6848;
29.5155;
29.8536;
23.4476;
30.1702;
32.8951;
27.2761;
29.9215;
7.77096;
23.8135;
26.1556;
28.2387;
26.9056;
26.2775;
27.3695;
26.4806;
27.9403;
27.5144;
24.9936;
29.6234;
24.5828;
23.4918;
27.1504;
29.9188;
24.3511;
28.9658;
29.7309;
26.8804;
26.8544;
28.495;
25.9972;
26.7501;
25.265;
12.0126;
7.50221;
14.3625;
20.8947;
25.3676;
32.0942;
25.3328;
26.9639;
28.4044;
21.5494;
13.6897;
11.7865;
25.3903;
26.7119;
24.5179;
27.4708;
17.8468;
25.964;
28.1795;
25.0495;
24.7288;
21.2404;
29.1954;
28.0097;
27.3401;
28.296;
25.6011;
26.5333;
25.0551;
24.549;
26.1698;
27.8027;
28.682;
29.1274;
14.4588;
24.0245;
29.3695;
17.9466;
24.485;
24.873;
26.558;
28.1866;
29.9279;
23.3212;
24.2181;
23.6347;
27.8928;
22.8476;
26.5041;
29.1705;
27.641;
28.533;
26.6538;
27.0196;
29.0203;
24.9286;
24.6853;
21.8079;
26.1727;
25.0701;
23.5006;
25.6158;
24.4741;
26.9519;
27.8671;
32.8989;
26.4193;
20.2037;
24.9795;
30.9359;
30.5139;
30.9165;
25.6448;
26.5593;
25.0362;
24.0505;
26.8958;
25.377;
24.0271;
30.7285;
21.3678;
27.2425;
27.684;
25.6324;
28.0116;
30.8942;
24.0854;
25.9748;
27.8412;
30.9788;
22.8286;
16.684;
29.6911;
27.107;
22.1468;
21.4634;
29.1291;
24.4192;
27.2647;
24.4054;
25.4592;
25.1521;
26.5474;
25.7635;
28.318;
22.657;
23.8098;
27.4905;
9.35778;
26.4316;
26.5199;
25.3506;
25.6131;
29.9584;
28.383;
27.8927;
26.7705;
28.9506;
27.5856;
27.798;
28.7388;
25.1397;
26.462;
23.104;
27.6233;
27.9918;
24.4499;
12.7253;
22.8078;
26.1149;
23.055;
25.9494;
22.7993;
26.9686;
25.7178;
27.6283;
30.9866;
21.3879;
13.3732;
25.9659;
26.2447;
26.9154;
23.4246;
21.9425;
22.5088;
26.5682;
25.4277;
23.5781;
25.065;
27.1837;
27.906;
25.7027;
27.6342;
24.9452;
22.855;
23.4189;
22.0512;
24.7011;
23.2023;
23.1338;
27.3837;
22.9044;
27.5655;
28.1588;
24.2591;
21.7333;
22.3959;
22.984;
22.8332;
21.5634;
26.9067;
22.1996;
25.1217;
24.5884;
25.137;
23.4944;
25.4857;
23.3874;
26.5724;
25.7041;
27.6;
28.1179;
23.9619;
27.877;
26.106;
24.4737;
30.2979;
32.0757;
28.8293;
26.6356;
26.0846;
25.0636;
22.8247;
11.045;
21.2272;
27.0771;
14.9005;
24.4782;
25.4379;
22.9747;
8.63004;
26.6411;
23.1921;
27.7566;
27.4065;
22.2019;
26.0522;
9.97093;
26.1552;
24.5092;
21.5428;
23.2101;
25.0764;
27.2804;
25.7177;
26.7553;
23.8804;
20.8846;
27.3392;
21.2854;
25.33;
29.9944;
29.3043;
19.9354;
8.51863;
12.416;
27.173;
25.0506;
27.4596;
24.4078;
27.368;
21.7494;
24.1928;
23.9947;
25.3916;
28.0656;
25.2854;
25.0234;
20.1828;
22.4175;
22.0325;
26.414;
26.2531;
28.1089;
25.108;
10.4281;
26.1022;
27.5303;
19.23;
26.1701;
24.3095;
22.0245;
26.5376;
23.8373;
26.9727;
24.9061;
25.2277;
25.6579;
27.2088;
26.251;
24.8368;
22.5755;
24.3967;
22.6923;
26.2055;
19.6459;
22.8949;
27.3319;
28.1626;
26.797;
21.1189;
22.1241;
20.3189;
24.5506;
29.0251;
22.2379;
20.2919;
23.6457;
25.3355;
25.5658;
23.0323;
21.9828;
16.7221;
11.974;
21.8225;
27.2156;
22.8396;
16.3247;
22.631;
13.2813;
15.4315;
12.9694;
23.3599;
21.2118;
24.4136;
22.8504;
26.3691;
21.213;
23.1939;
23.3671;
22.4576;
22.8482;
25.7812;
25.8165;
25.7163;
22.086;
26.3378;
29.5239;
23.8188;
18.4935;
20.5748;
24.4199;
27.8535;
25.8175;
23.4544;
22.3665;
27.1337;
22.737;
23.8913;
27.5227;
24.6029;
20.329;
27.9074;
23.141;
23.0287;
26.0009;
24.6291;
27.065;
21.3777;
22.9064;
24.9722;
20.624;
12.4905;
15.1389;
28.0424;
17.1709;
23.7424;
25.6175;
23.1975;
26.7789;
23.0801;
32.2827;
23.1303;
15.3139;
21.5985;
24.2893;
26.5001;
28.7112;
24.4412;
25.2407;
9.44007;
29.7393;
20.6366;
27.0003;
22.1504;
21.3634;
20.2714;
24.92;
22.0945;
27.4175;
27.1678;
20.4393;
23.4698;
25.0938;
23.4936;
27.9308;
22.4287;
19.2993;
28.4044;
24.8865;
25.8172;
24.3418;
26.3827;
26.3671;
23.2151;
17.2102;
22.5869;
22.2408;
24.3552;
20.9215;
22.3058;
25.5353;
26.238;
25.9981;
19.0202;
25.3103;
14.5877;
12.6617;
13.2633;
25.9679;
21.8987;
22.9879;
21.5862;
20.5596;
25.0582;
24.2811;
25.9963;
20.7837;
19.5055;
26.1583;
29.1967;
19.8003;
18.0856;
24.4901;
24.9256;
26.8665;
26.6953;
20.995;
23.7694;
26.3892;
24.449;
25.5381;
22.3379;
18.0981;
19.3604;
30.2884;
22.5882;
23.4928;
23.8784;
19.2221;
25.715;
27.3665;
27.5066;
25.6598;
21.387;
21.4062;
27.8076;
22.3481;
23.6849;
25.0304;
27.4058;
25.2633;
24.3808;
23.2519;
22.0351;
21.2089;
22.7846;
25.5289;
23.9126;
23.3148;
26.5551;
20.6992;
25.7364;
22.0054;
13.9924;
23.0692;
25.6945;
23.8396;
24.4045;
22.8499;
24.2915;
26.7105;
23.5901;
26.2527;
27.1137;
25.0213;
20.0964;
21.4751;
21.9775;
24.5375;
24.1974;
22.8176;
29.3529;
20.2074;
27.4725;
19.4842;
24.4891;
28.5626;
24.4269;
24.4529;
20.7157;
18.5433;
23.5292;
23.9566;
24.981;
23.5446;
22.9804;
23.5546;
25.1726;
24.498;
24.6718;
25.1726;
22.1393;
22.5914;
21.7826;
19.923;
24.5428;
25.3044;
22.6444;
10.3326;
23.5398;
23.0632;
21.6314;
22.7532;
19.8011;
23.0008;
23.7857;
21.6123;
21.315;
21.8608;
20.7036;
22.2708;
26.9148;
23.0546;
24.5052;
25.5546;
24.4681;
22.4967;
22.1005;
26.725;
21.3127;
27.2768;
24.2259;
22.9045;
25.2921;
21.4642;
16.2564;
20.9127;
24.8348;
20.7128;
28.5117;
23.5383;
22.5786;
23.294;
22.6678;
23.7795;
15.911;
16.9971;
21.6158;
19.7747;
24.9655;
10.3784;
26.2396;
24.1507;
23.9673;
23.7303;
26.7209;
10.1124;
24.9484;
20.6767;
23.8968;
21.9219;
24.5846;
23.4672;
18.3062;
25.1075;
12.407;
23.3254;
15.3735;
24.4693;
22.11;
25.5411;
23.2435;
26.3233;
21.631;
24.2504;
25.233;
21.3361;
20.276;
23.6141;
26.0167;
21.971;
19.9796;
24.0818;
16.829;
25.8609;
26.6505;
21.4932;
16.1947;
14.3426;
19.3603;
20.603;
22.7196;
24.3235;
19.3294;
10.4406;
20.5841;
18.3347;
15.8899;
19.5139;
15.468;
25.0555;
19.8426;
27.2031;
21.2663;
17.2415;
26.6765;
22.7779;
19.732;
25.802;
27.0478;
21.3305;
24.0472;
20.4268;
23.1274;
12.9955;
10.5986;
19.4956;
22.8911;
22.6866;
25.5474;
23.5064;
13.19;
17.7039;
23.7731;
18.0792;
21.9213;
25.259;
26.0624;
21.9081;
26.9168;
18.3859;
25.618;
21.9328;
22.3939;
22.184;
18.2426;
24.9115;
20.7593;
22.5552;
24.4508;
22.7878;
23.3134;
20.7023;
22.2294;
20.2629;
27.5333;
24.606;
28.5084;
24.9573;
23.99;
19.0402;
22.1644;
21.832;
17.4449;
19.434;
20.9032;
16.9412;
22.7484;
23.1257;
23.4688;
24.6055;
24.0048;
25.562;
19.2989;
18.1017;
25.7546;
21.508;
16.0176;
16.4795;
22.1079;
27.0166;
21.2018;
21.8074;
20.5472;
22.7766;
26.1725;
10.8286;
17.6083;
16.1217;
24.8985;
19.858;
19.4473;
27.2428;
22.4299;
24.6294;
23.1928;
22.6854;
24.7517;
23.7712;
24.2257;
22.7042;
16.4833;
24.0393;
22.6033;
21.6047;
25.3134;
23.9983;
20.3773;
20.1689;
13.9626;
19.296;
17.6112;
22.0069;
17.4708;
21.5408;
23.3657;
23.3162;
21.4584;
24.5933;
24.8301;
23.2866;
22.0789;
18.6563;
21.1359;
23.1352;
24.2931;
22.9251;
20.6705;
16.422;
20.4688;
27.0971;
25.0508;
28.3156;
20.9157;
23.6041;
24.7919;
23.2185;
21.0996;
18.626;
25.5948;
26.9028;
14.837;
21.4554;
17.9926;
19.3482;
15.107;
24.0462;
22.8288;
22.5846;
18.2069;
20.6564;
15.9121;
23.4968;
18.4575;
21.9875;
24.0331;
21.152;
13.5278;
13.2667;
21.3479;
22.914;
23.1471;
21.1248;
21.6143;
25.7487;
22.1681;
20.8204;
21.1818;
23.2612;
21.9773;
20.1011;
19.7526;
23.3988;
21.2393;
22.6413;
17.821;
24.5774;
18.863;
22.0933;
16.9344;
19.0437;
22.3158;
19.3956;
24.4941;
23.0323;
24.6127;
20.1997;
16.485;
17.7123;
21.3075;
24.9551;
22.0116;
22.3965;
21.838;
20.8338;
23.9729;
28.0342;
19.6577;
16.1743;
19.9726;
20.4795;
20.6707;
22.9699;
23.4691;
19.6522;
22.3665;
24.9925;
18.7042;
25.7855;
24.4485;
18.6635;
20.9409;
17.5034;
13.8325;
24.7712;
14.7214;
16.867;
18.4688;
19.6142;
22.3455;
17.3776;
24.1041;
22.9944;
22.2704;
22.9914;
24.9166;
20.5768;
15.1594;
13.9476;
23.9122;
19.2908;
20.6866;
16.2975;
22.6314;
22.1969;
24.4426;
21.3862;
21.2857;
15.8278;
26.469;
20.4343;
16.422;
10.3276;
11.4067;
23.9525;
20.0328;
23.418;
20.1101;
21.2904;
20.6096;
12.0835;
21.8244;
23.6658;
19.8395;
18.8072;
18.1706;
21.4849;
19.0365;
22.5715;
25.8624;
18.7924;
23.7669;
18.9731;
20.4071;
21.1305;
23.6265;
16.1169;
15.0914;
24.3548;
24.8732;
19.5243;
19.2223;
20.3314;
17.2548;
18.8582;
22.4989;
21.319;
23.4512;
23.961;
21.6648;
17.5705;
18.3351;
23.7003;
21.8143;
24.2778;
29.2877;
22.0123;
20.4075;
23.648;
22.0532;
16.7976;
18.5062;
20.1361;
19.3822;
20.8374;
24.6307;
19.9427;
17.6202;
18.2022;
13.7596;
22.0108;
23.5602;
15.9508;
14.3915;
17.8398;
20.8519;
23.2862;
18.1533;
20.8384;
25.0769;
21.9395;
21.7183;
22.0498;
20.1534;
21.0419;
22.5099;
16.8667;
19.4649;
18.4495;
14.851;
20.983;
13.3195;
20.6482;
19.5939;
17.3995;
25.9361;
18.968;
19.914;
24.4437;
20.4495;
19.159;
15.267;
22.0193;
21.7867;
21.8043;
21.5376;
20.9875;
21.3114;
19.0042;
24.2588;
15.1583;
17.6858;
23.4977;
18.2457;
16.9631;
24.1097;
14.6569;
15.8127;
21.0424;
16.8413;
17.6467;
15.8151;
21.5204;
19.767;
15.7212;
18.6477;
20.9198;
17.905;
20.5148;
22.3848;
13.4594;
20.8024;
18.8098;
22.4444;
21.3502;
20.0243;
22.2462;
20.68;
17.1748;
18.0594;
22.5895;
14.6247;
18.8303;
25.9272;
19.4826;
17.0102;
17.7934;
22.9277;
21.7199;
24.1256;
16.3954;
17.3932;
19.1059;
15.5874;
18.5294;
15.6506;
21.8814;
17.8098;
22.2718;
17.6679;
21.475;
19.0683;
20.4763;
19.9433;
21.7866;
19.6622;
20.8522;
18.7905;
18.051;
20.715;
17.2166;
19.7894;
20.2732;
19.6865;
15.2979;
24.591;
17.4225;
18.0021;
19.7725;
19.4184;
18.0137;
19.2304;
21.5521;
22.2178;
17.2309;
19.1917;
21.1346;
18.6291;
21.1267;
22.7737;
20.0012;
22.323;
23.2197;
26.2534;
16.8996;
21.1637;
20.4955;
24.1304;
24.279;
13.1532;
18.7238;
21.6687;
21.2677;
19.663;
23.0114;
18.4914;
15.1055;
23.2778;
15.3416;
17.6019;
15.1711;
18.6302;
21.7969;
15.7971;
23.6834;
19.8783;
16.6019;
23.2017;
18.4478;
16.9776;
24.5566;
20.0595;
22.4271;
20.4267;
20.2876;
16.3454;
17.8778;
18.8378;
16.2109;
15.3776;
16.6389;
18.4526;
17.7303;
22.0154;
15.4666;
19.89;
21.7786;
25.7848;
16.5933;
19.9019;
15.4977;
20.4655;
21.9488;
20.3291;
19.4816;
17.7364;
14.4648;
19.4353;
14.6312;
16.4669;
15.7083;
18.7063;
20.2486;
20.5953;
24.2895;
18.7097;
14.9982;
17.8305;
18.8165;
13.9247;
19.188;
23.0828;
20.5766;
17.9362;
20.9051;
19.519;
15.2871;
20.8684;
18.3626;
19.319;
16.8306;
21.4999;
20.2658;
18.0437;
19.9141;
17.3839;
19.1388;
14.3643;
22.0636;
21.0361;
20.1278;
17.8462;
20.4904;
17.7803;
16.1248;
24.9445;
22.3723;
13.9141;
23.5637;
17.9401;
17.4693;
14.1288;
13.59;
17.0538;
18.96;
15.9486;
19.6577;
18.7316;
19.0929;
22.3561;
15.2455;
17.7068;
20.3069;
19.2103;
20.5799;
18.3567;
19.9344;
16.0995;
22.652;
18.9958;
17.9917;
21.1212;
18.1045;
14.5666;
20.9817;
17.2014;
16.0756;
18.2728;
18.8441;
16.7946;
18.1102;
21.4304;
13.4215;
17.105;
16.3463;
16.9658;
19.6709;
21.7931;
19.8603;
14.2779;
16.645;
15.7828;
18.2721;
15.6173;
17.0831;
18.0241;
19.2298;
18.5149;
18.5465;
23.6852;
20.2454;
17.648;
19.7495;
18.2897;
15.7866;
17.5379;
20.6515;
18.889;
14.6641;
15.7719;
18.911;
20.1324;
18.6095;
16.256;
21.3252;
16.2425;
16.4142;
19.4719;
24.2204;
19.8731;
22.5954;
17.9673;
20.4819;
22.6129;
21.0391;
18.1612;
21.4974;
17.6066;
18.5687;
19.3513;
18.4814;
19.2259;
22.3756;
18.9725;
18.4905;
23.0722;
18.9194;
20.4176;
24.5851;
18.2854;
20.9709;
20.7118;
18.3477;
19.8666;
21.2553;
19.1841;
25.3956;
22.6292;
21.2015;
23.5425;
17.4245;
17.6265;
18.835;
19.8901;
15.0825;
15.9403;
18.33;
17.759;
16.9861;
15.7179;
21.3649;
20.3324;
18.2037;
21.8315;
17.1317;
16.3957;
20.2214;
18.0889;
20.8501;
17.2229;
16.0074;
18.5889;
19.2973;
21.1473;
20.3346;
16.1865;
20.9053;
17.7988;
16.1986;
25.2033;
21.6693;
16.8599;
19.9385;
19.7767;
15.6374;
20.8418;
22.1099;
14.5794;
17.2669;
19.8767;
17.9632;
17.5207;
17.1842;
21.334;
20.2073;
18.978;
14.6759;
18.8016;
19.33;
21.4696;
18.9313;
11.8653;
21.9269;
19.7647;
15.546;
13.8661;
22.6962;
19.7922;
14.6711;
15.9869;
19.0562;
15.9096;
20.8518;
18.393;
20.1328;
22.4256;
16.2204;
17.6425;
15.689;
17.6866;
17.9241;
16.245;
22.7951;
18.297;
17.4589;
18.8908;
21.2644;
17.8127;
20.1659;
18.1343;
19.396;
12.9722;
20.2525;
16.1891;
15.2223;
17.9534;
19.1373;
19.2733;
16.8137;
17.4375;
17.312;
18.1488;
16.8236;
15.9683;
20.6076;
21.3579;
15.2133;
19.6899;
18.3014;
15.9183;
19.3086;
19.6975;
19.6035;
17.4799;
18.4665;
17.1895;
16.8987;
17.5105;
19.36;
15.294;
11.2459;
16.9365;
19.0358;
17.1645;
17.7682;
20.1308;
14.4045;
20.9527;
18.6415;
21.8913;
19.2412;
16.0439;
19.0427;
19.0572;
17.9793;
15.1809;
17.4253;
19.0918;
23.6308;
21.0632;
11.7077;
20.1846;
16.5142;
13.2803;
18.9121;
18.0169;
20.9669;
17.6626;
18.8639;
16.0231;
18.4817;
16.8651;
17.2356;
19.2063;
16.0206;
15.8701;
20.3943;
22.3766;
19.7166;
16.293;
16.4516;
17.0326;
17.363;
17.7501;
23.0643;
17.8935;
23.3823;
18.5184;
20.9359;
15.98;
18.7486;
18.7777;
19.4307;
15.1686;
18.8986;
21.1625;
15.6202;
17.7282;
14.8858;
15.5348;
21.2687;
17.3627;
16.6759;
19.2946;
13.181;
15.842;
17.7912;
20.563;
12.3893;
16.1249;
17.4596;
21.8658;
22.4938;
22.3635;
19.5866;
16.0581;
15.3439;
20.5278;
18.7152;
12.2629;
16.7509;
20.2475;
15.9202;
15.4196;
18.7584;
17.773;
17.2964;
19.0113;
15.5299;
16.5565;
19.9423;
15.5923;
17.1151;
16.0587;
23.6979;
17.7621;
21.4308;
19.0191;
18.5763;
20.0267;
20.0442;
17.999;
20.1214;
15.0046;
20.1573;
17.6673;
21.4034;
16.0881;
19.7609;
16.7719;
15.524;
16.0316;
21.601;
21.8935;
19.1702;
20.6827;
18.4676;
23.0321;
12.8527;
17.4352;
15.8657;
17.942;
15.332;
20.878;
21.6488;
17.0327;
23.163;
19.5196;
14.6024;
18.7238;
19.3022;
18.089;
16.1935;
15.6085;
15.9753;
15.3212;
16.5136;
14.9275;
21.4135;
16.6942;
20.1219;
22.6834;
20.7699;
19.7668;
16.9344;
18.1105;
17.9814;
17.4275;
14.7376;
19.1684;
14.8231;
15.8301;
16.298;
19.3596;
13.4725;
19.2056;
16.5089;
15.6191;
25.4445;
15.5564;
13.1739;
21.7718;
17.2195;
15.7401;
16.6336;
18.4284;
18.7796;
14.5996;
17.0513;
21.8281;
12.5154;
20.848;
14.0549;
18.1126;
12.884;
18.4185;
17.714;
12.7059;
20.1323;
13.8639;
13.7441;
17.923;
16.2087;
22.054;
14.8984;
16.4938;
14.6236;
18.4762;
13.1435;
21.0181;
17.1274;
20.4687;
19.9274;
21.2201;
17.4217;
13.449;
19.4716;
16.0001;
17.5238;
13.1281;
17.0714;
21.4444;
13.4497;
17.2545;
21.3108;
15.6641;
16.0999;
20.0741;
14.5202;
10.2832;
15.4097;
14.5249;
20.4239;
16.641;
17.375;
18.8239;
19.2961;
19.7321;
17.9193;
18.6805;
19.3833;
14.3756;
20.2279;
16.83;
18.9874;
19.7279;
18.7048;
14.1399;
16.9579;
19.5472;
14.8308;
15.4191;
15.7525;
19.1093;
12.6364;
15.7895;
14.18;
26.0783;
17.0735;
15.1066;
18.5862;
13.357;
16.0201;
19.6476;
19.1039;
16.6588;
18.2002;
14.7327;
17.6257;
20.2901;
16.9629;
21.1094;
16.2771;
18.7144;
17.7792;
17.8697;
21.2323;
19.4809;
15.2527;
20.1542;
14.6916;
19.6198;
18.2446;
15.9756;
19.8248;
15.5814;
16.9896;
19.0528;
16.812;
22.573;
21.254;
17.164;
18.1036;
17.2031;
15.6369;
17.1311;
21.1249;
19.2016;
18.1478;
13.9201;
15.1512;
18.4187;
17.5258;
17.2282;
20.0622;
18.2094;
21.5536;
15.6151;
16.9108;
16.4903;
15.0087;
15.6452;
20.401;
24.2423;
19.8019;
16.1994;
17.2584;
19.9829;
16.4485;
12.3215;
18.7233;
19.0009;
17.855;
16.515;
17.4021;
15.9856;
13.9995;
13.6123;
13.8932;
16.8067;
15.8959;
14.9978;
18.0775;
22.6331;
14.0953;
16.248;
13.2967;
22.2834;
15.9578;
16.193;
14.5613;
15.4342;
11.0398;
17.6384;
15.2842;
15.6245;
15.0864;
13.4258;
14.8118;
23.5379;
17.7403;
12.6698;
15.0905;
16.0073;
13.172;
14.6203;
16.7449;
16.1037;
18.9221;
16.7707;
17.5034;
18.6231;
14.7935;
14.2698;
15.1268;
18.8512;
14.2032;
14.9774;
22.1801;
15.1661;
14.2894;
15.1679;
14.1013;
20.4804;
18.2524;
18.4732;
15.0671;
13.4031;
14.931;
17.7831;
16.5937;
11.1511;
14.8522;
14.6625;
14.229;
15.4262;
13.6758;
19.3224;
13.0135;
15.4008;
19.0326;
19.3788;
18.9494;
16.6109;
19.9318;
16.3904;
17.5639;
17.7882;
20.6617;
11.4775;
12.6523;
17.6816;
15.2272;
17.7675;
16.1952;
21.3165;
20.8737;
21.5677;
13.6376;
14.5292;
14.2855;
16.2908;
12.7621;
16.3185;
19.9602;
12.8746;
18.3187;
21.6981;
15.5047;
22.4763;
12.8709;
17.7809;
16.6072;
15.9932;
18.1101;
18.4219;
13.5665;
15.3344;
19.35;
16.22;
17.2632;
18.0087;
14.7538;
16.6754;
16.4765;
11.5107;
13.0174;
18.684;
16.1734;
17.8362;
16.0152;
16.2507;
14.3076;
17.8278;
15.4488;
15.3339;
23.0888;
28.2514;
21.3931;
17.8579;
13.5492;
13.7105;
19.3683;
17.6001;
15.4103;
16.1832;
13.188;
12.2154;
14.2625;
12.2828;
14.6904;
13.9731;
15.1521;
16.603;
16.6024;
17.3486;
18.8748;
18.0459;
20.332;
14.2029;
17.0414;
16.6516;
15.2242;
15.7863;
18.2486;
19.7749;
17.8011;
18.7703;
17.4186;
17.9528;
19.7035;
14.8839;
15.6563;
14.6394;
17.0174;
14.7666;
16.7377;
19.9466;
15.1911;
22.051;
22.1618;
12.8431;
16.0638;
16.3447;
26.0002;
19.9002;
18.731;
18.1586;
19.8694;
16.2479;
16.8335;
20.0162;
16.5765;
16.6986;
11.8658;
14.0651;
13.8389;
15.5396;
18.8623;
21.6438;
18.1335;
14.4235;
16.0892;
15.1223;
16.4864;
17.7669;
16.0591;
15.331;
17.2223;
22.3451;
14.5846;
15.9424;
12.0036;
12.2275;
16.4644;
16.7121;
13.9054;
13.5689;
21.1952;
19.0259;
24.2247;
15.4014;
15.0317;
13.9445;
17.8799;
13.4854;
17.2296;
15.4851;
15.4941;
23.5476;
11.7306;
17.4078;
18.625;
16.3418;
17.0716;
17.0158;
15.6814;
19.3794;
13.1517;
15.9462;
15.3445;
13.6175;
17.8132;
16.0461;
15.1017;
16.6627;
15.7876;
17.1618;
17.0572;
14.6745;
17.9613;
18.4343;
10.6472;
17.202;
13.3462;
14.8724;
10.9502;
17.0867;
16.6197;
15.4745;
16.0522;
12.222;
18.097;
16.1719;
19.4196;
16.7178;
12.9457;
14.3642;
19.5048;
16.3814;
14.7434;
15.5942;
16.2927;
17.1349;
18.3594;
15.0792;
15.0527;
16.6867;
14.7871;
10.7733;
17.0642;
15.1835;
16.7168;
15.1812;
15.2899;
18.2663;
13.0394;
22.7992;
18.8194;
15.9236;
15.2096;
13.0504;
14.0568;
13.394;
16.5539;
17.3317;
16.128;
16.6698;
15.1539;
16.3451;
18.8446;
15.5449;
13.9652;
16.573;
16.1237;
14.2019;
15.5117;
15.412;
21.1076;
15.072;
18.3026;
16.1056;
15.0253;
16.9539;
20.0716;
18.3077;
17.6105;
20.168;
14.1795;
17.2178;
15.9879;
14.8714;
16.5031;
20.6481;
14.9805;
14.3454;
16.7327;
13.9678;
13.1197;
13.4786;
19.0988;
16.6546;
12.3202;
14.4176;
16.0189;
17.5654;
15.7623;
15.4506;
21.3393;
10.5077;
17.0719;
16.9251;
29.9803;
19.2533;
20.8779;
14.137;
15.9408;
16.4802;
15.2917;
16.067;
18.7539;
14.9159;
13.8169;
17.1002;
14.7712;
15.914;
16.0791;
16.1861;
15.1551;
13.6042;
15.0783;
10.1774;
10.609;
15.7358;
14.1016;
12.028;
15.3544;
18.5323;
15.2056;
12.5489;
17.2077;
19.167;
13.332;
15.922;
15.3208;
14.3929;
14.8534;
17.5491;
20.5167;
22.2483;
16.0911;
17.0515;
17.3611;
14.551;
18.0131;
12.136;
14.9825;
17.4392;
18.0832;
17.2051;
14.2347;
15.096;
12.6614;
13.1731;
15.8959;
15.5218;
15.036;
27.5175;
13.1952;
15.4906;
14.6412;
12.9114;
28.1122;
16.4185;
21.4027;
18.7676;
15.4302;
18.3383;
15.7635;
16.6574;
14.6896;
16.7018;
14.7572;
15.264;
15.1337;
15.7803;
17.3723;
19.3548;
16.7578;
16.5911;
13.8331;
14.8956;
17.817;
16.7472;
14.3058;
18.6397;
16.7754;
13.9126;
15.6564;
12.8561;
13.6699;
13.0109;
19.459;
14.7154;
10.7571;
15.7924;
18.2486;
20.237;
21.7197;
17.5005;
17.3437;
14.9536;
14.9555;
13.4938;
14.0085;
11.6534;
16.6986;
15.9994;
13.4239;
16.7087;
12.8814;
14.7534;
14.9279;
13.4882;
12.6487;
15.5445;
11.7193;
18.9505;
17.5202;
19.4171;
17.8612;
11.1441;
15.5174;
17.036;
19.5745;
14.9174;
17.8977;
13.3698;
10.8627;
15.321;
15.1959;
12.9482;
15.4816;
15.9871;
9.40385;
20.1659;
15.741;
15.0641;
18.1455;
13.6669;
19.1872;
18.1024;
16.0986;
16.5691;
16.8414;
14.7838;
23.2652;
20.8793;
12.0417;
12.0477;
14.5256;
17.179;
17.3734;
13.9684;
11.4065;
16.7905;
15.088;
13.3895;
15.4858;
23.8122;
12.0487;
13.0403;
13.1315;
16.0769;
14.5338;
16.8384;
17.1539;
21.6665;
14.2298;
16.8973;
17.3823;
14.6538;
17.3296;
19.2863;
17.1127;
14.9264;
15.5227;
15.6475;
11.8343;
14.027;
12.2433;
21.4482;
16.1747;
17.2142;
19.7494;
24.3328;
20.3438;
21.6687;
23.6798;
20.3412;
17.8563;
13.308;
15.6489;
15.4079;
14.0226;
17.7643;
13.0901;
17.2027;
18.9445;
13.0145;
17.27;
13.9764;
12.8888;
10.9305;
14.5143;
18.3184;
21.2874;
16.2778;
16.1408;
13.1457;
18.209;
15.2891;
13.1388;
14.8783;
11.9955;
17.5546;
13.2884;
18.7701;
12.4517;
12.6974;
10.9645;
13.5918;
17.4172;
14.7479;
12.4173;
10.3733;
15.6575;
13.9798;
18.4367;
16.4385;
11.3583;
22.7736;
13.8854;
15.3369;
14.4399;
9.73976;
19.6515;
18.0975;
14.0883;
19.7196;
18.5715;
11.1691;
17.1373;
12.5543;
17.5108;
16.3772;
11.5765;
16.5699;
16.1295;
17.9611;
11.0563;
20.4539;
14.6275;
16.5824;
16.3522;
16.9074;
16.8858;
16.0068;
17.3034;
15.1617;
14.4339;
22.3995;
15.4945;
18.9126;
17.5212;
9.80404;
13.2108;
17.1993;
12.7861;
13.6955;
10.9745;
16.4899;
12.5417;
21.6282;
16.5976;
19.1749;
9.04728;
18.4539;
12.0044;
15.0187;
10.4458;
14.4086;
11.9776;
13.7578;
16.6055;
17.4644;
16.5919;
19.2685;
10.0566;
17.9881;
12.0192;
12.7215;
16.3979;
19.393;
13.3441;
14.037;
15.3514;
19.0058;
13.6381;
12.7702;
14.1363;
14.2797;
15.0869;
12.7429;
12.6383;
14.0212;
14.5389;
14.1518;
11.6187;
24.0679;
16.1852;
11.7557;
10.4629;
12.5745;
13.7855;
16.6552;
19.4205;
15.7346;
13.4167;
18.3582;
12.3913;
14.7443;
14.7043;
13.3762;
16.5176;
18.5104;
14.7118;
16.7667;
21.6087;
12.4835;
17.8558;
10.89;
7.87808;
18.8723;
18.455;
16.6337;
12.0477;
14.5122;
14.2981;
14.5935;
21.6771;
13.4238;
16.3358;
16.2845;
11.2677;
15.4259;
17.6881;
15.4177;
12.5169;
15.5194;
17.1692;
12.0774;
17.3319;
14.3593;
14.1492;
15.3176;
14.1898;
18.2411;
10.605;
13.6646;
11.9828;
16.186;
13.983;
16.3296;
13.4169;
13.3498;
20.4761;
18.0526;
13.0291;
12.1657;
13.6912;
18.3831;
16.2051;
20.7832;
13.4246;
16.4389;
11.471;
25.7852;
13.6237;
14.441;
13.2999;
18.4084;
14.6628;
21.8486;
21.681;
15.8441;
15.1362;
14.7377;
15.5698;
13.9137;
22.5951;
10.0985;
12.5823;
14.0445;
16.791;
24.7929;
14.9986;
11.9673;
12.8135;
16.1748;
14.6902;
13.5835;
15.1452;
13.5989;
17.0597;
14.1436;
11.9619;
12.913;
16.1173;
14.0752;
18.4444;
15.7703;
15.7064;
15.4866;
15.5208;
12.0705;
15.7242;
18.7734;
15.6651;
12.7728;
14.6089;
18.5291;
21.2995;
14.223;
10.1293;
15.9537;
15.8301;
15.0293;
13.1523;
14.5279;
17.3193;
15.7082;
12.2358;
12.1563;
16.7302;
13.5494;
13.7978;
19.595;
27.0715;
13.352;
23.5297;
16.8419;
19.2264;
11.5675;
18.1999;
23.7697;
15.7558;
12.0738;
14.8072;
16.4042;
14.7573;
11.7447;
15.0249;
14.2456;
17.6466;
14.4186;
17.2803;
14.5982;
15.6627;
19.559;
9.68043;
12.4329;
15.3963;
17.0644;
13.2614;
15.2115;
14.4085;
13.8128;
25.128;
13.6349;
14.0755;
16.9753;
12.4739;
15.2419;
11.7753;
17.8369;
16.3762;
14.787;
14.5096;
11.3437;
12.8801;
14.1007;
12.3002;
11.3709;
12.4057;
16.9273;
19.4443;
18.3436;
17.2612;
21.1605;
17.1758;
13.1524;
12.5816;
15.435;
10.4058;
16.0464;
11.0073;
13.6723;
14.132;
10.4075;
12.6484;
10.0129;
20.5239;
7.49315;
15.8538;
17.8561;
13.9189;
12.1963;
12.6371;
9.37523;
14.3764;
8.44621;
13.5789;
15.7593;
17.126;
14.721;
13.03;
10.7104;
15.4202;
10.5882;
12.6963;
14.9604;
16.4891;
9.03643;
24.9103;
16.3978;
13.2076;
11.8662;
17.8305;
15.2949;
15.8936;
16.5394;
16.7684;
16.1442;
19.2938;
14.5534;
14.3972;
13.6005;
10.2383;
10.973;
9.74956;
14.1811;
14.826;
14.2437;
10.5122;
15.906;
17.8118;
12.0519;
11.0863;
14.6045;
17.7587;
15.2987;
15.4531;
14.5172;
12.5894;
11.4638;
9.1526;
11.4035;
12.6578;
12.8705;
15.0778;
14.2089;
14.3607;
14.3461;
13.2287;
15.0165;
14.0138;
12.6688;
12.7578;
15.3197;
17.191;
14.4852;
11.1944;
13.1103;
11.4752;
24.6422;
23.4094;
13.4628;
12.8262;
14.8515;
12.9219;
12.8491;
17.8141;
11.1793;
13.7421;
13.5801;
16.1414;
15.7081;
27.2834;
13.6916;
11.3142;
10.9105;
10.3009;
13.9145;
12.9535;
13.7388;
14.3258;
15.919;
9.83605;
13.5436;
14.0713;
21.9124;
16.5577;
14.1043;
16.4005;
12.6284;
12.5115;
16.7315;
14.2965;
13.2396;
14.1003;
14.3654;
13.4087;
12.4694;
16.5691;
8.71212;
14.1938;
14.4828;
16.7089;
14.331;
15.9901;
9.39358;
17.4122;
15.1418;
24.7481;
14.995;
11.2444;
11.3483;
17.0747;
8.93571;
17.4455;
16.7732;
14.9797;
17.5052;
13.5654;
11.5299;
15.0228;
11.7188;
13.314;
15.5846;
29.4907;
14.3083;
17.1925;
14.8277;
9.33816;
17.0118;
12.9929;
21.483;
7.84737;
11.2488;
16.1558;
13.3019;
12.4981;
11.209;
10.6994;
12.5306;
14.3806;
16.3271;
11.8189;
14.3861;
14.5134;
16.9542;
15.6122;
10.5462;
12.1975;
14.8531;
12.1031;
9.65589;
10.4577;
16.1715;
7.33181;
14.4831;
13.6385;
15.8627;
16.6727;
13.6857;
17.4623;
9.39982;
17.1279;
9.2648;
12.3611;
11.3411;
11.3846;
13.1973;
15.1753;
8.9563;
12.329;
16.3538;
10.4099;
28.9182;
12.721;
19.227;
14.1685;
20.5985;
11.0782;
27.3592;
11.2325;
14.3188;
15.2694;
12.4967;
15.967;
14.9048;
12.6134;
11.7006;
12.2757;
13.9357;
8.33675;
16.234;
13.7241;
14.6989;
28.617;
13.5023;
13.7029;
15.0944;
12.5879;
11.6517;
15.307;
9.62254;
15.5343;
13.0948;
13.6037;
19.2856;
11.2942;
14.9162;
14.9898;
11.0564;
16.2768;
16.029;
12.8466;
14.6988;
11.9112;
16.2316;
14.3142;
16.2297;
14.1068;
15.3389;
13.7667;
14.9047;
13.8061;
12.9429;
11.3834;
16.4442;
15.2459;
14.8686;
15.6394;
9.21097;
12.5573;
13.6148;
12.0371;
15.168;
13.2927;
14.3651;
15.1222;
11.0777;
11.3721;
12.0359;
13.997;
11.0659;
16.9564;
15.4742;
14.0783;
16.757;
27.2674;
14.6858;
11.9765;
12.7552;
26.5579;
8.85256;
14.2225;
15.3459;
12.7398;
15.2199;
15.5694;
11.6662;
12.8257;
12.0905;
14.0553;
13.8346;
11.8552;
14.414;
13.2924;
14.3927;
14.9498;
9.85072;
11.2409;
13.1937;
14.237;
14.7213;
12.8176;
13.55;
13.3802;
13.8507;
12.6146;
19.0957;
15.6455;
12.6209;
15.8166;
12.3239;
12.9923;
8.13829;
16.5167;
13.7078;
15.4664;
11.2251;
14.7503;
13.6907;
17.0949;
19.4464;
16.3732;
14.6951;
14.9428;
11.5627;
28.4086;
14.6468;
11.661;
15.6852;
12.7712;
13.6958;
16.1285;
17.5689;
13.7316;
8.32884;
10.8099;
13.6931;
11.6641;
11.248;
16.2076;
10.3994;
8.90826;
11.9594;
13.7929;
16.142;
16.1744;
16.8685;
11.2483;
28.8141;
16.508;
9.98371;
15.9773;
13.206;
16.0971;
13.2684;
12.9049;
14.5119;
9.39155;
14.8204;
16.666;
12.2658;
14.1544;
9.2819;
11.7576;
9.24868;
14.9234;
14.5018;
12.265;
15.0467;
10.9172;
12.614;
10.7526;
11.7625;
13.7124;
9.75799;
12.3571;
13.1588;
13.5417;
11.0266;
21.8321;
8.19578;
11.9603;
16.0467;
22.1341;
12.9048;
15.109;
13.9745;
27.3675;
11.4072;
27.9771;
9.5828;
13.0421;
14.1735;
15.0925;
11.376;
13.2874;
14.3783;
14.8776;
11.738;
14.8487;
12.5798;
16.6299;
16.0423;
23.9986;
12.9509;
12.378;
24.4647;
13.6726;
11.7318;
28.924;
13.8713;
14.0699;
29.3955;
12.1011;
14.0963;
23.5562;
15.5085;
15.7065;
15.0665;
20.1223;
11.988;
16.4264;
11.1925;
14.5091;
21.1645;
7.92098;
13.0865;
16.8894;
14.7267;
13.2585;
12.4836;
22.0801;
17.4096;
14.9187;
13.296;
12.0108;
11.4215;
13.9582;
17.0912;
9.66074;
10.5708;
13.7768;
18.8916;
19.4735;
9.56982;
12.1057;
12.1421;
13.1435;
17.1176;
12.4064;
16.5774;
17.7417;
16.9116;
11.9897;
12.2988;
24.4392;
26.3739;
12.094;
13.4908;
13.1227;
12.2954;
12.3815;
14.3643;
13.805;
14.6229;
11.4502;
10.7905;
13.1816;
24.5717;
10.2724;
9.21448;
13.6836;
14.4391;
10.2034;
14.0333;
13.8867;
16.3092;
11.7425;
13.9435;
16.6933;
13.7505;
13.0499;
14.6412;
10.74;
13.1692;
13.1187;
15.4164;
16.1308;
11.9161;
13.4334;
14.1288;
10.5286;
11.7895;
12.7618;
26.3698;
28.4599;
25.0849;
9.70555;
11.9938;
15.3261;
10.5349;
11.3223;
19.0214;
12.4432;
10.7574;
12.1125;
13.1434;
14.3418;
11.1206;
10.329;
11.9054;
13.5186;
24.1827;
13.0923;
21.6726;
13.3728;
14.0917;
12.8902;
17.5256;
11.4473;
12.2612;
9.95428;
15.7064;
9.64066;
16.9486;
11.7697;
13.1466;
14.1034;
11.9881;
11.9994;
11.2577;
10.8673;
10.5754;
10.5724;
12.5632;
14.4938;
9.05104;
16.6876;
14.3663;
11.651;
16.6848;
13.194;
11.1832;
11.7724;
12.018;
13.449;
15.5367;
14.6718;
12.6182;
15.5282;
13.9146;
10.2675;
18.1355;
7.8539;
16.3324;
14.2223;
11.7248;
16.5989;
12.4477;
13.1911;
12.4041;
12.1867;
11.1478;
10.3168;
31.0384;
11.1007;
11.0253;
13.1036;
11.5256;
12.1311;
13.8238;
7.343;
11.6748;
14.999;
13.13;
7.83135;
10.0458;
24.685;
9.90454;
15.5167;
9.9053;
11.0582;
10.6936;
12.5687;
11.0293;
13.7195;
14.8549;
16.7195;
11.5924;
14.2328;
11.0881;
24.3905;
10.2598;
26.621;
10.8134;
13.5662;
12.5322;
16.8967;
12.4725;
11.6241;
10.7574;
12.6798;
12.3816;
14.6102;
8.46454;
12.8787;
25.3908;
9.85416;
11.0078;
15.9475;
13.2505;
12.7231;
10.0553;
14.0935;
12.4318;
12.8873;
7.15221;
10.4023;
22.7365;
14.6907;
12.5269;
10.1893;
17.6375;
15.0775;
14.7833;
12.3857;
16.9851;
12.8326;
11.0876;
10.4941;
11.4593;
10.7762;
12.1097;
17.3838;
9.83957;
13.1361;
14.3164;
13.7496;
29.7777;
9.19228;
12.6731;
11.6662;
13.0725;
7.59747;
10.8076;
25.5219;
13.8356;
9.54735;
11.9122;
9.93791;
13.1884;
10.0412;
9.61394;
11.4758;
35.8647;
10.9926;
13.0482;
19.5807;
21.728;
29.0639;
29.9762;
28.1163;
12.7621;
12.7048;
12.1377;
12.6608;
14.4667;
9.29958;
9.23616;
12.1713;
12.6617;
12.4273;
13.0362;
15.2749;
8.99883;
12.3049;
16.4688;
17.5054;
9.45752;
24.2368;
10.3601;
13.0976;
11.5262;
12.2016;
14.1587;
12.186;
12.6243;
11.1492;
9.55873;
13.6751;
11.1712;
14.9435;
13.6507;
11.4598;
10.0578;
10.8113;
12.1368;
11.2378;
13.4565;
10.0199;
13.6942;
10.6966;
11.6141;
16.2239;
11.1146;
12.3772;
11.6704;
10.0423;
24.2115;
13.1107;
13.5898;
11.9562;
12.7611;
7.46471;
10.8207;
8.38209;
13.0811;
10.671;
11.9932;
9.86903;
11.6942;
13.2589;
16.1284;
12.179;
12.3114;
11.0044;
15.9181;
12.5486;
13.4681;
25.0888;
11.4588;
9.71937;
9.98701;
10.4508;
10.7695;
7.79247;
17.0567;
10.0879;
10.9566;
9.58186;
13.9982;
8.69821;
16.8395;
12.4675;
25.4868;
12.1993;
8.08974;
12.9553;
9.88734;
6.54992;
12.8945;
11.9358;
15.6711;
13.9372;
11.188;
9.47733;
14.5206;
12.9704;
10.1107;
11.6857;
11.8291;
13.7129;
9.01867;
11.9062;
12.1211;
8.87763;
10.2133;
11.8497;
9.39377;
13.7141;
9.143;
9.87943;
10.2852;
13.4211;
31.484;
13.7209;
13.5646;
16.1426;
10.8548;
13.2172;
13.5046;
11.9017;
12.2466;
10.7952;
14.6013;
12.5925;
12.6444;
14.8995;
21.8673;
14.4674;
9.76659;
8.88169;
14.7405;
8.86732;
10.8391;
13.5303;
14.223;
12.437;
11.5792;
11.268;
12.0499;
13.8351;
11.571;
9.98482;
12.703;
13.7966;
11.1805;
12.6221;
9.51965;
11.201;
11.3479;
12.7348;
13.9664;
11.0901;
10.3359;
26.2018;
12.3289;
9.24799;
14.7551;
12.3858;
14.6492;
14.5474;
11.8347;
9.40915;
13.2143;
12.5024;
9.38297;
10.309;
10.2498;
11.8135;
13.3374;
11.8745;
13.8441;
12.9315;
7.52592;
13.4679;
22.5401;
10.6517;
11.8845;
5.86398;
10.4666;
7.83444;
12.9193;
12.4409;
10.4077;
11.1198;
10.8569;
13.8268;
11.0327;
13.9692;
10.4065;
11.3173;
11.3809;
13.7323;
9.32905;
12.8022;
11.3811;
27.1029;
11.165;
29.1627;
13.5862;
9.33545;
22.7026;
13.6911;
9.89903;
10.0461;
8.17465;
7.84633;
9.31096;
8.80649;
12.6073;
13.9067;
10.0829;
11.4755;
10.559;
10.1405;
12.4102;
11.1514;
14.748;
11.6973;
10.3635;
12.7689;
13.612;
10.9616;
9.8476;
8.41403;
12.7698;
11.0067;
10.35;
6.51567;
11.5543;
9.2544;
9.31946;
13.8548;
15.3775;
14.5449;
9.59298;
11.5587;
10.0839;
16.9627;
10.1302;
11.1155;
10.9707;
11.4441;
11.9334;
10.2233;
11.4982;
10.5994;
13.4671;
10.9075;
11.6093;
12.7754;
9.57882;
11.586;
13.7789;
10.5798;
14.7023;
7.24046;
11.7407;
15.8169;
12.007;
12.6351;
13.1306;
8.12503;
24.0327;
13.6684;
12.5452;
11.2161;
36.4426;
15.1679;
13.1729;
12.1463;
31.0867;
9.28018;
10.7459;
11.3531;
9.53915;
13.8096;
9.993;
14.5912;
10.4852;
12.2919;
14.7973;
12.949;
10.6348;
11.3713;
9.4731;
24.8611;
9.67325;
12.029;
13.58;
10.0417;
11.3466;
7.67441;
12.3241;
12.6253;
12.1762;
7.08016;
8.73902;
10.3571;
7.14073;
11.2583;
11.4085;
13.7327;
8.15592;
9.18167;
9.8535;
9.80171;
12.45;
8.38837;
9.78373;
11.7783;
13.5792;
10.3655;
14.2895;
12.0017;
9.97119;
11.2275;
10.0269;
10.4388;
10.3012;
11.0931;
17.5987;
8.74122;
22.4451;
11.6424;
12.1278;
9.85675;
13.479;
10.8708;
12.2184;
12.1345;
12.9705;
10.299;
10.0091;
8.36821;
10.7198;
15.4847;
12.0564;
24.8539;
10.2571;
14.7435;
12.7695;
6.2842;
11.0679;
10.0203;
11.2063;
9.74065;
10.4467;
13.6394;
13.7765;
11.277;
14.8658;
8.7509;
10.1138;
10.1492;
11.8515;
9.66416;
14.4719;
10.0743;
11.7952;
11.0779;
8.23054;
8.50636;
7.61557;
7.903;
10.7833;
13.3953;
10.5047;
8.74085;
10.7955;
27.3948;
11.3699;
28.8167;
8.63118;
14.6323;
9.52211;
12.7532;
12.4459;
9.55614;
11.58;
9.78701;
9.13498;
11.8927;
14.409;
9.05443;
9.50389;
11.8951;
12.23;
9.29953;
28.5281;
9.59361;
13.8044;
9.43663;
11.5998;
10.7529;
12.8935;
10.0499;
9.28779;
5.90944;
8.54916;
12.309;
9.66803;
28.2401;
13.7865;
10.4751;
10.5269;
12.6903;
12.8004;
11.2691;
10.562;
10.0158;
12.9228;
9.4599;
10.3914;
10.0631;
9.49747;
9.30087;
12.483;
12.1929;
14.1372;
17.4814;
9.8984;
12.1565;
10.57;
28.6551;
25.3038;
12.6552;
10.481;
9.71929;
10.2621;
11.7582;
6.53445;
8.86301;
10.9895;
8.35329;
8.10658;
10.7775;
12.511;
12.8281;
8.81862;
13.5268;
11.5926;
11.7237;
11.0511;
11.1747;
11.5287;
12.9685;
9.05135;
12.5647;
11.2033;
12.025;
24.753;
11.5444;
10.4295;
15.4823;
14.0912;
10.2789;
10.2711;
14.7658;
7.9632;
11.5631;
13.5835;
9.09447;
10.7703;
9.08337;
9.13114;
14.0959;
10.8093;
14.7764;
10.4116;
12.8301;
9.68501;
10.7122;
12.204;
15.1303;
9.58221;
9.08189;
10.2553;
9.49893;
11.1725;
13.0287;
9.83584;
11.8316;
11.3471;
13.1172;
13.6356;
10.9153;
15.4426;
10.8421;
9.36948;
10.003;
12.7134;
9.40926;
10.5859;
33.6877;
8.73831;
9.71142;
13.1974;
7.49148;
13.2811;
11.1821;
10.2154;
12.8422;
7.47126;
14.9047;
11.4805;
9.55827;
11.025;
28.8101;
9.99746;
10.4912;
12.2971;
12.7523;
13.6489;
25.7428;
7.50727;
10.411;
11.3348;
10.244;
14.7697;
10.6206;
9.84626;
9.99585;
13.4764;
8.02858;
10.4019;
12.9502;
10.0356;
14.72;
28.5182;
11.6472;
8.05896;
15.5079;
10.4716;
14.9906;
8.55138;
13.8897;
7.62828;
10.8605;
10.6872;
11.7105;
8.65492;
6.51872;
9.3303;
12.5091;
12.8433;
11.1723;
10.204;
11.0007;
8.1466;
11.4451;
15.5793;
15.7565;
7.24638;
12.1232;
12.1237;
26.5418;
9.6853;
29.7863;
10.2539;
10.3877;
7.71558;
12.0291;
7.54425;
13.6054;
8.781;
13.0688;
11.0854;
9.49308;
12.6502;
13.5734;
12.4479;
11.5115;
9.90618;
8.74063;
12.195;
11.9624;
12.2262;
13.4312;
14.2331;
10.6676;
11.4366;
8.53831;
8.64128;
9.58685;
10.0095;
7.23592;
10.2529;
28.7844;
11.7863;
11.3688;
10.1403;
9.30623;
9.42618;
13.3268;
13.1604;
14.254;
9.82778;
12.1026;
10.9656;
9.36157;
9.73623;
9.75148;
6.15677;
10.2523;
11.4882;
11.8354;
28.8199;
30.7441;
11.4429;
11.7456;
11.1335;
26.1582;
27.764;
13.4668;
10.5181;
10.2961;
11.887;
6.67906;
8.74903;
7.36915;
14.8321;
13.1055;
9.0121;
7.49458;
29.7495;
10.5882;
9.25228;
10.698;
10.0686;
13.574;
11.6981;
11.6084;
12.9244;
13.0574;
8.32434;
11.8123;
10.1524;
8.9883;
7.57216;
27.7739;
7.39408;
9.18259;
8.11043;
12.2491;
12.3723;
12.2297;
15.4548;
12.9302;
12.0715;
10.1162;
14.8972;
8.07246;
9.74305;
7.96106;
11.5106;
13.7348;
9.32372;
12.6339;
10.7739;
7.02101;
7.39557;
11.569;
9.34995;
12.3838;
26.3493;
10.2497;
9.71128;
9.93975;
11.9593;
11.1134;
9.92585;
27.3349;
8.53064;
7.93039;
7.38882;
10.0606;
5.00586;
8.01542;
12.5441;
11.634;
10.0223;
9.46535;
10.3067;
10.652;
9.66968;
11.2616;
11.4665;
12.2579;
7.42463;
8.03417;
7.42527;
13.8525;
11.5371;
6.25234;
32.4158;
7.71093;
7.12217;
27.6844;
10.9035;
10.2843;
26.8438;
11.2832;
9.11072;
26.5661;
29.3951;
11.3874;
9.35552;
9.82704;
13.8351;
9.12114;
10.5291;
6.69987;
7.2827;
8.71832;
9.08234;
9.57369;
17.6177;
28.107;
9.85669;
8.44458;
7.96365;
10.4392;
11.7808;
10.6422;
24.005;
33.3911;
28.7449;
27.8625;
12.5452;
9.60268;
8.32133;
8.83909;
11.1237;
8.96757;
11.9776;
10.7837;
11.0212;
10.7654;
12.1514;
9.41511;
11.1398;
7.33872;
8.12044;
10.8824;
9.93995;
8.89634;
28.9778;
8.72031;
8.04724;
11.4943;
8.53698;
6.68344;
12.8216;
10.0789;
10.2605;
13.6167;
9.21151;
8.44138;
9.44176;
10.8517;
7.57815;
8.31419;
27.6051;
11.2284;
7.9873;
8.91785;
9.83934;
9.88826;
6.95684;
10.9742;
9.74779;
9.38512;
9.7103;
9.05245;
10.223;
5.72143;
13.6978;
9.30958;
10.0053;
9.92818;
7.63231;
9.78025;
26.0821;
7.73734;
27.3975;
7.09171;
11.6778;
11.0515;
8.83031;
10.8907;
7.84144;
11.0617;
9.30371;
13.8242;
12.0374;
10.2591;
8.92991;
6.88795;
27.7083;
8.42819;
8.33622;
10.1999;
11.6001;
7.87152;
9.14833;
11.1162;
11.9787;
9.32761;
8.02574;
14.1488;
28.88;
9.59702;
8.26193;
11.9975;
13.1506;
11.3966;
10.5609;
7.88433;
7.67534;
10.4986;
8.40714;
9.97371;
8.5357;
10.3359;
7.12765;
15.2665;
12.8167;
8.22729;
11.0116;
13.1729;
9.4288;
13.4921;
9.08766;
13.758;
7.76599;
7.81209;
11.2899;
8.51861;
11.4022;
8.95656;
11.0958;
8.65558;
30.2113;
10.0828;
7.80385;
11.6261;
9.09389;
12.5094;
11.7018;
11.4603;
8.24184;
11.0452;
12.1702;
6.21281;
14.0908;
8.33296;
12.4055;
11.0465;
12.3742;
7.86162;
30.1192;
9.58965;
12.8482;
9.37996;
9.40314;
10.2366;
12.1925;
8.09062;
8.54777;
8.86718;
11.5144;
9.43012;
9.16464;
9.04751;
8.66788;
12.7481;
9.52349;
12.1177;
8.90715;
10.4274;
8.82806;
13.573;
6.67956;
10.6174;
11.7751;
13.0409;
7.68581;
6.1976;
10.3567;
12.2352;
10.0762;
7.92011;
8.67888;
7.40542;
10.8119;
13.9328;
12.3589;
9.31423;
13.4243;
9.95845;
12.6778;
10.0879;
8.51457;
10.0079;
34.0614;
9.49086;
6.68867;
10.0891;
8.2275;
11.7438;
10.1806;
10.3998;
7.01272;
10.5673;
8.79789;
10.3461;
6.85683;
7.44723;
9.02914;
8.34989;
6.62954;
10.1033;
24.074;
10.2181;
12.673;
10.0249;
33.9226;
10.4691;
11.002;
12.0909;
11.8626;
12.198;
12.442;
6.43212;
12.4655;
8.49076;
26.3224;
10.8704;
7.455;
9.61623;
6.61893;
10.1338;
12.0184;
8.21579;
9.1447;
10.5802;
10.2689;
10.8007;
8.77174;
11.1989;
10.4071;
10.3085;
10.7277;
6.54448;
9.32136;
8.34131;
8.94482;
7.3874;
8.18843;
9.84149;
10.0542;
8.9194;
13.1025;
7.31368;
29.0676;
8.68284;
9.32759;
9.1287;
13.8238;
9.56993;
10.8756;
10.5103;
23.2596;
8.93781;
7.20077;
7.19637;
9.68259;
8.03057;
13.374;
11.4608;
11.5377;
10.2323;
9.39119;
7.63475;
12.047;
11.6021;
29.1823;
11.0739;
10.0914;
9.33144;
8.33489;
10.6467;
9.54699;
8.89856;
9.53289;
10.1016;
27.5927;
7.29943;
8.76563;
4.46959;
10.6709;
10.8078;
8.06802;
11.0619;
7.31811;
7.42215;
10.5113;
8.62344;
13.6307;
8.54496;
11.4414;
10.1576;
11.5917;
7.25966;
31.5543;
10.4683;
11.9781;
11.1361;
7.65962;
6.28957;
13.0248;
8.14069;
7.08874;
6.94975;
8.0833;
8.42583;
8.4871;
8.74655;
10.1454;
28.2736;
7.09438;
8.01149;
10.0509;
11.9415;
11.2741;
9.35902;
11.9631;
25.1203;
9.57257;
7.09132;
7.09319;
7.16638;
6.47113;
8.35849;
8.90667;
8.22086;
9.8941;
7.89768;
9.20332;
9.21863;
5.56598;
30.1727;
10.683;
6.703;
8.51061;
5.96725;
8.11148;
9.48443;
7.69378;
6.08878;
7.65492;
7.9371;
10.3339;
8.07318;
10.593;
8.02238;
10.3511;
7.68518;
11.6829;
12.9718;
7.24199;
5.87051;
14.4626;
9.90412;
8.39778;
33.6244;
9.60396;
8.42006;
8.22962;
6.71342;
11.5891;
12.0386;
10.7881;
7.38512;
10.7819;
9.46087;
10.0452;
10.7229;
4.81461;
10.5452;
8.97159;
10.2132;
11.9922;
6.60536;
8.42732;
13.202;
7.29863;
9.58796;
9.74746;
8.98814;
8.53729;
6.9449;
9.04409;
9.43945;
8.43549;
6.55879;
23.4443;
31.0515;
9.76891;
9.13419;
7.84044;
11.587;
25.2016;
7.04766;
6.29349;
5.99889;
32.4065;
7.80574;
6.27595;
6.67148;
5.72134;
11.3644;
12.4348;
7.09348;
12.8065;
8.5069;
7.22588;
8.67886;
7.87562;
8.08629;
7.1197;
11.1746;
6.08414;
8.36612;
6.74895;
9.70078;
9.77242;
10.1116;
12.6826;
6.8747;
9.41079;
12.6949;
34.4974;
11.9544;
10.0844;
8.96459;
8.55827;
7.24717;
9.70895;
4.13493;
7.50358;
9.15688;
32.0851;
6.61148;
7.15262;
8.34459;
6.83128;
7.73365;
8.52887;
10.348;
10.7927;
9.62349;
12.6895;
8.50291;
6.23864;
9.34042;
6.6571;
9.57835;
7.71137;
31.6836;
36.0487;
7.18922;
12.6243;
10.5946;
7.38443;
11.1063;
10.7901;
7.666;
11.0807;
4.88477;
9.2027;
7.53557;
6.16295;
12.376;
11.1524;
10.4732;
9.37109;
5.05242;
7.72783;
5.98484;
8.16933;
7.63642;
3.52276;
9.26866;
8.40962;
35.7461;
8.59639;
9.26853;
10.2481;
11.8049;
8.60764;
6.81936;
6.98937;
7.88682;
11.8035;
9.7604;
9.34499;
11.2768;
7.01183;
7.37967;
7.05056;
9.57579;
7.91037;
32.8282;
29.2801;
28.7102;
10.8566;
7.46716;
12.8998;
8.56887;
12.0427;
9.57371;
8.23823;
10.1442;
8.78338;
8.88362;
11.5248;
14.1555;
32.6444;
10.1525;
7.35122;
23.6155;
8.703;
9.79045;
8.21679;
11.0156;
11.4569;
7.76116;
7.94334;
9.11957;
7.12722;
10.5343;
10.37;
7.67265;
11.0876;
6.34444;
5.60601;
6.85443;
10.5449;
10.0641;
11.616;
7.53867;
10.1736;
6.84627;
4.66931;
7.2667;
9.23021;
29.968;
9.60805;
6.83025;
12.1751;
11.1015;
8.331;
8.05336;
9.55003;
9.18213;
9.8532;
9.57841;
8.48331;
10.7932;
7.01956;
5.52815;
10.1771;
25.6136;
6.79007;
9.2319;
10.7413;
10.9065;
11.3681;
8.08075;
5.93559;
10.3906;
8.5758;
9.77172;
11.3752;
7.70605;
9.73504;
8.44886;
10.8556;
7.51286;
10.4464;
11.4174;
8.00232;
6.42906;
6.10017;
9.0402;
7.21667;
31.3401;
11.2885;
8.4669;
7.15163;
8.21531;
7.96443;
8.74325;
4.90597;
5.93411;
9.50939;
7.71864;
8.21902;
5.02574;
4.6912;
6.83311;
9.35331;
9.62664;
8.65983;
6.66395;
7.12236;
11.6301;
7.5768;
6.68728;
5.23221;
11.6252;
9.79258;
10.0564;
7.23843;
9.25351;
26.961;
8.72842;
8.40236;
11.7579;
28.9829;
32.562;
10.1264;
7.52124;
8.19575;
7.87402;
7.16878;
8.35423;
10.8389;
26.0377;
9.88638;
7.52677;
7.17696;
7.39255;
8.26406;
7.36998;
10.1582;
7.97201;
6.56563;
12.2301;
9.65186;
7.22553;
32.5623;
29.0385;
8.47486;
11.3756;
9.10913;
8.81559;
7.80853;
9.25496;
5.07409;
8.56597;
8.61118;
11.0739;
8.67017;
9.63227;
9.45435;
6.92518;
33.5091;
34.7361;
9.593;
8.9295;
5.90188;
9.65219;
9.48991;
9.73262;
12.2934;
10.0758;
7.24682;
7.19689;
8.79655;
8.48149;
7.07422;
8.66468;
7.62082;
5.79536;
7.19235;
7.2218;
5.85711;
8.24907;
6.10285;
9.54086;
10.0707;
9.44939;
10.0655;
7.08257;
4.06927;
8.49846;
23.8968;
11.1351;
6.26626;
5.12811;
10.3694;
8.12139;
10.3315;
10.752;
7.842;
11.1428;
7.64143;
9.64729;
8.07333;
6.34616;
8.19785;
26.0333;
7.1173;
31.1039;
7.7138;
9.17511;
8.27288;
3.68384;
8.18301;
10.2149;
7.21612;
8.33039;
10.5439;
7.99579;
8.25338;
28.1923;
10.9831;
5.95755;
6.33785;
7.45791;
10.8913;
9.51814;
9.20276;
9.2846;
4.17031;
7.96772;
6.6734;
8.40137;
6.59375;
11.5496;
13.3327;
9.36946;
11.4902;
12.7228;
5.33518;
29.4856;
10.151;
4.97825;
8.40263;
8.44398;
9.04478;
5.65545;
9.92418;
8.50313;
8.37426;
8.75806;
7.04158;
6.44431;
8.28306;
5.09788;
5.3493;
12.3455;
7.62233;
8.49251;
7.69228;
7.39595;
7.3701;
6.13144;
12.012;
8.34968;
8.26963;
6.577;
9.81062;
6.94071;
9.46387;
10.149;
5.70447;
6.64623;
7.90122;
8.2415;
29.8788;
10.9498;
8.12326;
10.2577;
7.30558;
6.92275;
6.42049;
5.82676;
7.4349;
8.86977;
6.47687;
10.8133;
8.02939;
26.6155;
7.91255;
11.0682;
6.0781;
8.44461;
8.50346;
10.2496;
8.33605;
8.31975;
10.5628;
8.41088;
9.45015;
5.47854;
8.8926;
6.90859;
8.92236;
6.31034;
6.87568;
7.02981;
9.81761;
8.51041;
9.62195;
10.3144;
7.44361;
7.19955;
8.29632;
7.67025;
7.88543;
7.81147;
6.83832;
31.8943;
28.328;
7.94997;
5.53991;
8.48959;
6.57622;
6.34259;
9.63344;
8.76692;
8.44731;
5.26364;
7.59148;
11.1149;
7.96964;
7.10434;
7.20733;
7.95929;
6.70049;
9.49146;
7.00169;
7.64798;
10.5233;
3.93865;
8.79123;
7.37994;
9.41791;
12.6797;
6.961;
10.9188;
6.05065;
7.97692;
6.6757;
8.71484;
5.82634;
6.56589;
7.78945;
7.24916;
12.2792;
6.43182;
9.5998;
7.80956;
33.2853;
6.81177;
7.15528;
8.96705;
10.7474;
10.2283;
5.47383;
6.80782;
6.86137;
11.445;
5.97667;
9.68647;
7.8414;
9.25221;
7.37524;
7.4778;
8.57101;
8.54949;
7.49891;
8.13169;
8.04941;
13.3393;
6.32993;
4.96836;
10.2971;
6.49269;
6.11912;
9.9535;
10.1764;
27.2648;
6.78286;
29.2633;
9.05317;
5.41316;
8.07639;
7.9502;
8.16567;
8.49755;
7.87617;
10.0974;
6.2866;
8.47288;
9.58814;
10.5752;
5.80795;
10.4152;
6.3457;
8.04589;
8.63965;
7.57907;
11.4598;
7.83508;
13.203;
9.23975;
8.69722;
12.2638;
9.8677;
7.61866;
10.2788;
29.6462;
9.51497;
5.06228;
9.55311;
5.97208;
7.55287;
8.08335;
6.94057;
9.59871;
6.82347;
8.1272;
10.3681;
5.23064;
10.5438;
7.61426;
8.67861;
8.97129;
6.86695;
9.34453;
10.6277;
11.1261;
33.51;
7.56107;
7.18443;
7.4392;
8.95162;
11.1364;
9.73469;
7.77687;
9.64341;
7.86763;
9.49483;
8.28895;
3.75527;
3.97317;
12.7926;
10.8525;
33.1073;
8.6558;
9.64993;
7.58027;
10.0955;
32.7007;
10.856;
9.41932;
10.0093;
5.57137;
8.84219;
7.06265;
6.24209;
7.55669;
6.98353;
9.53817;
7.36745;
8.90414;
6.57403;
7.57805;
7.59544;
4.64911;
7.40459;
7.41806;
9.61446;
9.23895;
5.54283;
7.39261;
8.44863;
7.20831;
9.76962;
7.89837;
30.6394;
9.06732;
8.21042;
5.7188;
9.34388;
6.35056;
6.28615;
6.21066;
4.88611;
8.01502;
8.55446;
7.51233;
9.52805;
10.2062;
6.8543;
7.63669;
5.60987;
9.25081;
7.92741;
5.66692;
8.9411;
7.12143;
8.84081;
5.17269;
6.04161;
6.67799;
31.9566;
8.56527;
6.04443;
7.72873;
7.82824;
7.93828;
7.03513;
7.81921;
7.89943;
6.59797;
8.83178;
7.10025;
36.1758;
7.62615;
6.77722;
6.69142;
13.6983;
8.80488;
5.96387;
8.37015;
7.31833;
9.18977;
3.78649;
7.51961;
6.34516;
7.45752;
5.76776;
7.31411;
7.9259;
7.93281;
8.26642;
5.09358;
5.18874;
9.08641;
8.33369;
6.5088;
7.97386;
9.43402;
5.94557;
33.5694;
30.2566;
5.82815;
9.20326;
7.64166;
5.88249;
6.99846;
12.8611;
8.4121;
8.11168;
5.28005;
5.89757;
6.86563;
12.0858;
9.05477;
7.56704;
7.54775;
9.17758;
6.15732;
10.9367;
6.15967;
7.84283;
8.95651;
5.43884;
7.32507;
32.0204;
6.27477;
8.284;
8.82352;
10.0273;
6.65886;
7.09695;
34.6276;
25.2622;
4.91837;
5.58696;
8.37293;
5.73706;
8.31637;
5.95382;
7.18855;
5.50234;
7.68282;
8.06228;
9.52058;
3.24314;
8.93421;
6.19578;
5.90973;
8.10064;
10.6582;
7.04717;
7.42087;
8.66076;
5.31198;
9.39935;
11.0547;
7.02037;
10.8236;
8.73358;
8.78997;
6.38047;
8.19826;
7.15783;
6.71563;
6.93867;
27.6076;
7.18271;
6.5559;
9.16064;
5.34452;
8.31814;
6.99378;
4.07652;
8.13262;
5.95771;
8.33219;
5.70026;
5.41887;
5.8981;
6.68905;
9.63675;
7.50151;
5.99394;
8.82381;
34.2686;
7.66975;
8.05302;
6.11113;
7.51496;
9.64836;
35.9442;
6.16016;
5.7387;
5.99792;
5.34058;
9.18133;
7.31205;
6.59621;
5.05145;
6.9965;
7.49931;
6.80685;
7.26615;
6.50739;
8.64663;
5.89878;
4.93407;
5.36208;
7.61768;
6.33973;
5.93111;
5.8986;
7.41639;
24.5727;
6.70587;
7.01864;
8.95247;
8.44637;
8.85918;
27.3833;
7.27624;
7.23142;
8.67101;
7.04095;
7.81385;
8.52027;
5.79158;
7.88804;
6.7606;
5.72133;
26.7419;
7.99968;
9.18646;
8.23601;
9.39569;
29.6513;
7.64304;
5.09663;
4.95396;
4.99333;
31.8802;
6.89996;
4.9479;
7.15136;
4.6217;
7.46404;
9.80377;
6.0109;
7.00948;
5.32706;
5.16085;
4.79819;
4.50619;
5.82668;
9.1175;
5.22775;
5.17516;
32.3117;
8.69116;
3.34459;
7.86227;
6.92888;
8.44085;
5.42146;
5.97057;
11.161;
7.05652;
7.64581;
5.94684;
6.87169;
9.44341;
6.10635;
5.54797;
6.23155;
28.0834;
29.5289;
8.83428;
6.19943;
6.59218;
5.30417;
7.75157;
9.40616;
7.96021;
7.79502;
7.19171;
8.0844;
7.68698;
6.05383;
6.86054;
7.93964;
7.64013;
9.50556;
7.35468;
6.24884;
6.96119;
5.3798;
10.4101;
7.34982;
6.15729;
4.93392;
4.49047;
8.1791;
4.94276;
7.387;
6.79672;
7.20317;
6.56579;
8.71334;
5.27284;
9.59867;
8.1982;
8.18619;
6.52408;
8.17901;
7.95655;
8.44039;
24.5857;
4.70831;
8.39863;
10.3748;
7.40876;
6.09107;
7.14463;
6.82863;
3.68237;
10.3536;
3.74848;
4.23389;
8.72066;
6.46337;
7.75814;
4.20803;
8.72697;
9.30995;
7.62532;
7.6022;
8.4769;
11.4425;
5.0834;
6.22062;
7.53291;
9.4832;
32.1092;
6.32662;
6.77331;
5.45863;
8.68937;
6.82021;
8.61003;
9.73789;
3.97971;
8.16639;
6.92812;
7.22592;
9.28121;
6.92961;
6.58546;
8.25135;
6.06835;
38.8254;
11.3154;
5.75569;
8.3735;
5.8556;
10.1831;
6.13501;
6.86396;
6.54121;
6.2256;
4.90334;
6.42191;
8.76066;
6.67937;
10.6063;
6.98443;
10.4853;
7.8406;
5.90505;
7.77353;
5.83042;
4.82612;
5.17821;
7.27676;
6.8536;
6.94041;
10.6836;
9.323;
27.4678;
31.7693;
5.40304;
6.01719;
6.04358;
6.47387;
5.40142;
6.65107;
8.03194;
4.60832;
8.36626;
5.47119;
6.57009;
5.96504;
4.63412;
4.97493;
5.1478;
35.164;
7.18221;
3.84767;
8.14976;
8.95265;
7.62941;
4.46154;
6.89748;
9.35749;
7.93047;
8.30399;
8.11825;
5.72263;
6.87756;
7.21796;
8.27739;
7.22056;
6.36696;
6.91435;
6.95281;
6.82598;
8.1934;
6.5473;
7.6394;
7.34299;
9.39164;
8.73559;
8.55721;
4.72043;
8.08988;
6.601;
5.32964;
7.32672;
8.49871;
37.7192;
5.88615;
7.48264;
6.84342;
5.80895;
4.62601;
8.74839;
7.01684;
7.7979;
7.43355;
7.35502;
8.11769;
7.31733;
6.10308;
9.0685;
4.86027;
5.54992;
5.48906;
8.35166;
6.01739;
9.34563;
7.65073;
6.30425;
5.65531;
32.0958;
7.49572;
5.41338;
9.4916;
6.54715;
5.28355;
6.49333;
4.44711;
6.59854;
9.76559;
6.59844;
7.9562;
7.96007;
6.76172;
6.86189;
6.81788;
7.90897;
6.21062;
6.43236;
32.4929;
5.32368;
4.93644;
10.1552;
6.8128;
6.61494;
8.16098;
3.68823;
4.93968;
8.24687;
7.66451;
5.7888;
5.26705;
5.30359;
6.12122;
7.4222;
9.09622;
4.59752;
8.99328;
7.20709;
32.3332;
7.74166;
6.15455;
2.53138;
5.0599;
7.13881;
3.82805;
25.0602;
5.54058;
9.36078;
5.49558;
7.48266;
6.07755;
7.70333;
9.02465;
6.51383;
6.20716;
6.94134;
5.76997;
7.44011;
3.9334;
6.64128;
4.55676;
7.04692;
32.4962;
9.19219;
6.24682;
6.2431;
2.54963;
8.95591;
5.72702;
5.98608;
5.76522;
11.1349;
7.5277;
6.23263;
4.0671;
5.87915;
7.18409;
5.52277;
9.277;
8.19087;
6.69325;
5.11634;
6.78937;
5.66685;
6.48337;
8.84353;
9.41881;
8.80785;
5.51079;
6.41729;
5.65726;
6.28565;
7.1079;
3.37762;
8.1295;
9.1676;
7.79875;
7.3686;
5.12521;
4.28445;
7.33216;
9.54168;
8.32256;
7.72754;
9.47626;
6.19385;
7.09004;
6.55293;
8.43046;
5.65148;
7.11729;
30.5216;
7.10224;
6.54592;
5.23949;
7.48788;
9.81498;
5.38376;
8.83916;
7.30835;
8.03403;
8.87654;
6.02423;
8.90295;
6.26365;
7.79999;
6.6123;
5.82074;
8.73844;
7.39417;
6.02135;
6.00175;
5.80591;
37.7728;
27.9639;
6.98826;
5.13705;
8.9657;
3.54497;
7.3884;
4.96577;
8.25072;
7.44245;
5.90516;
9.68376;
5.15826;
5.46576;
7.88164;
5.23855;
5.00321;
8.54474;
6.40006;
4.00737;
8.045;
7.33858;
5.59354;
9.96773;
9.6898;
4.90606;
6.16239;
5.08148;
3.95941;
6.95131;
8.36143;
7.57518;
10.8353;
5.2178;
35.0698;
33.3211;
5.77094;
7.94007;
6.00388;
6.25666;
6.07813;
4.25721;
7.2035;
7.56723;
8.89026;
8.52521;
7.50331;
8.21622;
33.2661;
5.79086;
6.85752;
5.05724;
3.95583;
8.53051;
4.96446;
5.46088;
6.3685;
37.4752;
4.14308;
6.47298;
7.21971;
6.35372;
7.12024;
9.00418;
6.06758;
6.49536;
8.15307;
4.38142;
7.39429;
27.7268;
6.68944;
7.80285;
6.20345;
7.24731;
7.40032;
9.43085;
7.15992;
4.86419;
8.58752;
4.16326;
9.61422;
7.10979;
37.5191;
5.90874;
6.59294;
2.96024;
8.2537;
6.77678;
7.45994;
7.39625;
11.3355;
5.60133;
8.46691;
5.10191;
7.48871;
4.53549;
9.50344;
7.26762;
27.8359;
6.21034;
3.91454;
5.99271;
6.07286;
5.57292;
6.52877;
5.22834;
5.56625;
31.0615;
6.673;
8.06532;
8.17278;
4.39544;
5.52868;
4.57841;
6.93114;
6.17545;
4.89701;
4.83828;
7.65207;
5.17579;
7.03375;
6.22595;
7.80652;
6.68707;
5.9307;
6.58624;
6.63315;
5.77157;
5.51468;
4.47386;
3.89234;
8.40137;
9.87499;
7.08439;
4.6098;
7.95046;
4.83962;
5.91635;
6.39418;
5.86075;
7.7472;
7.1208;
4.72625;
6.57122;
6.96753;
7.66783;
8.6609;
6.35045;
4.56488;
6.45324;
6.13387;
4.4867;
28.767;
7.1717;
9.30058;
4.86303;
30.9169;
4.15451;
6.50435;
6.93062;
6.63809;
7.29408;
7.70502;
6.42315;
8.53992;
6.61422;
4.74979;
6.99923;
6.22195;
5.20745;
6.79699;
6.93451;
6.22922;
6.28313;
4.56688;
7.87402;
6.8805;
8.06883;
4.38823;
29.0187;
6.37087;
6.31858;
7.53508;
5.73218;
6.60058;
5.99773;
5.22891;
9.73591;
7.56268;
6.38316;
4.87666;
7.64056;
6.03736;
6.09953;
6.84531;
7.83194;
6.0459;
6.94542;
4.03535;
6.64574;
3.59738;
8.94806;
6.69895;
5.99699;
6.71782;
5.94591;
7.47877;
29.1565;
6.0323;
8.56681;
5.83054;
7.48289;
8.81075;
6.46975;
8.42582;
5.40469;
5.58248;
6.98649;
8.84114;
7.86399;
6.63179;
6.11764;
8.53549;
7.99143;
1.54157;
6.06692;
5.76175;
3.30661;
4.92212;
6.61144;
30.4651;
5.52312;
4.49167;
6.94076;
5.33883;
6.48346;
6.84993;
3.32407;
6.89726;
4.73854;
8.0908;
5.68661;
5.9829;
6.28279;
7.16356;
6.24512;
5.8589;
4.7748;
3.69128;
28.2461;
7.35874;
5.7864;
8.46818;
27.1679;
4.34625;
6.37223;
7.10042;
4.51292;
5.13824;
5.59391;
5.759;
7.40697;
4.61093;
7.74049;
5.88371;
7.55993;
7.12673;
6.30643;
5.31273;
32.5729;
6.39416;
6.17363;
3.46057;
5.34275;
6.01298;
3.61864;
3.83024;
5.95173;
5.89106;
5.15417;
6.7397;
4.97113;
5.17426;
5.04312;
6.25947;
5.16985;
6.76398;
8.59987;
7.98252;
5.86744;
4.5234;
6.27151;
5.21333;
3.62559;
7.05298;
6.6642;
4.43914;
6.31692;
5.28259;
6.31847;
5.92785;
7.16079;
5.17776;
4.82634;
8.03929;
4.45102;
4.22355;
4.94037;
5.29803;
7.04374;
5.8672;
2.56052;
7.67433;
7.2071;
7.23409;
8.83435;
7.09793;
5.28852;
5.59102;
6.70283;
3.25997;
8.20156;
8.0892;
6.62024;
7.47083;
4.78758;
4.83517;
5.57824;
4.23028;
34.8012;
6.93651;
6.06809;
5.3003;
4.7945;
8.53376;
4.6761;
4.22848;
4.10294;
5.67283;
5.57576;
8.22891;
5.92929;
5.24017;
9.2564;
6.96115;
5.94592;
5.65966;
5.94032;
26.885;
5.86308;
6.40266;
8.94681;
5.83381;
4.15577;
4.16832;
6.26642;
4.94295;
6.17421;
6.4316;
6.42712;
3.71092;
30.1361;
7.00049;
5.29692;
5.22405;
4.52177;
6.94663;
5.47343;
4.5466;
3.93772;
5.11923;
3.88501;
6.55303;
3.94636;
6.06082;
33.9458;
4.97586;
3.47422;
5.28264;
9.30845;
4.5151;
6.4587;
6.11283;
7.62445;
7.03408;
7.57188;
5.25105;
4.30605;
11.2932;
7.34401;
5.89128;
4.98111;
6.07245;
5.25654;
4.33341;
7.4365;
30.5823;
5.48602;
4.73419;
6.6822;
4.45585;
4.85251;
6.84206;
5.0681;
7.41822;
7.0646;
5.73296;
6.74021;
3.61827;
6.80006;
4.88861;
5.62335;
4.04473;
5.25611;
5.29142;
5.18235;
4.29524;
8.10579;
29.4274;
4.98435;
4.21988;
6.26258;
6.05291;
8.06229;
4.56601;
5.05276;
6.3845;
7.39582;
6.72641;
6.87181;
5.53222;
7.69156;
5.85643;
3.74867;
7.42028;
3.58827;
7.43316;
6.87645;
6.91431;
4.87468;
5.92074;
5.71527;
6.00199;
37.9635;
4.90728;
5.84622;
7.33403;
3.26706;
5.78928;
6.36453;
5.50077;
6.85387;
4.70464;
5.01447;
6.40846;
5.07606;
6.20286;
5.22032;
7.07592;
8.10539;
7.89166;
6.18828;
4.33152;
5.25618;
4.53816;
6.46257;
4.94572;
5.66338;
5.78792;
7.42024;
4.3972;
7.04209;
5.14073;
8.21065;
5.74881;
33.821;
6.64472;
4.86417;
6.23513;
9.73653;
5.85053;
7.03472;
6.46734;
7.34023;
6.46477;
3.11234;
8.32658;
9.96722;
35.1106;
3.80159;
6.20673;
6.30947;
4.94838;
4.06804;
5.78598;
6.38464;
7.47911;
7.83172;
4.67054;
6.35165;
4.30143;
6.48947;
4.33084;
4.72825;
7.60474;
4.84038;
5.11988;
5.62502;
5.61175;
4.85594;
7.15306;
7.58927;
28.7743;
6.12928;
5.40612;
5.51433;
7.14909;
4.73388;
5.842;
4.65008;
6.18866;
5.70927;
4.97818;
4.29026;
5.07646;
7.01398;
5.20873;
3.11409;
5.54254;
4.32632;
6.0636;
34.2388;
6.77368;
3.63252;
4.18833;
5.27587;
6.70579;
5.99931;
6.43518;
6.15724;
7.17436;
3.95075;
4.39005;
6.19802;
4.78743;
2.93991;
5.9523;
6.43139;
4.5934;
7.55389;
4.67042;
3.41322;
5.90757;
6.29402;
7.01105;
7.73889;
7.23898;
5.50398;
36.6085;
4.47326;
5.25728;
4.58383;
4.63154;
5.54541;
5.38359;
7.03099;
5.91469;
5.25115;
5.56854;
5.47644;
4.78894;
8.31937;
6.7744;
4.75707;
7.84326;
6.71227;
6.0813;
4.2406;
2.08726;
4.52453;
4.8478;
4.94906;
2.77195;
7.64814;
5.99012;
7.60719;
6.73321;
7.06159;
4.21298;
5.23297;
5.38935;
33.3557;
6.66141;
3.24875;
6.08134;
4.46053;
5.98673;
5.37509;
5.41563;
4.79615;
5.98822;
4.72228;
7.77901;
4.75339;
6.18772;
7.59441;
7.49365;
5.4401;
6.11615;
8.40048;
6.71008;
3.04342;
7.18652;
9.95804;
3.48903;
5.18388;
7.30394;
6.59555;
5.91039;
5.04882;
5.87134;
5.5337;
4.75643;
3.21006;
2.29091;
2.88789;
2.95185;
3.99466;
6.04535;
33.281;
5.91156;
5.34035;
5.77811;
4.74317;
2.85595;
4.43346;
6.83048;
6.51407;
5.29473;
6.81429;
6.87283;
6.54534;
6.47306;
5.927;
5.19608;
4.82866;
8.64465;
3.52726;
3.69753;
7.23174;
3.47989;
4.89343;
8.26536;
31.1194;
6.38382;
3.99197;
5.6411;
2.97952;
5.7468;
3.17404;
5.50879;
3.82343;
6.22596;
4.9654;
6.20614;
3.87643;
6.65368;
5.55743;
5.73661;
6.07098;
5.71003;
3.12754;
4.06328;
6.53779;
6.14188;
5.45465;
5.84753;
8.02557;
5.71237;
4.23974;
6.79183;
5.76688;
27.3459;
5.64812;
5.03669;
7.26196;
6.30142;
5.70049;
3.01196;
3.36496;
8.4628;
4.40064;
6.15183;
7.56837;
3.05727;
5.22893;
4.23351;
30.5376;
4.60317;
5.74531;
5.56345;
6.64374;
32.0248;
6.40393;
4.45219;
4.15644;
5.57466;
6.10632;
4.50356;
5.89277;
5.84324;
5.86523;
6.8352;
5.72745;
4.57491;
4.94361;
7.72711;
6.28835;
6.05087;
6.29073;
5.78526;
28.6785;
36.6831;
5.72301;
3.26652;
7.5852;
5.90434;
5.78787;
5.04919;
4.77242;
8.53525;
7.19928;
5.78787;
6.04164;
4.50652;
5.37038;
6.69599;
5.33307;
7.74382;
4.72913;
2.93176;
3.53668;
6.44336;
5.99361;
28.5091;
3.44418;
5.44033;
4.42348;
4.57781;
2.98353;
3.95942;
4.77418;
4.163;
5.69906;
3.77768;
6.07017;
3.71284;
6.01022;
6.05018;
7.96058;
5.5221;
4.17309;
4.30978;
7.70858;
3.56327;
3.94471;
3.26816;
6.9655;
30.1731;
1.77986;
7.10859;
6.32863;
5.55296;
4.98048;
3.99226;
6.67821;
4.59032;
7.52501;
4.71346;
3.85872;
5.13057;
2.38072;
5.63023;
4.91471;
4.96884;
5.4544;
5.00023;
3.4763;
4.05182;
28.9343;
5.25232;
4.73498;
4.68739;
3.35723;
3.85789;
4.40955;
5.1043;
6.82575;
4.75121;
7.99509;
2.59194;
4.53901;
4.49108;
5.02817;
29.7729;
3.55837;
4.32588;
6.05507;
5.90725;
5.04921;
3.77306;
3.56565;
6.25876;
33.8574;
3.63714;
6.27843;
7.11113;
6.49414;
5.68671;
7.62023;
4.12037;
8.43202;
5.2093;
6.53609;
5.07941;
3.08026;
5.59097;
5.01936;
4.82787;
4.54718;
5.55563;
4.51068;
3.77736;
3.48574;
2.09038;
3.04975;
4.57352;
6.78585;
5.86393;
5.03869;
5.32347;
5.81598;
5.03495;
6.11535;
3.86639;
5.80135;
3.94873;
4.67274;
2.46708;
6.73011;
5.75074;
6.68517;
4.80737;
31.325;
7.70723;
4.14087;
4.04017;
33.0023;
2.79815;
6.25042;
4.69766;
4.22138;
24.9209;
2.8155;
6.11657;
4.86009;
5.84254;
6.27626;
6.59492;
4.99213;
4.98352;
2.09649;
8.42979;
4.41112;
5.06438;
5.44496;
5.08286;
3.51804;
33.8206;
5.82921;
3.78031;
6.80837;
4.39561;
3.3424;
7.63427;
4.66594;
6.18467;
5.15238;
5.27422;
3.83326;
5.44676;
2.298;
5.85898;
3.78731;
5.23986;
4.39511;
31.4328;
5.14276;
2.69248;
6.73525;
4.74477;
3.5289;
2.67031;
5.23726;
5.87348;
5.76895;
3.8847;
4.03286;
5.58434;
4.43213;
4.97065;
5.41822;
4.61888;
5.05585;
2.09756;
4.6877;
6.16488;
4.58458;
4.28899;
7.06952;
5.46273;
7.35499;
7.45398;
4.62813;
4.16341;
4.2061;
6.74195;
3.42228;
6.36815;
5.66325;
3.77946;
4.74425;
5.34158;
35.0655;
4.86294;
5.96618;
5.87253;
5.86236;
2.65803;
5.89838;
5.02434;
5.99367;
6.40838;
6.2151;
5.39158;
4.76437;
4.39258;
4.02562;
29.3318;
3.90664;
2.93728;
6.99959;
5.45096;
4.79883;
4.35921;
4.07026;
4.74797;
3.59438;
4.93302;
3.88169;
4.50256;
4.43043;
5.35243;
4.09444;
3.2535;
5.57462;
7.01984;
4.53205;
2.4396;
4.40124;
3.6452;
5.1409;
3.94432;
1.78983;
3.54171;
4.51584;
5.44899;
5.19166;
4.0453;
4.55343;
33.0587;
3.40049;
5.49236;
4.21858;
4.68229;
3.88339;
5.44705;
2.55868;
5.39589;
5.30195;
3.3973;
4.56867;
5.12669;
4.41942;
5.62471;
4.64151;
3.84687;
4.43237;
6.25611;
6.13636;
5.46614;
3.03282;
5.39314;
5.83909;
4.4598;
5.85598;
3.55221;
6.11742;
3.46936;
27.3394;
30.3006;
7.59329;
3.33217;
3.61529;
6.85189;
3.38189;
5.36277;
7.54816;
4.2892;
28.209;
2.58703;
4.95472;
6.01824;
3.89435;
2.64631;
5.9988;
4.84749;
3.44064;
3.60495;
3.47032;
4.63292;
3.99137;
5.28654;
3.24944;
4.62768;
6.11742;
8.16343;
32.5;
6.04893;
4.55913;
3.39954;
6.56018;
5.10571;
4.30659;
4.14462;
4.70716;
5.53985;
4.39721;
7.29439;
4.68015;
2.2732;
3.83344;
4.47519;
4.59744;
28.5028;
3.75734;
5.75184;
5.1079;
5.61206;
4.54079;
6.02642;
6.88751;
2.96439;
4.56036;
6.3919;
6.06565;
3.92023;
6.33826;
4.07667;
2.36703;
4.97037;
6.82243;
4.25963;
6.69805;
4.75816;
5.72987;
3.97365;
6.87187;
4.70774;
6.17269;
3.13268;
6.33301;
5.83306;
7.81693;
3.13871;
5.38164;
5.92859;
4.04907;
4.95581;
3.97401;
4.03377;
4.78259;
3.50345;
4.72727;
4.94065;
38.6791;
4.44539;
4.39168;
5.93047;
3.15728;
2.73662;
5.32968;
5.29473;
4.78153;
3.29701;
5.36319;
6.08048;
3.19348;
4.10036;
6.13036;
2.69604;
5.36562;
4.3914;
4.56827;
4.08251;
4.56032;
4.97849;
4.26477;
4.0306;
3.15591;
2.22308;
6.09254;
3.7592;
3.56454;
2.13167;
4.87902;
5.65422;
5.15693;
5.82376;
2.42436;
3.31437;
4.98155;
5.37681;
6.60394;
2.05131;
4.14762;
6.15613;
6.3109;
3.56118;
34.2302;
6.26102;
4.33166;
3.5609;
4.32854;
6.54792;
5.57696;
3.70023;
4.1226;
4.0748;
4.55428;
6.94566;
4.97283;
6.08861;
2.62103;
4.11457;
2.09719;
4.63853;
3.77228;
7.35042;
4.38027;
4.03831;
7.63139;
7.75069;
5.2054;
3.83774;
4.2544;
3.72781;
4.65648;
4.10216;
3.28917;
5.20108;
4.5918;
5.52522;
7.37138;
4.36114;
6.96035;
27.8024;
4.52626;
3.65061;
5.60566;
5.52659;
5.54195;
4.69854;
5.33632;
5.19443;
5.89053;
4.62816;
5.54042;
3.7842;
5.93678;
3.90131;
4.53675;
3.75845;
2.937;
3.93283;
31.9042;
5.1911;
4.79743;
3.07394;
3.1186;
2.99895;
5.52775;
4.07255;
5.77684;
31.5177;
4.02049;
4.38982;
6.00924;
5.51888;
4.09808;
4.11543;
3.16792;
4.61524;
5.88392;
3.1098;
5.16583;
1.89003;
4.12744;
5.03764;
4.29153;
30.3297;
4.22144;
4.42395;
3.85119;
5.53494;
4.39629;
3.21117;
2.61997;
6.10904;
2.15487;
5.41888;
4.16667;
3.39864;
3.35867;
5.80513;
3.37172;
5.06214;
6.02225;
1.97159;
4.32487;
4.56332;
4.10351;
3.41309;
4.70266;
5.11599;
32.4133;
4.88993;
5.58167;
3.9242;
2.50969;
3.78216;
3.71248;
4.46139;
6.48576;
3.28136;
4.77025;
4.45126;
3.61378;
6.10853;
5.64046;
4.59026;
6.62921;
4.63162;
4.65524;
6.08702;
3.8776;
2.92042;
3.69821;
3.53485;
3.61803;
2.26243;
4.00565;
3.429;
2.98272;
3.88323;
32.9151;
2.46815;
4.57136;
4.1404;
2.83369;
3.35323;
5.66272;
4.16189;
4.06777;
3.67633;
2.41901;
4.8501;
5.21244;
3.34464;
4.3658;
4.81203;
2.9068;
4.51446;
4.39793;
7.44857;
4.16167;
5.27853;
4.21751;
4.39294;
24.0761;
2.61682;
3.9418;
5.50087;
2.9803;
2.52443;
5.12286;
5.73858;
3.76052;
4.26175;
2.42471;
6.00571;
3.16659;
3.63605;
4.36075;
4.30649;
3.20237;
3.86268;
2.02208;
3.4874;
29.6594;
33.3528;
4.60601;
4.95959;
3.8364;
4.8144;
5.16279;
4.53335;
5.52412;
2.43802;
5.18024;
3.2054;
1.89876;
4.25033;
2.56657;
3.79111;
3.29337;
5.17245;
4.36722;
3.3604;
5.1452;
5.15503;
5.59157;
5.1858;
33.3051;
3.76924;
4.92575;
1.70911;
3.99806;
5.72135;
4.03746;
4.52775;
3.13319;
4.51584;
5.65374;
6.26685;
4.33515;
3.55839;
3.81816;
3.13417;
3.4799;
5.15424;
3.95469;
34.6906;
5.55424;
4.47111;
4.01215;
3.35998;
4.0675;
4.1376;
3.87722;
4.50445;
4.81449;
4.14643;
31.8506;
4.98617;
6.72758;
5.00408;
3.4577;
4.47549;
5.05108;
5.17996;
3.60554;
5.45613;
5.38823;
4.72696;
3.06157;
4.28211;
3.3266;
5.09196;
2.30141;
4.24431;
2.64352;
3.93504;
2.84807;
3.217;
3.3199;
4.74048;
4.71364;
5.204;
2.24365;
2.5972;
2.27326;
3.14227;
7.51148;
3.65217;
30.1198;
3.85625;
4.2102;
4.36272;
4.27644;
4.45758;
4.21431;
4.98401;
4.50019;
3.27368;
4.05296;
6.14516;
3.77576;
3.89472;
34.4808;
3.77467;
4.2112;
3.47212;
5.34272;
5.09305;
6.01887;
3.41626;
4.33492;
1.96253;
1.95219;
3.41504;
2.56892;
3.46269;
33.4438;
2.98303;
2.82791;
2.78047;
4.89029;
3.2348;
5.00515;
4.54078;
2.24279;
4.2723;
5.27977;
2.84158;
5.82404;
5.44335;
4.98238;
5.88152;
3.29785;
2.95937;
3.84273;
4.74937;
1.76107;
3.79176;
30.7162;
3.37479;
3.15475;
4.51824;
6.18648;
3.88144;
4.33378;
5.53179;
4.1313;
2.46563;
4.05484;
6.93199;
5.22645;
3.32272;
6.84522;
3.61338;
4.21789;
5.57203;
4.71486;
3.3594;
4.36088;
5.92295;
4.19332;
3.54816;
3.27029;
3.96456;
4.4014;
5.45056;
4.51987;
33.1765;
2.87129;
3.8671;
4.0896;
4.62517;
5.97496;
2.89652;
3.58102;
3.7374;
32.3718;
4.25653;
6.05009;
5.96958;
6.53508;
6.16857;
3.92968;
8.16448;
3.70653;
4.41331;
3.4014;
4.42748;
3.89019;
4.62759;
3.74089;
4.43023;
5.02807;
5.47458;
4.10553;
4.30444;
2.74033;
3.22238;
2.61062;
3.33519;
3.66286;
4.21033;
3.09405;
3.54851;
6.09374;
3.82432;
3.89342;
5.95427;
3.70564;
31.1045;
4.5545;
2.60193;
5.42993;
4.67573;
4.89279;
5.08809;
4.00284;
6.27561;
2.44299;
5.76033;
3.04375;
2.49498;
3.45006;
32.461;
2.69093;
5.24546;
3.58745;
6.13051;
4.14995;
5.76016;
7.64697;
3.94787;
3.77232;
2.78748;
3.14871;
4.7668;
30.3566;
2.68662;
4.213;
3.96576;
31.5279;
5.09952;
3.78567;
4.77386;
4.02742;
2.7904;
3.53446;
3.20863;
3.98393;
3.36003;
4.84487;
4.37908;
4.20214;
3.36222;
3.22416;
2.86928;
3.60246;
2.04262;
2.44127;
29.8755;
5.00374;
3.72482;
4.58767;
2.86448;
5.32941;
1.68694;
4.73779;
5.00663;
2.84443;
2.27888;
3.38975;
4.078;
3.62836;
2.84293;
3.99553;
3.76644;
6.48102;
2.79461;
3.00803;
2.93424;
2.1504;
4.033;
3.37249;
2.64045;
28.9657;
2.35104;
4.44762;
3.84127;
2.91516;
4.27645;
5.5614;
1.48351;
5.17755;
2.72388;
3.73372;
4.38574;
3.60836;
3.31697;
4.59613;
4.01011;
2.13223;
27.6697;
3.10025;
4.18515;
3.38465;
3.65561;
3.65326;
2.56939;
2.02983;
1.97671;
4.59218;
4.50993;
3.52175;
3.22001;
2.965;
5.94918;
4.96051;
3.69681;
2.93586;
3.26864;
3.88727;
26.8762;
2.85472;
2.48363;
3.46024;
2.74626;
2.84179;
4.26131;
2.18236;
3.0177;
3.96224;
4.54349;
4.33717;
3.63576;
2.18467;
3.16996;
2.90689;
3.13575;
4.00613;
3.41097;
3.34597;
3.69611;
4.46252;
3.82781;
4.1689;
5.38008;
3.94648;
2.78778;
3.27114;
2.44344;
4.58589;
2.21065;
3.80121;
2.55882;
2.98383;
3.45829;
4.56878;
3.81397;
29.8033;
2.74355;
2.4857;
4.84704;
5.06651;
3.71436;
4.64946;
4.21329;
3.88622;
2.37628;
4.43441;
4.61276;
2.61991;
2.52758;
3.82561;
4.52025;
4.2541;
4.33249;
4.27694;
3.68719;
2.6875;
4.38663;
4.08603;
1.37203;
2.59087;
4.17052;
4.04967;
5.42956;
3.65717;
4.74445;
3.50159;
2.57774;
1.77784;
2.57611;
2.10575;
4.5512;
2.22701;
3.84071;
6.20056;
4.14165;
3.45995;
3.94624;
2.117;
3.71285;
2.893;
2.79569;
2.83398;
4.70953;
1.95104;
2.481;
3.81168;
2.66866;
4.10431;
3.38753;
3.44398;
3.38554;
27.9626;
3.14461;
2.4547;
4.54145;
4.19273;
3.20098;
5.53864;
4.79785;
3.02704;
5.20473;
4.99839;
3.4572;
5.50093;
4.9628;
1.73132;
4.58195;
3.79429;
3.4385;
4.09025;
5.11934;
3.68393;
4.89997;
3.48966;
3.64184;
2.3419;
4.87539;
4.80132;
3.89693;
3.5057;
2.31181;
3.59079;
3.16352;
5.25833;
2.96676;
3.40377;
30.4767;
2.90822;
3.29922;
2.76961;
5.56246;
3.24038;
4.9264;
5.06035;
2.723;
3.46162;
2.8973;
3.54458;
2.79295;
1.64501;
3.79339;
1.92117;
27.7107;
3.71447;
2.00047;
1.61944;
5.47085;
5.43607;
3.32078;
4.16083;
3.1474;
4.38324;
3.58501;
3.16437;
3.51177;
3.99465;
1.69189;
4.10706;
1.73201;
2.95324;
3.8502;
3.67482;
5.31124;
4.39951;
2.52469;
2.0906;
3.68321;
3.02018;
3.26535;
29.0058;
2.71243;
2.53185;
2.5476;
3.89486;
1.7286;
4.26686;
1.10744;
4.64585;
3.09282;
2.52115;
2.22405;
2.70334;
1.70164;
3.92065;
3.56463;
2.99796;
3.5887;
4.30097;
29.4146;
1.79532;
4.42079;
3.78538;
3.8366;
5.00888;
4.17242;
2.53968;
2.89176;
3.44652;
3.91475;
3.50032;
2.48492;
3.55169;
4.64626;
3.89116;
2.6406;
2.1531;
3.40267;
4.9771;
4.48409;
3.07091;
3.77368;
3.40117;
3.35344;
5.07284;
2.69848;
4.24496;
3.49026;
2.2023;
4.58565;
4.39177;
4.68309;
4.04341;
2.91634;
1.47827;
30.1477;
2.18692;
3.87044;
2.20398;
3.55676;
2.35793;
2.44181;
1.59251;
3.57931;
2.91541;
4.47006;
5.03133;
4.36695;
3.66571;
3.94026;
1.35943;
3.30805;
25.6134;
2.17962;
3.94957;
1.55622;
3.45678;
3.30478;
3.41394;
2.23303;
3.04393;
3.63443;
3.61505;
2.77538;
2.65527;
3.77859;
1.74275;
3.53689;
3.08071;
3.09007;
3.02148;
27.7126;
4.20851;
2.68268;
1.71973;
3.59828;
2.88029;
3.7453;
3.05552;
3.30438;
4.53633;
1.8593;
4.74084;
4.24973;
4.89251;
3.92674;
3.07594;
2.01429;
2.90704;
31.4772;
3.22936;
3.21755;
3.63322;
3.08542;
5.04365;
4.93607;
1.77646;
3.78173;
4.55205;
3.70438;
3.52144;
4.15506;
4.82471;
4.88056;
2.08962;
3.12208;
3.78735;
3.25457;
3.06894;
3.03929;
3.19603;
3.09962;
4.99901;
3.04547;
3.07136;
4.46561;
5.15161;
4.52055;
3.00439;
4.81812;
2.46612;
2.43714;
5.10599;
5.53766;
2.78228;
1.64121;
2.85766;
1.66366;
2.48233;
4.82637;
31.3835;
1.65409;
3.02656;
4.00924;
3.31648;
2.12126;
3.05154;
4.83097;
3.02464;
4.49654;
5.13701;
2.86912;
3.80586;
2.11107;
2.75842;
22.5668;
1.88824;
5.41239;
2.37231;
3.10296;
3.12828;
2.73898;
3.04833;
3.27769;
3.82493;
2.90714;
2.90745;
3.00657;
4.20815;
3.40301;
2.32807;
2.62552;
2.45356;
2.78441;
2.15421;
2.28907;
1.98923;
3.49133;
3.21849;
1.96624;
2.94483;
1.44337;
4.66783;
2.8591;
2.25409;
2.22941;
3.56676;
4.40952;
4.865;
2.14977;
1.60148;
3.8387;
31.3102;
4.00474;
3.32233;
3.06286;
3.88474;
4.2253;
3.16921;
4.63701;
5.2452;
2.40785;
0.79919;
3.39168;
2.94297;
2.1772;
2.45036;
2.95487;
2.56742;
3.92007;
4.49258;
1.80008;
2.22766;
3.81627;
5.0389;
1.7502;
4.14423;
2.16295;
3.02091;
2.24259;
3.25001;
3.84852;
4.10585;
4.54654;
2.52382;
3.50786;
1.97201;
2.37203;
3.61186;
2.94378;
2.7107;
5.54154;
0.41274;
2.30984;
3.66855;
2.54799;
3.00042;
3.2642;
4.05561;
4.00449;
27.1505;
4.54416;
2.82616;
1.26274;
3.51107;
2.77525;
2.50343;
3.65986;
3.28507;
2.57434;
4.07281;
2.86443;
2.93037;
27.5086;
2.67561;
4.33793;
3.76464;
1.14166;
2.18176;
1.93754;
1.71946;
1.86784;
2.09918;
1.96635;
2.78836;
1.84748;
30.4705;
1.92169;
4.169;
2.83282;
5.07978;
3.94111;
2.41041;
1.87944;
2.80112;
3.1095;
3.79035;
2.95158;
2.01483;
1.89607;
2.17075;
1.93622;
3.12134;
3.70461;
25.7615;
3.89801;
2.86554;
3.77916;
4.91942;
1.977;
2.53063;
3.60877;
3.37569;
6.0938;
3.81643;
1.65188;
2.16502;
5.22933;
1.4464;
3.50405;
3.80111;
3.92286;
3.59506;
2.15038;
2.08768;
3.46319;
1.799;
2.16233;
2.69355;
3.05398;
1.83624;
1.30947;
1.34722;
2.86436;
1.98372;
3.26717;
3.76317;
2.59476;
2.18568;
3.10903;
3.71396;
2.62758;
28.7145;
3.5042;
0.739715;
4.64114;
2.09783;
2.93228;
1.19177;
3.22015;
3.79175;
2.53091;
2.18277;
2.64198;
3.45774;
4.12271;
3.32202;
3.68975;
2.39685;
3.61034;
2.38213;
2.47856;
3.9538;
2.46303;
2.6242;
4.96579;
4.06584;
5.51602;
2.76116;
5.39419;
2.903;
2.23309;
3.21496;
1.62534;
4.20235;
3.44172;
2.26829;
2.86431;
3.24275;
30.7502;
2.78461;
2.13307;
1.18234;
3.25353;
1.41646;
3.12243;
3.82889;
3.43002;
3.71643;
2.4522;
3.66077;
2.26902;
3.76708;
0.575426;
3.20041;
2.11105;
1.76833;
3.45589;
2.91431;
1.99519;
1.09345;
2.25311;
3.1805;
2.71281;
3.69855;
3.25852;
1.181;
1.68069;
2.47028;
2.35167;
2.68481;
1.00184;
2.40526;
2.89377;
1.0776;
3.59015;
1.93499;
2.40117;
2.61533;
3.97603;
3.4426;
2.60911;
3.45295;
27.5153;
3.79821;
4.11393;
4.70351;
3.1784;
2.94602;
3.15664;
2.19333;
3.7626;
2.74275;
2.69853;
2.68219;
3.47711;
2.02133;
3.85873;
2.58633;
3.92636;
4.37306;
4.71545;
2.24104;
3.60933;
3.27139;
3.11771;
2.54926;
4.1593;
1.81662;
4.66976;
2.8926;
3.44142;
4.92454;
3.72413;
2.10398;
1.45275;
1.98731;
2.08708;
1.94124;
1.06355;
2.76363;
3.44432;
2.56513;
1.78178;
4.89258;
2.32271;
3.01154;
2.77448;
4.34319;
3.60946;
1.54143;
2.62463;
4.28516;
4.09401;
2.50586;
3.58754;
3.08972;
25.1815;
2.94167;
3.22446;
3.03513;
3.23446;
2.20665;
2.0095;
4.17079;
1.96566;
3.66801;
4.41139;
3.04196;
2.31373;
3.0052;
1.33984;
2.27059;
3.5822;
3.87984;
2.52084;
28.699;
1.72487;
4.4402;
1.80762;
2.29877;
2.80365;
2.0119;
2.45643;
2.14783;
2.07905;
1.61829;
3.28662;
3.22707;
2.66491;
33.4093;
2.87339;
3.08057;
2.63445;
3.33737;
3.28612;
2.62842;
3.26288;
3.296;
2.48301;
2.08233;
2.52723;
2.12666;
3.39394;
3.58766;
2.1809;
3.91707;
3.06843;
3.63575;
3.39109;
3.42552;
1.01847;
2.01988;
2.72422;
4.32411;
2.71214;
2.52429;
2.4352;
2.83725;
3.31719;
1.73276;
2.39224;
27.0684;
2.95289;
4.22086;
2.41547;
2.21307;
2.66184;
2.84564;
2.6681;
2.12189;
2.07216;
3.27633;
5.22248;
2.05531;
3.89513;
3.72803;
2.94608;
2.68484;
2.93762;
1.95121;
2.92076;
3.16584;
5.37492;
3.39135;
3.11182;
3.37985;
3.12626;
1.6096;
4.00027;
3.56433;
3.34215;
2.23378;
1.96814;
3.08458;
2.75414;
3.70825;
3.66039;
2.44127;
2.96196;
3.79569;
2.4154;
1.67013;
2.52263;
2.82926;
3.23286;
1.1732;
2.80113;
2.44562;
2.43404;
4.01132;
4.87851;
3.48566;
1.62963;
3.66;
3.51343;
2.38447;
2.26263;
3.28012;
1.751;
2.89232;
3.49349;
2.63259;
3.73105;
1.09688;
1.78014;
4.33575;
1.63887;
4.11288;
3.08606;
3.17118;
2.56986;
3.19068;
2.66863;
2.31068;
3.27795;
4.50633;
3.19688;
3.1174;
28.2382;
1.71309;
4.10798;
1.69645;
2.8801;
2.69917;
2.59675;
2.77854;
1.48659;
2.89699;
2.83319;
1.43508;
2.18316;
2.69608;
2.1528;
2.10701;
2.62536;
1.87169;
3.32086;
2.05027;
3.29767;
4.14094;
2.00187;
2.94284;
3.0263;
1.94084;
2.29373;
3.55943;
1.62986;
1.03633;
2.82714;
28.8629;
2.63147;
3.50133;
2.60445;
2.11544;
0.763893;
6.87025;
1.62237;
3.04759;
3.09347;
2.43311;
3.98884;
3.78829;
2.77372;
1.97247;
4.41579;
2.47396;
3.21381;
24.4077;
3.89041;
3.09828;
2.71265;
2.38664;
3.37223;
3.1785;
1.11658;
4.29616;
3.44942;
1.80847;
2.57213;
3.6698;
3.02801;
2.63129;
2.24462;
3.06713;
2.73628;
2.27812;
1.2211;
1.46414;
3.96094;
1.11742;
2.73214;
2.64091;
2.00508;
2.24363;
2.64096;
3.72208;
2.00232;
3.43945;
2.58604;
3.45814;
1.86965;
0.951996;
3.11869;
2.32258;
2.96215;
6.38742;
1.23682;
0.620097;
3.71994;
1.79645;
4.04825;
3.01995;
1.56289;
1.90225;
2.28659;
2.38184;
2.16806;
1.54319;
1.96072;
2.36438;
2.19662;
2.36709;
2.17539;
0.711907;
29.0219;
