6.2011;
8.64586;
5.70816;
6.30914;
7.69651;
8.46267;
8.43472;
8.01428;
8.6553;
6.29543;
4.38059;
3.87649;
7.59823;
6.28319;
6.98254;
6.49122;
6.16631;
7.65515;
8.86477;
6.43392;
5.92381;
4.36798;
9.79931;
6.59825;
4.19101;
5.40486;
4.50974;
8.89756;
5.29804;
6.07188;
7.04193;
6.42954;
4.04316;
5.75329;
4.36175;
8.52797;
4.46394;
6.0958;
6.63041;
9.21531;
4.40113;
5.94606;
5.29414;
7.04368;
7.04783;
8.54264;
4.36639;
8.44389;
6.26583;
5.07058;
5.3761;
8.30616;
8.70827;
9.09454;
9.98268;
6.05518;
5.36367;
7.54124;
8.79334;
8.14411;
6.16105;
5.02915;
6.69339;
8.10177;
7.57046;
7.01797;
6.50937;
6.41253;
7.61824;
5.3407;
5.05872;
6.39978;
5.89311;
3.91025;
4.2467;
5.36171;
4.7471;
5.73703;
6.35801;
5.19261;
7.16391;
8.56532;
6.35614;
5.67614;
4.43253;
3.61102;
5.14097;
7.09295;
9.05485;
3.86999;
5.76097;
5.14075;
6.68939;
4.74226;
4.39439;
6.02066;
4.69756;
5.47269;
3.9425;
7.13771;
6.31577;
6.55483;
5.21121;
7.95926;
6.96834;
6.88262;
7.1787;
9.61745;
5.12151;
4.77902;
5.48131;
4.99979;
7.81122;
5.11213;
4.64776;
7.45524;
7.73614;
6.59884;
4.72989;
6.26684;
6.17397;
5.83264;
5.33712;
7.9092;
3.46712;
3.29631;
4.67569;
7.07278;
4.03998;
4.35316;
4.4253;
4.56965;
6.08353;
4.52788;
3.2833;
6.99803;
5.46225;
5.5805;
4.7724;
6.66419;
9.26632;
5.08093;
4.99932;
3.85961;
7.24647;
9.59157;
3.61453;
6.28539;
8.57975;
4.93481;
8.6594;
6.44819;
5.73076;
5.66603;
7.55779;
4.57698;
5.00392;
7.86347;
6.83552;
5.6703;
6.28309;
5.14452;
5.59421;
8.80679;
6.66836;
4.04634;
4.35573;
5.49223;
6.83542;
5.38957;
6.03313;
5.11762;
4.3928;
5.44646;
9.34973;
4.28441;
6.6183;
3.9386;
7.41814;
9.10938;
6.34438;
7.63825;
7.73315;
4.9303;
5.34246;
6.66379;
7.51999;
5.26204;
4.91296;
5.96164;
6.34383;
4.28993;
6.39406;
6.25914;
9.61673;
8.56102;
6.18944;
6.3741;
6.61071;
8.16583;
4.96372;
8.11029;
8.44606;
9.97872;
6.00367;
4.81163;
3.92591;
5.49662;
4.37184;
6.00799;
10.4293;
8.2358;
7.59835;
5.71743;
7.60921;
5.62941;
5.73209;
3.82314;
6.30111;
4.87805;
8.28752;
5.86959;
3.83454;
5.86871;
6.26546;
9.27125;
4.61345;
7.62373;
9.23048;
6.95601;
6.13429;
6.47792;
7.6889;
9.79118;
8.70041;
6.79276;
7.48414;
7.20833;
9.64286;
8.18047;
4.75574;
5.4959;
6.76155;
14.8858;
7.64816;
4.91921;
7.90383;
5.7527;
6.87439;
8.53199;
6.94875;
5.92612;
4.6585;
9.60044;
5.85056;
7.04091;
7.3269;
5.26087;
6.57314;
8.58628;
6.92582;
8.32063;
8.59445;
5.63171;
9.20613;
8.02102;
7.19954;
5.39289;
7.25466;
9.44375;
7.18712;
4.26101;
5.53422;
6.87758;
6.88051;
6.03956;
6.60595;
5.85532;
7.02036;
7.01619;
5.25495;
5.8189;
6.68637;
6.70665;
6.95758;
7.7035;
6.16217;
8.93178;
7.2268;
7.18931;
6.60839;
6.50426;
7.17412;
6.62069;
8.45893;
8.6526;
8.13045;
8.15435;
6.33489;
8.25174;
6.00128;
7.67251;
7.54765;
7.78055;
5.29947;
6.12343;
5.78255;
6.38596;
5.82109;
5.54346;
4.86485;
8.74792;
4.39542;
5.40155;
5.11976;
5.48791;
7.46598;
7.5782;
7.71393;
5.90982;
5.81372;
5.83711;
6.77761;
3.87379;
11.6287;
4.62501;
11.3126;
9.04753;
9.33682;
3.75598;
4.73356;
5.88655;
6.10169;
5.46153;
6.59693;
7.64452;
8.6588;
7.64419;
6.01491;
6.25314;
4.69774;
7.51391;
7.2383;
4.77822;
4.78397;
9.98367;
6.59425;
8.25667;
6.29326;
6.45782;
8.42526;
11.0833;
8.45734;
7.49623;
6.56352;
11.5002;
7.01955;
10.7587;
3.67905;
10.4763;
7.07202;
7.07043;
6.02391;
6.11578;
5.94122;
5.77959;
5.5409;
6.92138;
5.18692;
9.17869;
9.42533;
6.18493;
5.59979;
9.29201;
9.98594;
5.61272;
6.38391;
10.0916;
6.92358;
8.31052;
6.05673;
7.32852;
7.48981;
7.54163;
6.61833;
7.28483;
5.48488;
4.07493;
6.35179;
8.03863;
6.46816;
6.04392;
9.97324;
5.48745;
7.29699;
7.23066;
7.19974;
8.9288;
6.30639;
7.58121;
5.18373;
6.77724;
8.28025;
4.11251;
6.51517;
5.02475;
7.49357;
6.7441;
7.45394;
5.39673;
3.36039;
4.20707;
7.87579;
5.38656;
6.74047;
5.00141;
7.33926;
7.89006;
8.46536;
8.74677;
4.84459;
8.57211;
7.36257;
7.80562;
6.1533;
5.63797;
5.5813;
7.07467;
5.24402;
6.46409;
3.643;
4.9525;
8.61565;
4.43729;
4.5206;
7.78736;
7.65951;
5.36221;
6.6483;
7.02891;
4.89337;
6.337;
5.59231;
6.65897;
6.13503;
5.05735;
5.68011;
5.74303;
7.88316;
5.29774;
6.06474;
4.95428;
4.47113;
7.99992;
7.38443;
6.7588;
5.67765;
7.01052;
7.90539;
8.68705;
6.38355;
4.86065;
7.93661;
12.9871;
4.49507;
7.23394;
6.48435;
7.86642;
5.17234;
4.43167;
5.09724;
8.46836;
6.38976;
3.71938;
5.47012;
4.41417;
9.08234;
5.94915;
4.09399;
5.09688;
5.5589;
5.29276;
5.00323;
5.87592;
4.0927;
4.35955;
6.02847;
5.00213;
8.97767;
8.16646;
6.28996;
5.78815;
5.78431;
3.747;
5.94109;
9.42688;
8.98741;
4.08838;
4.72543;
5.51292;
8.52001;
5.90424;
4.22279;
5.63016;
3.70813;
5.04299;
6.73302;
7.87892;
4.46382;
5.13864;
6.53676;
4.63276;
3.82404;
4.90129;
5.96231;
6.21205;
3.25866;
2.84872;
9.29879;
9.02575;
4.97909;
5.30883;
5.99741;
5.27632;
5.85292;
4.32189;
7.21663;
7.44846;
5.92302;
4.46204;
5.14747;
7.54485;
8.20195;
4.14997;
5.19455;
4.70596;
4.41282;
6.02947;
7.91575;
6.6044;
5.85393;
5.80534;
4.96444;
8.0766;
5.32409;
7.29794;
5.6956;
8.04879;
7.09518;
6.76896;
7.63393;
7.65447;
7.31765;
6.3914;
7.64119;
5.33691;
6.56019;
5.78243;
6.47004;
5.1437;
4.72839;
7.52983;
3.50663;
5.09482;
4.72621;
7.76262;
4.73503;
8.58441;
7.54703;
5.31679;
8.16296;
5.61869;
9.06223;
7.6732;
5.16739;
5.1068;
8.03389;
7.88791;
7.00703;
7.41095;
4.62393;
8.00963;
9.78448;
6.63167;
6.86916;
4.81026;
9.60609;
4.30577;
4.98199;
6.32565;
5.11028;
7.12825;
5.99678;
3.55152;
7.58841;
11.1734;
7.03593;
6.2287;
3.68034;
7.67193;
7.51868;
5.92302;
4.25927;
6.55095;
5.82417;
7.12188;
5.64349;
6.13749;
4.21188;
8.13773;
9.33088;
6.10238;
7.9528;
4.42205;
6.05866;
5.60453;
5.979;
5.81058;
4.96586;
6.89498;
5.78419;
6.56338;
3.90279;
4.95633;
4.54331;
9.45142;
2.71286;
3.39124;
5.34669;
7.74163;
4.21326;
5.89726;
4.28521;
4.75628;
6.4518;
6.21337;
9.41146;
8.16941;
6.6682;
7.40954;
4.8312;
8.78767;
4.16176;
5.95019;
4.7564;
6.37112;
8.15734;
3.40476;
5.8807;
6.37862;
6.22447;
5.28686;
8.3548;
9.64844;
8.17265;
6.87798;
5.86178;
5.78535;
6.40873;
5.31366;
6.72723;
7.87142;
7.33477;
7.3285;
6.6668;
9.42767;
8.91924;
4.87677;
6.01893;
6.10922;
8.26204;
6.52077;
7.06333;
5.59715;
4.32857;
4.82546;
6.30249;
4.5305;
3.44313;
5.09354;
8.12527;
7.5631;
6.09746;
8.53073;
4.56271;
3.48942;
5.23329;
4.02162;
4.67397;
7.35539;
3.28214;
4.57899;
4.72255;
6.64026;
8.44404;
4.48415;
9.69549;
5.38641;
7.38223;
3.66205;
6.26151;
4.33668;
3.37763;
7.88681;
9.69211;
5.12098;
8.21573;
8.89762;
8.74969;
3.47793;
5.58513;
9.69341;
7.44159;
4.41675;
4.38801;
5.57547;
5.51934;
5.92596;
6.90142;
6.12706;
7.26192;
5.44142;
6.96213;
7.61065;
3.74679;
3.92;
6.14729;
5.83743;
5.70416;
5.9173;
5.66925;
6.35972;
5.9497;
8.68585;
6.99737;
6.80108;
8.20153;
6.22639;
5.99793;
7.15222;
7.64782;
3.69331;
6.1395;
4.26659;
7.94454;
6.19844;
6.88742;
5.32868;
4.57324;
4.03338;
8.08162;
4.78259;
5.16543;
5.47626;
5.01174;
5.10419;
5.34674;
4.57233;
8.14022;
6.79159;
8.70462;
6.48076;
7.33686;
10.5753;
4.66925;
4.95633;
5.0607;
3.86766;
5.57774;
5.2365;
7.1674;
5.16646;
9.12766;
4.71179;
6.3461;
4.48565;
6.76198;
4.34085;
4.20687;
6.41859;
5.05858;
4.5112;
4.74442;
4.49315;
4.23231;
6.18663;
4.72335;
6.13028;
5.68504;
6.85778;
10.6563;
4.35095;
4.37403;
3.23525;
8.51063;
4.74817;
5.03964;
3.72993;
7.29521;
6.95738;
3.01723;
5.00584;
6.4914;
4.00539;
6.5879;
7.56964;
5.41178;
5.76761;
6.23497;
5.51239;
4.28004;
3.33153;
2.69401;
5.92683;
7.52474;
3.72948;
4.47474;
5.04862;
5.11847;
5.72692;
4.93648;
4.60445;
7.9099;
4.49581;
5.91904;
6.2663;
3.49131;
4.52594;
6.495;
3.52015;
6.02496;
8.8104;
5.67804;
4.32036;
5.78275;
4.63116;
5.40349;
5.72269;
6.78391;
4.67569;
3.2914;
5.73993;
4.97626;
5.67667;
5.64987;
4.21429;
4.30897;
5.58185;
6.58038;
8.90172;
7.69762;
4.54725;
4.42765;
4.60508;
6.32266;
4.66276;
5.25856;
3.55743;
5.44781;
6.95638;
2.69393;
4.86134;
7.10031;
5.22916;
5.91147;
3.54041;
5.89401;
6.17713;
5.01513;
5.24715;
6.53378;
7.04735;
5.54643;
6.35065;
5.41066;
4.28647;
4.65631;
4.80208;
6.64004;
7.01623;
5.98771;
7.94511;
4.43653;
3.8573;
6.44893;
5.16508;
4.9927;
5.69059;
6.53741;
6.52185;
7.88405;
5.19963;
5.86652;
4.54771;
5.96511;
7.4474;
4.50487;
6.34761;
4.14051;
4.60342;
4.1276;
6.68212;
4.91847;
7.49484;
4.64019;
4.82868;
3.60405;
5.35787;
4.47691;
9.38;
4.64743;
5.24181;
5.6497;
5.80279;
3.18497;
4.93845;
3.76915;
3.76332;
6.15022;
5.42138;
4.32097;
4.20673;
6.39975;
5.48885;
4.26787;
5.41962;
4.52869;
4.81028;
5.12733;
6.43094;
5.41456;
6.42287;
5.08248;
3.59931;
7.27267;
5.82201;
5.50395;
8.98285;
5.40783;
5.0764;
6.13708;
5.36641;
4.9157;
4.98872;
7.34677;
5.07482;
5.66136;
6.30875;
4.94822;
5.85969;
4.06641;
7.1524;
5.74077;
4.71888;
6.27093;
5.94039;
6.61809;
5.83716;
6.10881;
6.27974;
7.11171;
4.84184;
7.90205;
4.29114;
6.94374;
5.08187;
6.65701;
3.52445;
10.0064;
4.65608;
5.73724;
5.04867;
4.49433;
7.43591;
4.82699;
5.05852;
5.3176;
4.65114;
7.19182;
4.45081;
6.27138;
4.87561;
5.64511;
4.96782;
5.43533;
4.51595;
4.38047;
4.63143;
5.2862;
8.63872;
6.07636;
4.07409;
3.56226;
9.4433;
6.92767;
8.89988;
5.8971;
4.91056;
5.88021;
5.7566;
4.24751;
6.22954;
4.18847;
8.66494;
6.97164;
3.78324;
4.94353;
4.06821;
7.28423;
5.81922;
4.85448;
5.99284;
6.3595;
5.4825;
8.05541;
4.44847;
4.82387;
3.27877;
5.06598;
6.24757;
5.90724;
5.16779;
4.42837;
5.07133;
3.69901;
7.34074;
6.18558;
7.23572;
4.35693;
8.03504;
5.55131;
5.85469;
3.84662;
6.85276;
7.79837;
10.1431;
4.38496;
5.68474;
5.4263;
5.42795;
6.80755;
4.74212;
5.26241;
5.45746;
3.94736;
5.44331;
3.33264;
4.16941;
4.91958;
4.34628;
6.28672;
7.52924;
5.60218;
3.07748;
4.83134;
4.80826;
7.10788;
5.38441;
3.3657;
7.65694;
6.50587;
6.87585;
5.36978;
4.01576;
4.43707;
5.63418;
4.65103;
5.35711;
7.09489;
7.30174;
5.79282;
4.94768;
5.35048;
5.27019;
5.18117;
7.42907;
7.57543;
4.97111;
6.40656;
5.61557;
6.45921;
5.74622;
6.55855;
6.92713;
9.1148;
3.85663;
5.8099;
4.69085;
6.31199;
4.43969;
5.52052;
6.56001;
6.51962;
4.68248;
9.69405;
5.36205;
4.52954;
5.48257;
6.15386;
5.48329;
5.21902;
6.43669;
6.28891;
6.74344;
3.96651;
6.85148;
7.78509;
5.59322;
5.5659;
4.20191;
6.75058;
10.1096;
7.48118;
5.54449;
6.47302;
4.00111;
3.08702;
4.69472;
4.79043;
9.59613;
4.66501;
6.33634;
5.97968;
3.00646;
2.72875;
8.11622;
5.42046;
5.86782;
2.59586;
4.8434;
8.13915;
5.47708;
5.51478;
5.51758;
8.55489;
3.59011;
5.49253;
4.99031;
7.08924;
4.47552;
6.7147;
2.72171;
6.88421;
7.69595;
4.84447;
4.00391;
6.4376;
9.10058;
4.97561;
3.88199;
4.65169;
5.06263;
5.20772;
6.27123;
5.63487;
9.07654;
5.65542;
5.88267;
6.03773;
5.1117;
4.7066;
3.03403;
6.53122;
4.8494;
5.05446;
6.17105;
5.09304;
5.34328;
6.13951;
4.64864;
5.48117;
3.81963;
5.80371;
5.39314;
6.78414;
5.77452;
3.89784;
4.00582;
5.57644;
6.21386;
6.00039;
5.20373;
6.71353;
5.95209;
6.52798;
5.84144;
5.43414;
6.20378;
4.45373;
4.22045;
5.10581;
6.34653;
3.41751;
5.94086;
5.83997;
4.31338;
5.83212;
5.72125;
6.34514;
6.76829;
5.59509;
4.9589;
6.65036;
6.84521;
4.69688;
5.96468;
4.9443;
8.13221;
5.33727;
6.39405;
5.73953;
5.51538;
5.77414;
5.05879;
5.29334;
7.754;
6.68967;
5.03908;
4.77278;
6.67608;
7.78174;
3.18132;
7.68412;
4.14665;
4.27642;
3.99142;
4.07193;
4.97039;
5.26849;
7.16127;
6.62952;
4.8775;
5.18235;
3.67891;
2.92301;
4.36022;
4.52944;
6.60284;
6.23063;
4.26535;
5.16839;
5.23787;
8.31924;
4.96876;
3.94904;
4.40244;
4.02799;
7.96162;
5.84249;
11.2317;
5.89645;
4.38614;
4.02742;
5.30552;
4.14954;
4.05905;
7.89487;
4.07529;
3.57029;
3.5923;
7.62226;
6.24499;
6.87942;
4.98836;
5.92728;
5.34203;
4.61303;
4.39341;
6.3451;
5.99915;
3.37006;
9.88422;
2.36468;
3.88267;
3.84715;
4.61273;
5.04691;
5.19684;
10.0519;
5.51;
8.74055;
5.26232;
5.8254;
6.01109;
6.45716;
4.61788;
5.96031;
5.12414;
9.70412;
2.90067;
5.03532;
3.87689;
8.16265;
7.58865;
5.69785;
5.80864;
5.81935;
8.44653;
7.32987;
5.15956;
5.03447;
6.13194;
8.50587;
5.58378;
6.67769;
5.69067;
4.54527;
6.58917;
5.59016;
6.45116;
4.27724;
4.75672;
5.87402;
4.34409;
3.16923;
5.8396;
6.72285;
5.55269;
4.94381;
4.51989;
4.34167;
8.31974;
4.97215;
6.0693;
6.89016;
5.5958;
7.89753;
6.26948;
5.31525;
6.98694;
4.80507;
8.5814;
5.54209;
6.05422;
6.22915;
5.60023;
5.23922;
4.15315;
7.90767;
4.95143;
7.21304;
4.85848;
6.93903;
7.01818;
5.99407;
4.88251;
9.52746;
3.69481;
4.92529;
6.00348;
6.05047;
4.80132;
4.39439;
5.18102;
7.70851;
6.61141;
6.06297;
4.40492;
7.88936;
5.44722;
4.89891;
4.54436;
3.82323;
5.05145;
3.70911;
5.52735;
5.59612;
5.48894;
2.55274;
5.23856;
7.27779;
5.66687;
3.4624;
5.1772;
7.45216;
5.94936;
6.3923;
4.4324;
9.31462;
4.72693;
5.04945;
2.80692;
6.26812;
5.25921;
5.05006;
5.25179;
6.66104;
5.62966;
4.40474;
4.90194;
4.56813;
5.67743;
4.21698;
5.7193;
4.94282;
7.13455;
6.83145;
6.34448;
5.42724;
2.91775;
5.42691;
5.56512;
7.40003;
7.00189;
3.83834;
4.91289;
4.34577;
4.27243;
6.68911;
5.22023;
6.1905;
6.8061;
5.83306;
7.89366;
3.12188;
6.85953;
6.09489;
6.90828;
6.40104;
7.54467;
6.48299;
3.6632;
4.21143;
5.11921;
3.13672;
7.31278;
6.25376;
4.30687;
4.10869;
4.98238;
7.75095;
4.32854;
7.04868;
7.12569;
5.65966;
4.61245;
6.30815;
5.61513;
5.81957;
6.25696;
4.22569;
6.7998;
6.18597;
5.26302;
4.70174;
8.14216;
2.59177;
5.45626;
4.79459;
5.87849;
7.78036;
5.5318;
5.12486;
6.87745;
5.71227;
4.20009;
6.60358;
7.50818;
4.31922;
3.162;
5.70484;
7.87761;
6.26937;
5.07049;
7.13943;
6.63845;
3.18897;
5.05596;
4.96605;
5.69396;
4.60108;
6.80178;
8.19494;
3.6776;
4.13745;
6.72467;
5.928;
6.64728;
6.64663;
3.84038;
6.06181;
4.9188;
5.38597;
7.79516;
4.98453;
8.32965;
3.51551;
4.02244;
4.3363;
5.11375;
6.01513;
3.91911;
4.78653;
5.86788;
5.91793;
5.0501;
4.67539;
3.43669;
4.21398;
4.36839;
5.83145;
5.54275;
4.3563;
5.64053;
5.09047;
4.9961;
5.11802;
6.70185;
4.10653;
3.06686;
5.68279;
4.7704;
5.66745;
5.24759;
7.38211;
3.41389;
4.72739;
4.80429;
6.86958;
3.00273;
3.33544;
4.15775;
4.5344;
5.60208;
6.65791;
5.49017;
5.15238;
3.47514;
5.73466;
5.43768;
4.96815;
5.49938;
5.18924;
5.31675;
5.38002;
4.50233;
4.70603;
4.24063;
6.09363;
5.83528;
4.51644;
3.50198;
5.97694;
4.55043;
4.59243;
5.70834;
5.87849;
4.71486;
5.68462;
5.39867;
6.3444;
5.3511;
4.26623;
4.80624;
5.40992;
3.13664;
5.57913;
4.88674;
5.67869;
5.29968;
4.982;
3.151;
5.61598;
6.58323;
7.1797;
3.47433;
6.53416;
5.13941;
5.21988;
3.12099;
7.81066;
4.75765;
6.95497;
5.5179;
3.35364;
3.82901;
8.39937;
2.81043;
5.50462;
4.53342;
6.74657;
5.56309;
5.026;
4.6;
5.20033;
6.03738;
6.46294;
4.55282;
6.8417;
4.04099;
5.52501;
4.23637;
4.76698;
7.03644;
3.61589;
3.67282;
4.31919;
8.68135;
3.94979;
2.69305;
6.16529;
5.1925;
5.15897;
7.31215;
6.21002;
5.714;
2.56133;
5.73918;
5.59169;
6.24198;
7.18852;
4.55083;
6.22045;
5.17602;
5.72392;
6.58777;
5.00624;
6.53731;
3.95794;
4.85736;
6.10616;
4.34169;
5.33003;
8.68621;
4.48586;
3.95736;
6.37298;
7.37607;
4.85038;
1.9806;
5.41306;
4.87695;
2.14162;
3.81488;
6.22466;
7.00912;
7.75509;
3.78823;
5.72565;
5.36392;
6.4561;
4.00653;
6.00876;
4.44552;
5.06498;
5.25393;
6.25654;
4.43576;
5.24932;
5.31169;
6.28553;
3.83079;
5.61998;
6.21281;
2.95477;
6.53469;
3.69799;
4.30888;
4.98578;
4.46646;
4.49491;
6.65659;
9.11554;
4.6883;
6.75132;
4.95984;
5.36862;
5.36821;
4.75007;
4.88715;
4.8721;
2.73212;
10.0773;
4.91771;
4.53152;
6.85331;
5.86706;
4.12096;
4.35293;
5.48802;
2.75573;
4.85252;
6.28829;
6.60332;
5.94729;
4.93194;
6.76412;
7.27474;
6.4056;
4.97912;
5.92311;
3.43348;
5.67639;
9.011;
3.65769;
6.91718;
3.62277;
3.70716;
4.51367;
5.90184;
3.10283;
5.14229;
5.08139;
6.14731;
4.79507;
2.86041;
4.78494;
6.54085;
3.16376;
5.75885;
3.80535;
5.17047;
6.22679;
8.35305;
5.1973;
3.83051;
5.31446;
5.61386;
5.09319;
6.92594;
5.42657;
6.35732;
4.60719;
5.91504;
5.63315;
2.56237;
4.2174;
5.78332;
2.77518;
4.53919;
5.10133;
5.92567;
7.74458;
6.31734;
3.58028;
5.23197;
4.99885;
4.28301;
4.69042;
7.44863;
4.01781;
6.54463;
5.07403;
7.42693;
6.81814;
6.62354;
3.61087;
2.75032;
5.2908;
5.52565;
5.0168;
4.04161;
5.98559;
6.27622;
4.92091;
7.36253;
6.99035;
5.36327;
3.33012;
5.38951;
5.23538;
4.25474;
4.9635;
3.0303;
6.00822;
3.62032;
3.59164;
4.55177;
7.53033;
4.57449;
3.81894;
4.63391;
7.40126;
6.57562;
6.09486;
4.1579;
5.90208;
7.34176;
4.14551;
3.3579;
4.75536;
6.17394;
6.70756;
6.18645;
4.90578;
4.5291;
4.81411;
5.2256;
5.66879;
7.53184;
5.26511;
5.51348;
3.99539;
5.84017;
4.65859;
4.51713;
4.94712;
4.14399;
2.50281;
5.29449;
5.56698;
4.98399;
6.49551;
4.82996;
6.63542;
4.75368;
4.24316;
5.8513;
5.41244;
6.9116;
5.04867;
5.16687;
4.81828;
7.12855;
4.69256;
7.04371;
6.49447;
9.20846;
4.29887;
7.40425;
5.49469;
8.03762;
3.78597;
5.31356;
6.43283;
4.4259;
5.29719;
4.89617;
4.34911;
6.44261;
6.29724;
3.01655;
4.59476;
4.54871;
4.99593;
5.05984;
5.55954;
4.95976;
8.38023;
3.70723;
5.51889;
5.28774;
4.8849;
6.42157;
4.19522;
6.24427;
4.8879;
5.96723;
4.57785;
5.39161;
4.628;
4.72354;
6.05306;
6.40818;
5.06664;
5.30656;
7.95588;
5.41115;
5.0322;
2.66019;
5.93448;
4.20641;
4.52271;
6.04282;
6.19131;
4.57257;
3.81657;
6.49065;
5.93213;
4.33829;
2.25086;
6.53806;
4.48041;
3.36759;
5.74576;
3.77345;
7.00721;
5.84438;
5.30865;
4.23339;
5.0664;
3.98312;
3.84736;
3.19005;
6.57094;
6.10539;
5.67617;
4.57058;
4.86492;
4.81515;
3.03794;
2.50631;
5.70437;
3.25105;
4.35858;
6.09777;
10.0104;
3.62504;
4.63997;
5.66091;
7.17187;
3.73211;
3.91916;
3.86184;
5.40356;
4.28984;
5.55586;
4.64018;
5.21079;
4.25607;
5.88579;
5.10534;
5.25108;
5.53641;
6.0167;
6.45018;
5.10212;
2.32133;
6.9376;
3.74433;
7.74319;
7.00897;
4.42045;
2.93428;
5.03845;
6.59448;
5.22535;
4.74311;
5.99844;
5.22091;
5.6187;
4.51073;
4.92236;
5.02325;
4.7312;
4.94247;
6.23171;
5.06229;
5.52803;
6.17661;
6.13821;
5.83456;
4.70095;
2.84596;
6.99495;
7.21226;
2.92149;
5.25683;
3.81007;
4.94509;
3.80405;
5.82339;
7.04692;
3.41853;
4.86435;
3.78935;
3.87736;
6.27009;
4.85806;
3.87362;
2.57374;
5.23592;
5.70048;
6.10156;
5.96706;
7.05957;
9.78491;
5.90625;
3.51206;
7.9958;
5.70457;
4.79307;
7.88108;
3.54342;
5.59838;
6.98703;
5.06546;
4.17113;
3.94818;
6.55017;
4.74357;
6.05892;
4.23787;
3.84379;
3.1972;
3.69825;
7.11474;
5.38845;
2.3482;
5.56995;
3.16713;
6.26029;
4.55075;
4.1866;
5.63056;
6.83388;
2.49586;
3.92688;
4.72025;
5.94525;
6.37997;
5.96922;
5.50668;
5.61932;
4.84935;
5.34408;
5.95884;
4.37765;
4.56243;
5.32174;
5.46031;
6.00546;
4.88081;
5.56088;
4.03744;
6.58871;
3.74571;
4.5748;
4.3298;
5.31147;
4.68638;
5.62644;
6.08044;
4.37096;
4.47537;
3.49096;
5.13127;
5.71936;
6.47499;
6.69797;
6.48141;
5.22423;
4.03315;
7.11378;
4.46957;
6.2449;
6.29354;
3.89468;
4.54115;
5.77162;
5.01158;
4.51964;
3.13697;
6.45854;
5.81922;
4.09981;
4.86289;
5.74367;
5.27466;
3.52444;
7.46187;
4.02375;
3.63716;
6.01143;
3.62434;
5.95073;
8.90464;
6.31173;
6.91767;
5.22619;
3.5982;
4.97011;
8.1408;
4.41476;
3.77466;
5.15458;
6.05326;
6.57721;
2.66491;
7.05261;
4.91131;
4.24016;
2.86852;
3.9405;
5.15328;
5.3506;
4.43891;
6.05677;
5.13264;
5.18411;
6.74965;
4.44233;
5.95754;
4.55672;
2.94394;
3.88369;
3.34552;
5.32654;
4.85757;
5.09072;
5.92629;
7.86741;
3.56086;
4.73549;
2.99;
4.80996;
3.68009;
7.7077;
6.28476;
5.85944;
3.91807;
6.40989;
3.698;
4.25391;
5.15461;
5.16408;
4.50332;
4.79029;
6.90192;
4.3231;
3.81271;
6.99056;
3.96779;
4.01478;
3.66006;
6.2827;
4.69181;
6.26732;
5.58047;
4.81733;
5.74043;
4.15664;
5.91404;
4.52765;
6.07948;
3.22973;
6.11852;
3.26299;
4.28945;
5.67305;
4.65189;
4.6134;
6.54052;
3.98627;
4.32453;
6.35664;
3.67041;
4.90113;
3.16733;
6.32353;
6.62287;
5.92319;
3.63271;
4.32122;
4.15143;
4.43309;
4.2366;
5.10993;
4.18494;
6.7142;
5.47793;
5.21567;
7.34022;
6.3929;
6.15946;
3.63615;
5.26942;
4.97159;
4.38419;
4.79241;
6.30621;
4.90641;
6.6946;
5.09246;
5.95265;
3.88725;
5.08303;
4.81266;
4.69214;
5.33374;
4.32698;
3.54802;
3.66918;
2.82047;
3.44046;
5.08416;
4.13832;
4.97882;
4.77081;
4.30242;
5.01758;
5.27819;
5.96246;
5.41876;
5.49016;
5.81766;
3.39598;
4.67735;
3.88184;
4.05704;
5.22569;
4.19755;
6.94052;
4.89853;
3.86559;
4.50435;
5.63763;
5.55094;
3.3998;
5.37537;
8.06355;
5.3615;
4.05747;
2.38727;
4.25866;
2.70823;
6.51995;
4.02613;
3.40507;
2.9768;
5.52113;
6.00145;
4.00027;
5.37237;
6.05813;
5.64133;
4.82657;
3.62327;
4.02146;
4.72209;
3.35309;
3.70336;
3.70763;
4.5719;
4.3354;
5.51133;
3.90174;
4.15808;
4.80031;
4.6009;
3.71465;
3.47792;
6.1563;
5.18364;
5.39921;
4.17765;
4.71683;
5.70258;
6.52548;
6.52471;
4.51719;
3.87242;
6.54305;
4.49413;
3.02047;
5.33527;
3.33217;
3.77178;
4.749;
4.31774;
5.70229;
7.02229;
5.59691;
5.70917;
5.90633;
5.8809;
4.11559;
4.46699;
4.09722;
4.14586;
5.11274;
3.87492;
3.86504;
5.04634;
1.8757;
6.18804;
5.24473;
4.54895;
4.28658;
3.48679;
3.29385;
4.35539;
3.6015;
3.42282;
4.63677;
4.1158;
4.87333;
6.90324;
4.47295;
6.77925;
4.88651;
5.42909;
6.73694;
6.63468;
3.4066;
4.15585;
5.14443;
5.58775;
4.99228;
3.45408;
4.2704;
8.90434;
4.44159;
6.2397;
3.06844;
2.20739;
4.33199;
7.14295;
3.75333;
6.13875;
2.85513;
7.40773;
6.20262;
6.55397;
3.95815;
4.74325;
4.30455;
3.87919;
4.66345;
3.63186;
3.47868;
5.69599;
5.19104;
5.08315;
3.29724;
4.79598;
5.50254;
2.48898;
4.29764;
5.01372;
5.16024;
4.24786;
3.20877;
4.97005;
4.11279;
3.94682;
5.30787;
6.07219;
6.37608;
3.5902;
2.3453;
4.50478;
3.34434;
5.13057;
3.90505;
4.18996;
4.79605;
3.48166;
5.02217;
6.67149;
4.01751;
2.96135;
5.01301;
5.24603;
3.36556;
2.93225;
4.9616;
5.40594;
5.75916;
6.03252;
3.39256;
5.04873;
3.65658;
3.74913;
3.82183;
5.92564;
3.62948;
2.34195;
7.4822;
5.3678;
3.19245;
3.88767;
5.1144;
3.76865;
4.83392;
4.38167;
4.20689;
4.63581;
3.29363;
3.57491;
3.85446;
3.5689;
4.13567;
4.78179;
4.0883;
4.58918;
3.748;
4.52584;
4.85546;
5.39783;
5.97567;
2.71869;
4.12729;
2.26375;
2.67362;
3.88744;
6.06072;
3.69966;
5.73825;
4.11146;
2.95931;
2.72717;
4.03928;
5.0317;
5.44026;
5.78138;
7.10722;
5.5674;
4.97649;
2.5686;
3.48617;
4.45733;
4.34716;
2.88741;
5.55811;
5.28492;
5.49844;
4.05973;
4.8047;
4.71067;
6.09663;
4.14494;
3.70302;
4.93297;
3.08658;
3.24503;
6.87024;
4.77149;
7.05031;
4.13289;
5.07417;
3.74303;
3.89237;
5.83225;
4.40793;
3.54902;
5.73762;
4.07054;
6.18061;
5.6564;
4.76096;
7.33865;
5.00525;
3.1096;
5.5529;
3.04652;
5.23909;
4.15308;
5.5394;
4.75723;
5.70381;
3.62542;
3.10283;
6.59768;
6.81587;
4.89572;
4.76878;
4.5506;
5.18471;
2.80619;
4.80783;
7.05288;
4.67344;
6.78972;
3.89601;
4.32297;
2.74675;
4.30127;
4.94976;
4.00264;
3.30906;
5.83739;
3.10866;
2.78765;
2.72122;
5.31072;
5.3398;
5.58729;
3.50952;
4.00853;
2.7447;
5.31499;
2.6492;
6.15539;
2.65323;
4.03156;
2.71425;
3.30107;
5.29567;
5.26814;
5.59652;
3.15843;
4.88132;
5.7879;
4.8752;
4.93697;
7.24011;
4.79634;
5.62174;
4.61771;
3.16666;
1.90918;
5.10533;
6.67949;
3.83137;
5.3515;
4.59041;
4.86275;
5.89693;
5.45148;
3.09968;
6.98222;
3.41256;
4.3349;
3.52635;
4.59504;
3.40574;
6.60987;
5.32946;
5.38033;
3.92831;
2.89402;
4.46788;
5.00978;
3.39729;
5.60337;
2.75198;
4.06129;
4.22887;
4.15308;
6.70626;
2.83445;
2.64147;
4.74976;
4.48719;
6.16365;
3.74594;
3.40763;
5.37638;
3.65996;
4.07518;
7.19858;
3.34767;
3.23224;
5.63234;
4.84548;
5.07105;
3.26275;
5.01173;
3.57402;
5.78928;
3.88308;
4.40622;
3.45663;
3.71819;
2.88526;
3.83411;
4.08049;
5.58611;
2.33686;
6.51025;
4.59497;
4.35378;
5.20662;
4.77648;
4.24158;
3.80188;
3.35936;
3.82866;
4.40094;
6.04151;
4.66744;
3.85268;
3.7146;
8.2279;
4.58077;
6.97146;
4.96649;
4.7829;
3.61721;
5.09132;
4.65493;
4.37728;
3.5047;
5.63345;
5.10057;
7.99247;
3.27795;
2.48883;
2.86195;
4.7971;
3.18751;
2.486;
4.32373;
5.50755;
6.52584;
5.22658;
3.71903;
2.58235;
4.33942;
5.8442;
5.32857;
6.58394;
4.40318;
5.73077;
5.38379;
3.46871;
6.18195;
3.37693;
2.30094;
3.65293;
5.23892;
3.22186;
3.29959;
4.31273;
4.02765;
5.09996;
3.6246;
3.93084;
4.20947;
4.80218;
4.1453;
2.68009;
2.83357;
3.45408;
5.09465;
4.18584;
3.54971;
6.22375;
5.08387;
4.80827;
5.87128;
5.5764;
6.33476;
2.46238;
6.34069;
3.12492;
6.08906;
4.90528;
4.0394;
3.5787;
2.84782;
2.78308;
4.64563;
3.10542;
5.49279;
3.42504;
3.44862;
4.16503;
2.98625;
6.27112;
5.90417;
5.79341;
4.20011;
5.0574;
3.94943;
3.112;
4.20716;
5.36121;
6.10658;
4.1953;
3.77832;
3.47141;
6.06895;
5.33899;
3.97997;
5.80569;
6.23295;
7.72947;
4.1578;
2.53221;
3.89963;
4.85245;
6.53802;
6.30625;
7.42231;
3.89775;
7.01225;
4.64966;
4.17856;
4.78282;
5.85416;
4.37421;
5.0896;
2.30161;
4.25564;
2.97062;
5.18405;
2.92055;
4.95201;
5.48185;
2.43871;
4.08;
5.52191;
6.04697;
4.97529;
4.20552;
6.13071;
3.68511;
4.64278;
3.53982;
3.31441;
3.55049;
3.35091;
3.28499;
6.02232;
5.16521;
6.97843;
5.59982;
3.40676;
7.32242;
6.19068;
5.16776;
3.2101;
6.82075;
3.11289;
2.37508;
4.87612;
4.88962;
6.68293;
4.54714;
3.73054;
3.0535;
5.47147;
3.32499;
4.76212;
3.41547;
2.09341;
4.46799;
4.71286;
5.45661;
2.14141;
3.61808;
5.5263;
4.65318;
5.12673;
4.90882;
3.65357;
5.66783;
8.28671;
5.16037;
5.01366;
2.82497;
3.29715;
7.73735;
2.8397;
2.89816;
4.54816;
3.64181;
6.70127;
4.16792;
2.7793;
5.7751;
3.86433;
4.78418;
3.68688;
5.98334;
3.19951;
5.25033;
6.3477;
6.87887;
5.64015;
4.24451;
2.73125;
4.20789;
3.69855;
5.2812;
5.3233;
6.55731;
6.03948;
5.37128;
5.13751;
3.7358;
5.92753;
3.18782;
4.61501;
7.72424;
3.3712;
3.6132;
6.3995;
4.32598;
4.01185;
6.82815;
6.23186;
4.14727;
5.89321;
6.02887;
5.33453;
5.01218;
4.35719;
4.09394;
6.25993;
4.72685;
5.78278;
6.04783;
5.16078;
2.8154;
7.13289;
3.20489;
5.54374;
5.34102;
3.78457;
4.35799;
5.1576;
3.11152;
3.50682;
5.07911;
8.17295;
5.40368;
3.72538;
2.50058;
4.35784;
7.9687;
4.79248;
5.70346;
5.85235;
4.85205;
3.74576;
3.14793;
4.30891;
4.29805;
6.16256;
4.16969;
5.52139;
3.46512;
6.79972;
3.04689;
6.71803;
5.39485;
3.8748;
5.19306;
5.36847;
6.27316;
5.78996;
6.1503;
2.04648;
3.65124;
3.06566;
3.70954;
3.68501;
2.11279;
6.31502;
5.51471;
1.41868;
3.13567;
2.38227;
4.76386;
5.57383;
5.0632;
4.99409;
6.12777;
3.58843;
3.10185;
3.87501;
4.71431;
4.80882;
5.21348;
2.7205;
6.56279;
3.72036;
6.72731;
7.0404;
4.71639;
6.28801;
4.36202;
3.60514;
4.17587;
2.92137;
4.68561;
4.17635;
4.87914;
5.52063;
6.09883;
4.56771;
2.44414;
3.79996;
5.04247;
3.14026;
3.91911;
6.06969;
5.47314;
3.57182;
5.12317;
5.85983;
4.37732;
5.06358;
2.90486;
5.1518;
5.06006;
5.68028;
4.43819;
5.10347;
3.69245;
3.91209;
4.48055;
2.80775;
5.07209;
7.11294;
4.84358;
2.27287;
4.12857;
3.99017;
4.67398;
4.14414;
4.97826;
5.92176;
6.58571;
6.7691;
2.4498;
5.4572;
3.84747;
2.7879;
4.31675;
3.79348;
6.66386;
4.91946;
5.15823;
1.79856;
2.83285;
4.16364;
6.24368;
4.15785;
5.44635;
5.75158;
5.32231;
1.73392;
4.3649;
4.28112;
6.14047;
3.59378;
5.78963;
4.83663;
4.55431;
3.00456;
4.26763;
3.43633;
4.53671;
6.3123;
4.20907;
4.99164;
4.26674;
6.19911;
3.69718;
5.08184;
5.60159;
2.09888;
5.17613;
4.15775;
4.5076;
5.28326;
4.20091;
3.12947;
2.2361;
2.88094;
3.87655;
4.51776;
4.62784;
3.46811;
5.78056;
3.95627;
5.57366;
5.03184;
2.835;
6.71209;
3.07229;
5.01371;
5.62523;
4.15675;
2.73615;
3.21569;
2.99274;
3.0587;
1.97755;
6.35284;
3.25744;
2.89559;
2.98692;
4.03895;
6.01485;
4.41965;
4.6981;
4.74181;
3.38631;
3.69348;
3.6225;
3.1451;
4.99924;
6.45989;
3.26956;
6.13677;
4.56191;
2.97364;
3.86079;
4.50133;
6.01206;
5.00795;
3.08889;
3.28676;
4.95198;
6.26326;
4.95039;
5.03382;
3.06245;
3.57089;
3.89622;
4.55571;
3.37665;
4.45428;
5.36499;
4.8745;
7.2615;
5.97343;
2.9086;
3.93572;
2.98783;
2.8678;
4.22787;
4.72594;
3.32493;
3.26801;
5.01674;
6.33577;
3.57611;
3.14394;
4.50577;
4.77552;
2.41977;
2.11586;
4.79935;
2.92432;
7.30729;
4.5282;
2.85785;
6.4257;
3.59514;
1.71953;
4.5554;
6.0503;
6.45113;
5.69049;
3.85837;
3.75858;
3.44687;
2.55375;
4.24691;
3.82764;
3.57699;
5.81538;
5.44446;
4.67295;
3.76358;
4.59073;
4.05952;
3.46451;
5.04026;
4.24532;
4.98371;
2.46754;
5.1419;
4.80793;
4.0012;
4.89342;
5.94158;
4.03293;
4.92021;
3.04733;
2.75921;
5.23897;
4.10494;
3.71158;
3.12323;
4.06667;
2.4131;
3.04378;
3.77873;
4.10663;
3.00031;
2.41972;
4.36034;
4.63402;
4.5993;
3.91218;
5.22511;
5.14211;
4.2037;
4.7493;
5.36658;
4.40142;
6.32403;
4.88822;
5.38958;
6.40562;
6.27594;
5.97336;
7.01484;
4.535;
3.84159;
3.96544;
5.08957;
4.47618;
5.50513;
2.03773;
3.46262;
4.85422;
4.63707;
3.03191;
2.37246;
5.76041;
2.29685;
1.85216;
3.88699;
2.71839;
6.07582;
5.56265;
6.4139;
5.04897;
5.00595;
4.44005;
6.64464;
3.08076;
2.79031;
6.3389;
5.52278;
4.85897;
5.43469;
2.80359;
4.71075;
3.79231;
5.44507;
6.17553;
4.42991;
4.85403;
5.29565;
4.5186;
4.58681;
4.64202;
5.33407;
5.35844;
4.80817;
6.75388;
3.90548;
3.58401;
3.02943;
3.80528;
4.44478;
5.18023;
4.17445;
2.96044;
4.12184;
5.26133;
4.8945;
5.04493;
3.34255;
3.44561;
3.94089;
4.2023;
2.02903;
3.20269;
3.33665;
4.94822;
4.5568;
4.41167;
2.31126;
5.01798;
3.18498;
2.66792;
5.508;
3.67414;
7.19063;
4.8801;
3.80831;
3.8079;
4.57217;
3.50503;
3.80528;
3.96829;
3.9645;
2.19668;
5.77357;
2.4778;
3.96919;
4.3015;
4.92369;
6.66054;
2.83733;
5.27269;
4.06594;
3.84988;
5.33377;
5.18545;
4.04451;
4.22849;
5.36589;
5.4696;
4.11638;
2.92736;
5.65477;
3.5541;
3.35786;
5.41256;
3.6109;
5.47007;
3.67574;
2.63088;
4.51168;
4.46783;
2.02743;
4.2396;
3.07564;
6.40119;
4.9531;
2.65426;
2.37478;
2.85917;
2.92726;
3.02918;
3.50109;
4.60389;
2.8844;
3.22421;
3.46676;
3.35032;
3.39259;
7.15299;
6.21434;
3.03547;
4.23173;
6.86526;
7.00674;
3.7029;
2.36037;
5.51878;
6.05649;
2.67659;
4.13932;
4.02352;
3.15421;
3.23353;
3.77923;
3.06153;
3.9392;
4.54316;
3.60864;
4.07248;
3.66838;
4.20189;
3.16371;
3.62057;
3.22239;
6.48512;
3.06953;
6.20509;
5.31128;
4.782;
3.88513;
3.35662;
3.19181;
4.0391;
4.8991;
4.16581;
4.12053;
5.99087;
4.98282;
4.74319;
5.58356;
4.40019;
3.24459;
2.9722;
5.74421;
5.16877;
4.54545;
4.26912;
3.40293;
5.20892;
6.26282;
3.15536;
3.04262;
3.61157;
2.8103;
3.99752;
3.05135;
3.15785;
2.00974;
5.83708;
6.19921;
5.77128;
4.14762;
2.91327;
3.75558;
5.57812;
4.63318;
4.30676;
4.90821;
3.87514;
3.12575;
3.77791;
3.20023;
4.46729;
5.18255;
4.09913;
3.86629;
3.89473;
5.9972;
3.25775;
2.63983;
3.90309;
4.04883;
3.15608;
2.96471;
4.06696;
3.95734;
2.66956;
3.30157;
3.76831;
2.97012;
5.00395;
4.22943;
3.89018;
4.20069;
2.87528;
5.76166;
5.24236;
4.90867;
3.82045;
5.03393;
5.15763;
3.54432;
5.51657;
3.55168;
4.38388;
2.7098;
3.346;
2.40615;
2.68607;
2.54646;
4.05806;
5.0391;
5.80525;
4.71023;
3.99712;
3.29037;
2.50095;
5.49539;
3.76475;
3.58879;
4.72032;
3.63386;
3.87606;
2.85588;
3.18652;
5.58308;
5.50375;
5.26272;
3.2952;
3.94359;
5.02442;
2.99733;
4.14774;
5.44937;
5.77153;
6.70358;
4.80162;
2.28863;
3.40897;
2.9442;
3.90067;
5.1976;
2.59476;
3.85506;
3.42646;
4.62392;
4.71594;
3.29662;
6.04011;
5.52921;
7.17051;
3.05345;
5.77577;
2.341;
5.50559;
4.07773;
2.95282;
3.14052;
2.40553;
4.53637;
6.23739;
4.33042;
5.16757;
7.20134;
6.40525;
3.96941;
5.59612;
5.71815;
3.27758;
4.35873;
3.97468;
7.77763;
3.03469;
1.65099;
3.10703;
2.85235;
4.53217;
6.1826;
2.58011;
4.77133;
2.39148;
3.35126;
5.09813;
5.9603;
5.84065;
4.95854;
2.84238;
5.97137;
4.54184;
5.28311;
2.96065;
2.70707;
4.40528;
4.02977;
5.09788;
4.25684;
5.00771;
4.51466;
6.21213;
4.08123;
2.47224;
3.55807;
4.68015;
4.99336;
5.2502;
6.81027;
4.301;
4.0436;
4.29308;
4.97643;
4.19566;
2.1825;
3.76467;
5.45496;
5.73913;
5.13682;
4.9069;
2.38529;
4.06265;
3.15243;
3.47565;
5.50242;
3.92191;
3.73385;
5.0329;
2.32474;
4.76908;
4.31985;
4.10637;
4.49116;
4.89228;
3.55856;
4.75296;
4.11828;
4.09698;
3.13389;
3.38741;
2.36521;
4.59825;
4.77236;
2.73792;
3.91668;
3.77733;
4.69794;
3.62727;
2.99506;
3.02147;
2.91541;
5.27922;
6.60053;
5.57878;
3.59944;
6.33796;
5.56243;
3.41538;
6.42043;
4.61974;
2.59702;
5.97293;
1.70311;
5.44663;
4.02971;
4.43821;
6.27724;
5.23383;
6.27165;
2.53169;
5.59764;
3.79461;
2.77589;
4.04427;
3.47446;
3.83036;
5.88822;
3.40978;
5.24678;
4.1271;
2.84905;
3.9956;
3.13206;
4.70828;
4.42425;
2.55338;
2.67619;
2.89279;
1.68968;
3.33944;
5.34863;
5.66123;
4.04157;
2.84517;
6.73313;
3.36371;
5.92732;
5.02989;
3.91829;
4.5206;
5.11136;
4.62215;
4.13471;
3.063;
3.66873;
5.00877;
6.56932;
6.13176;
2.02012;
4.14369;
2.64945;
3.80407;
3.75284;
2.20797;
5.88669;
3.39513;
2.26427;
3.71919;
4.33126;
6.19737;
4.98341;
3.75014;
3.92696;
3.96508;
2.82729;
4.14415;
2.33243;
3.17039;
4.49729;
2.97621;
4.30178;
4.26258;
4.05478;
5.39879;
4.46862;
3.41084;
2.42577;
4.79706;
4.29869;
5.80282;
4.41804;
2.58593;
4.96386;
5.4233;
4.18382;
5.56344;
3.5054;
4.22304;
3.14847;
5.1559;
3.31068;
4.93501;
3.01248;
3.99294;
3.87737;
3.88724;
2.9702;
3.45698;
4.44286;
3.12256;
4.69947;
3.70839;
5.16065;
2.9111;
4.82156;
6.26375;
5.21721;
2.29184;
4.00542;
2.68929;
3.19756;
5.22068;
3.37957;
7.55397;
5.12273;
4.51677;
3.28097;
4.72391;
4.94398;
5.40578;
5.57168;
3.51575;
3.33812;
4.87339;
5.77531;
4.77539;
6.22398;
5.08637;
4.6394;
2.59425;
2.96253;
4.54579;
3.0013;
3.47044;
4.61602;
5.39058;
5.34144;
3.65496;
3.76911;
3.54954;
3.67264;
2.86168;
3.73958;
3.15603;
5.0509;
6.56955;
3.71868;
3.15287;
3.60956;
2.45894;
3.46901;
2.94965;
3.47263;
3.92797;
3.03275;
3.25284;
4.55919;
6.21099;
4.5459;
4.65037;
4.2131;
2.40701;
2.15521;
3.49724;
4.01918;
3.64865;
2.48505;
4.8601;
3.07956;
4.53393;
3.85592;
5.06308;
5.70199;
4.79926;
2.94917;
1.42433;
4.49927;
4.31578;
3.24204;
4.43017;
3.83249;
2.12077;
3.05329;
4.61776;
3.01736;
1.58658;
5.8483;
2.52158;
5.05486;
4.99512;
4.28051;
4.71497;
2.98782;
4.18667;
4.42762;
2.99054;
3.04878;
6.53182;
3.96837;
4.99704;
7.77148;
2.90085;
2.86634;
3.53737;
4.51863;
4.6165;
2.6037;
3.48565;
6.62973;
3.26301;
4.8969;
5.80169;
3.24439;
3.54003;
3.56601;
6.65763;
2.37393;
4.26844;
3.28369;
2.45606;
5.45242;
3.45113;
4.24901;
4.02186;
5.40294;
2.79513;
3.56862;
2.69431;
5.98878;
4.87949;
2.62157;
4.30692;
7.69975;
4.15767;
3.95079;
2.4811;
4.41009;
4.53113;
4.07236;
4.69914;
4.56098;
4.55039;
5.4745;
4.12892;
3.31011;
5.27593;
2.75714;
5.83041;
2.91511;
4.52952;
4.66999;
4.25845;
5.00274;
3.37469;
1.94668;
4.47862;
3.87058;
4.03513;
4.74561;
2.57938;
6.10519;
7.06596;
3.44362;
4.29281;
4.46852;
6.96603;
3.39619;
4.92986;
5.75774;
4.11473;
4.34334;
5.789;
3.20981;
4.92701;
5.27324;
3.02483;
3.74301;
6.57055;
2.59571;
3.74883;
3.19028;
6.54413;
4.86801;
4.70359;
3.66995;
5.07866;
3.62113;
5.95949;
4.6213;
2.56431;
5.10403;
5.06735;
2.77038;
3.74612;
5.00392;
3.65072;
3.81043;
5.58839;
3.32091;
5.00189;
4.37966;
5.5852;
2.78817;
3.55627;
3.50386;
2.958;
3.01442;
5.03555;
3.41928;
6.52306;
2.63607;
4.86372;
5.89214;
6.76977;
2.55814;
3.99553;
5.49611;
6.07141;
5.1739;
4.02876;
5.47041;
4.95027;
2.9126;
3.93387;
4.98901;
4.14041;
4.07708;
4.39714;
4.14914;
5.01638;
3.94454;
4.31778;
1.8328;
4.90855;
3.34783;
1.64934;
4.84493;
4.45944;
4.33415;
1.29892;
4.44525;
5.06136;
4.05139;
1.89844;
2.68589;
5.39641;
4.71924;
7.33667;
4.78497;
3.56181;
4.64877;
3.23704;
3.7794;
3.39498;
2.81413;
1.72215;
4.87881;
2.89787;
4.13865;
4.90726;
5.30288;
3.80675;
3.67037;
4.6248;
4.68246;
3.3103;
5.50339;
3.09199;
4.39197;
4.49548;
3.29632;
2.95697;
5.0176;
4.30595;
3.31533;
4.53182;
3.47988;
3.32447;
3.27932;
5.34674;
4.00993;
2.66453;
2.87943;
3.28408;
6.24044;
4.51139;
3.92605;
3.42256;
2.70786;
1.5691;
3.44414;
2.60035;
1.78193;
2.48364;
2.67402;
3.58552;
2.81082;
5.67165;
2.45471;
5.86017;
3.52879;
2.80479;
4.68532;
3.38806;
3.53705;
6.65463;
3.9692;
2.27976;
5.19225;
4.21544;
4.38921;
3.86245;
2.71471;
5.03179;
5.08841;
5.43959;
6.70305;
4.11589;
2.97034;
3.60273;
6.1792;
3.70862;
2.54887;
2.3801;
3.66443;
2.14939;
2.91372;
2.38222;
3.28646;
3.82479;
5.07749;
3.03925;
2.47446;
4.11025;
5.62534;
1.89027;
4.82172;
3.33904;
3.58803;
1.5792;
5.24835;
3.86813;
5.8401;
4.81985;
4.95763;
2.54252;
4.23035;
3.28151;
1.92295;
3.65322;
5.08091;
1.89621;
5.24649;
5.84965;
3.37697;
5.63156;
4.33724;
3.60027;
4.22578;
3.92302;
3.58768;
4.63296;
1.78205;
2.44764;
2.48311;
2.18933;
3.64093;
4.99206;
4.38318;
2.94577;
3.94942;
5.17095;
4.82737;
4.17258;
5.79653;
4.77761;
6.37217;
4.43453;
3.22607;
2.81407;
4.00337;
4.58739;
3.3631;
2.66971;
3.47182;
5.63689;
5.61783;
2.27813;
4.57729;
1.56679;
1.37413;
3.56956;
4.33754;
4.29983;
2.21685;
4.67024;
2.80813;
1.9912;
2.13442;
2.32929;
5.03131;
4.31539;
2.54956;
1.66743;
4.37067;
5.61979;
4.16094;
3.81561;
5.84453;
4.6303;
3.1206;
4.40884;
1.36385;
3.11137;
6.25218;
3.73111;
2.89972;
4.05916;
3.76365;
5.56863;
5.53156;
1.42836;
3.85159;
2.9968;
2.60797;
4.70121;
2.41638;
3.75026;
6.16923;
2.08455;
3.29983;
2.77013;
5.33401;
4.20782;
5.21703;
3.65053;
4.0631;
2.44091;
4.82322;
6.41907;
5.01553;
2.95033;
1.3534;
4.15153;
2.66888;
4.89504;
2.30913;
2.84586;
3.89218;
2.89951;
2.83041;
4.23119;
3.97835;
1.98214;
4.26495;
5.51855;
2.55069;
3.95147;
5.49478;
5.08029;
5.78031;
6.76416;
4.55791;
3.6305;
5.0592;
3.10454;
6.16052;
4.64894;
5.18933;
3.48878;
5.21411;
2.80058;
3.86529;
5.30965;
4.3068;
4.1575;
2.15151;
4.52092;
3.58691;
3.65451;
4.36048;
2.2787;
2.25298;
3.32863;
5.17046;
4.62744;
3.75128;
2.74391;
3.66808;
2.11836;
2.42126;
3.23902;
5.17109;
6.48316;
3.37546;
4.39157;
2.14456;
4.78446;
3.27556;
4.29983;
3.40137;
3.91841;
3.16729;
3.48648;
5.37716;
2.92764;
2.89898;
5.15923;
5.45232;
5.54846;
3.24889;
5.75461;
4.24888;
5.60068;
2.35843;
2.61779;
3.8336;
3.25371;
3.26299;
3.58764;
2.77814;
2.77912;
6.24722;
2.68097;
4.92935;
2.49272;
4.50247;
3.06951;
2.90004;
3.36973;
3.44821;
5.30688;
3.2578;
3.74356;
1.99052;
2.5567;
6.28284;
1.59077;
5.25473;
1.5312;
2.27081;
5.2363;
4.50287;
1.79035;
5.54936;
2.13236;
1.62712;
3.82666;
4.42771;
3.1542;
3.60643;
6.04595;
3.75686;
3.62155;
3.84542;
3.13971;
4.93018;
4.79636;
3.20452;
2.91536;
4.30645;
3.40044;
3.79708;
2.2173;
2.27804;
4.02042;
4.27508;
2.83918;
3.84984;
2.5644;
3.16369;
5.14786;
6.91951;
3.62276;
4.32705;
3.87708;
5.64418;
5.94792;
4.99974;
2.60726;
3.58304;
4.83238;
2.8147;
2.6142;
3.27682;
4.06867;
3.76355;
5.59488;
3.29831;
1.96696;
2.79117;
2.60298;
4.33752;
3.06338;
2.3596;
2.47369;
3.51958;
4.0711;
3.68891;
2.48059;
4.01642;
3.46933;
2.08998;
2.32504;
2.84857;
5.44627;
3.54011;
2.46592;
5.32255;
6.21778;
2.26435;
2.04075;
3.88096;
3.19379;
2.87543;
2.94027;
3.18545;
3.50308;
4.43365;
1.4168;
5.49816;
3.17103;
1.88758;
5.08579;
5.6253;
2.22933;
3.78826;
5.43339;
3.80618;
6.32175;
3.77635;
3.86733;
4.03756;
4.39276;
1.70107;
2.64179;
3.42609;
2.57243;
5.23427;
4.93095;
2.77422;
3.14247;
5.6091;
5.83865;
2.76731;
2.85664;
6.07791;
4.19852;
5.48228;
4.36445;
3.69012;
3.79472;
3.96243;
3.57533;
3.34666;
4.52224;
2.56568;
3.77263;
3.73388;
4.07152;
2.65103;
2.78421;
5.24723;
2.05939;
6.62323;
1.53932;
2.71508;
5.02001;
2.03685;
3.44325;
3.81949;
4.96367;
4.58634;
2.60526;
3.97976;
2.30397;
4.3716;
4.79793;
5.97074;
4.9618;
3.87114;
5.87978;
6.47703;
2.63963;
4.08493;
3.35695;
4.94426;
4.80044;
2.73372;
5.93936;
4.89451;
3.7221;
3.6114;
3.08357;
4.99741;
3.34036;
5.00528;
3.10836;
2.99834;
3.50259;
5.2423;
3.69574;
5.07133;
3.11969;
3.63443;
4.04065;
5.17329;
4.02629;
5.05069;
5.15273;
4.32982;
5.64525;
6.28095;
3.95248;
2.93234;
5.33753;
4.03386;
4.41043;
4.06459;
2.14207;
2.9459;
4.74434;
3.21917;
2.50387;
6.73514;
5.46869;
4.1606;
1.47612;
4.16694;
2.6549;
5.21228;
6.15159;
3.6647;
4.64472;
3.49099;
3.96949;
2.31968;
4.39349;
1.51966;
3.41385;
4.8908;
3.05416;
4.48535;
5.62861;
3.63647;
1.87365;
3.51512;
4.08111;
1.83571;
3.06699;
4.01468;
3.93698;
2.42097;
1.37554;
4.62796;
4.11733;
5.27501;
3.10043;
4.14976;
3.89992;
4.18052;
3.6159;
3.99272;
5.6618;
4.27388;
4.05072;
2.7621;
5.68506;
5.64826;
4.41109;
3.31044;
3.99012;
4.56843;
3.83374;
3.59709;
5.17232;
4.35514;
2.21183;
2.3036;
1.75334;
4.51265;
2.20428;
2.53671;
4.28828;
4.1617;
2.30497;
2.11229;
3.20939;
4.48441;
3.63001;
3.97795;
3.92547;
2.99034;
4.25247;
4.25312;
7.05095;
6.7762;
5.91964;
5.01671;
2.55887;
2.52066;
5.1987;
3.31942;
4.01644;
5.2427;
3.16017;
1.64117;
2.63593;
3.47484;
5.11143;
1.60961;
1.85537;
2.20936;
5.20892;
1.64358;
2.66361;
2.00622;
3.47684;
5.79184;
4.5933;
3.04989;
5.12406;
3.06397;
4.11483;
3.72025;
3.34279;
3.17439;
2.51701;
5.62935;
4.65504;
5.42666;
3.26738;
3.55459;
3.30372;
3.40262;
5.33612;
3.7932;
3.08426;
2.70795;
4.10033;
1.47134;
5.28118;
4.17832;
3.99631;
5.45033;
2.22749;
5.3196;
5.73792;
2.90361;
3.29458;
2.74528;
4.01005;
3.31721;
3.02651;
2.43852;
3.70313;
3.59249;
3.19729;
3.28305;
3.69333;
3.31575;
1.93247;
4.09558;
5.30132;
5.90698;
4.92061;
5.01653;
1.73644;
4.7778;
1.52528;
2.75383;
4.87936;
3.95009;
4.68886;
3.36851;
2.32237;
5.18073;
3.24037;
2.88265;
4.6628;
5.06136;
4.14686;
3.95627;
3.28723;
3.2863;
1.66732;
4.08651;
5.85043;
4.27922;
2.90478;
5.51792;
2.84581;
5.40202;
6.07326;
4.53099;
2.53085;
2.79807;
4.72154;
3.25032;
2.80373;
5.2072;
4.58326;
4.26843;
2.39231;
3.80239;
2.06192;
3.56263;
5.18063;
1.77862;
2.75045;
3.50964;
7.15046;
4.61747;
5.23089;
3.13791;
2.76953;
3.88321;
4.32468;
6.19512;
4.64795;
4.00913;
3.20833;
4.47893;
3.52162;
1.14505;
2.17876;
2.49662;
3.27477;
5.15303;
2.14332;
3.58372;
5.31163;
3.74757;
2.7642;
2.91072;
3.31563;
3.12087;
4.34303;
3.77097;
5.30367;
2.17602;
2.88437;
3.95625;
2.85161;
2.96539;
3.59873;
3.23412;
5.85323;
4.86304;
3.93533;
3.87229;
2.8655;
6.44092;
3.5989;
4.67024;
3.21169;
3.1226;
4.30153;
6.18708;
3.51201;
2.00713;
3.4429;
2.81938;
3.18243;
3.62365;
2.85409;
3.21105;
4.45981;
5.21188;
4.90766;
2.78753;
3.10827;
2.64095;
2.87694;
4.10781;
3.93199;
2.59721;
3.55311;
2.63569;
2.79403;
4.35126;
2.50548;
3.6784;
4.91317;
3.24699;
5.59456;
1.53534;
2.47987;
2.26805;
2.9424;
5.54879;
5.61004;
3.6212;
2.50994;
1.75651;
4.85223;
2.94466;
3.31937;
3.95634;
2.337;
2.24496;
3.1605;
4.61018;
2.97409;
3.43772;
3.88738;
4.08006;
3.01957;
2.68748;
3.21044;
5.4047;
2.76191;
2.92176;
5.27361;
2.52417;
3.34764;
2.08944;
1.30107;
2.26712;
7.38704;
6.20311;
1.52527;
5.20863;
2.88404;
5.48161;
4.30477;
1.38339;
3.09319;
3.05298;
4.02998;
4.37732;
1.96351;
3.51548;
1.95829;
2.00303;
4.1054;
5.94244;
3.51951;
5.41893;
3.55381;
3.37327;
3.90121;
1.15617;
2.63337;
1.80835;
5.33405;
1.23394;
2.78671;
4.9157;
1.71036;
4.1958;
3.74849;
4.30585;
2.98735;
5.71468;
2.082;
0.785036;
3.41466;
4.09514;
2.28939;
5.07153;
4.41716;
2.98429;
3.49041;
4.36619;
1.47361;
2.09429;
2.22008;
5.38581;
2.15462;
3.74725;
2.2884;
3.12236;
2.4033;
2.37769;
3.75113;
2.76205;
1.93073;
3.25709;
2.96909;
5.32954;
3.81112;
3.44465;
3.06744;
3.79986;
2.51243;
1.36322;
2.41826;
5.18615;
4.04543;
2.86841;
2.9983;
2.67321;
4.10072;
5.97203;
5.60234;
2.3662;
4.76665;
2.42973;
3.41472;
3.80897;
2.36872;
4.19878;
4.3133;
3.24098;
4.48347;
5.64702;
4.34273;
3.6428;
4.12843;
2.3811;
3.48446;
5.40061;
3.3379;
5.20599;
3.03356;
1.98519;
2.4306;
5.64477;
2.74958;
2.36;
2.5136;
4.75528;
2.96053;
5.10158;
2.62436;
5.80114;
2.99779;
2.05761;
3.40957;
2.50013;
3.57711;
4.88359;
2.8409;
5.35108;
1.89978;
3.16281;
3.96729;
3.41593;
1.93316;
3.85102;
4.09698;
4.29329;
2.91203;
4.2888;
2.6711;
2.30263;
1.70553;
3.87581;
1.88514;
3.54435;
3.56581;
2.08639;
5.89816;
3.24934;
2.70748;
5.38133;
2.8825;
4.28381;
4.51621;
4.2782;
1.98554;
5.02225;
3.09552;
3.16998;
3.81254;
1.00083;
5.05428;
2.75778;
3.38708;
3.14388;
2.29401;
2.70603;
3.991;
3.98538;
5.61376;
2.11645;
2.22559;
2.07282;
2.93951;
2.69782;
3.5219;
4.98854;
2.35831;
1.06739;
3.42385;
2.40954;
3.85362;
5.18314;
0.852571;
3.2539;
6.02076;
4.97167;
2.78792;
4.67219;
3.46851;
2.27831;
4.80613;
4.00718;
3.65878;
2.25311;
1.86803;
2.72455;
3.56432;
2.46953;
3.61474;
3.49522;
3.55622;
2.36018;
6.56932;
4.81569;
3.96692;
4.86103;
2.25399;
4.18511;
3.24348;
5.69039;
4.2022;
3.4197;
2.87498;
2.27106;
2.70764;
4.58663;
3.42628;
4.6296;
3.66192;
5.60532;
1.55349;
1.76869;
5.1517;
3.66317;
2.05348;
5.97415;
2.45787;
5.38838;
3.21738;
1.87124;
5.48933;
5.48149;
5.15981;
2.98192;
4.56296;
1.64394;
4.94409;
4.63551;
3.44706;
2.00255;
3.26817;
6.92819;
5.25789;
3.36557;
4.17641;
2.25892;
3.19372;
1.9915;
3.04454;
2.816;
2.5381;
3.85046;
2.62922;
3.8056;
2.64041;
4.07715;
4.55145;
2.9467;
5.80539;
3.62511;
1.92967;
2.51432;
2.24764;
3.83728;
3.08332;
2.09513;
2.11794;
3.59486;
5.88951;
1.84677;
5.22052;
3.32303;
3.84322;
3.51637;
3.61847;
4.45873;
3.84363;
2.36916;
3.83311;
2.41679;
2.24392;
3.69523;
4.46335;
3.97716;
2.02183;
2.00374;
3.46039;
2.13652;
2.46765;
2.46673;
3.3062;
1.94655;
2.85669;
3.58624;
2.3745;
2.32232;
4.48997;
5.68955;
2.7836;
4.97227;
4.30369;
1.98688;
3.73487;
2.21478;
5.25215;
3.57517;
5.03831;
1.91321;
4.52797;
3.68201;
3.3914;
2.70965;
3.16842;
3.13623;
3.47163;
3.99815;
4.09223;
2.94285;
4.15107;
4.68857;
2.95037;
3.59082;
1.78226;
5.05155;
4.79828;
2.8974;
2.80375;
3.27392;
3.58168;
3.55374;
3.10308;
4.06549;
4.90019;
3.03696;
4.21071;
3.55929;
2.68863;
5.02943;
5.5476;
1.82581;
1.3642;
1.58326;
3.98982;
4.35224;
2.60203;
5.12657;
3.09048;
3.6886;
2.18443;
4.52715;
1.64013;
5.23813;
2.33408;
3.26858;
2.68063;
3.90658;
3.15134;
3.11986;
2.40439;
2.26471;
2.99397;
2.3728;
2.15204;
1.94287;
4.27514;
3.16005;
5.00026;
5.47538;
5.86753;
3.92076;
3.27832;
3.76515;
5.29413;
6.49146;
2.51202;
4.38894;
3.39059;
1.9229;
1.92709;
2.6603;
3.17335;
4.41194;
5.98585;
2.20349;
1.6943;
2.47334;
2.07632;
3.33798;
3.89207;
3.34826;
2.55649;
2.4967;
2.15009;
2.58803;
4.37319;
2.17968;
2.69998;
3.3925;
3.42799;
1.75357;
2.86302;
5.08736;
1.50365;
2.87593;
2.12664;
5.66047;
3.84852;
2.76987;
3.53385;
2.68622;
3.80055;
3.20012;
5.48052;
2.20215;
3.74716;
5.21765;
1.21821;
6.55315;
3.08082;
4.69106;
4.89909;
2.45498;
2.33485;
5.56966;
2.06249;
2.79746;
3.59214;
4.6354;
5.39851;
6.36268;
4.30975;
3.5438;
3.85915;
3.20342;
2.53343;
3.26906;
4.86991;
5.49314;
3.73119;
2.10784;
2.11945;
5.23781;
3.93148;
2.48034;
2.21387;
6.33601;
4.80269;
3.06333;
4.02701;
3.61643;
3.37047;
1.5767;
5.3391;
4.82619;
3.42561;
2.10605;
3.82633;
2.36866;
4.09843;
4.64156;
4.65083;
5.03059;
2.72247;
1.70183;
3.23534;
3.21896;
2.97239;
3.61274;
2.81826;
6.12574;
3.12036;
5.50186;
3.45042;
2.7428;
4.14941;
2.98116;
4.75439;
5.85208;
1.79175;
3.57982;
5.66271;
3.46043;
2.83358;
2.49206;
1.85413;
2.34262;
1.93249;
5.52279;
1.64602;
5.17909;
2.86271;
5.72715;
3.33252;
5.23421;
5.85483;
5.50695;
3.62474;
3.42297;
3.45623;
5.41277;
3.04562;
3.6381;
2.38448;
3.92679;
1.56536;
2.77885;
3.15913;
5.19987;
4.74392;
2.9728;
3.99521;
3.67751;
1.69284;
3.3295;
1.49828;
2.91432;
2.65087;
2.69612;
2.49358;
1.38582;
4.10059;
3.89511;
5.51477;
1.9076;
1.75034;
2.70969;
4.17475;
1.97073;
5.2746;
3.4036;
3.65214;
4.67799;
2.96644;
1.69508;
1.31968;
2.31914;
4.30759;
2.10323;
1.80835;
1.24454;
3.67312;
4.26837;
1.36673;
1.89486;
5.66502;
3.83166;
1.50323;
2.39421;
2.50729;
0.962923;
2.40877;
4.66118;
5.20914;
4.43007;
3.20666;
5.69338;
1.20098;
1.86682;
2.14711;
5.30098;
3.27678;
4.27237;
3.9588;
3.57797;
5.42561;
3.63238;
1.72915;
3.73343;
4.87031;
3.90927;
4.7686;
2.72866;
3.02959;
3.2032;
6.0727;
3.19627;
5.03017;
4.65022;
2.79871;
3.33041;
3.10428;
3.11979;
2.92286;
5.40824;
2.11902;
3.55417;
3.10194;
3.71174;
3.77274;
3.29114;
5.17928;
2.94039;
4.22905;
5.20382;
4.6916;
2.48892;
4.24622;
2.58979;
2.74218;
6.38122;
1.56755;
4.4246;
2.37529;
3.26643;
3.44062;
5.34191;
1.54874;
6.0212;
4.52645;
3.18989;
2.31953;
2.77159;
1.82283;
3.55118;
3.10952;
4.61627;
3.06761;
1.52518;
5.54573;
3.06023;
5.69534;
3.43083;
3.26854;
1.98075;
3.42727;
2.23307;
5.2115;
3.70963;
4.3959;
1.15182;
5.23118;
4.71393;
3.47593;
1.20912;
4.90099;
4.97133;
3.01442;
5.2063;
2.25473;
2.6362;
3.1014;
2.79854;
4.12882;
1.42428;
3.5349;
5.01096;
2.41389;
2.43473;
2.32473;
3.51246;
5.35699;
3.31678;
2.98123;
5.36504;
5.57066;
2.06757;
2.79354;
1.12772;
5.07758;
4.95683;
3.65094;
1.79732;
3.75445;
5.37345;
2.83831;
5.71733;
2.8751;
3.89909;
2.81143;
2.71304;
4.64087;
2.42598;
2.58409;
2.32112;
2.63468;
3.02049;
5.23212;
5.65648;
2.98993;
2.0427;
3.11289;
4.85984;
0.872374;
2.62657;
3.89899;
2.12849;
3.55282;
2.10186;
3.06774;
3.28633;
3.4981;
1.73325;
1.91505;
4.62248;
5.09757;
4.17258;
2.94702;
4.99838;
4.8437;
6.16344;
2.9425;
4.34843;
6.79998;
4.20777;
3.02299;
4.66963;
2.3208;
2.41581;
1.59783;
3.20862;
3.25918;
4.77282;
2.59459;
3.73018;
3.78886;
3.08814;
2.52293;
3.63371;
5.22273;
2.5432;
5.54443;
2.31293;
3.48582;
1.70425;
3.5233;
3.80542;
1.16235;
5.15867;
2.80885;
3.45761;
3.40142;
3.97874;
3.58262;
4.20669;
1.6371;
3.16678;
3.43276;
1.81013;
3.37632;
1.98227;
4.56052;
2.6078;
2.71107;
3.40442;
3.22475;
0.94123;
3.95001;
3.09039;
2.14031;
4.12047;
4.71481;
1.68466;
4.04889;
2.29407;
1.699;
1.54191;
4.27987;
1.76612;
4.5814;
2.50088;
3.68684;
3.19231;
4.23401;
5.25066;
1.86929;
3.20187;
4.77837;
4.24637;
4.12308;
5.22222;
1.94546;
2.17887;
2.01636;
4.33272;
2.72154;
3.94522;
4.34457;
3.48641;
4.49598;
1.37119;
5.63715;
3.19322;
2.3597;
2.34208;
5.32606;
3.61901;
2.78808;
2.04424;
2.24529;
3.14995;
3.5563;
2.7297;
4.66283;
3.66677;
2.46076;
3.78428;
2.31039;
2.87102;
2.45563;
5.6055;
3.31051;
1.52331;
4.00908;
3.75979;
3.63722;
2.60324;
4.41157;
3.96958;
2.68675;
3.67908;
4.72179;
5.95738;
2.48372;
2.80075;
5.36173;
3.3329;
5.41535;
4.55263;
2.63799;
1.27467;
3.92093;
5.30384;
3.14485;
3.70152;
3.23615;
1.72064;
3.2465;
2.7356;
2.60532;
4.57263;
2.52838;
4.73851;
2.44416;
2.94394;
1.73613;
5.62692;
2.66659;
3.06478;
1.41069;
2.16954;
0.689452;
3.62757;
4.66086;
5.58936;
2.60472;
3.09374;
3.5719;
5.02226;
2.98765;
2.02267;
3.3382;
2.40172;
5.71372;
2.86536;
2.57664;
5.66835;
3.80133;
5.35336;
2.54042;
4.81441;
2.14666;
2.92693;
6.06406;
2.46914;
3.32283;
4.85526;
5.41627;
1.96513;
2.24193;
2.21363;
5.69755;
4.75952;
3.12275;
4.77926;
1.99362;
1.55875;
2.91941;
2.4135;
2.41214;
3.36414;
1.92897;
1.6038;
2.84979;
2.73988;
1.7669;
3.85623;
2.54731;
5.67343;
4.85903;
3.29725;
1.74135;
4.09999;
1.63443;
5.63174;
2.66281;
4.82311;
1.36943;
4.11694;
4.76066;
4.88489;
6.20743;
3.00283;
2.28214;
4.80781;
3.25623;
3.66185;
2.17367;
5.36481;
5.83912;
3.14381;
5.84294;
4.85601;
3.472;
4.15832;
2.20648;
3.63725;
4.90091;
5.84913;
2.27766;
4.25401;
3.2305;
4.64986;
3.17138;
3.84802;
3.29063;
2.50604;
3.71217;
2.6432;
3.90116;
3.71485;
5.56417;
2.51347;
2.04071;
4.07323;
4.65595;
3.48744;
2.15264;
4.99173;
4.09268;
2.65943;
2.78475;
5.77075;
3.25639;
3.0446;
2.46808;
3.14229;
1.88179;
4.13729;
5.20819;
3.35787;
3.96356;
2.48905;
4.81437;
2.81061;
4.95746;
2.43733;
4.16721;
4.01824;
2.64238;
1.57211;
4.1871;
1.45355;
2.748;
2.33761;
3.9976;
3.60458;
3.02352;
2.47607;
5.30487;
1.39542;
1.84025;
5.56092;
3.23018;
0.879266;
5.44771;
4.43374;
1.26689;
2.76927;
6.21901;
3.08892;
3.21542;
2.25833;
4.55294;
5.29845;
3.17287;
4.62323;
3.24843;
5.66401;
3.28639;
2.41189;
3.57922;
5.42746;
5.528;
2.37645;
4.34955;
3.22901;
6.19197;
3.96157;
1.54807;
4.81655;
2.14562;
4.45269;
3.77586;
3.23823;
4.94662;
2.6304;
2.20791;
4.40941;
5.51223;
3.02386;
4.14179;
5.06522;
2.3504;
2.55433;
1.723;
4.27202;
5.67983;
3.22146;
3.26614;
3.59011;
2.68511;
2.48159;
2.40712;
3.94179;
5.37276;
1.45607;
4.63216;
4.2931;
5.15056;
4.62836;
2.31507;
4.10231;
3.78378;
2.41634;
6.58862;
1.70181;
5.9398;
1.51992;
2.82391;
1.85965;
2.87413;
4.81964;
4.57901;
3.76822;
3.40842;
2.86102;
2.96549;
4.04604;
5.59299;
3.51832;
3.21132;
3.8708;
4.588;
2.29181;
2.54455;
5.15445;
3.99137;
6.50328;
2.8568;
2.35771;
2.25087;
1.96261;
5.70637;
3.27505;
6.14251;
3.63555;
5.22635;
3.32254;
5.18921;
2.47976;
2.80048;
4.86891;
1.76413;
4.90789;
3.52344;
5.51864;
3.94424;
2.3423;
3.76093;
3.92441;
1.04852;
3.6756;
3.65563;
2.00957;
2.44866;
3.0854;
5.50959;
5.11462;
4.08576;
3.56887;
2.28295;
4.76286;
4.43244;
4.22019;
3.79881;
3.58251;
3.41626;
2.32557;
2.51503;
2.17924;
5.76204;
3.5281;
2.36341;
2.40875;
2.14697;
3.41271;
2.68212;
4.02315;
5.90454;
2.50063;
5.39576;
1.32069;
5.04016;
3.21762;
2.1187;
2.21726;
2.77344;
3.08201;
2.88484;
1.61716;
2.31407;
4.09508;
4.35119;
3.55535;
2.6536;
2.01468;
3.0465;
1.73599;
2.75852;
3.25453;
5.53663;
2.99373;
3.35765;
4.57901;
3.80683;
2.8596;
1.25244;
3.0882;
4.442;
1.47895;
3.01662;
1.1759;
5.11998;
1.93644;
2.90279;
2.4246;
2.64471;
1.5891;
3.11569;
3.46633;
1.8918;
3.36732;
5.41827;
4.07321;
5.8854;
2.22356;
1.61269;
1.54103;
3.18575;
3.02279;
2.52128;
1.96175;
3.86565;
2.6462;
3.19652;
1.31521;
2.79228;
1.71758;
2.8793;
5.64673;
1.51494;
2.09884;
3.35833;
2.15963;
2.49928;
5.62258;
3.62733;
2.89305;
1.70705;
4.54991;
2.9918;
3.34568;
2.82524;
2.41874;
4.33756;
2.3314;
0.95728;
5.0558;
2.92929;
5.52902;
3.4279;
2.54173;
2.58631;
1.99304;
2.50043;
3.40796;
2.43542;
2.23826;
2.65377;
5.40755;
2.33777;
2.35304;
1.86448;
2.62455;
3.08173;
2.21903;
5.19658;
1.54371;
2.6642;
2.2278;
3.70982;
4.54539;
3.09866;
3.36456;
1.86119;
3.00049;
1.64345;
1.30789;
4.91085;
5.63296;
2.18814;
5.76698;
2.80678;
4.14364;
2.5656;
4.93113;
2.94897;
4.39046;
3.36299;
2.28884;
2.35547;
2.11883;
2.90522;
4.43485;
2.78637;
4.79687;
3.2875;
2.22113;
2.42759;
2.14734;
4.27091;
2.26831;
4.23599;
1.82343;
2.92864;
3.80707;
1.614;
4.05246;
2.35605;
1.79574;
5.73703;
3.98209;
1.61417;
2.34993;
2.48916;
3.64147;
5.52163;
3.16366;
3.27309;
4.17101;
5.60631;
3.901;
3.23586;
2.46427;
3.81125;
3.62484;
2.67145;
2.31339;
2.34859;
5.38073;
0.877722;
3.15938;
3.32953;
5.57797;
2.23585;
5.4813;
1.67464;
2.22753;
2.97509;
3.56525;
5.35114;
2.58254;
4.79652;
4.40243;
5.91564;
2.89354;
2.38552;
5.2875;
3.47744;
4.01479;
0.404816;
1.64124;
2.37691;
3.01159;
2.14156;
2.44189;
1.25933;
3.11783;
3.50709;
1.98328;
3.61795;
3.38372;
1.93221;
5.76824;
3.06957;
2.32572;
2.83856;
5.66216;
0.940196;
2.22155;
3.13353;
2.77247;
1.63847;
3.63193;
3.77483;
2.5184;
2.2717;
2.4271;
5.1604;
3.32959;
4.58039;
2.74241;
2.30306;
1.84596;
4.32091;
2.34259;
5.17721;
3.6123;
2.23908;
5.8875;
2.1673;
2.06643;
6.26488;
1.83173;
1.85164;
3.16026;
1.72197;
1.89007;
4.5533;
1.96748;
5.98042;
1.64675;
5.62867;
2.62662;
0.751626;
1.37842;
3.66655;
1.95821;
3.70961;
3.10672;
5.01191;
5.60408;
4.30068;
1.40916;
3.05484;
1.89695;
5.74369;
5.47105;
2.99751;
1.55327;
4.2405;
5.96272;
2.91608;
3.25897;
2.57126;
2.13024;
2.83305;
2.20497;
2.8994;
3.32063;
2.07619;
0.839982;
2.6822;
2.81914;
2.19054;
2.75731;
0.948021;
5.47029;
3.24478;
2.32731;
1.79583;
2.95093;
2.23655;
4.13604;
2.19981;
5.24173;
2.95189;
4.87139;
3.66694;
2.376;
3.01776;
2.61508;
2.90384;
4.38321;
3.30426;
1.62455;
4.73261;
3.72563;
3.18561;
1.73948;
5.86161;
3.33028;
3.56169;
2.06208;
6.29123;
2.21775;
1.7844;
2.39091;
3.42575;
4.78485;
3.42464;
5.14359;
4.29836;
2.01023;
1.98624;
4.46502;
3.13169;
1.71329;
2.94615;
3.02766;
1.32428;
2.33561;
1.55299;
1.77912;
1.23372;
2.36807;
5.33787;
5.15759;
2.08353;
3.73901;
3.54905;
4.17465;
4.70847;
1.64848;
2.5793;
2.2088;
3.45819;
2.01104;
5.60572;
3.87548;
5.40631;
1.96901;
1.87069;
1.99507;
1.98197;
3.2528;
1.87269;
3.49411;
3.28369;
1.48444;
2.44087;
3.6585;
3.04027;
3.62909;
1.53333;
1.71682;
5.15847;
2.91405;
2.65692;
3.09706;
5.68891;
1.82492;
1.20135;
3.63618;
1.68249;
1.71909;
4.51239;
1.80224;
1.95138;
2.53371;
2.43814;
1.77768;
4.41285;
3.02087;
3.47384;
6.16609;
4.71408;
1.54073;
2.52157;
2.4968;
0.578138;
3.67427;
3.06807;
2.12162;
1.66599;
3.483;
2.84368;
3.19462;
2.74618;
3.62608;
3.13521;
6.2731;
5.66855;
5.74247;
6.24636;
3.32417;
3.7494;
2.53315;
3.05416;
3.52066;
1.89212;
1.43696;
5.88673;
4.76878;
2.05021;
1.11034;
3.08072;
3.45205;
3.83927;
3.41078;
5.62101;
0.570706;
2.03516;
4.73865;
4.03565;
2.92905;
3.20395;
2.28557;
0.695109;
2.49394;
2.01438;
1.62593;
2.12625;
0.597634;
4.03182;
2.66291;
1.31877;
5.12804;
2.53743;
2.96818;
1.65634;
2.59939;
5.76103;
3.45713;
3.42681;
0.847611;
3.01906;
2.71698;
2.87687;
1.52497;
5.36135;
3.85983;
1.06814;
2.03841;
5.60692;
3.89428;
2.07705;
4.21356;
3.31501;
1.14875;
2.84222;
0.824176;
6.00331;
2.74177;
2.64826;
3.60296;
2.52717;
2.33537;
2.53763;
1.78405;
4.12909;
2.90067;
2.61337;
5.38654;
2.07989;
3.54156;
1.74388;
3.29051;
3.22157;
5.9333;
5.65022;
4.59344;
4.28784;
2.22535;
3.68911;
1.06028;
3.10037;
2.02638;
5.65621;
1.47455;
5.44846;
3.79342;
2.26949;
2.47942;
2.73857;
1.9314;
2.52163;
2.95449;
3.88673;
2.09375;
1.7901;
1.36651;
4.55494;
2.33336;
4.79716;
1.04826;
2.92431;
3.89824;
4.72783;
2.31589;
1.99752;
4.70258;
5.92862;
4.5862;
2.78275;
1.51374;
3.58481;
2.0024;
2.18218;
2.71801;
2.82531;
3.017;
5.66664;
1.8351;
3.1966;
2.18981;
3.12903;
3.60095;
2.45544;
3.83804;
1.53309;
3.6764;
3.48286;
5.73716;
3.3409;
2.19293;
3.11034;
3.36086;
0.771191;
2.9092;
2.03551;
1.7399;
3.11563;
4.27534;
2.44823;
6.77119;
2.74425;
2.67407;
3.91122;
1.61861;
2.71298;
2.67386;
3.05308;
2.96424;
2.05299;
1.32051;
3.76938;
2.65058;
2.26995;
0.878317;
2.59206;
0.740003;
2.35499;
2.30218;
2.12887;
1.42206;
2.54061;
1.35641;
2.6573;
6.87027;
5.37018;
3.08027;
3.31327;
3.5252;
4.68153;
3.27312;
3.50996;
3.94106;
2.5949;
2.25527;
0.845725;
5.06911;
2.87656;
2.60464;
2.11569;
3.88462;
3.81126;
1.20281;
3.95771;
2.36233;
2.33442;
3.13604;
4.39272;
0.369832;
3.24409;
2.74634;
2.36654;
1.44672;
1.82652;
1.85492;
3.19267;
2.09938;
5.39283;
3.59031;
3.44866;
2.2145;
3.55203;
1.15217;
2.27233;
2.31704;
2.68747;
4.21657;
2.41353;
3.29922;
1.51043;
1.81139;
2.70213;
1.43879;
2.34051;
2.08922;
2.52404;
6.50442;
4.23318;
2.82138;
2.08248;
1.06282;
2.08809;
2.60624;
1.66443;
2.88855;
1.80482;
3.77196;
1.98887;
3.63604;
2.99178;
4.09492;
3.17588;
3.16349;
7.00837;
3.76203;
2.59184;
4.02211;
3.30846;
3.51265;
2.73353;
3.81259;
2.16305;
1.53675;
1.54909;
1.95631;
1.8498;
2.4833;
2.14534;
2.45872;
5.66263;
3.804;
1.78924;
3.28011;
2.81958;
0.876513;
2.32125;
1.38459;
3.50096;
2.11674;
2.43217;
2.60503;
1.61907;
2.43949;
1.00819;
3.68528;
4.70622;
1.72906;
2.23604;
3.25508;
3.19673;
2.13552;
3.40159;
6.56386;
3.61563;
1.8627;
4.17638;
2.55496;
2.98686;
2.24876;
4.07456;
2.94963;
1.84029;
1.51286;
2.17683;
2.09588;
2.50012;
1.26996;
4.04235;
2.95259;
2.71976;
2.84737;
2.57871;
2.15493;
1.9359;
1.76366;
3.6383;
1.11921;
4.04201;
3.03564;
2.02132;
3.81474;
3.56667;
1.04495;
1.08873;
3.07613;
1.78044;
1.69623;
2.52345;
5.65248;
2.61211;
2.30795;
5.30767;
3.49872;
2.84128;
3.50119;
2.05397;
1.17031;
1.9493;
2.05255;
4.48095;
2.7651;
3.03237;
2.48595;
2.46638;
2.2742;
2.49561;
1.3022;
4.76078;
4.57505;
3.00552;
2.40713;
4.19144;
1.97314;
5.78374;
1.4284;
2.38072;
2.04389;
1.70236;
2.54013;
1.55866;
2.16117;
1.94932;
3.16826;
2.13038;
2.17254;
1.70335;
1.27496;
2.59748;
2.09249;
1.24359;
3.33397;
1.76822;
1.35406;
2.99001;
2.60966;
2.5383;
1.66701;
1.91866;
6.34576;
1.35991;
1.09173;
0.743759;
2.17361;
1.90293;
1.00199;
1.19398;
2.34592;
2.74431;
2.59153;
1.68789;
3.2803;
0.966366;
5.4779;
5.59759;
3.11574;
1.67933;
2.69925;
2.60572;
2.49514;
5.82972;
2.45138;
1.42068;
1.95861;
1.17804;
2.1929;
2.76725;
2.88162;
1.36287;
2.67216;
0.597774;
1.79461;
1.27022;
2.88685;
3.09238;
4.17901;
3.02377;
1.53332;
5.94727;
1.60604;
1.92211;
3.51729;
3.56513;
2.84951;
1.36304;
2.29023;
2.21391;
1.16233;
2.30678;
4.27883;
1.88487;
2.97902;
1.51086;
2.11071;
3.83379;
3.72582;
3.29163;
1.82978;
1.91866;
1.75845;
4.27635;
2.04781;
1.84966;
3.64813;
1.58373;
1.4794;
1.68764;
4.28874;
1.77973;
3.49069;
2.62386;
1.25111;
1.60343;
1.29259;
0.989862;
3.3779;
0.833444;
2.00221;
1.20886;
4.17722;
2.56862;
3.05176;
2.40673;
1.54345;
1.60498;
2.91386;
0.700147;
1.63727;
2.54831;
4.23928;
1.99377;
1.62949;
1.75249;
1.76867;
2.84711;
2.60517;
3.74432;
0.915047;
1.66387;
2.41547;
2.1604;
2.83704;
1.9115;
6.84302;
1.39838;
1.80972;
2.06308;
2.82199;
1.68649;
1.37672;
1.29683;
1.12537;
2.22329;
1.23055;
1.26504;
2.56132;
2.14725;
3.55241;
2.4503;
1.28278;
1.59575;
1.95038;
2.04052;
0.566194;
2.32615;
2.17356;
1.34203;
2.21907;
4.45457;
3.73421;
2.12426;
2.96967;
2.53136;
2.46795;
6.3777;
1.40187;
0.831602;
3.21373;
1.09844;
2.77154;
1.73443;
2.14776;
2.4958;
2.10602;
1.86805;
2.26955;
0.724174;
2.31019;
2.49166;
1.37886;
1.39304;
3.49564;
1.36202;
1.94053;
0.956539;
1.79763;
1.71126;
1.1671;
1.55473;
2.55003;
6.86042;
2.08364;
1.91815;
4.90083;
3.3644;
1.85395;
5.56246;
2.2593;
2.78552;
2.0581;
2.18172;
1.86903;
3.36175;
2.14613;
2.99328;
1.06006;
1.55071;
2.83277;
3.40126;
1.33295;
0.63197;
1.39299;
2.20532;
1.66211;
0.684243;
2.1935;
2.30826;
1.20542;
3.40636;
1.24955;
1.36982;
2.10219;
1.06782;
1.84084;
2.19326;
1.65941;
1.74065;
1.25405;
0.960465;
2.32819;
2.84889;
1.89385;
6.05196;
2.51097;
2.18666;
2.92243;
2.76154;
2.7189;
2.39875;
3.82067;
2.82257;
1.90185;
3.20679;
6.31219;
2.63897;
1.07944;
1.43974;
1.9646;
1.04951;
1.33526;
0.99329;
1.46949;
1.77069;
3.23749;
1.37657;
1.59945;
2.1941;
1.14173;
1.88056;
3.94422;
2.61136;
2.74553;
6.37158;
6.21142;
5.70478;
1.27056;
3.84748;
2.6253;
3.19163;
2.83152;
3.23243;
1.12523;
2.24012;
2.86794;
3.10104;
1.24028;
2.7327;
1.82665;
1.69737;
2.45893;
2.72872;
1.77892;
1.7165;
1.50901;
3.07975;
1.59601;
2.17927;
1.79447;
3.59853;
1.39492;
2.66557;
6.11683;
1.90788;
0.781117;
1.11782;
0.919222;
2.15546;
1.57882;
3.03839;
6.32418;
3.30587;
0.728506;
1.60253;
2.18142;
0.950638;
2.27249;
1.37907;
1.60199;
1.79422;
1.94629;
0.760396;
1.47486;
2.43058;
1.16731;
2.46646;
3.36636;
6.19599;
1.66474;
1.61677;
2.48393;
2.24631;
2.1792;
1.50142;
1.22351;
2.44648;
1.45242;
1.34716;
2.38526;
5.68775;
3.19082;
1.4352;
2.06191;
2.88411;
1.32782;
3.05561;
1.98199;
1.90412;
2.46521;
1.51788;
1.54157;
3.71841;
1.76711;
1.79216;
2.17806;
3.00722;
1.96487;
2.36296;
0.499213;
2.57114;
3.21933;
2.65844;
1.0442;
3.39298;
1.81169;
2.11294;
2.03509;
0.720945;
2.26412;
3.75361;
1.80431;
1.27681;
1.57274;
7.25802;
3.22022;
1.90776;
3.55748;
0.506555;
2.96564;
1.98343;
1.35565;
2.00068;
3.43807;
0.707819;
2.43034;
2.2855;
1.78256;
1.53458;
3.3435;
1.4023;
6.22116;
2.70737;
1.92653;
0.666787;
2.89123;
1.96603;
0.472663;
2.80701;
2.32556;
1.89162;
0.222147;
1.49083;
1.22827;
2.51011;
2.34168;
2.36445;
2.65189;
3.75356;
1.54241;
2.88977;
0.814156;
2.56359;
3.60934;
3.65105;
0.638124;
1.36231;
2.22789;
6.23661;
1.21132;
2.14349;
2.93305;
2.20224;
1.77005;
2.32555;
0.686906;
1.26492;
0.604553;
0.736332;
1.30643;
1.56407;
1.23746;
1.68726;
2.19989;
1.43213;
2.02628;
1.00952;
2.27412;
0.501215;
1.12614;
6.24436;
1.10156;
1.93729;
1.56902;
1.95343;
2.11756;
1.17541;
2.40034;
1.31906;
2.31608;
2.49916;
0.163631;
1.7216;
2.13858;
1.65817;
2.7868;
1.69062;
3.28836;
1.21663;
1.2828;
5.86344;
5.18158;
2.13155;
2.53486;
2.20595;
2.85827;
2.38143;
2.01246;
1.3556;
1.58259;
1.44371;
3.06869;
2.62603;
3.07687;
1.78294;
1.70953;
1.18643;
1.95999;
1.72832;
1.96743;
1.43457;
2.02302;
6.15104;
5.77608;
1.57175;
2.04277;
1.84931;
2.73519;
3.1329;
1.89498;
2.83188;
1.14293;
2.55054;
1.63126;
1.74417;
0.747019;
2.39672;
1.90228;
1.90544;
2.01949;
2.71638;
1.54132;
2.39238;
1.01851;
1.47423;
2.624;
1.87357;
1.18333;
2.13776;
5.96333;
1.91127;
1.97947;
2.1195;
2.41158;
2.66973;
0.881734;
3.03944;
2.31533;
3.21519;
1.301;
1.94021;
1.19481;
1.96435;
2.32191;
1.92066;
3.56483;
2.14675;
1.80061;
2.05955;
1.94905;
0.918206;
0.913317;
2.69336;
2.15072;
2.83634;
2.12035;
2.09052;
3.19981;
1.00045;
1.86331;
3.06586;
1.46801;
0.998443;
1.11788;
2.94771;
1.15107;
1.38454;
1.6349;
1.43557;
3.02682;
1.84847;
2.52844;
1.88097;
1.25555;
1.39438;
3.06562;
1.95038;
4.23538;
4.16194;
0.967391;
2.95384;
3.59642;
1.63107;
1.59167;
1.24251;
2.63989;
1.09046;
3.66119;
2.1064;
1.42024;
1.64356;
3.10693;
1.55517;
1.06615;
1.74325;
2.83702;
1.27503;
6.27043;
2.55615;
1.62922;
3.06204;
2.48235;
1.99798;
1.94891;
2.39597;
1.4428;
0.799338;
2.83087;
2.95527;
1.9953;
2.5208;
0.704833;
2.72535;
1.0422;
1.23637;
2.12471;
2.47063;
1.91483;
2.74021;
1.10559;
0.966051;
2.4163;
2.02575;
1.85011;
1.49067;
7.47469;
3.26333;
2.028;
2.04632;
2.16151;
0.287221;
2.67836;
2.54621;
0.716786;
0.728317;
2.51194;
2.24344;
1.23455;
1.09275;
6.34614;
0.949758;
2.97172;
0.503677;
0.215333;
2.28103;
2.63398;
0.27458;
2.86588;
1.46103;
2.84059;
2.48367;
3.55227;
1.18384;
1.3553;
1.21108;
6.03642;
1.70538;
2.78385;
3.17845;
0.833644;
0.581914;
2.7969;
1.7219;
2.21728;
2.77608;
2.50872;
2.00522;
1.79823;
3.30851;
5.99273;
3.30047;
2.4411;
5.81037;
1.91269;
2.37365;
1.188;
1.20005;
1.79922;
1.21118;
1.28701;
2.14524;
0.844381;
1.26102;
0.730934;
1.38101;
1.29782;
6.08554;
0.449333;
1.21053;
1.20008;
1.68058;
0.738054;
1.7363;
1.16526;
3.25164;
1.90118;
1.55969;
1.56648;
1.64593;
1.15116;
1.95381;
1.57995;
3.30197;
2.17377;
1.38574;
1.76864;
6.22953;
0.134674;
1.96605;
2.03137;
3.66824;
1.62942;
1.10513;
2.13849;
2.04809;
1.73178;
1.37537;
0.249226;
2.33581;
0.927563;
2.30617;
0.647129;
3.32973;
6.34504;
1.22928;
1.8914;
4.22513;
2.68498;
0.880341;
2.51907;
1.65423;
2.38536;
1.58382;
2.76532;
0.553819;
1.98994;
7.22379;
1.1738;
3.48784;
2.24827;
1.96769;
1.65482;
1.8946;
1.07237;
1.70864;
2.10456;
1.81706;
2.3021;
1.19006;
0.844875;
1.76995;
3.11036;
1.44021;
0.93417;
1.62133;
1.69558;
1.61031;
0.434298;
1.56177;
0.209043;
0.73696;
2.27682;
1.54855;
3.38715;
5.97172;
4.0223;
1.51122;
2.33863;
2.81121;
3.63107;
3.16292;
1.97884;
3.07546;
2.815;
2.40778;
1.07687;
2.04366;
1.56739;
2.88797;
1.16241;
1.58653;
2.47763;
1.87383;
3.02727;
1.76332;
1.11649;
1.57032;
0.903092;
2.46585;
0.913072;
3.19006;
0.758736;
2.06406;
1.5748;
3.13657;
1.48995;
1.57553;
1.68859;
2.08348;
1.73754;
2.58788;
0.493752;
0.926784;
1.62056;
1.41851;
3.84025;
1.79266;
2.19197;
6.12421;
2.3772;
3.20373;
1.89537;
2.02033;
4.1336;
0.676161;
2.58194;
0.940684;
2.1029;
2.78928;
1.63991;
1.49238;
6.43409;
2.39247;
2.42759;
0.578202;
1.53595;
2.10966;
2.77939;
1.42457;
2.66075;
2.85194;
1.53445;
2.44697;
6.6364;
1.652;
2.35968;
0.870151;
3.35046;
1.04172;
0.165648;
2.43324;
3.41662;
0.200293;
1.05249;
2.08653;
0.838955;
1.54356;
1.63921;
3.22952;
4.0731;
1.37589;
0.245522;
2.95201;
1.25547;
1.97731;
0.20189;
2.61481;
2.01364;
3.29725;
1.8497;
2.21418;
1.66276;
1.27604;
4.8893;
0.920547;
6.29299;
2.83456;
2.9769;
2.28115;
0.96719;
1.10186;
0.908775;
2.16108;
0.928495;
1.17626;
1.63654;
2.86089;
2.67305;
2.30595;
0.58957;
2.48309;
1.61692;
1.15014;
1.12123;
1.47626;
2.93886;
2.62755;
6.66908;
1.51839;
1.39138;
3.44803;
0.979141;
2.20899;
1.05965;
2.21821;
2.23224;
2.52465;
1.98781;
1.73148;
1.59902;
0.871443;
2.66015;
2.49713;
0.529908;
1.84894;
5.58579;
2.78199;
1.59507;
1.24304;
0.793882;
1.81957;
1.962;
1.54991;
1.35775;
0.838122;
1.99981;
1.29117;
2.44394;
2.55203;
2.11286;
6.13857;
1.8179;
1.25137;
2.32866;
0.726339;
1.80989;
1.90154;
0.695832;
3.78305;
0.932681;
1.45621;
1.21577;
4.30948;
0.598721;
2.18323;
2.91034;
1.57908;
0.742401;
0.907676;
2.97719;
2.45165;
1.74996;
1.3114;
2.29419;
1.50619;
1.60976;
2.46347;
2.07952;
1.29704;
2.55771;
0.468667;
1.00579;
1.11748;
1.84523;
2.82023;
2.06926;
2.68274;
0.699691;
1.26913;
0.679896;
2.22419;
0.901972;
1.56071;
0.805188;
1.55569;
1.42693;
1.71824;
2.14915;
6.38388;
2.04346;
2.08122;
1.43109;
1.33112;
1.98904;
3.27059;
2.58779;
2.27307;
3.07478;
1.15108;
2.51495;
1.53002;
6.28925;
1.2268;
2.79384;
2.42163;
2.2256;
1.94112;
1.23059;
2.83175;
3.11245;
2.74013;
1.38673;
0.910426;
0.799332;
3.25746;
1.89908;
2.07027;
6.06937;
6.04207;
2.14828;
2.1041;
2.24825;
1.63442;
0.486564;
2.32593;
2.93611;
1.10864;
2.3098;
1.57137;
1.61907;
1.55099;
1.80011;
1.61758;
0.887686;
2.72051;
2.89875;
1.28814;
1.71576;
1.8203;
3.68635;
0.930124;
2.21636;
2.95408;
2.86033;
0.488571;
1.45455;
2.37076;
1.32767;
1.59616;
1.54067;
2.28546;
7.21921;
0.501739;
0.13245;
0.838877;
1.62527;
0.999571;
1.37918;
0.81859;
1.79976;
2.24526;
2.55631;
1.76315;
2.35904;
1.89725;
2.50898;
0.734999;
2.44678;
3.11599;
2.75363;
2.67932;
3.92674;
1.34994;
1.06303;
0.459499;
3.27347;
1.13839;
1.36245;
0.737119;
2.20419;
1.87358;
6.56594;
1.34237;
3.06191;
2.69223;
1.34896;
1.79821;
3.32375;
0.357925;
1.88936;
1.47548;
1.99828;
1.55269;
0.873303;
0.606702;
2.88116;
0.583181;
0.863212;
2.29373;
1.28447;
2.34974;
2.10146;
0.739299;
1.13438;
0.729707;
0.691682;
1.33162;
2.07016;
1.4817;
1.77678;
1.15182;
2.37011;
3.10633;
0.66274;
1.93989;
2.71508;
2.76645;
1.64479;
1.20869;
2.56971;
2.01762;
0.682611;
2.28124;
2.44588;
7.16405;
1.57612;
0.666159;
1.63722;
1.14087;
1.83795;
2.87563;
1.5549;
2.50488;
1.92721;
1.5901;
1.54037;
0.969666;
1.82271;
0.945516;
1.35634;
1.49901;
0.998235;
0.765868;
1.19721;
2.26571;
6.71154;
1.33209;
1.40318;
1.6547;
1.78934;
2.10253;
1.62135;
1.86256;
0.889951;
2.94723;
1.67128;
1.88315;
0.818152;
1.68235;
2.41147;
1.79809;
0.863027;
1.10173;
1.86075;
1.38608;
1.26064;
2.0637;
1.11577;
1.45894;
1.22285;
0.131631;
1.11474;
1.22229;
2.7032;
0.673121;
1.77899;
1.54022;
0.875637;
2.01389;
6.4093;
2.08697;
0.971247;
2.31423;
1.0049;
0.207165;
1.25058;
1.76343;
2.57334;
2.22712;
1.12323;
0.722794;
0.475664;
2.15228;
1.88356;
3.84974;
1.43201;
0.712309;
1.54003;
0.45428;
1.54469;
1.79749;
1.14873;
1.18556;
1.64953;
2.17976;
2.21864;
1.31229;
0.96496;
1.12409;
2.20157;
0.956473;
2.20916;
2.56618;
1.17729;
1.19068;
2.36154;
1.71824;
1.03501;
2.53306;
1.52774;
0.615659;
2.61003;
5.86785;
2.34199;
2.46995;
1.92749;
1.96732;
2.14409;
2.29929;
1.62815;
1.29614;
2.54568;
0.884129;
1.53856;
1.46288;
1.45637;
3.84701;
1.31535;
2.05438;
1.64764;
2.2294;
1.78068;
1.71912;
0.979741;
1.83411;
2.17457;
1.72641;
2.81604;
1.34139;
4.78123;
2.9982;
0.944372;
2.82605;
1.73167;
1.76576;
1.55297;
0.704376;
2.02099;
1.18288;
2.10544;
1.40267;
0.128865;
1.45541;
0.930736;
2.04904;
2.74764;
0.433402;
2.20861;
0.112725;
2.30148;
1.96819;
1.31066;
1.96042;
3.36353;
1.09878;
2.18934;
1.40582;
2.29031;
1.05145;
0.788423;
1.76511;
1.05676;
2.43705;
1.0371;
1.03087;
1.59406;
2.05352;
2.31108;
0.407959;
1.37604;
0.638884;
0.500395;
2.07786;
0.601555;
1.2238;
1.80818;
1.77415;
1.89656;
1.84983;
1.80353;
0.789469;
3.49724;
6.54895;
1.08694;
1.74525;
1.70725;
1.42927;
1.05932;
0.983394;
0.972677;
0.755107;
0.790977;
1.15617;
1.19378;
1.84273;
0.830019;
2.22973;
1.89116;
0.507075;
1.5814;
1.73943;
0.854549;
1.51677;
0.455422;
2.04468;
0.957622;
1.92574;
2.0254;
3.02958;
1.75704;
1.84258;
1.44182;
1.50148;
2.68221;
1.28368;
1.98219;
1.44084;
0.827931;
0.436546;
0.139215;
0.503149;
1.02582;
5.902;
3.30537;
1.69188;
1.36042;
1.29752;
2.64186;
2.25796;
3.39083;
1.20357;
1.27469;
0.614;
1.05447;
2.90634;
1.15767;
2.59474;
1.71003;
1.26364;
1.14624;
1.90527;
1.04532;
1.52066;
1.28489;
0.678013;
2.1397;
0.585326;
1.86936;
2.29152;
1.72428;
0.509739;
3.0612;
1.40727;
1.89462;
1.55945;
1.651;
1.1025;
1.01443;
1.71046;
0.766319;
1.30789;
6.28921;
3.71726;
1.17041;
2.42192;
2.02814;
1.12962;
1.02494;
0.629463;
0.890214;
1.50976;
0.605091;
1.81991;
2.45987;
2.57923;
1.19414;
1.27294;
1.08006;
1.08233;
1.58827;
0.615121;
2.15587;
6.38444;
1.80568;
2.15078;
0.599589;
0.401809;
1.77153;
1.08354;
1.43931;
4.68961;
0.672873;
2.49191;
1.02867;
1.15249;
1.23755;
1.62042;
1.6964;
0.859628;
0.596578;
1.58301;
0.827552;
1.15973;
0.202925;
1.16193;
1.14849;
2.04626;
1.65829;
1.03701;
1.26754;
2.26552;
2.02079;
0.645463;
0.160934;
1.15467;
0.555044;
6.19954;
1.21266;
1.10462;
1.07821;
0.618279;
2.32019;
1.84691;
1.1302;
1.32746;
1.83594;
1.22993;
0.110214;
1.22986;
2.87468;
1.37696;
1.00867;
2.26554;
1.98651;
1.32252;
0.615879;
2.47342;
1.07216;
1.81088;
1.64619;
0.592447;
1.88093;
1.09186;
3.6981;
1.0354;
0.35641;
1.01007;
0.463072;
0.714658;
1.57262;
0.740085;
0.69841;
1.16689;
3.16736;
1.75431;
1.67342;
1.08071;
6.52274;
1.31105;
0.396177;
1.30102;
1.29155;
1.89758;
0.850707;
0.575146;
1.33552;
1.55752;
1.85449;
1.79311;
1.07177;
1.61876;
1.31339;
1.67502;
0.470735;
2.00395;
1.35341;
1.52599;
0.809602;
0.797945;
2.62354;
0.924285;
3.22685;
0.587458;
1.39852;
2.36334;
1.14477;
0.701082;
1.38138;
2.57489;
1.54511;
1.36256;
0.400386;
2.51534;
0.954082;
1.12046;
1.64228;
0.970077;
0.714407;
1.36726;
1.53536;
6.65484;
2.09308;
2.33766;
0.101605;
0.45393;
1.48933;
2.02923;
2.46095;
0.459301;
1.41219;
0.680932;
2.50973;
1.32314;
0.668541;
6.12082;
0.815675;
1.56617;
6.76064;
1.32286;
1.09647;
0.615291;
3.34759;
1.51251;
0.945307;
1.06335;
0.797364;
2.10349;
0.650795;
1.47367;
2.5151;
0.97592;
1.77188;
2.43428;
0.364942;
0.698296;
1.37431;
0.695478;
1.61477;
0.612473;
1.34064;
0.168076;
0.944365;
0.94584;
6.85314;
0.931604;
1.25078;
1.66973;
1.92615;
1.59976;
3.26293;
1.03755;
1.31529;
1.15125;
0.167752;
0.675906;
1.70183;
1.709;
1.76254;
1.10467;
1.42136;
0.605183;
0.361918;
6.72747;
1.3352;
2.00366;
1.86703;
0.680489;
0.692279;
1.78209;
2.86076;
1.04479;
1.15839;
2.80934;
0.734696;
1.33588;
6.1383;
2.73669;
1.4547;
1.91532;
1.37413;
1.26439;
0.606913;
0.113676;
0.145944;
1.5548;
1.82315;
0.611619;
0.810442;
1.85202;
1.06629;
1.13676;
1.01067;
0.172057;
1.91693;
6.64951;
0.77682;
1.00555;
1.7597;
1.42846;
1.12643;
1.45478;
1.09909;
2.54518;
1.00312;
1.56386;
0.851678;
1.40165;
0.825585;
0.449232;
0.78613;
0.651985;
8.07842;
0.842383;
2.87854;
1.08988;
0.665146;
1.08851;
1.87426;
1.03669;
1.2429;
0.858111;
1.80764;
0.146714;
0.342914;
0.526272;
2.07829;
1.59403;
0.54931;
0.555853;
1.73258;
1.45497;
0.969771;
1.34639;
1.03719;
0.46654;
2.97049;
2.23763;
1.06877;
1.14102;
0.329991;
6.30985;
1.25039;
0.673742;
1.41639;
1.4911;
1.23236;
0.606784;
2.20415;
1.41624;
1.86238;
0.859528;
7.16346;
0.571658;
0.765884;
1.36093;
1.96963;
0.0769592;
2.49637;
1.30699;
1.37948;
1.57199;
1.09085;
3.20755;
1.63628;
1.01262;
1.55607;
1.33748;
1.5409;
1.86202;
0.599549;
2.47212;
0.495703;
1.40642;
1.02712;
0.861139;
1.09796;
2.06059;
0.647625;
0.431384;
0.225473;
0.636536;
0.754344;
0.117726;
1.48357;
0.934229;
1.89835;
0.144482;
0.549947;
0.210901;
7.13074;
0.727502;
0.519058;
1.83959;
1.15472;
1.19937;
0.782791;
0.927039;
1.57165;
2.32755;
0.157755;
1.29477;
1.26654;
1.11792;
2.81317;
1.36056;
1.4101;
0.739953;
1.65957;
6.70869;
1.82845;
1.844;
0.405242;
1.30131;
1.94172;
1.42454;
1.96506;
1.69884;
1.37577;
1.58983;
1.74525;
1.4681;
1.64423;
1.4129;
1.04762;
1.06168;
0.35091;
0.874983;
1.13119;
1.09361;
0.895135;
2.16183;
0.837995;
7.87449;
2.52997;
1.5272;
1.62744;
0.408141;
1.53901;
3.43603;
0.118876;
1.35532;
1.31303;
1.97212;
0.93978;
1.39053;
0.158346;
2.59899;
0.539628;
2.41123;
0.984461;
2.97943;
0.617817;
1.91101;
0.853513;
6.74114;
0.572572;
1.34254;
3.1753;
1.09648;
0.330329;
1.31103;
0.157953;
2.14579;
2.97588;
1.79081;
1.44423;
1.32559;
1.01665;
1.58675;
0.57455;
0.862785;
1.48843;
1.92125;
1.43896;
1.96396;
0.124952;
0.851897;
1.06264;
1.94785;
2.37226;
1.00776;
1.31066;
0.883063;
0.835069;
0.307071;
1.00856;
3.32594;
1.96877;
7.10487;
1.51495;
0.587025;
1.02092;
2.01412;
1.0712;
1.29076;
1.01868;
1.43258;
2.00396;
1.52398;
1.54667;
2.1254;
0.649164;
2.83197;
0.719635;
1.72708;
0.754931;
1.50309;
1.90056;
0.632048;
1.99344;
0.109551;
7.53206;
1.65849;
2.29471;
0.107877;
1.46829;
1.682;
1.0828;
0.824144;
0.614989;
0.81418;
1.40219;
0.163457;
1.44452;
3.52308;
1.1149;
0.906694;
2.32918;
2.28042;
1.63231;
1.54709;
0.776457;
1.15961;
0.612883;
6.73004;
1.63238;
2.01836;
1.77701;
0.626197;
0.874004;
3.16236;
1.03003;
0.251407;
1.00572;
1.86203;
1.80691;
0.34515;
1.34663;
0.964767;
0.813831;
1.61154;
1.22121;
1.50583;
0.455562;
0.0466006;
0.921792;
1.57431;
2.42577;
1.62746;
0.399163;
1.01813;
2.1569;
0.51989;
1.32561;
1.67566;
1.06189;
1.06818;
1.87042;
1.47639;
0.66119;
0.975477;
0.754295;
0.719033;
2.66592;
2.00512;
0.575041;
1.56706;
1.24937;
2.08455;
2.24973;
2.81437;
1.84061;
1.49764;
3.13292;
1.60611;
2.95453;
1.83229;
1.33133;
1.56937;
0.947878;
6.63958;
1.31893;
1.69085;
0.519447;
1.04492;
1.36081;
1.21611;
0.958755;
0.569354;
1.00524;
0.594526;
1.13849;
0.560397;
0.615083;
1.62096;
1.5458;
1.09614;
0.864289;
0.655251;
1.82094;
1.69152;
0.632375;
0.484716;
2.05519;
0.941623;
0.968856;
2.01994;
1.9925;
1.46563;
0.514645;
1.19425;
0.895769;
1.53961;
0.76104;
2.58319;
1.26882;
0.883268;
0.168998;
0.141077;
1.89523;
1.33508;
0.641047;
1.34835;
1.13944;
1.30108;
1.90375;
0.872012;
1.37348;
1.09513;
0.569696;
0.956197;
1.02749;
0.451307;
1.28923;
1.79909;
1.0685;
1.30594;
1.65365;
1.43702;
1.4641;
1.63036;
0.88167;
1.5442;
2.67038;
0.604617;
0.513235;
1.52984;
0.749531;
1.77807;
1.00263;
3.43279;
0.576258;
1.83196;
1.2752;
1.7808;
2.25099;
1.95238;
0.662824;
1.28464;
0.581514;
1.79923;
1.21984;
0.121869;
0.866819;
0.341541;
0.578164;
1.87547;
1.262;
0.928942;
1.57825;
1.04986;
0.949108;
7.96241;
2.42082;
1.28879;
0.167898;
1.48595;
1.95607;
1.52088;
2.02431;
0.1254;
2.2585;
1.57729;
1.43024;
6.70473;
2.10427;
1.52384;
0.591297;
1.19589;
0.332606;
1.62776;
1.06599;
1.48334;
2.01133;
0.608554;
1.4295;
0.64512;
0.859849;
1.09247;
0.599543;
1.07079;
1.31906;
1.70439;
1.5451;
1.76996;
1.13788;
0.578306;
0.33504;
1.45508;
1.14392;
0.909117;
0.944137;
1.57453;
0.0867742;
0.477247;
2.18618;
1.57393;
0.116071;
1.33811;
1.19035;
1.52662;
1.06193;
1.02146;
0.148407;
0.582992;
6.78246;
1.47305;
1.51191;
1.04083;
1.69509;
1.52413;
0.650306;
1.70539;
0.579426;
1.92105;
0.858388;
1.61169;
1.40447;
1.05479;
1.59921;
1.3733;
1.45526;
2.08489;
1.55015;
0.718389;
2.95157;
0.87803;
0.598358;
1.00304;
0.16483;
0.584579;
1.58529;
1.27365;
2.00039;
0.536178;
0.757661;
1.33221;
0.618959;
1.06339;
0.162693;
1.06475;
0.727832;
1.1744;
1.92194;
1.24345;
1.58098;
0.0628832;
1.16237;
1.82264;
2.10717;
1.09023;
0.45968;
0.0942362;
1.94785;
1.30609;
1.58153;
2.92989;
1.98323;
0.958537;
2.45302;
0.0912665;
0.43397;
2.33596;
0.665679;
1.39157;
6.88031;
2.50288;
0.822237;
0.956572;
1.58304;
2.04965;
0.10878;
1.64095;
0.881729;
1.39403;
1.03911;
1.05803;
2.56463;
1.26412;
2.67132;
1.10985;
0.587171;
1.5126;
0.575666;
0.555028;
1.54331;
1.12795;
1.14663;
1.23978;
2.50945;
1.01914;
1.49478;
0.441089;
1.08139;
1.02904;
3.29602;
1.09059;
0.512842;
0.362435;
0.859349;
1.59383;
0.575499;
0.352173;
1.57794;
0.145727;
0.536295;
1.04808;
0.46266;
2.00826;
0.282319;
1.04464;
0.913142;
0.580212;
2.18566;
1.813;
1.41418;
1.31315;
1.84464;
3.36955;
1.39731;
1.01969;
2.0709;
1.38548;
0.663174;
0.0686181;
0.997446;
1.35946;
1.94187;
1.60562;
1.29796;
0.844277;
1.36344;
1.56357;
0.430765;
1.66222;
2.37977;
0.614278;
0.827808;
0.90166;
0.346384;
1.84498;
0.978395;
1.80017;
1.07444;
0.834608;
2.30368;
1.37728;
1.70436;
2.39722;
1.95506;
1.96058;
0.552725;
0.144924;
0.588922;
7.04315;
