2.40094;
1.00764;
1.44813;
1.89665;
1.62554;
1.59271;
2.63853;
1.38225;
6.20813;
1.59463;
2.8031;
1.04042;
2.51057;
3.07056;
1.59964;
1.62871;
1.85879;
1.4057;
2.41031;
1.90308;
4.65216;
1.92696;
2.70608;
5.60218;
5.19051;
1.60626;
2.21121;
2.5119;
0.852381;
1.9845;
2.32308;
2.77932;
2.3311;
2.39409;
2.03592;
2.75351;
2.25262;
2.57851;
2.67154;
2.50696;
1.42301;
1.74397;
1.2702;
1.87354;
4.56535;
4.49039;
1.64674;
2.61145;
2.58818;
2.11546;
1.4282;
1.67493;
2.08161;
1.87381;
2.5273;
1.95925;
3.27425;
1.92343;
1.24574;
2.26444;
3.30516;
3.09397;
2.49621;
1.59742;
1.63617;
2.76783;
2.17007;
0.909393;
0.706818;
3.05669;
2.28946;
1.59825;
2.89373;
1.84672;
1.6646;
1.93434;
2.03934;
5.58022;
1.0083;
3.95876;
3.27762;
3.57309;
2.65285;
4.04347;
2.67488;
1.30721;
2.93272;
3.41145;
0.859657;
2.17998;
1.75042;
1.66887;
1.44486;
2.02413;
3.80094;
2.82264;
2.42266;
1.97988;
3.33113;
1.22202;
0.741152;
2.32477;
0.952898;
2.61216;
1.77449;
1.04508;
3.48752;
2.46492;
2.86762;
2.63751;
1.68092;
1.23471;
0.774953;
2.06101;
1.74734;
1.44142;
1.20897;
2.74505;
1.99705;
2.20813;
2.09988;
2.10335;
2.86568;
3.34204;
2.8984;
0.673715;
3.58833;
2.25749;
2.08303;
1.40114;
1.42101;
3.08427;
2.63997;
1.94657;
1.08788;
1.25739;
1.28182;
1.30091;
1.76658;
1.96456;
1.87613;
2.55324;
6.20439;
0.898211;
2.40532;
2.23987;
1.7056;
2.86276;
0.928085;
1.22687;
2.75596;
1.13337;
1.7186;
2.31947;
1.69618;
2.50805;
2.10863;
3.63419;
2.14521;
2.74069;
1.86296;
3.25311;
2.14635;
1.93031;
4.41837;
1.63285;
3.42078;
1.20717;
2.13434;
4.27267;
1.57739;
1.57015;
1.89905;
1.60447;
2.1142;
1.13995;
1.70866;
2.82798;
1.97887;
3.00459;
0.983981;
3.02172;
3.31348;
2.17336;
1.95362;
1.52298;
1.54886;
2.06608;
1.20198;
1.62853;
2.77876;
1.60514;
1.86482;
1.6846;
3.55477;
2.75142;
2.74217;
3.93329;
3.67487;
4.3478;
3.26701;
1.71178;
2.47984;
6.20497;
1.91311;
3.92431;
2.84778;
1.75593;
2.44244;
0.72968;
2.41721;
2.23721;
2.07814;
1.19017;
5.19217;
3.40264;
1.44837;
2.30444;
4.56849;
1.57171;
3.27266;
3.70513;
1.56307;
3.9013;
2.47137;
3.30828;
2.4685;
4.33777;
2.75575;
3.40833;
2.57987;
2.97605;
1.8159;
2.53369;
2.86932;
3.73702;
2.77804;
1.9946;
1.993;
2.93253;
2.03229;
3.97216;
1.61779;
1.5591;
3.79759;
2.56602;
3.07051;
3.29288;
2.64979;
2.00868;
5.22526;
4.1583;
1.81092;
2.99172;
4.89383;
3.05474;
2.39357;
1.80028;
1.88241;
2.14828;
1.01079;
2.48213;
4.22373;
2.90452;
2.09363;
2.33375;
3.69967;
2.75014;
2.63008;
1.38518;
3.36284;
1.27513;
2.36166;
3.67347;
2.87764;
3.95819;
3.30702;
7.58635;
3.05917;
5.64003;
1.65896;
1.80176;
2.92256;
1.7718;
1.9351;
2.397;
3.18455;
2.47364;
3.68203;
0.956644;
2.12214;
2.54321;
7.21874;
3.12603;
4.44705;
3.18762;
3.66551;
2.09045;
2.7656;
2.00263;
2.04747;
5.5316;
1.98404;
3.43924;
3.16942;
2.54894;
2.98541;
2.41255;
2.82193;
4.2689;
3.27215;
2.68968;
3.1688;
2.28614;
2.81092;
6.8164;
1.80488;
5.42626;
2.25673;
1.33585;
3.30768;
2.35475;
2.13651;
1.93485;
2.43964;
2.7651;
2.58965;
1.97069;
1.6829;
1.42032;
3.18807;
2.6251;
2.45806;
1.60722;
2.86379;
2.47666;
1.6548;
1.55876;
1.67865;
1.79639;
2.59645;
3.47891;
1.89836;
1.3824;
6.39674;
3.32129;
2.24731;
2.9029;
2.87891;
1.10607;
5.92324;
3.09223;
2.30043;
1.80157;
2.06504;
2.42824;
3.51832;
4.02611;
1.07965;
1.97713;
1.99296;
4.9043;
2.26067;
3.10735;
2.69703;
4.08045;
2.31512;
2.5315;
1.64233;
2.14089;
2.51969;
1.92606;
1.82267;
2.07106;
4.12456;
1.44049;
0.739405;
2.36716;
3.48018;
5.35485;
3.64768;
1.6519;
2.84012;
2.66286;
1.36018;
6.01076;
1.64482;
2.11853;
1.71369;
3.44923;
1.41988;
3.13743;
2.53728;
2.33099;
3.74464;
2.35536;
1.82565;
3.50364;
4.8575;
8.57705;
3.67868;
1.28772;
2.2552;
2.88418;
2.94558;
4.32836;
3.39572;
2.78918;
1.80046;
3.39822;
2.42513;
1.53412;
2.13772;
3.36238;
2.68327;
1.59211;
3.73304;
2.34158;
2.87805;
2.049;
2.76207;
2.1894;
2.34458;
2.06251;
1.00413;
6.04549;
6.80966;
2.53672;
2.31263;
2.46128;
2.79266;
3.18155;
2.32896;
2.6855;
2.69328;
0.794011;
1.53844;
3.50573;
2.88497;
2.28717;
2.1286;
1.90664;
1.9421;
1.0358;
3.03664;
4.77251;
3.32444;
1.89071;
2.75385;
4.09502;
2.12846;
4.22676;
3.52448;
3.05734;
2.22994;
4.37977;
3.66457;
4.20687;
5.80377;
2.81647;
3.18309;
3.14133;
3.22422;
3.05841;
2.15797;
3.51937;
2.1595;
4.44143;
1.91946;
2.54612;
4.22399;
2.54042;
2.25977;
4.66117;
1.96411;
3.99828;
3.38849;
1.35418;
3.62244;
5.30558;
3.09505;
2.42613;
3.24899;
2.63707;
2.06454;
1.68941;
4.19643;
3.42072;
3.6449;
3.01082;
2.90251;
4.44193;
3.22468;
5.94704;
5.23738;
2.76267;
1.09574;
1.51563;
3.00188;
4.6365;
3.51374;
1.63793;
2.0549;
3.23904;
3.84246;
2.05208;
3.69083;
2.74032;
2.75932;
3.59025;
2.75028;
2.87692;
4.70133;
3.06546;
4.51585;
2.03027;
2.91477;
4.37209;
3.26203;
2.72633;
4.6907;
2.90176;
6.35579;
3.21876;
3.5286;
4.3527;
1.71682;
3.37254;
1.5654;
4.16981;
2.57393;
3.39099;
1.90864;
1.71;
3.36105;
2.07356;
3.234;
2.95283;
2.16165;
5.05286;
2.75891;
4.33704;
4.63694;
3.06332;
3.70915;
2.79041;
5.17557;
5.15177;
4.9948;
4.61978;
3.28282;
3.41046;
2.82949;
1.96729;
2.93235;
2.49867;
1.42377;
2.1848;
8.55469;
2.7782;
2.60782;
2.73641;
3.44978;
3.18727;
3.78647;
2.26856;
3.16358;
3.19721;
3.61684;
3.42843;
2.72179;
2.96811;
3.63813;
1.63314;
1.43261;
2.52731;
2.22083;
2.09595;
2.99713;
3.73596;
3.87616;
2.74737;
3.26867;
0.975279;
2.61888;
3.20552;
3.23092;
3.20505;
2.23857;
2.64017;
3.07917;
2.93889;
4.47321;
3.4836;
2.05269;
3.99649;
3.03296;
2.56721;
3.96637;
1.39881;
1.93795;
1.38525;
2.62869;
2.83924;
4.93903;
3.18576;
3.50448;
2.90988;
1.64172;
1.89773;
3.09863;
2.74951;
3.16451;
2.83392;
2.29135;
3.75016;
2.53258;
2.50127;
3.87047;
2.48229;
2.23106;
3.42621;
4.29675;
4.09641;
2.89129;
4.98996;
4.0118;
5.51887;
3.25256;
1.71394;
5.80631;
3.44062;
1.92056;
4.77372;
2.37502;
2.49044;
3.77024;
3.3218;
3.03889;
2.53622;
4.05866;
3.23357;
4.441;
3.80971;
2.3192;
4.78924;
3.32355;
4.02975;
2.27564;
3.0021;
3.93749;
6.1255;
4.49248;
2.62261;
2.75757;
1.72538;
2.12171;
1.44199;
3.09444;
3.08843;
3.07477;
1.62103;
3.33593;
1.98119;
2.8838;
2.17699;
1.77049;
2.67116;
4.28788;
7.44899;
6.06334;
5.25604;
6.55437;
1.44884;
3.13071;
3.44201;
5.2858;
3.13027;
1.41143;
3.40725;
2.19106;
2.5622;
2.65461;
4.95162;
3.23698;
2.20251;
4.34136;
6.35587;
5.18109;
8.23417;
2.33238;
2.8493;
2.91386;
2.52871;
2.77368;
2.83451;
4.6106;
1.68534;
3.21112;
2.95038;
2.25543;
3.65247;
2.83933;
3.10397;
2.23158;
2.58983;
5.54859;
3.47444;
3.68658;
1.99673;
3.6254;
4.7727;
3.05815;
3.13477;
2.83005;
3.47488;
2.60569;
2.35918;
2.76013;
4.0747;
2.61752;
3.86491;
4.24588;
2.16766;
3.2564;
2.88709;
5.64709;
4.23286;
1.66312;
5.52023;
2.3579;
3.74373;
1.84983;
5.56275;
2.00128;
1.9249;
4.53688;
5.40128;
2.77874;
3.9849;
5.61157;
5.05633;
2.50181;
3.47139;
2.45934;
4.07961;
2.84408;
2.39451;
2.29716;
4.18408;
3.84323;
5.2435;
2.86429;
7.88968;
4.97242;
7.55453;
2.54928;
2.62845;
3.93194;
3.18491;
2.39627;
3.8472;
3.64156;
2.95156;
2.7538;
3.48207;
2.89968;
2.28411;
6.55493;
4.43312;
2.27676;
3.1916;
3.46856;
2.00962;
6.06806;
3.5458;
3.32485;
2.16679;
4.90084;
1.50528;
1.60427;
3.25344;
3.28242;
2.89358;
2.4085;
3.19172;
4.9496;
3.59543;
3.36866;
3.5298;
6.2884;
4.54849;
1.95383;
3.92235;
3.26065;
3.99709;
2.68525;
3.34033;
3.75794;
3.89847;
1.73753;
2.39225;
8.14292;
5.85674;
2.69196;
3.53807;
2.58825;
3.10696;
5.16852;
1.33852;
3.16349;
3.1335;
3.37505;
6.48368;
2.59695;
5.03286;
4.8148;
3.58579;
4.70646;
3.96942;
4.93726;
3.90036;
3.20322;
4.25628;
3.78435;
2.66214;
2.567;
3.55723;
2.90551;
2.45915;
4.38606;
2.24686;
1.93234;
3.18535;
3.69452;
4.25611;
2.71803;
3.85642;
2.81869;
2.85537;
3.14417;
3.96331;
3.01117;
4.30667;
3.85669;
3.89034;
4.34076;
3.77319;
3.08312;
2.69337;
1.60028;
3.07923;
3.7811;
3.45055;
2.60189;
2.96376;
4.22429;
3.73216;
3.01961;
4.84999;
5.60423;
1.93362;
2.9779;
1.71477;
2.18543;
2.26631;
2.57733;
4.4998;
2.91068;
2.53202;
4.47287;
5.02887;
3.55256;
3.65599;
1.93421;
4.07119;
3.66873;
2.37577;
2.69805;
4.39889;
2.8272;
3.74857;
3.38387;
3.70348;
4.12254;
2.077;
4.4252;
2.95346;
4.65124;
3.27605;
2.8014;
3.4091;
3.4388;
2.51737;
3.64003;
2.91156;
1.61828;
2.8549;
4.0509;
3.06232;
4.35793;
2.76127;
2.87361;
2.68204;
2.54142;
2.72278;
3.50279;
2.93968;
2.67557;
3.36364;
3.6963;
5.25901;
3.12508;
8.6896;
3.74294;
2.95419;
7.48774;
3.71364;
3.573;
2.95765;
3.90847;
3.10287;
2.63765;
4.84141;
3.25129;
3.46919;
3.49726;
6.0177;
2.52431;
3.95083;
2.78687;
2.41388;
3.00922;
3.83089;
1.5306;
6.47539;
3.64631;
3.20335;
1.01538;
4.02937;
2.68288;
2.715;
2.78198;
2.76991;
4.64621;
3.84;
3.99357;
2.65321;
3.02016;
2.92105;
3.0304;
3.31067;
2.5805;
3.82158;
2.55009;
3.75951;
2.97953;
3.7678;
3.98155;
3.87985;
2.72426;
4.40597;
3.75411;
2.19741;
3.28272;
4.54669;
2.42944;
3.4051;
2.31536;
4.84155;
2.08244;
2.63376;
2.59015;
3.56032;
2.97697;
4.07704;
3.83875;
3.83549;
4.65157;
2.72686;
3.03021;
4.03001;
2.17501;
4.59379;
1.99047;
3.25745;
6.90306;
2.69156;
8.34247;
6.16063;
2.66446;
4.65297;
3.88812;
7.04523;
2.50669;
4.56389;
1.29844;
3.27908;
3.35508;
3.7897;
3.22925;
3.28765;
4.62329;
2.82894;
3.65943;
4.35134;
2.62462;
4.06385;
5.01705;
3.81712;
3.81832;
4.45202;
2.91127;
3.33479;
2.8222;
3.93497;
5.58948;
4.36826;
3.47903;
3.90604;
2.84708;
3.16885;
4.25298;
3.84736;
6.24592;
5.26973;
3.47295;
3.76551;
3.52521;
2.06748;
5.37726;
3.63805;
1.90423;
3.48506;
6.27611;
2.55279;
3.4304;
3.2332;
2.44941;
3.00044;
3.94565;
2.37587;
3.25679;
3.21929;
3.04784;
2.69906;
3.83649;
1.61478;
2.76386;
3.98326;
3.8517;
3.52066;
4.21517;
2.8028;
4.31199;
3.64881;
2.88463;
3.72551;
4.00224;
5.81234;
4.37565;
3.07646;
2.91978;
2.77923;
2.78482;
3.16446;
3.1644;
3.39769;
3.2895;
2.13803;
3.96379;
4.65749;
4.44496;
5.58371;
2.17327;
3.51862;
2.86093;
5.2219;
2.79629;
2.8935;
2.96943;
2.11079;
3.77522;
3.75796;
6.34978;
4.57067;
1.29788;
3.50132;
2.53892;
4.34961;
1.63441;
3.09643;
4.55919;
1.3097;
3.53836;
4.12916;
4.08581;
2.29189;
2.40166;
3.69185;
3.1329;
2.26439;
2.25361;
3.26496;
3.75701;
1.53189;
4.60529;
5.13804;
3.85675;
2.74022;
3.21444;
6.70819;
4.25161;
5.6327;
4.18729;
2.93881;
2.99399;
3.496;
3.91849;
3.10025;
3.64724;
6.48537;
5.44768;
3.87883;
4.4695;
3.56249;
5.20559;
3.91627;
4.94309;
4.07027;
2.57167;
3.13548;
4.16224;
3.50414;
3.8978;
4.63932;
4.92232;
4.5191;
3.86316;
2.64895;
2.07872;
3.22183;
3.00898;
2.32108;
2.43681;
2.97691;
4.01383;
4.6227;
4.28974;
4.49123;
5.06844;
1.9108;
2.29866;
2.32685;
3.26932;
2.53785;
5.35247;
3.649;
2.77158;
7.28531;
3.33365;
3.98332;
3.94652;
4.34535;
1.98505;
3.56498;
3.3906;
2.92705;
4.13336;
2.78966;
2.99259;
2.7788;
2.99627;
3.21424;
2.02578;
3.24025;
3.68222;
2.67168;
3.07676;
3.20767;
2.8625;
2.92727;
2.95293;
2.43317;
4.16346;
3.33713;
3.62199;
3.2525;
2.73856;
2.77851;
3.97018;
4.22569;
2.99643;
3.95949;
4.05695;
3.14238;
2.30879;
3.15489;
5.98895;
5.20817;
2.82116;
5.4644;
3.23549;
3.25024;
3.16528;
2.22776;
3.6398;
6.48571;
2.64712;
4.32294;
2.35209;
2.65532;
2.78725;
2.74592;
7.11739;
7.31648;
2.17558;
5.55784;
2.44622;
1.85745;
3.06907;
2.87659;
3.34694;
3.2544;
2.71985;
2.91231;
4.077;
2.92487;
7.48017;
4.26192;
3.48271;
2.94844;
3.29453;
3.67945;
2.36607;
1.92794;
4.15127;
2.77393;
4.53116;
3.75529;
2.63284;
4.38334;
3.65437;
2.943;
3.62241;
3.55346;
3.69775;
6.00138;
4.41344;
2.98526;
2.87987;
4.24013;
4.95319;
3.3617;
3.48627;
3.88253;
3.20049;
3.11981;
2.24673;
4.90824;
2.8519;
3.82686;
2.5985;
2.95102;
2.23112;
4.21242;
3.15239;
3.56298;
4.90493;
2.79805;
3.5632;
2.87182;
2.50249;
4.91698;
3.41943;
1.94486;
3.90865;
5.01165;
2.28734;
2.31791;
4.17016;
2.59054;
3.36465;
4.18516;
5.28682;
2.87894;
3.57135;
3.85439;
3.85716;
3.08941;
4.02993;
2.61897;
3.40921;
3.39509;
5.27153;
3.18224;
4.61492;
2.83529;
2.06432;
2.75484;
3.06667;
3.89712;
3.9063;
3.60855;
4.27482;
3.63814;
2.75242;
2.86071;
3.23379;
3.5531;
3.05901;
2.71968;
3.67761;
2.77494;
2.69364;
3.0422;
3.39009;
3.7961;
3.07552;
3.12256;
2.19344;
2.32386;
2.84412;
3.50459;
4.23839;
2.90631;
3.24729;
4.60629;
3.25623;
4.86514;
2.36525;
2.68747;
3.26225;
3.88793;
2.71049;
2.74418;
3.13779;
2.20908;
4.24528;
3.64568;
3.10274;
5.18991;
2.74382;
4.51908;
2.87902;
4.38323;
4.44419;
2.85274;
2.63114;
3.38824;
2.97476;
2.33002;
3.30577;
2.90825;
6.65676;
2.57165;
4.21106;
3.13256;
2.79342;
6.73636;
2.41833;
3.15693;
5.88161;
3.0094;
2.36664;
3.47329;
3.303;
2.41002;
3.35193;
3.74489;
6.62631;
2.95795;
2.85398;
3.58441;
2.84837;
4.33965;
2.82515;
2.80889;
4.15591;
4.22074;
3.32197;
2.23057;
2.66332;
2.33758;
3.3809;
2.97711;
4.60086;
2.70492;
2.70157;
2.59668;
2.64171;
4.97886;
3.44663;
3.33613;
3.0708;
3.83997;
3.61998;
2.98149;
3.40346;
3.04669;
4.99241;
4.89624;
3.8678;
3.31198;
2.77042;
2.35428;
3.95842;
2.0864;
2.74554;
3.10336;
2.85218;
3.01796;
2.16769;
2.20615;
3.81058;
3.31594;
3.56717;
3.54363;
4.10071;
3.17684;
3.66758;
2.72208;
2.61787;
3.24016;
2.61058;
4.99797;
3.21488;
3.40854;
3.56203;
2.51057;
3.42082;
4.3431;
3.00537;
3.69524;
3.79161;
2.44632;
3.39044;
3.62269;
4.00301;
3.33101;
3.12515;
3.38815;
3.64507;
3.62879;
2.85302;
3.30873;
4.76618;
2.37652;
4.09589;
2.77002;
1.8941;
2.9426;
2.2377;
3.86279;
3.2683;
3.35981;
2.62788;
5.48865;
3.44856;
3.40638;
2.59644;
3.19072;
2.70392;
3.16717;
3.38194;
4.27111;
4.59827;
2.77548;
2.91852;
3.7937;
3.30694;
4.94193;
3.29289;
3.5801;
3.75737;
2.34971;
3.69674;
3.65983;
2.61024;
3.48962;
3.7975;
3.80557;
2.99699;
2.38825;
2.78121;
1.446;
3.53634;
2.86446;
4.05101;
2.9606;
4.60258;
4.59637;
4.55809;
2.15893;
3.7873;
2.70539;
2.81321;
3.61775;
3.28708;
6.1822;
2.78658;
2.23682;
2.02894;
3.53579;
2.68714;
3.04154;
2.8356;
6.19405;
2.42922;
2.45758;
3.34677;
2.8633;
2.43155;
2.43582;
2.67937;
2.91209;
3.55572;
2.57939;
4.36879;
3.49563;
3.97169;
2.16071;
2.7964;
2.49646;
3.16405;
3.08028;
3.84577;
3.52972;
2.37591;
3.00413;
4.062;
3.1205;
3.4248;
3.47671;
3.2941;
3.16171;
2.69271;
4.01178;
3.5433;
3.21014;
4.25799;
3.92246;
3.45401;
2.28622;
2.63403;
2.83327;
5.1188;
2.69585;
2.7294;
2.45974;
4.98802;
1.91025;
5.15377;
2.17891;
3.34007;
3.30061;
3.81725;
3.0398;
1.92465;
2.53192;
2.95163;
3.39548;
6.16927;
3.44419;
2.56317;
4.12362;
2.23689;
3.55896;
2.95582;
3.11129;
3.04739;
2.63991;
3.08638;
2.88545;
2.77715;
3.94454;
3.35392;
5.04215;
1.41777;
3.37902;
2.1328;
3.25837;
1.5773;
2.58909;
1.87341;
2.69186;
2.83995;
3.54408;
3.27209;
3.15505;
4.43114;
1.99229;
2.66106;
3.57668;
3.34385;
3.33556;
2.66001;
3.84978;
3.82525;
3.86747;
3.9168;
2.92244;
3.85162;
2.62497;
2.44167;
4.49492;
2.09012;
3.10467;
3.42044;
4.06379;
3.35028;
3.69036;
4.49223;
1.85266;
3.82051;
3.05581;
2.33006;
2.60091;
3.1569;
3.05954;
4.12105;
3.41006;
2.75141;
4.21444;
3.36496;
3.69559;
3.12886;
2.54691;
3.26041;
2.4345;
3.49549;
2.34641;
2.39525;
3.45106;
1.96999;
3.20386;
4.08439;
3.09301;
3.51574;
2.47502;
4.19363;
2.79992;
3.23372;
2.20913;
3.91705;
4.18252;
3.14329;
3.04993;
2.97163;
2.14581;
2.70416;
2.69359;
3.51492;
3.66967;
3.0917;
3.61061;
3.32705;
4.77226;
3.27385;
4.49551;
2.63222;
2.80582;
2.3221;
3.15353;
4.41706;
2.12292;
4.57008;
3.11982;
4.51133;
3.40581;
3.29263;
3.4516;
3.03298;
4.28841;
3.20176;
2.93539;
3.23554;
2.97146;
3.43923;
2.25759;
3.08718;
3.79979;
3.58441;
3.92199;
3.75567;
3.02229;
3.91368;
3.18958;
3.3106;
2.95328;
2.36418;
2.51583;
4.37851;
3.37732;
3.4198;
2.53377;
3.67453;
4.82379;
4.54855;
3.2219;
3.05506;
3.60982;
2.67263;
3.20501;
3.04468;
2.58643;
2.64955;
4.7062;
2.79223;
3.49321;
3.29729;
3.3974;
3.13875;
3.08362;
3.16782;
4.18239;
3.44175;
3.84062;
4.13102;
2.86648;
3.81256;
3.46329;
2.51695;
2.08868;
3.48093;
1.9998;
2.2731;
3.10791;
3.34128;
3.40877;
4.44557;
3.14322;
3.85835;
2.49499;
2.35206;
2.64762;
2.73045;
2.10277;
2.59984;
4.03117;
4.02293;
3.3825;
3.69018;
3.52185;
3.31076;
2.53255;
2.68359;
4.48277;
5.03339;
3.86957;
2.65676;
4.01277;
2.83481;
3.70899;
2.00819;
3.93569;
2.04729;
3.28285;
3.1382;
4.3366;
3.6453;
2.23062;
7.14132;
3.0696;
2.26341;
2.79392;
4.17297;
6.79807;
3.533;
2.46295;
3.16814;
2.44076;
3.12857;
2.71827;
1.42866;
3.06909;
3.54022;
2.2801;
2.25126;
4.39907;
3.5756;
3.82987;
2.60466;
4.2324;
3.57397;
4.02214;
3.06321;
3.48685;
4.72375;
3.83913;
3.08979;
4.26576;
3.86948;
3.02197;
3.28187;
1.95082;
2.76542;
3.6557;
2.6642;
3.129;
2.73619;
3.81622;
3.80719;
2.09459;
1.59897;
2.29258;
3.66496;
3.26789;
2.21167;
3.00376;
2.438;
3.10334;
2.93777;
2.7097;
2.86504;
3.37296;
2.56933;
2.45074;
2.36397;
2.43469;
4.40585;
1.5141;
2.12965;
2.98212;
2.91561;
2.75715;
2.43528;
1.86606;
2.92436;
2.32606;
3.11202;
2.80287;
3.59435;
1.85726;
2.94635;
4.30507;
2.37364;
2.79785;
2.80838;
4.84141;
2.4826;
3.40616;
2.75911;
3.05027;
3.31127;
1.75422;
2.59622;
2.00639;
2.02058;
2.5529;
2.94459;
2.42207;
2.7793;
3.43172;
3.07127;
3.68137;
2.51796;
2.62807;
3.68181;
3.47546;
3.31295;
3.61756;
2.53361;
2.35783;
1.98755;
3.03378;
2.73116;
3.12586;
2.92352;
3.88548;
2.73955;
2.46571;
2.80007;
4.34025;
2.7879;
3.0486;
3.22762;
1.98377;
2.93531;
6.31726;
3.40643;
2.90181;
4.55388;
2.74896;
1.46657;
2.44588;
3.78314;
2.94364;
5.74589;
2.57727;
3.88552;
3.29275;
3.47206;
2.95123;
4.14162;
2.48634;
2.03031;
3.641;
2.93006;
2.68199;
2.91777;
2.64734;
2.28853;
2.53867;
4.34412;
2.43206;
2.72683;
2.79685;
2.08857;
2.94027;
2.05734;
2.2987;
3.11603;
3.11582;
2.90871;
3.95835;
2.86907;
2.9285;
4.72111;
3.55796;
2.53149;
2.77092;
3.57337;
2.59387;
3.62871;
2.42635;
3.54585;
3.06529;
4.02617;
3.26916;
2.61439;
1.9395;
1.93548;
3.35394;
3.64672;
2.54367;
2.80156;
3.43225;
3.09194;
4.13214;
2.86819;
2.57504;
3.86431;
2.95689;
3.34221;
5.04625;
2.50773;
2.46501;
7.24702;
1.56001;
3.33943;
3.97585;
4.38087;
3.87136;
4.40399;
2.5775;
6.4771;
2.87834;
3.61674;
2.50231;
3.15122;
3.55718;
3.03063;
2.96756;
2.32346;
1.8065;
1.99946;
2.82589;
3.53607;
4.01559;
2.56597;
2.30565;
2.81828;
1.62708;
2.59339;
2.52715;
4.99957;
2.54166;
2.10126;
3.31665;
3.18674;
2.91335;
3.47814;
4.08748;
1.76517;
2.32643;
2.89434;
3.75572;
1.62918;
2.89102;
2.64898;
2.97011;
2.56508;
2.80544;
2.7539;
2.58175;
2.37617;
3.55172;
3.07424;
2.66602;
2.18673;
3.62868;
3.12151;
3.03568;
3.47883;
4.78625;
3.10761;
1.47348;
3.66163;
3.02572;
2.87054;
2.29181;
3.52848;
2.59164;
2.73613;
2.56004;
1.53129;
2.69055;
2.97403;
2.5239;
3.037;
3.29103;
2.52048;
4.09022;
3.44356;
3.49383;
3.95586;
2.8204;
3.10162;
2.68219;
2.33502;
2.54964;
2.07124;
1.99889;
3.10369;
2.02596;
1.89185;
4.13028;
2.03538;
2.49556;
3.07624;
2.97976;
2.99201;
3.24822;
2.63651;
3.896;
2.59406;
3.31224;
4.31625;
2.60254;
3.04297;
2.58021;
3.41788;
2.83752;
3.42378;
2.02013;
2.15613;
2.07752;
3.43039;
2.24341;
4.93325;
4.39923;
2.56886;
2.81469;
3.35358;
1.78197;
3.27563;
3.9271;
2.43406;
2.25095;
2.356;
2.86004;
3.14732;
3.39784;
3.0279;
1.95328;
2.47737;
1.98191;
2.85034;
2.51461;
2.32312;
1.84589;
2.38972;
2.11369;
2.50049;
1.55752;
3.50741;
3.65528;
3.53054;
2.06566;
2.21968;
3.51467;
2.33617;
2.62061;
2.23992;
3.7002;
2.10902;
3.17709;
2.61319;
2.5359;
4.13505;
2.76177;
2.85246;
1.89785;
3.3205;
2.96592;
2.06441;
2.61059;
3.37677;
3.05508;
3.18942;
3.08576;
2.02329;
3.17786;
2.44108;
2.53325;
2.65447;
3.5744;
1.62036;
1.84454;
3.12214;
2.7265;
3.61956;
2.19655;
3.72463;
3.26061;
3.10596;
2.96569;
2.93243;
2.51224;
3.31666;
4.16124;
2.59873;
2.66423;
3.22923;
4.27892;
1.92804;
2.67976;
2.48182;
3.48451;
4.17504;
2.64252;
2.17273;
1.97603;
3.21523;
2.78014;
2.86077;
2.20883;
4.5261;
3.40747;
3.02175;
3.90878;
3.42074;
2.26166;
2.29034;
2.94949;
3.73423;
3.53675;
1.71541;
2.12488;
3.44134;
2.46473;
3.09994;
2.31484;
2.95413;
2.45084;
2.28944;
2.91406;
2.93487;
2.88204;
3.33211;
4.20691;
2.85302;
2.94302;
3.61716;
1.70824;
2.97856;
3.37142;
2.33413;
1.89135;
3.31821;
1.43044;
3.44845;
4.19445;
3.42904;
3.10365;
4.40936;
1.15494;
3.77844;
2.775;
1.56655;
2.85941;
2.7306;
2.25159;
2.80855;
3.26503;
5.23942;
2.97913;
2.72578;
2.70975;
2.43734;
3.0479;
1.85564;
1.64952;
2.46694;
3.04319;
2.48512;
3.20162;
2.72175;
3.08323;
4.84999;
3.61062;
2.59403;
2.59659;
2.44841;
3.13555;
2.1511;
2.29267;
1.72062;
5.85055;
3.19298;
2.37258;
2.54821;
3.51251;
2.54412;
2.74681;
3.87682;
2.64757;
2.94777;
5.04165;
2.1582;
2.53827;
1.57699;
2.02697;
3.256;
2.03315;
1.82264;
2.11752;
2.47876;
2.64771;
1.66413;
2.05194;
3.26228;
3.0995;
1.98917;
2.47681;
2.23017;
2.57514;
1.59326;
3.13921;
1.73795;
2.05633;
2.39784;
1.99713;
3.67304;
2.60926;
2.55504;
2.47311;
2.51355;
2.04325;
2.13318;
2.35291;
3.08898;
3.12744;
3.5367;
2.38981;
3.12666;
3.56167;
2.82105;
2.17881;
2.05093;
2.76975;
3.28297;
3.55909;
3.39777;
3.42691;
2.28167;
1.36413;
2.09488;
2.60254;
3.33098;
2.08017;
2.03208;
2.81876;
3.17356;
1.84901;
3.72909;
2.27745;
2.44097;
2.84219;
1.74742;
3.13758;
1.67698;
2.82166;
2.84658;
2.85435;
3.87698;
2.56546;
4.41495;
2.69581;
1.65811;
2.73493;
2.06966;
5.00006;
3.11995;
3.19216;
2.15539;
2.03536;
3.59401;
2.35891;
3.56874;
2.59165;
2.90282;
2.56296;
2.25432;
2.99209;
2.33535;
1.71785;
3.43986;
2.63057;
5.29769;
2.13379;
2.93992;
2.95771;
1.65249;
4.40447;
2.51263;
3.34236;
3.38519;
3.21153;
2.7496;
2.59768;
2.05062;
1.83401;
2.75227;
2.91684;
1.96684;
2.18748;
6.21653;
2.56368;
2.21081;
2.26726;
2.90445;
2.89797;
3.00115;
6.61969;
2.35557;
1.5374;
3.01117;
1.72822;
2.49856;
1.76737;
3.16495;
2.4677;
2.89081;
1.60815;
4.84272;
3.76838;
2.08889;
4.42321;
2.07628;
2.49052;
2.60102;
2.63284;
2.01296;
1.73406;
2.68224;
1.55737;
2.88487;
3.71902;
2.09806;
3.22799;
3.73038;
3.15285;
4.37781;
3.61648;
2.59631;
3.34652;
4.67036;
1.88916;
3.02129;
2.45862;
2.52255;
2.92815;
2.85758;
4.16571;
1.81759;
2.48834;
2.87019;
2.9319;
2.79673;
2.70047;
1.80964;
2.8368;
2.32178;
2.5712;
3.02593;
3.16605;
2.74459;
2.84099;
2.53078;
2.63435;
1.92685;
3.41573;
2.95089;
2.77027;
2.07377;
1.26501;
2.23141;
2.15756;
1.64684;
3.30561;
3.10274;
1.67577;
2.4469;
2.74466;
3.32063;
2.70305;
4.52745;
1.94492;
2.56474;
2.54356;
2.52711;
2.12739;
2.60892;
2.46796;
1.34654;
2.66479;
3.3834;
2.68546;
2.60737;
4.19629;
4.73694;
2.02843;
3.04901;
2.16033;
4.10488;
3.84555;
2.45677;
2.14594;
2.37566;
2.12084;
2.14842;
2.78941;
1.71676;
2.60277;
2.83514;
2.50612;
1.96817;
2.40075;
1.78252;
1.74747;
2.51088;
2.673;
2.1158;
1.00877;
1.99894;
2.607;
3.12249;
2.13475;
2.22661;
2.18384;
2.33857;
1.69797;
2.88426;
2.72235;
2.89581;
1.98744;
2.74557;
3.32853;
3.62811;
3.40173;
2.50768;
1.42384;
2.00699;
2.15665;
1.86802;
1.21908;
3.81717;
2.88781;
1.88295;
2.34332;
1.19667;
2.72869;
2.40121;
2.82961;
2.595;
2.32386;
2.20809;
3.20056;
5.00946;
2.24167;
3.25239;
1.62138;
3.93463;
2.2342;
3.71341;
2.55876;
2.11351;
2.93457;
3.62464;
2.47022;
1.2561;
2.59584;
1.81395;
2.58207;
1.79715;
1.72207;
1.58698;
3.01769;
3.26194;
4.45957;
1.92694;
3.57061;
1.90944;
2.38203;
2.60411;
1.99054;
3.55257;
2.63102;
2.10852;
3.13485;
2.45978;
2.56131;
1.79742;
3.64142;
2.79202;
2.62522;
2.77521;
2.40153;
3.25948;
3.15629;
3.95074;
2.53646;
2.12859;
2.39549;
5.64411;
2.83969;
2.15963;
5.66773;
2.85725;
4.69691;
2.68009;
2.54438;
2.47422;
2.59703;
2.7656;
1.93726;
3.21027;
2.35524;
1.87573;
2.64524;
5.09785;
2.18296;
1.90342;
2.95482;
2.95129;
5.44089;
2.57131;
3.28073;
2.35902;
2.68361;
3.2698;
3.39744;
1.63241;
2.65908;
1.40976;
1.44624;
2.12262;
2.93111;
3.40755;
1.38694;
2.47386;
1.56384;
3.47614;
1.88163;
2.89045;
2.49863;
2.28154;
2.33443;
2.50569;
1.97098;
2.5457;
1.7389;
3.74735;
3.95255;
3.06478;
1.78525;
2.78502;
2.35201;
2.64085;
2.07567;
1.5014;
2.38894;
1.65437;
2.92941;
2.36767;
2.98966;
1.9411;
3.99677;
1.97785;
1.17566;
1.11207;
2.68567;
2.21563;
1.98868;
6.97504;
3.12392;
1.99126;
2.14479;
1.94602;
2.81275;
2.41564;
5.99558;
2.49434;
3.26499;
2.4826;
1.90566;
3.15941;
1.89032;
3.00436;
1.96161;
2.03903;
3.21496;
1.40349;
3.12738;
4.26158;
1.87453;
4.29234;
3.23104;
2.60645;
3.37824;
2.34659;
2.29123;
1.98141;
2.64026;
2.24705;
2.33111;
2.44007;
1.79504;
3.90084;
1.95095;
2.61744;
2.76245;
1.60838;
2.86851;
2.56072;
2.11622;
2.86453;
2.67458;
2.31221;
2.15319;
2.76481;
3.92621;
1.70926;
1.79731;
1.63472;
2.61605;
2.49957;
3.81245;
2.01956;
2.00701;
4.18386;
2.88453;
2.33084;
2.58118;
2.41268;
1.76095;
3.1721;
2.57385;
3.5059;
1.71772;
2.39629;
2.19951;
2.13498;
2.95446;
2.32789;
3.54898;
2.91978;
1.69112;
1.86426;
1.22717;
1.66846;
2.26636;
1.61322;
2.17761;
2.93431;
2.83983;
2.82245;
1.74361;
1.43962;
2.32631;
2.37022;
2.74106;
2.64255;
4.43519;
2.2323;
1.70907;
2.09001;
1.78472;
3.13352;
3.49185;
3.31277;
1.42918;
1.91186;
2.3956;
1.60846;
3.43542;
2.17857;
1.90131;
4.44086;
3.89141;
2.61976;
2.60342;
3.21822;
2.9313;
2.31771;
2.39218;
2.67023;
1.77339;
3.36743;
2.77634;
1.57476;
2.81378;
2.38905;
1.85055;
2.51358;
3.05935;
4.12567;
2.97531;
1.59248;
2.27896;
3.8571;
2.45413;
1.80663;
1.58969;
2.60607;
2.24642;
2.84407;
2.53297;
2.35573;
2.12166;
2.77681;
2.98731;
2.4662;
2.38034;
2.95906;
2.85238;
2.36764;
5.31378;
2.12937;
2.72249;
1.1372;
2.72859;
1.71526;
2.26231;
1.97423;
1.53401;
2.83088;
2.9092;
3.01577;
2.286;
2.38195;
1.0901;
2.63521;
4.3693;
3.9031;
3.72401;
5.04864;
2.41404;
2.26299;
2.73414;
2.35244;
2.34779;
2.29915;
0.987673;
2.20209;
2.46033;
2.57347;
3.25702;
2.38532;
2.81603;
2.90494;
1.82049;
1.46344;
2.35367;
1.78431;
2.60231;
3.23997;
2.13791;
2.32165;
3.24371;
2.5449;
2.40786;
2.00607;
2.43325;
2.44393;
2.21074;
1.87214;
1.47437;
2.6423;
3.09441;
2.40944;
1.14349;
2.46538;
1.39718;
3.07818;
3.06565;
1.2926;
2.1946;
2.13503;
1.58146;
1.7755;
2.16104;
2.72163;
2.35833;
2.83326;
3.3407;
2.45293;
1.62618;
1.53411;
2.37627;
1.95123;
1.78634;
2.23863;
2.56464;
5.63934;
2.1927;
1.85691;
2.39082;
2.08723;
1.85327;
2.43441;
3.401;
1.65306;
3.80364;
1.74785;
2.74732;
2.42584;
3.7707;
2.18579;
3.05462;
1.30076;
3.25334;
1.82496;
2.21656;
1.23114;
1.78661;
2.99357;
2.60507;
2.41648;
2.56757;
2.34392;
2.18626;
1.55334;
2.85307;
3.35062;
1.67906;
1.65434;
2.15616;
1.81022;
1.2882;
2.15779;
1.64478;
2.15628;
2.27712;
3.50313;
8.18169;
2.38181;
3.17989;
1.80334;
2.15807;
3.38445;
2.59143;
2.46235;
2.45413;
1.65276;
2.59445;
4.37892;
2.70626;
3.18634;
3.00802;
1.84678;
2.39994;
3.23506;
1.9679;
1.37231;
2.77343;
3.79432;
1.70055;
2.03343;
1.68723;
2.45021;
2.72063;
1.95384;
1.71618;
2.1345;
2.53357;
5.31021;
1.63357;
2.85388;
2.89348;
2.53366;
2.77477;
3.49687;
2.0135;
2.1108;
1.72172;
2.23961;
2.35029;
2.05656;
0.764777;
2.1392;
1.87879;
2.00844;
3.92322;
2.59628;
2.26271;
2.07845;
1.54095;
2.48645;
2.03626;
3.88168;
1.43205;
1.25875;
1.68925;
3.25157;
1.53547;
1.79833;
2.19587;
2.45474;
1.44042;
4.71322;
2.14006;
1.96429;
5.5297;
1.05707;
2.75383;
2.3228;
1.75923;
2.64308;
1.86533;
1.8059;
2.21809;
2.37256;
1.75698;
2.59146;
2.62927;
2.27457;
1.81738;
2.43292;
2.50939;
2.71971;
2.85324;
2.28537;
2.32729;
4.0274;
1.82866;
2.18761;
1.95016;
2.07099;
1.93578;
1.21393;
1.83483;
2.63742;
5.1138;
1.76235;
2.63787;
2.40093;
2.54667;
1.63008;
1.5571;
2.7068;
3.34898;
3.66058;
1.28625;
2.14555;
1.53655;
2.71859;
2.78286;
2.74798;
1.63415;
3.28402;
2.37113;
1.89429;
2.84029;
3.04401;
1.38505;
1.82643;
1.52222;
1.74639;
2.55245;
2.37938;
2.58212;
2.65358;
1.66996;
2.05998;
2.82466;
2.1198;
1.62703;
2.07268;
2.101;
2.37974;
3.26228;
4.13226;
3.73254;
1.93792;
1.49949;
2.50242;
1.62812;
2.79932;
4.10027;
2.97803;
2.30582;
1.36604;
1.3061;
2.70364;
1.4192;
2.58181;
2.5676;
3.15993;
2.55885;
1.73002;
2.28436;
1.93339;
2.93214;
3.35266;
1.79177;
3.34334;
1.25032;
2.53574;
1.4316;
2.32924;
2.68921;
2.52101;
4.91919;
3.8764;
2.32753;
1.78237;
1.37267;
3.19502;
1.21887;
2.59941;
1.45856;
1.80345;
2.90988;
2.34231;
1.54277;
1.33651;
2.87995;
1.81525;
1.66451;
2.41033;
2.12644;
2.8991;
3.01921;
1.88984;
2.25738;
3.28388;
2.3012;
2.15393;
1.944;
2.69062;
3.33341;
2.26379;
2.37322;
2.14297;
2.58459;
1.8192;
2.43992;
2.46743;
2.35059;
2.49855;
3.00058;
2.86039;
1.79327;
1.53086;
2.08241;
2.35789;
1.90286;
2.6447;
2.84201;
2.07257;
2.12569;
2.36853;
1.82817;
1.493;
2.88077;
2.69763;
1.73348;
2.05461;
1.86059;
2.30231;
1.28003;
1.8144;
1.91843;
2.08725;
1.34707;
1.52917;
1.56795;
2.60131;
3.21754;
2.33996;
1.14529;
2.52866;
2.16619;
2.7922;
2.08621;
2.5267;
1.66974;
2.73806;
3.18427;
1.4323;
1.32937;
1.75037;
2.60448;
1.84143;
2.15586;
2.45193;
2.9622;
3.22421;
2.43291;
2.08766;
2.25544;
1.65321;
2.95499;
2.31951;
1.71129;
3.409;
2.16617;
2.3331;
1.82288;
2.6778;
2.39773;
2.07949;
2.15596;
2.62969;
2.44081;
3.0875;
3.22113;
1.9607;
1.84261;
1.29602;
2.31957;
2.68137;
3.14491;
2.42613;
2.67863;
1.73718;
1.6809;
2.20852;
1.82175;
1.23203;
1.89819;
3.82637;
1.67159;
3.50093;
2.25356;
1.82213;
2.75371;
2.26422;
2.55766;
2.93659;
2.52848;
2.05266;
2.02156;
2.7412;
4.07553;
2.48566;
2.23187;
2.14515;
1.4935;
3.03505;
1.49197;
1.85009;
3.53876;
2.53332;
1.50924;
1.00473;
2.57583;
4.42933;
3.0112;
1.98257;
1.753;
1.2308;
1.70636;
2.62712;
2.77774;
2.19014;
1.93984;
1.79368;
1.80113;
2.88777;
3.35912;
3.5442;
2.90916;
1.9752;
2.43058;
2.98569;
1.30798;
1.08703;
2.79724;
1.07126;
1.79415;
2.31012;
2.13147;
2.40522;
4.7057;
3.48183;
1.76891;
2.40044;
2.01318;
2.09718;
2.25678;
2.9601;
1.7286;
2.20456;
1.95772;
2.07588;
1.34421;
2.36186;
2.033;
1.87568;
1.81086;
2.44416;
1.46595;
1.53968;
2.78555;
2.60533;
2.34686;
1.61687;
1.95133;
1.88828;
2.10445;
1.96805;
1.88242;
2.10754;
1.40352;
1.57546;
3.4037;
2.86281;
2.27723;
2.03829;
2.13956;
1.9088;
1.22887;
2.04959;
2.5311;
1.53027;
2.61769;
1.72528;
1.84222;
1.94783;
2.97929;
4.2135;
1.32386;
1.43724;
3.33623;
4.66741;
1.60754;
2.84741;
1.62938;
2.01926;
3.93891;
1.71359;
1.76167;
1.21712;
3.24342;
2.08329;
7.46163;
1.69765;
3.92098;
2.16972;
1.97665;
1.7716;
1.13632;
2.13607;
3.83236;
2.75425;
2.94843;
2.35978;
1.59947;
1.71104;
2.16878;
2.40471;
1.05404;
2.30946;
1.83882;
1.7796;
1.80529;
1.82104;
2.09;
1.54429;
2.2264;
2.77843;
3.99734;
2.10278;
2.40248;
2.9075;
2.83592;
3.59386;
2.69666;
1.73351;
1.88103;
2.30389;
2.23838;
3.03983;
1.77652;
1.95125;
1.40525;
2.36174;
4.40417;
5.04282;
1.8652;
2.16084;
2.96634;
2.48793;
1.18166;
2.0453;
3.61037;
2.47933;
2.64625;
2.47797;
1.69668;
1.54908;
1.79226;
1.76868;
1.2062;
2.12502;
1.87215;
2.71577;
2.1915;
2.27403;
3.61993;
2.08658;
2.11111;
2.25139;
2.7974;
2.0838;
3.07145;
1.60851;
2.49563;
2.50925;
1.68319;
1.64149;
1.62735;
1.31095;
1.28297;
2.20597;
1.5831;
1.59924;
2.66773;
2.60288;
2.11984;
1.88561;
2.28986;
2.43244;
1.90119;
3.35534;
2.30769;
2.50237;
1.1967;
2.16418;
2.1995;
2.12096;
3.5607;
2.18417;
1.02578;
1.43221;
2.08403;
2.70917;
1.52197;
1.33932;
1.87857;
1.85935;
3.25536;
2.52722;
3.33043;
3.26085;
3.3376;
1.99092;
1.14691;
2.20794;
1.99467;
1.52372;
1.61948;
2.01485;
0.781814;
1.6591;
2.78717;
2.50022;
2.20992;
1.76746;
3.72251;
0.999951;
2.21167;
1.031;
1.53147;
3.25217;
2.90284;
4.3325;
2.99054;
3.16999;
2.30184;
2.57456;
2.68575;
1.44542;
1.25915;
0.978634;
1.9467;
0.613617;
1.82998;
3.48904;
2.25696;
2.08277;
1.46514;
1.64152;
1.66318;
2.43255;
2.85604;
3.08159;
3.97081;
1.66236;
2.56901;
1.54756;
1.89138;
1.16049;
1.37112;
1.77648;
1.78368;
2.49142;
1.5228;
1.52136;
2.1602;
2.31048;
2.32666;
2.6196;
3.33455;
3.25983;
3.03343;
2.30428;
4.60887;
1.76875;
3.43608;
2.09739;
1.00732;
4.27852;
3.56271;
2.51438;
1.8281;
2.57861;
1.09676;
2.33032;
2.36838;
2.17414;
3.36936;
1.63865;
2.59676;
2.25081;
2.18162;
2.33539;
1.38274;
1.56138;
1.35424;
1.82528;
1.76821;
1.64913;
1.75169;
2.06007;
1.68527;
0.902932;
1.53913;
2.39486;
5.60571;
1.75992;
2.32174;
2.08618;
1.83083;
1.90561;
1.83196;
1.86739;
2.30364;
1.77412;
2.06146;
0.882648;
2.24126;
3.83965;
3.48306;
3.06229;
1.64719;
2.31622;
2.23637;
2.2142;
2.94522;
1.216;
3.10357;
2.20569;
2.68979;
3.75544;
1.90068;
2.75229;
4.51377;
4.0855;
1.86478;
2.83905;
3.85464;
2.72658;
2.43834;
2.93654;
1.56582;
3.06922;
1.83803;
2.00011;
2.42958;
2.12675;
1.71191;
2.98812;
1.91883;
3.14221;
1.62861;
2.05695;
1.7667;
2.48949;
3.82099;
1.41018;
2.66302;
2.70497;
2.54265;
2.69103;
2.73957;
1.86012;
2.91619;
0.941543;
3.14971;
2.34529;
2.08521;
3.39608;
1.16941;
3.2018;
0.969032;
3.18672;
1.77078;
1.68042;
1.66283;
2.02428;
0.750283;
1.91047;
3.22457;
1.87369;
3.20578;
1.90466;
3.12491;
1.32971;
2.79466;
0.981989;
2.66954;
1.03666;
3.02431;
1.65866;
1.18926;
3.30714;
4.10738;
1.84367;
1.53543;
8.47632;
2.17743;
1.98416;
4.66543;
2.2032;
3.5331;
2.494;
3.79082;
2.4355;
4.55783;
2.73689;
1.77989;
1.92045;
1.83458;
3.93542;
3.07608;
2.45059;
1.19266;
1.97796;
2.15742;
0.786348;
1.32062;
2.43335;
2.28627;
2.15669;
3.31522;
2.21132;
1.43292;
1.86811;
1.76346;
1.77561;
2.29272;
2.923;
1.7411;
1.44079;
1.93791;
1.94148;
2.66192;
2.37073;
2.78296;
4.8435;
2.30936;
2.32602;
1.91416;
1.70917;
2.98087;
2.6537;
3.72649;
1.90891;
3.60732;
2.57545;
2.32383;
2.16209;
4.74814;
2.78783;
1.88343;
1.42227;
2.41075;
1.82205;
2.59846;
2.16781;
1.30759;
2.10022;
2.81372;
3.21531;
2.48877;
2.93375;
2.60097;
1.20389;
1.95926;
2.83099;
2.9301;
2.67949;
1.57109;
1.95529;
1.37361;
3.9199;
3.4028;
0.976587;
2.26434;
0.75348;
1.48148;
2.72436;
1.60959;
0.95018;
2.64061;
2.96335;
3.32442;
2.3971;
2.11849;
1.05926;
2.47154;
3.69225;
3.30418;
1.74215;
2.23359;
1.90621;
1.99702;
1.24024;
2.77012;
2.49854;
1.13044;
1.63455;
1.60087;
2.25203;
1.89796;
1.26346;
3.74855;
1.76426;
1.76019;
2.15461;
2.16743;
2.26786;
2.98867;
3.43343;
2.36595;
2.25173;
1.91084;
2.24961;
2.79174;
2.30873;
1.46013;
2.47309;
1.12216;
2.07833;
1.74989;
2.43896;
2.61143;
1.74796;
2.75852;
6.04058;
2.85559;
2.53868;
1.72488;
1.50877;
2.21667;
1.85048;
2.3627;
0.886032;
1.21526;
1.67313;
1.03391;
2.65625;
2.9111;
1.81326;
2.51909;
2.66955;
2.47096;
1.83218;
2.00742;
3.34182;
2.77714;
2.40157;
1.67692;
3.47913;
2.10955;
2.17212;
2.26323;
1.91393;
2.59783;
2.15019;
1.40311;
1.14228;
1.46058;
1.4101;
2.16427;
2.02047;
5.08328;
4.36154;
4.20305;
4.07697;
1.82817;
2.09712;
3.24724;
2.42759;
3.10577;
1.82076;
0.777651;
2.51503;
2.30551;
1.68128;
1.44329;
1.63535;
1.33497;
2.94099;
1.18608;
2.86087;
1.21931;
2.79989;
2.05272;
2.18573;
2.32772;
2.64876;
2.35341;
1.40625;
4.67301;
3.96479;
2.09519;
1.10533;
1.80573;
1.41525;
3.03298;
1.61682;
2.74946;
1.54273;
1.34935;
1.25632;
1.55084;
3.20567;
2.67332;
0.817552;
1.9835;
1.82066;
1.93676;
3.58049;
2.03092;
1.4581;
1.85768;
2.84393;
5.80696;
4.54578;
1.40963;
2.98079;
3.63137;
3.51041;
2.29051;
1.3102;
0.996962;
2.02994;
2.59796;
2.39571;
3.14479;
1.9023;
3.1589;
2.58109;
2.22159;
2.72851;
2.12811;
2.70854;
2.48305;
2.34241;
2.36144;
2.20757;
6.26488;
2.80948;
2.45768;
2.73106;
2.7448;
1.87879;
1.34452;
2.92599;
1.18118;
2.79902;
2.05276;
2.47306;
0.854633;
1.3859;
2.13056;
1.41643;
2.68086;
0.980057;
2.54786;
2.68049;
2.99227;
2.34614;
1.25261;
3.49547;
1.35321;
2.917;
2.88474;
1.87562;
2.64098;
1.68855;
2.70208;
1.02695;
1.4066;
2.18383;
3.10219;
1.83071;
2.65879;
1.61054;
3.21395;
2.8921;
1.60808;
0.776068;
2.5488;
2.28659;
2.38188;
2.79964;
2.69853;
1.64079;
1.67182;
2.41663;
1.43231;
3.08837;
2.2258;
2.35288;
1.58838;
3.04777;
2.70206;
0.937687;
3.2113;
5.62246;
1.90903;
2.72195;
1.46361;
1.7809;
2.84241;
3.15283;
2.41798;
2.37388;
1.61298;
1.7324;
1.61311;
1.71924;
2.50584;
1.61897;
2.08938;
1.3079;
2.74543;
2.18886;
1.47291;
2.4609;
1.85382;
3.08892;
1.34297;
2.7846;
1.84181;
1.51423;
2.20085;
1.54218;
2.82414;
1.8258;
2.48524;
1.36267;
2.77747;
3.40494;
2.40319;
0.714559;
3.27787;
1.60626;
2.46538;
1.91623;
4.28963;
1.75591;
2.43023;
1.53191;
2.46978;
1.73849;
2.02792;
1.53471;
1.85181;
2.06045;
2.06397;
2.47341;
2.1125;
3.3673;
0.882252;
2.25459;
1.68472;
1.71982;
1.4234;
2.41763;
3.68645;
2.64531;
1.6532;
1.20864;
2.86689;
2.01551;
1.57523;
3.55312;
2.52067;
3.12651;
1.98209;
2.86181;
3.46374;
2.17534;
2.01461;
1.67911;
5.54886;
2.49615;
2.94599;
3.74287;
1.68774;
1.35812;
1.88487;
2.81704;
1.37922;
0.57874;
2.44677;
0.41454;
3.36331;
1.68864;
1.64975;
2.09998;
2.47528;
1.1901;
1.85734;
2.43326;
2.13146;
0.88916;
2.71261;
1.1957;
2.65409;
1.55878;
1.53643;
3.14674;
2.50418;
2.9609;
1.41777;
2.34395;
1.76105;
1.31023;
2.5831;
2.17688;
5.48788;
1.65221;
2.47945;
1.4912;
2.10335;
3.48297;
2.34023;
2.58855;
3.33122;
2.56132;
2.83838;
1.72222;
1.76855;
2.68226;
2.79324;
1.65579;
2.32282;
1.92262;
1.50055;
4.14796;
2.06856;
2.81093;
4.03092;
3.57273;
2.83052;
2.65977;
1.92372;
1.64521;
1.86633;
0.533981;
2.59419;
2.96595;
1.87543;
2.98868;
1.88776;
2.16805;
5.27836;
5.23482;
3.50053;
3.60401;
3.49153;
1.4162;
2.6731;
4.15013;
2.2818;
1.95841;
3.00609;
2.43108;
2.21207;
1.85547;
2.80825;
1.99329;
1.74681;
2.14556;
1.24152;
2.0343;
3.86461;
1.65289;
2.11772;
2.20577;
1.6007;
3.02977;
4.06734;
2.81616;
1.67508;
2.36191;
3.53831;
1.55887;
2.83134;
2.10969;
2.03099;
2.50282;
2.35608;
2.34398;
1.78089;
3.23801;
2.66435;
1.78689;
2.19;
2.09598;
2.6071;
2.22945;
1.70651;
1.57929;
2.14551;
1.268;
2.44201;
5.52763;
2.93256;
1.55037;
1.48041;
4.81408;
1.23158;
3.01254;
2.55964;
2.11691;
1.41922;
2.74203;
4.21401;
1.48342;
1.85106;
0.593111;
2.2274;
1.45448;
5.32063;
1.51918;
1.90901;
3.98946;
1.32299;
3.68871;
2.63134;
2.27533;
2.48086;
2.27096;
2.45392;
1.2956;
1.50037;
2.51488;
1.3506;
2.21427;
3.65769;
2.02035;
1.80289;
3.41714;
2.16405;
1.66109;
3.13456;
0.927581;
5.41179;
3.09464;
1.44433;
1.26962;
1.53251;
1.98384;
0.956563;
2.94326;
1.78924;
2.62947;
1.62257;
1.94636;
2.2175;
1.50008;
1.80941;
1.21732;
2.3108;
1.53403;
1.09461;
1.81004;
1.36805;
3.05834;
1.93047;
3.15459;
3.1943;
0.671422;
2.2473;
2.13176;
0.937587;
2.25087;
2.45243;
2.6272;
1.2942;
2.51969;
1.51081;
3.50413;
0.961898;
2.02237;
1.85738;
2.87108;
3.01455;
1.83621;
3.65055;
2.41168;
3.16514;
2.53399;
2.76346;
3.50162;
2.72753;
1.13999;
1.89046;
1.49105;
5.02664;
0.978974;
2.22005;
0.633574;
1.05472;
1.87799;
2.77653;
2.11364;
2.49223;
1.65993;
2.52398;
1.86946;
2.4476;
1.26013;
1.75689;
1.45664;
2.36603;
3.26041;
2.37366;
2.11694;
1.37824;
3.56222;
2.35824;
1.61461;
0.88923;
1.17537;
3.67062;
2.50979;
1.43414;
2.3985;
1.28061;
3.07584;
1.33967;
3.17887;
1.33254;
0.869341;
3.10447;
2.19973;
2.12207;
1.63499;
1.91676;
1.34774;
1.14287;
1.59358;
2.33382;
1.008;
2.32505;
1.98049;
2.12059;
2.02464;
2.35648;
0.363976;
3.65938;
2.52325;
1.06769;
2.76013;
2.04459;
3.07519;
6.63987;
2.47813;
1.64671;
0.866145;
1.32219;
2.53935;
1.18975;
2.94341;
1.13853;
3.10749;
0.54631;
1.58727;
1.54377;
2.64894;
1.53412;
0.877875;
2.4614;
2.16258;
1.58994;
1.92987;
1.29995;
4.18312;
2.26566;
2.22299;
1.15913;
2.48127;
2.67494;
1.38172;
1.46533;
2.66391;
1.8888;
3.08543;
2.09574;
0.779304;
2.02531;
2.2915;
0.841782;
2.02857;
1.29304;
0.520274;
1.795;
2.24735;
1.42612;
1.98852;
1.16671;
2.5101;
2.96773;
2.32771;
1.65014;
0.696918;
2.09167;
3.03205;
2.38552;
1.4225;
1.63631;
2.99375;
2.18845;
3.14771;
5.31029;
2.47272;
1.92362;
3.54256;
2.66963;
1.23456;
1.64732;
0.95125;
1.46397;
2.46668;
2.25697;
2.59011;
2.68132;
2.94225;
1.09052;
1.21417;
2.45864;
3.11805;
1.44551;
1.871;
3.50686;
1.97329;
1.66484;
2.1356;
6.65296;
2.29444;
2.6151;
2.96311;
3.13643;
2.20727;
1.56381;
2.53278;
1.03861;
3.01867;
1.51809;
0.993629;
3.5545;
2.4051;
1.81153;
3.27036;
2.44472;
1.227;
2.24471;
1.02808;
1.43383;
1.63437;
4.5271;
2.8809;
1.09373;
1.50569;
1.44395;
2.0255;
2.37777;
2.10664;
0.904524;
3.9297;
0.973393;
2.68298;
1.55795;
2.2953;
2.36488;
1.74312;
1.9802;
2.12434;
2.49131;
2.99615;
1.76677;
1.41315;
2.04848;
2.18693;
2.52072;
2.01409;
1.52981;
0.98666;
4.96157;
2.31687;
1.42887;
2.32126;
1.8019;
3.12097;
1.31108;
2.16792;
2.67667;
2.53241;
2.45652;
4.48472;
0.763225;
5.10946;
3.45567;
1.67785;
0.826398;
3.01564;
1.80639;
1.78499;
2.69813;
3.78463;
1.02891;
2.22138;
1.91882;
1.82884;
1.32802;
1.4216;
0.951603;
2.64929;
1.48068;
2.55189;
1.71871;
2.04752;
3.24705;
1.63234;
1.34364;
2.35549;
1.59394;
1.49591;
1.39729;
0.707814;
2.5593;
3.6251;
2.3069;
1.87337;
2.82922;
1.54756;
2.22033;
1.59802;
1.40711;
1.99391;
0.400722;
2.03087;
1.42009;
1.99096;
2.51283;
2.02697;
1.207;
1.49185;
1.7936;
3.09273;
1.2831;
1.7283;
1.49333;
2.3804;
2.18116;
1.98037;
1.38028;
2.83358;
1.48429;
1.11462;
1.61607;
1.87603;
1.15688;
0.592431;
3.59959;
2.00934;
3.57864;
3.30999;
1.5909;
2.51437;
1.82828;
0.829749;
2.74423;
1.51252;
1.37457;
1.80632;
1.67223;
1.11656;
5.48548;
1.59096;
1.76568;
3.81409;
1.00465;
1.94705;
1.46373;
1.74847;
2.68045;
2.06874;
1.70965;
2.57666;
1.14413;
2.09126;
3.71243;
3.287;
2.46635;
2.17381;
2.08657;
1.75494;
1.8082;
2.27655;
2.21738;
2.16692;
2.65304;
2.02127;
4.38008;
1.5288;
1.25765;
1.83625;
2.65555;
1.11118;
1.26861;
1.84574;
3.23487;
1.88034;
4.66409;
2.17329;
1.59258;
1.7283;
3.05357;
1.96286;
1.17563;
5.00548;
2.20155;
1.26028;
2.35727;
1.98241;
0.963541;
1.44696;
2.60673;
6.39488;
1.32798;
2.58637;
1.84073;
1.37659;
3.15652;
1.81451;
2.62032;
1.5516;
1.9578;
0.802117;
1.71917;
1.68759;
1.65211;
1.57774;
2.6797;
2.049;
4.11554;
4.88484;
1.38954;
1.94138;
1.95109;
6.15908;
3.32168;
2.09821;
1.85194;
2.95413;
1.6024;
2.1577;
1.70596;
1.21822;
3.41743;
1.19174;
3.23324;
2.12969;
1.89844;
1.66763;
1.86631;
2.70519;
2.86379;
2.9076;
1.88977;
0.734472;
2.59458;
1.45544;
2.71346;
2.7504;
2.80197;
2.86762;
1.32859;
1.74853;
2.05304;
1.26331;
2.8467;
4.0791;
2.03348;
1.92946;
1.04211;
1.13899;
3.52147;
4.59461;
1.41773;
1.59583;
2.11961;
1.39078;
1.79944;
1.02896;
1.14665;
2.48224;
1.87043;
1.46913;
3.80405;
2.40664;
3.10115;
1.18261;
2.77688;
2.70279;
2.20135;
4.79507;
3.99086;
0.665407;
1.37883;
0.428471;
1.04114;
2.07575;
2.11109;
1.60285;
4.73574;
0.410184;
1.69805;
2.2382;
1.48591;
2.45203;
2.54568;
2.27447;
2.58011;
1.326;
1.37835;
0.856446;
1.07255;
4.01448;
1.27687;
1.22847;
1.19876;
2.73785;
1.58269;
1.19701;
1.7783;
2.28032;
3.57605;
1.84829;
1.57548;
1.84084;
3.43681;
2.19537;
1.40488;
1.14774;
2.65495;
0.747807;
1.9552;
1.83375;
2.811;
2.51617;
2.25564;
1.26832;
1.42495;
2.23872;
2.35593;
2.16937;
3.11632;
1.9485;
1.41674;
2.15117;
1.90283;
0.99096;
3.47058;
1.90715;
1.79231;
2.1175;
1.16155;
1.73759;
1.37258;
1.22815;
1.91864;
1.7257;
1.20893;
0.672529;
3.40144;
2.1338;
2.63843;
1.66892;
3.00913;
2.06473;
2.8905;
2.70011;
2.49253;
0.678126;
1.34105;
1.47312;
1.28801;
1.0656;
1.67902;
2.38219;
1.7253;
1.8262;
2.01257;
1.6259;
1.39463;
1.8046;
0.487941;
1.47347;
1.03818;
2.13633;
2.56148;
5.07722;
2.59693;
2.21116;
1.30073;
0.718852;
2.43611;
1.73028;
0.842944;
2.27467;
1.48214;
0.68983;
1.97793;
2.92946;
2.31771;
2.95822;
2.0975;
2.86457;
1.62592;
0.916919;
2.47273;
1.79823;
1.99575;
2.21021;
1.68016;
0.36518;
0.978501;
1.58376;
1.44315;
0.707783;
1.80662;
1.16274;
2.40295;
1.42036;
1.8243;
1.28803;
1.6651;
2.13304;
1.28888;
1.08707;
2.09189;
0.406497;
1.95425;
1.08281;
3.82612;
1.75977;
2.27281;
1.96155;
1.35926;
0.89705;
2.01819;
1.19101;
1.07397;
2.04009;
0.76913;
1.47676;
1.90217;
0.653998;
0.709841;
3.08041;
2.28919;
2.621;
5.36982;
2.77134;
1.37091;
2.03881;
2.42374;
2.49798;
1.4605;
3.27391;
1.8668;
2.44295;
1.90829;
2.37488;
2.4672;
0.223783;
1.904;
3.40182;
1.89528;
1.67468;
2.13708;
2.17308;
1.63153;
1.5705;
1.3637;
1.11582;
2.1358;
1.75725;
2.07332;
1.62872;
1.16614;
1.6986;
3.01603;
2.22405;
1.12802;
2.19036;
1.34254;
0.846631;
0.970517;
2.55023;
1.11532;
2.40104;
2.5283;
6.04938;
1.00962;
1.7301;
2.52719;
1.2367;
1.69247;
4.70057;
2.29122;
0.603175;
2.00926;
2.26423;
1.73557;
1.11112;
1.75784;
0.878285;
1.68255;
0.909571;
1.40354;
1.93613;
1.33396;
1.15219;
0.804196;
2.40653;
1.30463;
1.03473;
5.65781;
2.19719;
0.454213;
1.163;
1.69581;
2.27408;
2.12092;
0.696064;
1.43207;
0.757593;
2.4352;
2.4983;
1.66153;
1.02542;
2.24362;
0.993216;
1.96257;
1.20955;
1.78467;
1.928;
2.607;
1.9047;
2.07842;
2.63133;
1.16122;
2.39113;
2.4968;
1.03152;
0.370197;
1.97261;
0.656487;
1.44073;
2.90704;
1.80798;
2.1245;
0.700408;
3.08022;
1.58689;
2.50305;
2.00415;
1.3238;
1.81014;
2.13862;
0.543678;
2.40768;
1.07604;
1.65571;
4.05947;
1.51229;
1.58001;
1.53134;
1.11496;
2.99392;
3.32676;
1.72848;
2.75524;
0.327359;
1.14203;
0.583425;
2.12818;
1.15506;
1.09804;
0.931783;
2.75812;
1.59477;
1.55901;
1.82305;
0.296493;
1.26637;
1.76216;
2.47361;
4.43156;
1.46693;
3.34542;
1.27855;
1.75941;
1.82848;
2.47132;
2.66568;
1.00181;
1.36997;
1.90289;
2.49859;
1.98042;
0.85194;
2.55903;
1.92949;
1.09737;
1.13576;
2.15133;
2.49682;
1.13939;
4.3168;
2.88555;
1.12249;
2.19148;
1.95343;
1.20407;
1.51029;
0.727997;
1.59414;
0.358363;
1.30299;
1.93665;
4.4915;
3.1739;
1.29456;
2.51437;
1.45838;
2.31663;
2.25698;
1.2992;
1.04513;
0.239075;
2.46393;
2.21237;
0.636078;
0.868334;
2.77849;
1.50967;
2.36234;
1.98812;
2.92983;
2.57843;
2.17029;
1.92394;
1.96726;
2.45722;
2.78245;
1.59233;
1.3681;
1.59543;
1.77194;
1.19565;
0.703058;
1.9695;
2.00833;
2.1919;
1.80058;
2.028;
1.16575;
1.29195;
1.38921;
1.6215;
1.28899;
1.92082;
2.14794;
1.22588;
1.83571;
2.6554;
1.57935;
1.09014;
0.807165;
1.84068;
0.997952;
1.40051;
1.34442;
1.70549;
1.34905;
1.99873;
1.4822;
0.987766;
2.19561;
1.03024;
1.19071;
2.77851;
0.637102;
1.77955;
0.947859;
3.86649;
0.63805;
2.13405;
2.8118;
2.5768;
1.18677;
1.69968;
1.63478;
2.44196;
2.25105;
1.89147;
1.02721;
2.2171;
4.1807;
1.44715;
2.35578;
1.54229;
0.540748;
0.737516;
3.08653;
1.03357;
1.51792;
2.52882;
0.888944;
1.85719;
2.51732;
2.02462;
4.7047;
2.14329;
2.44453;
1.72625;
4.49919;
2.46738;
3.14959;
0.945302;
2.04368;
0.977397;
1.89852;
2.8842;
1.0034;
1.84508;
2.263;
1.46186;
2.19135;
1.90177;
0.558518;
3.76733;
0.837441;
0.525899;
0.561353;
0.537304;
1.71543;
3.06439;
2.08876;
3.52112;
1.62508;
1.34919;
1.23717;
1.92356;
1.88528;
2.87329;
1.6891;
3.60995;
1.81499;
0.589458;
2.34414;
1.95017;
1.89382;
0.616925;
2.54837;
2.51263;
2.97615;
2.90421;
2.01161;
1.12258;
1.83972;
1.73379;
1.97124;
1.54905;
1.10871;
1.78943;
1.76072;
2.89979;
0.505811;
3.37115;
1.9536;
0.684434;
2.18579;
0.647175;
2.21476;
1.91399;
1.14516;
3.00083;
2.76021;
2.34298;
3.67767;
1.43057;
3.41229;
3.09907;
1.4627;
0.255836;
1.61214;
2.22552;
1.50146;
0.853087;
2.21194;
2.56042;
1.15453;
4.10061;
1.47424;
1.43555;
1.66993;
2.54229;
1.11266;
2.82521;
1.02015;
1.50739;
0.828765;
2.39435;
2.20778;
1.46834;
1.6143;
1.08146;
1.96485;
2.06448;
1.65298;
0.607989;
1.79552;
0.740477;
1.69143;
1.91358;
0.513445;
4.41116;
1.50804;
1.37652;
1.37354;
2.49932;
1.97814;
4.04772;
2.44063;
1.24477;
3.68372;
2.09667;
2.32324;
2.48775;
2.10639;
1.41405;
1.33221;
2.07329;
2.20997;
2.08116;
4.71657;
2.81117;
1.68643;
1.64904;
1.59478;
1.22451;
3.17971;
0.873811;
1.70753;
1.43415;
2.32162;
1.90085;
1.35808;
1.90549;
1.54707;
2.44117;
0.848655;
1.52748;
1.12605;
2.39675;
1.43091;
1.82242;
1.5826;
1.16383;
1.7907;
2.34916;
4.1036;
0.157771;
2.40018;
1.95503;
2.54097;
1.51809;
1.28479;
1.4007;
0.259738;
1.5264;
1.46801;
0.512447;
2.83986;
1.82577;
0.538652;
2.32172;
1.08984;
1.84218;
2.25111;
1.72989;
1.12451;
1.9673;
2.50202;
2.25485;
0.536758;
3.20881;
2.26151;
1.58163;
1.71124;
0.228645;
0.95475;
1.10619;
0.737803;
4.20322;
0.466568;
2.24736;
2.82451;
1.37992;
2.24609;
2.12674;
2.49514;
2.2006;
1.03969;
1.05637;
1.04834;
0.67513;
1.9923;
2.96159;
3.20627;
2.55784;
1.15569;
1.49529;
1.2507;
1.02185;
2.11381;
1.39397;
0.186352;
1.24695;
4.0972;
2.06233;
0.221431;
1.79519;
1.3423;
0.681184;
0.825342;
1.12395;
2.5784;
1.54269;
2.05126;
1.09886;
0.913266;
1.29061;
0.534036;
1.72724;
0.90209;
2.09688;
1.82895;
1.81498;
1.82482;
2.54061;
1.78682;
0.960621;
0.895906;
1.69014;
1.64996;
2.46365;
0.664669;
1.68551;
2.00556;
1.97847;
1.76197;
1.42889;
0.785065;
0.651131;
1.56191;
2.91905;
2.86159;
1.93028;
2.1107;
1.39362;
0.846296;
1.90004;
1.44168;
1.32481;
1.39839;
0.631388;
2.23676;
2.7792;
3.69603;
1.04918;
2.45813;
1.62093;
2.45897;
3.39961;
3.03672;
1.58108;
0.946973;
0.677745;
1.43254;
1.55168;
1.12904;
1.76488;
1.86536;
1.44003;
2.4941;
1.58917;
2.46407;
0.848317;
0.59453;
0.546506;
2.71947;
3.14099;
1.38622;
2.24862;
3.50917;
1.05441;
2.2943;
3.13257;
1.61515;
1.37865;
1.54074;
0.129733;
2.07854;
2.26123;
0.973311;
1.89698;
2.37363;
1.72692;
1.11446;
0.564629;
1.78014;
2.90562;
1.4727;
0.212133;
5.38803;
1.95781;
0.911149;
1.58018;
1.49156;
2.58923;
0.686006;
2.24211;
1.20887;
0.587437;
2.24602;
1.90956;
0.533046;
1.79989;
1.5438;
1.44648;
2.1421;
1.35873;
1.568;
0.787665;
0.949706;
1.48649;
1.90778;
2.2041;
1.25625;
1.24073;
0.513021;
1.53558;
0.567898;
0.96609;
1.25171;
0.7723;
2.69796;
4.44762;
4.61737;
1.55368;
1.84432;
1.86556;
1.00841;
0.222972;
1.05786;
1.79326;
1.71631;
1.72377;
0.459459;
1.22837;
7.49247;
1.42139;
1.74213;
2.80824;
2.62899;
3.10954;
0.96946;
1.76488;
1.79525;
2.71545;
0.735154;
2.80947;
1.70936;
0.187325;
1.84168;
1.3534;
0.178405;
0.969441;
1.37308;
2.21621;
1.78246;
3.08741;
2.23763;
1.3989;
1.98635;
1.59425;
2.93231;
0.171933;
1.84384;
1.05416;
1.77778;
0.169107;
1.73544;
1.45622;
2.19733;
2.07409;
3.10882;
2.62601;
1.49484;
2.7017;
1.82075;
1.99146;
2.87482;
1.74605;
2.08251;
0.588364;
2.80152;
1.2109;
0.601344;
1.61529;
2.68513;
1.49015;
0.524321;
1.48943;
1.14616;
1.55437;
1.51158;
1.91232;
2.24295;
2.09369;
0.838999;
1.68701;
1.78759;
2.00963;
1.75035;
2.01433;
1.10925;
1.99321;
1.43213;
2.22726;
2.45902;
1.98298;
3.46807;
1.41857;
1.49174;
3.07553;
1.8918;
1.00555;
1.42094;
1.27113;
2.36561;
1.17988;
1.16012;
1.04772;
1.27718;
2.42009;
1.23216;
0.157787;
1.57659;
2.25906;
1.61178;
1.90086;
2.77309;
0.891943;
2.37411;
0.140953;
2.04468;
1.08182;
1.93144;
1.36364;
3.13446;
1.44342;
1.44951;
1.28812;
2.52403;
1.32955;
3.02075;
0.39888;
1.98536;
1.51584;
1.55098;
1.17722;
1.38503;
0.871201;
1.47247;
0.56081;
1.13261;
2.20551;
2.47273;
2.40005;
0.941761;
2.0035;
1.53844;
3.81923;
2.72786;
1.59451;
1.6046;
3.32634;
3.33225;
1.24366;
1.22806;
2.74422;
1.78127;
0.936979;
2.22327;
0.593099;
1.81469;
1.30946;
1.52416;
1.78014;
1.30457;
1.34592;
1.53718;
1.18213;
1.97905;
0.985796;
0.564416;
2.54023;
1.49953;
2.14304;
1.31382;
1.0239;
1.08851;
0.197894;
3.03562;
2.34378;
1.78486;
0.919542;
0.438578;
2.88102;
3.43586;
0.885515;
2.254;
2.65636;
2.72848;
1.91221;
2.87208;
1.0778;
0.93391;
1.16958;
0.979648;
1.66249;
2.17213;
1.08778;
1.35283;
1.78248;
0.930552;
1.48936;
1.02965;
2.79029;
2.09213;
2.36429;
2.52176;
2.83625;
1.2687;
0.634178;
0.584347;
1.63209;
2.44239;
1.98564;
1.05418;
1.50962;
1.16342;
1.95776;
1.60108;
1.85207;
2.02208;
1.02335;
0.980163;
1.50305;
2.05442;
1.35921;
2.27091;
0.9585;
4.13696;
1.3435;
3.25349;
2.12831;
2.83485;
2.29884;
2.31478;
3.76682;
0.911043;
1.26704;
1.46578;
2.38811;
1.10544;
0.574133;
2.32175;
1.95935;
2.28778;
0.817616;
2.10684;
1.36859;
0.688964;
1.26641;
2.49956;
3.58497;
1.98474;
3.99834;
0.398042;
1.66673;
1.81807;
2.00552;
0.678399;
1.33603;
1.32608;
1.89237;
3.8075;
2.29632;
2.31826;
0.59575;
0.573817;
0.966833;
2.52938;
1.39394;
2.63092;
1.21949;
0.932129;
1.58604;
1.39105;
2.37228;
0.75106;
2.04631;
1.16245;
1.10572;
2.77408;
3.30807;
2.65498;
1.6015;
1.45423;
2.12343;
0.177107;
2.00227;
3.17585;
0.96042;
1.50746;
3.51394;
3.79796;
1.451;
2.45084;
2.86902;
1.35433;
1.25796;
1.73848;
2.36315;
2.28683;
2.89907;
1.39574;
1.38698;
1.40958;
0.0936712;
2.34595;
3.84231;
1.44192;
1.70706;
0.661419;
0.634875;
1.32697;
0.834942;
0.165567;
1.46764;
0.855089;
3.37766;
2.07877;
1.0042;
0.792029;
0.876357;
0.118258;
1.99532;
1.90455;
1.94881;
0.896429;
0.18225;
0.186853;
3.16581;
2.84136;
2.57544;
2.59273;
1.3725;
1.88769;
2.02095;
1.77715;
1.01008;
1.45024;
1.45221;
2.75683;
2.04307;
1.66728;
2.39481;
1.08547;
3.97894;
3.47216;
1.93803;
3.53011;
1.03106;
2.05463;
1.15089;
2.49642;
2.06004;
1.53567;
2.52984;
2.906;
1.35468;
1.54998;
2.57583;
1.03797;
1.87592;
2.05894;
2.21118;
2.71854;
2.40937;
1.49108;
1.83251;
0.528239;
2.5414;
1.24967;
1.46326;
2.45923;
1.27975;
0.980513;
1.81297;
0.483373;
0.637477;
0.588305;
1.40632;
0.648659;
1.38293;
1.84103;
2.00615;
1.83798;
1.14141;
1.26491;
1.95203;
2.30881;
2.58028;
2.59454;
1.47449;
1.03583;
1.53395;
0.968992;
2.24929;
1.50213;
2.44002;
0.596733;
0.57365;
1.73001;
1.72469;
0.530164;
1.02271;
0.908911;
1.10727;
1.9271;
1.34586;
1.40161;
1.04933;
2.93289;
1.34773;
1.88791;
1.6634;
2.29862;
1.71549;
1.47852;
1.82984;
1.34843;
0.58326;
1.70203;
3.32054;
2.10686;
1.50444;
1.44728;
1.79231;
3.62834;
2.49869;
2.25947;
1.92668;
0.571892;
1.5846;
0.594616;
0.107925;
4.01703;
1.66655;
1.07695;
0.945627;
1.425;
1.44513;
1.87414;
0.378108;
0.488672;
1.09121;
1.90944;
0.995122;
1.90901;
3.35573;
1.46564;
0.946739;
1.33263;
3.38198;
2.72372;
2.21193;
2.42255;
2.08626;
2.96587;
1.48308;
2.35832;
1.91145;
1.54933;
2.62774;
2.37241;
0.870133;
0.16837;
2.81772;
0.575485;
2.19751;
1.55424;
2.30116;
0.91887;
1.99369;
0.518259;
2.18388;
1.76905;
1.67086;
1.82085;
1.86701;
0.510857;
0.820884;
3.81724;
1.74261;
1.45362;
0.0335989;
1.02001;
0.604009;
1.46314;
4.01626;
0.918165;
0.513495;
1.05932;
1.09069;
3.63354;
0.820847;
1.29972;
0.923973;
1.39915;
1.41888;
1.32541;
1.51345;
1.433;
1.87461;
1.09993;
1.34381;
1.498;
1.55249;
1.10472;
1.07144;
1.45823;
1.38938;
0.507108;
2.52632;
0.132795;
2.46549;
1.34937;
1.2991;
1.35658;
1.91403;
1.00283;
1.2932;
2.89452;
1.94957;
1.51798;
0.461317;
2.3519;
2.68505;
0.991256;
2.11777;
0.799156;
1.40854;
1.55853;
1.64718;
1.85618;
2.02428;
2.40908;
1.22065;
1.44729;
0.861869;
1.84747;
2.5336;
1.90514;
1.35818;
1.90277;
2.3514;
0.951894;
1.95111;
1.53753;
0.468382;
2.07981;
0.979339;
1.921;
0.930991;
1.44573;
1.89761;
0.626565;
1.41633;
1.10511;
1.39641;
1.03192;
2.97436;
2.69223;
0.916436;
1.46368;
2.83471;
1.51757;
0.88166;
1.38936;
2.02213;
1.3048;
1.09315;
1.86509;
2.28994;
1.46173;
0.960647;
0.59927;
1.98798;
1.21256;
0.0633723;
2.78098;
0.494709;
1.9333;
2.324;
1.51998;
0.613562;
0.9561;
0.503853;
1.33833;
2.21036;
0.0733344;
1.91019;
1.46052;
2.57366;
1.50423;
2.36769;
0.537446;
1.79061;
2.40797;
0.850641;
1.96824;
1.42881;
1.17993;
0.566633;
0.940993;
0.817924;
0.853238;
0.505369;
2.7606;
2.42916;
0.919337;
1.43179;
3.0993;
0.410702;
2.53159;
0.630932;
2.49888;
1.37736;
0.570706;
0.843279;
2.28607;
0.418203;
1.95759;
0.95741;
0.940384;
1.11499;
0.509836;
2.94196;
0.916926;
2.94328;
1.01049;
0.61774;
1.00829;
1.80919;
0.508787;
1.80574;
1.59784;
0.986181;
0.73969;
2.43355;
1.36248;
2.08941;
2.14258;
1.44642;
2.54718;
0.898948;
0.725454;
1.80573;
1.05018;
1.52276;
1.7527;
0.0656359;
0.969764;
1.46002;
0.600687;
1.76266;
1.25953;
2.7316;
2.68957;
0.946418;
1.85289;
2.05751;
1.92339;
1.88307;
3.55601;
0.559046;
2.821;
1.91468;
1.33918;
0.455207;
0.479701;
1.87694;
0.931716;
0.54863;
1.01653;
1.78382;
2.22526;
2.77052;
1.42952;
0.383518;
2.36893;
2.11677;
1.99599;
2.41237;
1.92037;
1.94921;
1.04567;
2.7936;
1.47941;
0.593498;
1.6404;
0.590515;
1.82347;
0.892807;
0.0587626;
2.73745;
0.91509;
0.978243;
0.0720585;
2.31086;
1.48659;
2.41059;
0.4432;
0.495546;
0.509416;
1.97612;
0.907508;
1.54244;
0.981624;
1.20587;
1.50691;
1.50286;
2.51909;
1.48248;
0.990865;
2.54798;
0.982676;
1.48847;
1.99841;
2.27258;
1.50124;
0.0756958;
1.84124;
1.78653;
2.08668;
1.01748;
2.43819;
1.08447;
1.49118;
1.21805;
0.0882173;
2.38214;
0.0569936;
1.09878;
2.19704;
1.01897;
0.913548;
2.39148;
1.96714;
1.01187;
0.992083;
1.1385;
3.27338;
0.070393;
2.15215;
1.91873;
2.65934;
0.820882;
1.97207;
0.946103;
1.86808;
0.847314;
1.32439;
1.79254;
0.946258;
4.1093;
1.75931;
1.44466;
1.3825;
1.47676;
2.07122;
1.3451;
0.845246;
2.78076;
0.964292;
0.078743;
1.95659;
2.60969;
2.31985;
0.340432;
1.02022;
0.965786;
1.39723;
0.12779;
0.0872124;
0.514701;
0.989997;
2.30749;
1.06419;
1.75112;
1.33023;
1.32578;
1.38283;
2.23429;
3.85728;
1.01238;
1.8621;
1.36168;
2.44383;
2.63762;
1.39014;
1.81421;
0.949785;
0.452672;
1.71196;
3.29872;
1.88267;
1.0935;
1.04835;
0.891877;
2.1782;
0.936089;
1.37339;
2.24233;
1.40869;
0.895553;
3.08263;
2.10417;
2.00203;
1.04318;
0.427457;
2.28004;
3.06348;
0.909962;
2.72271;
1.96933;
0.92131;
1.4112;
1.03461;
3.29484;
2.86044;
1.93998;
2.79357;
4.77574;
1.35213;
1.3335;
2.19976;
2.27624;
2.8728;
0.530857;
1.73761;
2.72754;
1.38915;
0.930582;
3.21649;
1.86787;
0.989995;
1.46739;
0.986184;
3.06828;
1.46099;
2.59797;
1.68583;
5.0212;
0.937402;
0.0406499;
2.28794;
3.13576;
0.491948;
1.52996;
1.41786;
2.25864;
0.0285832;
0.574094;
1.46655;
1.69872;
1.44917;
1.19216;
1.81317;
0.0649281;
2.58828;
2.25178;
1.42637;
1.82911;
1.74602;
1.42389;
1.47417;
2.87753;
0.058268;
1.3128;
2.89325;
1.93209;
0.889369;
1.75372;
2.72033;
2.27606;
1.44547;
0.516867;
1.51348;
1.18889;
1.4481;
1.02251;
1.80026;
0.78823;
0.0900459;
1.04574;
0.0465342;
1.97365;
1.76503;
3.09276;
2.05035;
2.48406;
1.00279;
0.867169;
1.67924;
4.22865;
1.37226;
0.0615823;
1.82027;
1.01964;
0.529592;
1.77894;
1.88949;
2.57724;
3.23244;
2.58676;
0.918953;
0.452148;
2.14946;
1.39978;
0.0567131;
1.25496;
1.29457;
0.0149897;
0.979971;
0.576509;
0.904757;
0.913961;
2.75845;
2.68446;
0.486736;
1.7529;
2.37772;
2.25469;
2.27676;
0.501745;
1.38594;
1.61901;
0.485587;
2.3884;
0.93263;
0.952329;
1.029;
2.62618;
1.72878;
3.25255;
0.492893;
1.73937;
0.0622002;
1.91817;
2.84105;
1.48435;
1.95205;
0.990388;
1.8971;
1.35964;
0.410443;
1.04223;
1.05719;
3.06514;
3.10648;
0.431832;
2.31993;
2.37629;
1.85233;
1.40527;
1.47068;
2.27491;
0.498531;
1.08396;
0.0889771;
1.23676;
2.00442;
2.25267;
2.18208;
1.7384;
1.96947;
0.563661;
1.73053;
1.3944;
1.91469;
0.52569;
2.7895;
3.20854;
0.474137;
2.59059;
1.18263;
2.43873;
2.81954;
1.72143;
1.91101;
1.24941;
5.63992;
3.01168;
3.05613;
0.544296;
1.18466;
2.41306;
1.29256;
1.28835;
1.91816;
0.953725;
0.630989;
1.71904;
1.75186;
1.5835;
2.7214;
0.490942;
1.89326;
0.552411;
2.88692;
0.891542;
0.371843;
0.77025;
1.94679;
1.37424;
2.27268;
1.73283;
2.76627;
2.11761;
3.10037;
2.80793;
0.556882;
1.93894;
1.41457;
1.8871;
3.17001;
1.93105;
3.7618;
1.60617;
2.96379;
2.27562;
1.74841;
2.81541;
3.13757;
0.945174;
0.526968;
1.95091;
0.903987;
2.33015;
4.06612;
2.37603;
0.483191;
1.352;
0.907591;
2.27425;
0.386552;
0.534435;
3.71266;
1.80289;
2.37356;
0.505279;
1.81232;
1.97401;
3.67829;
1.86776;
2.29281;
2.35637;
1.76331;
2.31822;
2.49868;
1.75915;
2.47054;
0.857478;
1.13743;
0.421038;
2.28044;
0.9243;
1.81479;
1.88794;
1.1917;
1.90383;
3.1623;
1.97079;
2.41162;
0.0621153;
2.58099;
1.46941;
3.13045;
1.20577;
0.910891;
2.16237;
1.39074;
1.05852;
0.453921;
1.81142;
3.77437;
2.46851;
1.4348;
3.08901;
2.19589;
1.21423;
1.87043;
5.30296;
0.917603;
2.93442;
1.42235;
0.533744;
2.86144;
3.79344;
2.40595;
2.11399;
1.19967;
2.37989;
2.15831;
1.77489;
3.36049;
2.81965;
4.39642;
3.68482;
2.17328;
1.50603;
2.89256;
0.838551;
4.87919;
2.65156;
2.80618;
2.73884;
1.8543;
1.42614;
2.31148;
0.56313;
3.11616;
3.27681;
1.21929;
0.877336;
1.14317;
2.27481;
4.86014;
2.38722;
2.78951;
1.40285;
2.76318;
1.92449;
4.29283;
3.26297;
2.2368;
1.82096;
3.49947;
2.29645;
1.70847;
1.50173;
2.83751;
1.86966;
1.82256;
2.58123;
2.88595;
1.52635;
1.91101;
1.92882;
2.7148;
2.88628;
0.548923;
3.66816;
1.92654;
2.76678;
2.48191;
3.36595;
3.66194;
2.36456;
3.596;
2.03336;
1.86975;
1.6599;
2.43777;
3.36605;
3.0307;
4.43623;
1.05899;
1.52632;
2.38959;
5.33016;
2.48273;
0.545303;
3.79033;
5.14453;
2.40436;
1.43892;
3.0611;
0.985486;
1.85715;
2.72507;
1.77511;
2.3551;
1.17866;
3.17965;
0.974486;
3.05775;
2.32648;
4.28318;
1.06337;
5.46553;
0.934173;
4.69349;
2.3451;
4.7296;
2.47627;
3.45601;
3.06778;
1.97656;
1.51272;
0.988087;
5.54745;
4.92059;
2.81268;
1.36744;
1.96045;
2.56658;
2.10485;
3.16496;
2.90327;
1.46465;
2.44053;
3.80297;
0.889733;
3.16903;
1.4226;
1.81433;
1.82992;
2.30913;
1.38784;
3.58231;
2.80503;
3.20807;
2.39416;
2.37871;
1.82749;
0.778758;
2.25481;
2.47587;
1.51289;
3.24838;
3.38668;
0.477955;
1.90041;
4.08229;
4.23771;
3.42655;
3.03347;
1.85325;
0.989615;
4.25906;
2.39804;
3.524;
1.32779;
2.38565;
2.30269;
1.50047;
2.45822;
3.4544;
2.39759;
1.9603;
1.78993;
2.79899;
2.4022;
4.14271;
2.99579;
3.72891;
2.91428;
1.95396;
1.77774;
1.54146;
1.91958;
2.44733;
3.3234;
3.38102;
1.35374;
2.89966;
2.33288;
4.14068;
1.01671;
2.31518;
1.02097;
3.83857;
2.75123;
1.80394;
1.40119;
1.47281;
1.78438;
3.83605;
2.81345;
1.40229;
0.968634;
3.29405;
3.06764;
2.91723;
5.44785;
2.25174;
4.17875;
3.34742;
4.19352;
1.86525;
1.91179;
1.52762;
1.8387;
0.524463;
2.3868;
3.21089;
3.72948;
2.30656;
2.76008;
2.43912;
1.03731;
1.98122;
2.68595;
2.40996;
2.83968;
2.41318;
1.00331;
2.89066;
1.77739;
2.19686;
2.19329;
1.91586;
3.63065;
3.09581;
1.43593;
2.37669;
0.530271;
2.39269;
3.4903;
2.28531;
1.42192;
5.04948;
2.34657;
3.20122;
1.87372;
2.2711;
0.785828;
4.00102;
0.43542;
3.69472;
4.08557;
2.77147;
1.88015;
1.35823;
1.94993;
2.94491;
0.93705;
2.34043;
2.94925;
1.88418;
1.02702;
2.6663;
1.81896;
1.96786;
3.31823;
1.51136;
2.87363;
5.19651;
2.88413;
1.50985;
2.38039;
2.98146;
1.45123;
1.50431;
2.41347;
5.57834;
1.41327;
3.67641;
3.55961;
5.40828;
3.29208;
2.37899;
2.45594;
3.12547;
1.30689;
2.92006;
1.90636;
3.34123;
3.09041;
1.88138;
0.879813;
3.6057;
1.00725;
6.10616;
2.5641;
4.28769;
3.27137;
0.99352;
2.76528;
4.00515;
0.920535;
1.85898;
2.47913;
2.76747;
1.91106;
2.42411;
1.9524;
2.19917;
1.2025;
2.28762;
1.78718;
0.0713541;
4.15007;
2.43784;
4.16571;
3.01328;
2.33146;
4.79335;
1.45505;
4.82954;
2.02307;
2.32312;
2.41917;
4.80696;
2.53803;
3.46635;
2.3683;
3.49669;
2.85132;
4.15035;
3.71499;
3.61605;
1.35231;
3.61473;
3.20974;
3.71133;
4.16039;
4.18461;
2.87912;
3.54796;
3.68241;
1.80401;
0.96852;
2.44707;
2.72835;
4.16861;
2.33161;
4.59974;
2.42341;
3.25848;
1.40081;
4.76192;
3.28096;
2.89494;
4.62235;
2.87973;
2.31023;
6.59235;
3.28624;
1.90133;
4.85354;
2.40914;
1.98721;
1.5337;
1.89356;
3.90603;
4.19193;
2.39197;
1.01014;
3.03176;
2.97255;
1.52122;
3.5;
0.963807;
2.48802;
2.35237;
3.30253;
1.35387;
2.8819;
1.81918;
3.82169;
2.37899;
2.79748;
1.89951;
3.13969;
3.34095;
3.31323;
4.61079;
1.9493;
2.32075;
2.80085;
2.82354;
1.33863;
2.79117;
2.25641;
0.921685;
4.92061;
1.37063;
1.00094;
2.818;
1.41999;
1.47233;
1.83434;
1.88017;
3.69493;
1.87634;
3.99141;
2.34066;
1.46745;
0.846799;
2.24708;
2.8297;
3.77368;
2.4443;
2.51186;
2.70918;
2.01664;
3.19666;
2.38878;
2.37162;
2.36014;
0.516007;
2.34539;
3.96085;
3.23718;
3.70563;
2.15873;
1.7658;
2.68982;
1.01725;
1.3248;
2.92313;
3.2004;
3.19022;
2.00237;
3.75648;
1.43444;
2.43129;
2.28784;
3.26512;
3.41589;
3.36951;
1.85988;
1.73465;
2.85049;
3.12217;
2.39423;
1.35328;
1.90102;
1.49089;
3.38051;
2.82215;
2.46836;
2.34131;
2.29228;
2.76744;
2.91836;
2.3513;
3.62857;
5.31536;
2.37509;
3.16367;
1.28829;
3.32392;
1.45674;
1.35112;
4.24594;
2.33228;
1.39983;
1.429;
2.28899;
4.17774;
1.97568;
1.41152;
3.19537;
2.86726;
4.11155;
1.00111;
2.96797;
2.6863;
2.76506;
1.43295;
3.37443;
3.17874;
2.79327;
1.75334;
3.38705;
2.81603;
2.20387;
2.24;
2.37943;
1.5225;
4.12826;
2.86782;
3.72513;
3.67755;
2.87588;
2.38751;
1.46058;
2.25586;
2.90285;
4.08576;
3.41054;
1.4213;
2.78834;
1.37792;
4.68318;
1.87363;
1.85564;
3.08308;
3.08798;
0.561948;
2.81318;
4.71956;
2.32237;
2.20378;
2.75464;
5.60572;
1.93943;
1.92425;
1.8977;
2.76837;
3.37257;
1.72555;
2.35091;
3.26621;
2.61786;
2.76648;
2.3041;
2.36277;
1.89356;
3.0856;
1.34647;
2.81553;
2.37827;
3.33495;
2.27722;
1.83206;
3.22703;
0.974128;
2.74216;
2.70691;
0.9965;
3.60407;
2.24588;
2.88423;
0.990875;
2.47586;
2.30624;
2.37158;
2.82424;
2.30251;
2.40571;
0.936345;
3.74755;
1.83274;
1.75767;
3.40791;
3.76183;
1.88983;
3.56864;
1.92144;
0.526239;
1.00791;
1.8814;
3.20073;
3.74238;
2.84917;
3.1902;
2.87689;
2.32627;
2.78079;
1.50377;
1.01412;
2.37602;
2.37396;
1.90424;
2.33848;
3.78419;
1.95082;
0.960979;
4.11641;
1.87342;
2.34247;
2.38269;
2.42668;
1.40099;
1.95689;
3.26084;
2.36233;
1.39568;
4.56026;
1.42905;
0.927946;
0.508505;
1.29957;
2.88465;
1.89156;
2.70265;
2.83886;
0.858114;
0.923855;
0.942649;
5.59007;
2.38501;
3.29939;
2.80694;
1.93412;
1.94976;
0.959913;
4.26052;
3.42897;
1.32267;
2.75998;
3.93998;
3.91733;
1.825;
0.975846;
1.7372;
3.82797;
2.40617;
2.83479;
2.28471;
2.43187;
3.29555;
1.73629;
4.02499;
1.40145;
2.26283;
1.36181;
1.95497;
1.90238;
2.39876;
2.23893;
3.40381;
2.38058;
3.51605;
1.66893;
2.82671;
1.46173;
2.83764;
2.35521;
2.29032;
2.98932;
3.06317;
1.327;
3.29068;
3.67068;
1.45759;
1.4886;
1.74983;
0.962143;
1.96631;
3.70962;
3.6606;
1.90396;
2.71512;
2.64699;
3.59541;
2.26305;
2.74049;
2.40615;
1.71613;
2.33936;
0.984176;
5.91595;
3.5248;
5.39209;
2.81421;
3.23914;
3.22362;
2.87019;
1.35546;
2.65064;
2.22227;
2.83172;
2.79249;
1.8512;
3.96026;
2.37613;
2.30164;
1.42158;
1.9511;
2.79137;
1.0022;
1.83731;
1.78017;
3.04795;
1.92687;
3.58706;
0.43747;
0.506296;
1.9351;
2.2711;
3.13995;
2.27161;
3.4474;
1.86414;
2.23574;
2.35564;
1.76876;
2.22742;
1.88359;
3.20429;
3.29502;
1.71956;
1.85224;
3.09198;
4.72576;
1.88626;
2.32833;
4.05736;
2.66804;
2.69953;
1.43953;
2.23992;
1.79666;
0.975896;
2.33586;
3.34434;
1.33126;
0.519082;
2.86417;
1.43629;
2.86897;
1.62107;
0.905676;
1.538;
0.434535;
0.979663;
3.72457;
4.14583;
2.24151;
3.13266;
3.25978;
2.67332;
0.51988;
2.33997;
2.82278;
1.84195;
2.96714;
4.19536;
3.29617;
1.84607;
0.891374;
2.28402;
1.89837;
2.76229;
3.89959;
7.21268;
1.33036;
2.74941;
1.7179;
1.02096;
2.27972;
1.35143;
3.2152;
0.535058;
1.94561;
2.28328;
1.0011;
3.53558;
2.20888;
3.3345;
2.31044;
2.81565;
3.07281;
1.25423;
0.0428425;
2.21841;
2.8552;
2.82189;
2.70673;
1.37478;
2.33387;
2.29138;
2.3721;
2.39537;
2.32028;
1.3705;
0.851102;
3.67526;
2.74928;
1.81441;
1.83914;
2.60127;
1.47357;
1.7479;
2.90472;
1.83496;
1.90423;
2.79184;
2.36376;
1.36555;
4.42284;
2.29797;
2.34355;
0.920225;
3.22551;
2.0057;
1.74646;
2.24884;
0.969987;
2.21042;
2.30534;
2.40189;
2.86834;
1.89083;
3.65092;
1.39175;
1.4074;
2.44387;
3.16945;
2.32464;
3.36544;
2.76133;
1.66847;
3.67658;
4.16599;
3.8363;
2.29728;
2.6828;
1.81445;
0.493546;
1.24441;
3.12822;
2.29124;
4.15125;
2.33187;
2.75369;
1.38749;
4.03073;
0.0485376;
2.3084;
2.23034;
3.52942;
2.33997;
0.470075;
2.76134;
0.88148;
2.2332;
1.99857;
3.31321;
1.80366;
3.8355;
3.23829;
1.81789;
1.97597;
4.46326;
0.0305373;
2.36849;
2.40524;
2.26862;
0.887357;
0.916271;
2.83429;
1.02521;
1.33224;
1.43297;
0.902749;
2.74361;
2.77636;
0.914758;
0.995123;
2.30468;
2.25806;
2.24967;
2.30368;
2.23223;
2.75308;
1.87468;
2.82293;
0.0517515;
0.545262;
2.81551;
2.22079;
2.13821;
4.06538;
3.61516;
0.436539;
1.88546;
4.2038;
1.86553;
3.18974;
1.92504;
2.70354;
0.909022;
1.92163;
0.513853;
1.81643;
2.39508;
1.83031;
3.89776;
3.34031;
1.87773;
3.64674;
1.69364;
2.67236;
2.17505;
2.24902;
1.83982;
2.73973;
2.77656;
1.90273;
1.95079;
0.485264;
1.94614;
3.53573;
1.46364;
1.91244;
2.28862;
2.74168;
1.2956;
2.18244;
1.33283;
1.97602;
2.40031;
1.36313;
0.92394;
1.78693;
1.42722;
1.37044;
1.38192;
3.30504;
2.39539;
1.94837;
3.72384;
0.941807;
1.87198;
1.8484;
2.33478;
1.95041;
2.74962;
3.1816;
2.32813;
1.91423;
0.510497;
2.36631;
1.96744;
3.92455;
3.1624;
2.4147;
2.64364;
2.32076;
3.28812;
1.82545;
0.998525;
1.40476;
1.38515;
0.832316;
3.12046;
2.1514;
4.00761;
2.25566;
3.25832;
1.96623;
2.26057;
2.81665;
2.37819;
2.66698;
4.09009;
3.42015;
2.82786;
4.1399;
1.84366;
1.43291;
2.2926;
2.26237;
0.959637;
1.69048;
1.41242;
1.90904;
1.7452;
2.92497;
2.33693;
5.89444;
1.46332;
1.31485;
3.64266;
1.36076;
2.34435;
0.486368;
2.68008;
2.47968;
1.75925;
2.73557;
3.576;
2.31564;
1.30104;
1.36789;
1.97248;
2.76769;
3.60145;
2.78543;
1.78876;
2.36592;
3.29283;
0.506206;
0.921291;
4.66737;
2.85632;
1.86699;
2.20943;
1.88149;
2.28691;
1.41465;
0.976146;
1.80649;
3.30635;
1.35968;
2.45065;
2.01478;
1.30306;
2.77417;
2.70612;
0.438041;
1.93466;
2.78873;
2.88779;
1.82917;
1.85937;
2.2154;
2.70615;
3.40434;
2.29173;
2.71137;
2.73418;
3.69681;
2.36737;
0.528812;
1.28429;
3.35258;
2.45218;
0.894707;
0.942082;
1.35702;
2.38882;
0.948203;
2.31466;
1.3985;
2.34173;
1.90206;
3.75031;
3.16455;
2.31964;
4.09866;
1.80749;
1.47165;
3.71113;
0.519433;
1.8598;
0.992945;
1.97536;
1.3366;
2.30119;
1.9148;
1.97233;
0.958185;
1.95528;
2.3773;
2.34212;
2.80677;
3.27375;
0.950457;
1.99886;
3.18297;
0.846357;
0.961238;
0.933911;
1.42496;
1.86498;
1.96337;
1.40946;
2.38274;
2.24246;
2.80835;
1.33658;
2.78432;
2.31549;
3.38739;
1.37275;
3.28136;
2.29418;
1.80676;
1.92299;
0.501968;
1.92309;
2.19288;
2.33308;
2.84069;
1.4038;
3.64428;
5.11892;
1.84488;
3.18033;
2.78203;
1.23491;
1.30628;
1.45165;
0.496523;
3.32993;
1.82742;
3.25342;
1.90167;
1.48324;
1.43633;
2.80031;
0.99021;
1.95662;
1.35706;
1.42347;
2.33762;
4.46394;
1.33721;
3.5471;
1.38436;
0.980164;
1.00089;
1.34282;
0.852618;
2.756;
1.77064;
1.39932;
3.68236;
0.944037;
3.16111;
2.38503;
2.69046;
1.90947;
1.50888;
1.31845;
1.85769;
2.06462;
2.95687;
1.85357;
1.34866;
0.835146;
2.2518;
2.7854;
0.512498;
2.66052;
0.423172;
0.814283;
1.34138;
2.0731;
2.36498;
1.86801;
2.65181;
2.24684;
2.17783;
2.17467;
2.22458;
1.05715;
1.40291;
0.538331;
0.489945;
1.0195;
1.47748;
1.36839;
1.82764;
1.89781;
1.87129;
2.30469;
1.45056;
0.913978;
2.17049;
2.98178;
0.885032;
2.76879;
2.81372;
1.45386;
3.62413;
2.31385;
2.25329;
1.53734;
2.78984;
2.19197;
4.45083;
2.42047;
2.8179;
0.510132;
4.22013;
2.71282;
2.81862;
0.879802;
1.89685;
1.5276;
3.36159;
3.02646;
1.07083;
1.48225;
1.84289;
3.06577;
1.3444;
2.2575;
1.54391;
0.967117;
2.44513;
0.447364;
0.854718;
4.46308;
1.31527;
1.33872;
1.46231;
0.843834;
0.513102;
1.87763;
0.934248;
1.42213;
0.996317;
1.41611;
2.03475;
1.75032;
1.9583;
3.94311;
2.39;
1.49968;
1.96186;
0.539161;
2.88042;
2.36501;
4.05402;
1.8794;
1.84024;
3.67712;
2.90803;
0.824151;
2.70933;
2.29292;
1.48076;
1.86121;
0.968413;
1.75326;
1.87527;
1.41124;
1.93967;
1.86116;
2.62194;
1.43831;
1.39661;
2.81962;
1.40753;
1.98691;
1.38837;
2.27839;
1.92411;
1.77174;
2.04871;
2.91014;
2.85036;
1.83344;
1.96481;
1.4826;
2.77884;
1.91839;
0.447414;
2.78731;
3.81266;
0.848588;
1.46626;
3.18074;
3.28006;
1.92086;
2.29639;
2.31349;
1.8664;
0.951641;
2.33579;
0.532458;
2.71076;
2.24351;
1.92055;
0.878579;
0.912532;
5.1151;
1.74084;
2.90334;
1.8668;
3.31106;
1.85471;
2.33019;
2.95797;
2.4189;
1.89767;
1.96412;
3.60973;
1.41812;
3.34945;
1.04798;
1.43953;
2.77368;
1.4884;
1.46611;
0.0228423;
1.83608;
2.20796;
2.09115;
1.44609;
1.39992;
0.947326;
1.78749;
0.891223;
2.84031;
2.7695;
1.50431;
1.94005;
3.28126;
1.78942;
1.45968;
2.31912;
0.907548;
1.98883;
2.62095;
1.88254;
1.4066;
2.92067;
2.38173;
3.40516;
0.97919;
1.88226;
3.4104;
1.36798;
2.66639;
3.81806;
0.0245273;
1.42961;
2.29667;
2.80616;
3.66359;
4.67325;
0.998954;
1.01124;
2.77957;
2.32267;
5.56578;
4.85198;
3.18828;
3.23295;
0.951235;
3.29154;
1.89085;
1.4465;
1.41466;
2.34462;
1.39024;
2.91287;
3.72196;
1.35738;
4.45766;
0.968893;
1.367;
1.89645;
0.484873;
3.65891;
2.75792;
1.97787;
3.35516;
1.84729;
2.02326;
0.539312;
2.71689;
0.491357;
2.37656;
1.86461;
2.858;
1.84723;
2.39887;
1.38739;
3.33772;
1.91679;
2.32406;
1.28771;
1.53402;
0.427439;
2.32999;
1.3743;
3.86123;
1.95174;
0.992765;
2.86348;
1.037;
1.89646;
1.9234;
3.88373;
1.91163;
2.33499;
1.39704;
1.3816;
0.946088;
3.15313;
1.42694;
1.44617;
1.96085;
1.96619;
2.1262;
0.518963;
2.31841;
1.81676;
2.34491;
1.90758;
1.92571;
0.530389;
2.82146;
1.9308;
1.46574;
0.4784;
2.14589;
2.35506;
4.22789;
2.93697;
1.35257;
2.92387;
2.82594;
1.82229;
1.70882;
0.532182;
0.53224;
2.45687;
1.52076;
0.493916;
2.41737;
1.4982;
1.90002;
0.534191;
2.75597;
0.0425658;
1.45371;
0.46077;
2.3597;
2.46199;
0.485734;
2.83893;
1.9448;
1.50777;
1.91129;
3.4384;
3.78436;
1.29659;
1.8306;
0.541501;
1.95127;
1.89445;
1.80141;
1.88722;
3.89877;
1.34177;
1.36899;
1.37642;
0.896969;
1.40526;
3.27361;
2.46818;
1.89034;
2.8204;
2.36486;
1.91323;
1.36822;
0.879643;
1.49243;
1.87551;
3.34433;
2.23177;
0.0406239;
1.34701;
1.55342;
1.4018;
2.63899;
3.82149;
2.08144;
3.75657;
2.42007;
2.87646;
1.84423;
1.46677;
0.889668;
1.45723;
1.40555;
0.483547;
0.484876;
0.94491;
1.97268;
0.433806;
0.918891;
1.97013;
1.55781;
0.913602;
1.89287;
1.80504;
3.47307;
2.89488;
1.41009;
1.90372;
2.83826;
0.489314;
1.9903;
0.480741;
1.79418;
2.70985;
3.30264;
2.01574;
1.96447;
3.83422;
3.27774;
2.76892;
0.987287;
1.87946;
0.989516;
2.51214;
0.489086;
1.41943;
3.37716;
2.4368;
0.878009;
0.431709;
1.99586;
1.79959;
3.30877;
5.05085;
0.992717;
1.45213;
0.991019;
1.94087;
1.90126;
1.94413;
2.34695;
2.3905;
2.92787;
3.72914;
1.51724;
1.97174;
2.22705;
1.51728;
2.89898;
1.44407;
1.93654;
2.31281;
1.3736;
0.531425;
1.88564;
1.90578;
0.526353;
1.99987;
0.51047;
1.42388;
1.46722;
1.83162;
2.5103;
2.39201;
2.36505;
3.81393;
1.41528;
1.46582;
0.529319;
2.36047;
2.87509;
3.38368;
1.37837;
0.965308;
0.900392;
2.36028;
2.24663;
3.46983;
2.69188;
1.3997;
2.01816;
2.39498;
1.95063;
1.96272;
1.77098;
1.7924;
3.26683;
2.79897;
1.91444;
3.31479;
3.22692;
1.91275;
2.81079;
2.21618;
1.88605;
0.442584;
1.47747;
0.54392;
1.92334;
2.85757;
1.48979;
2.74911;
0.924802;
0.975058;
1.77944;
1.40168;
2.38429;
1.86101;
0.986971;
1.87675;
2.66513;
0.88768;
2.81377;
1.37515;
2.51614;
1.35313;
3.75968;
3.66792;
1.41649;
1.68983;
1.52902;
0.526455;
0.994842;
2.40437;
0.934076;
2.72256;
2.37333;
0.529125;
0.969962;
0.936176;
3.20947;
0.846628;
2.50762;
1.99652;
1.40833;
1.39953;
1.44173;
0.487696;
1.44175;
3.32108;
2.00799;
2.76041;
1.98956;
5.26441;
1.85126;
2.06603;
0.940718;
2.55213;
1.39618;
2.04426;
1.5112;
1.76854;
0.478538;
1.33134;
1.42955;
2.22167;
1.32647;
1.39119;
2.2932;
2.12427;
2.44105;
0.531063;
1.54658;
2.40307;
3.85327;
1.95168;
0.436939;
0.963112;
2.25998;
2.22643;
2.93763;
2.31311;
0.982974;
1.33366;
0.991889;
0.498312;
1.96975;
2.35564;
0.441697;
0.989494;
2.37148;
0.98729;
0.432227;
2.85329;
1.86706;
2.45411;
2.91316;
3.43736;
1.83979;
0.998011;
1.43005;
1.38866;
1.49942;
2.95751;
1.34568;
1.78924;
1.04742;
0.478465;
1.46898;
0.493216;
1.45841;
2.37408;
2.45581;
0.950121;
3.3082;
3.12493;
1.43054;
0.4863;
0.534896;
1.48204;
4.30562;
1.55305;
1.88126;
3.30554;
1.35455;
0.981269;
1.37554;
1.83522;
1.40349;
1.87598;
0.967448;
1.41001;
1.89972;
2.0407;
3.85312;
1.39769;
0.996823;
2.42724;
1.42361;
0.984845;
1.90856;
2.86375;
0.990566;
1.44576;
2.31297;
2.957;
1.9481;
0.947609;
1.91667;
0.491208;
3.19976;
0.525396;
1.48078;
1.35471;
1.90004;
1.32801;
2.34316;
1.845;
2.44176;
1.42993;
2.59036;
0.0227396;
0.949034;
2.43025;
2.40079;
1.42057;
1.4002;
2.88854;
1.49103;
2.85995;
0.483471;
0.887878;
0.521743;
1.95373;
1.94577;
0.439196;
2.46612;
0.960816;
2.35695;
2.38986;
2.3637;
2.28875;
2.38899;
1.92987;
1.40111;
1.85803;
2.93588;
0.478667;
0.480795;
1.38929;
1.85069;
2.79713;
1.86541;
0.0244053;
2.42266;
1.97195;
1.99843;
2.25498;
0.922183;
0.516647;
0.996845;
2.96982;
2.25156;
2.91181;
3.30954;
1.46162;
2.90459;
1.84179;
0.969832;
4.18448;
2.36362;
2.86177;
1.9183;
2.92994;
2.35229;
0.482534;
1.30589;
3.25526;
0.0259225;
0.943037;
1.36146;
0.487891;
1.89585;
0.984716;
3.48138;
0.905934;
2.37612;
1.42195;
0.988105;
1.90888;
1.03545;
0.434626;
2.41198;
1.49145;
1.84941;
3.13392;
0.984266;
2.82926;
2.79306;
1.95278;
2.50707;
1.53912;
1.44302;
0.979186;
1.88875;
3.60111;
1.02007;
0.975833;
1.01222;
2.75292;
0.5351;
0.99101;
0.495494;
1.81331;
0.0312592;
2.85243;
4.73919;
0.987606;
1.89224;
0.986829;
2.8537;
1.44913;
1.38925;
2.32556;
1.89637;
3.37911;
0.924969;
0.482524;
1.04632;
1.46673;
1.35838;
1.90284;
2.32669;
1.81112;
1.9035;
0.525264;
2.42287;
3.32605;
2.87266;
0.518667;
2.49307;
1.95274;
1.40528;
4.15975;
2.33918;
3.41721;
0.942032;
1.48175;
1.91624;
1.53836;
1.92625;
1.04793;
0.977316;
1.97298;
2.78797;
1.38866;
1.51216;
2.38671;
2.3381;
1.87983;
1.31388;
0.973039;
2.81063;
1.01854;
1.3352;
0.435821;
2.77181;
0.950685;
1.92813;
1.88292;
1.49093;
0.906353;
0.531483;
2.41133;
0.995296;
2.43544;
1.53737;
1.97419;
1.37675;
0.988125;
1.40831;
3.24326;
1.9497;
1.87527;
0.919969;
0.487995;
1.02754;
1.3925;
1.52035;
3.71124;
0.990829;
0.0242461;
1.93222;
1.03425;
2.55439;
1.47789;
1.0334;
0.953529;
0.510976;
1.95848;
0.508964;
0.938895;
3.40485;
1.75665;
3.30254;
1.8076;
2.9108;
0.807173;
1.97815;
0.528745;
2.71506;
1.78559;
2.8849;
0.9924;
0.480078;
1.43457;
0.947686;
0.0205782;
2.34544;
1.34585;
1.90361;
2.81958;
0.903953;
2.87188;
1.44908;
0.854752;
1.44536;
2.91873;
2.34416;
0.0237376;
1.98787;
1.36281;
2.37716;
1.95618;
2.88135;
1.30603;
0.505934;
0.984488;
0.523512;
2.88501;
1.50032;
1.53956;
2.30133;
0.935167;
0.0234509;
3.2953;
0.480429;
1.9358;
0.484559;
1.31678;
1.9105;
3.38035;
0.434482;
0.52542;
1.01671;
2.33143;
0.94181;
0.494302;
1.98014;
2.81849;
2.44029;
2.46709;
1.44117;
0.48198;
3.40868;
3.23767;
0.956158;
1.03077;
0.983903;
2.31003;
0.987421;
1.42114;
1.3673;
2.39972;
2.80882;
0.965773;
1.01033;
2.41271;
2.28915;
2.30846;
1.49481;
0.998372;
3.38031;
1.40138;
1.02822;
1.39083;
3.43377;
0.988051;
0.970584;
0.0205494;
1.32439;
2.44783;
2.41583;
1.03859;
1.35725;
1.97457;
1.77223;
1.92612;
2.88308;
2.0178;
1.47321;
1.87254;
2.37148;
1.53149;
1.03053;
2.26386;
1.44163;
0.483857;
1.2896;
0.0228288;
1.81333;
2.34827;
2.34933;
2.42959;
2.9668;
0.951043;
1.44964;
1.48418;
0.528004;
0.522629;
1.47196;
1.41191;
3.31716;
0.957981;
1.0084;
2.80076;
0.98959;
1.96618;
1.4042;
1.03261;
1.49442;
1.46547;
2.89353;
0.483132;
2.81185;
0.74092;
3.01115;
0.520918;
2.44633;
3.60262;
0.962088;
0.979803;
1.00418;
0.950797;
1.04917;
0.988939;
0.458134;
2.3781;
1.96657;
3.02879;
3.03087;
1.86211;
3.26634;
1.31095;
2.00401;
0.482575;
0.480785;
0.952858;
1.42274;
0.948659;
2.29935;
2.03204;
0.525356;
1.92271;
1.27221;
2.42051;
2.39466;
2.4436;
2.47866;
0.486817;
2.49481;
1.96586;
2.4574;
2.25165;
2.86397;
2.45159;
1.81029;
0.92922;
1.39727;
2.9764;
1.42986;
1.31917;
0.439098;
1.36782;
1.93601;
1.01639;
2.47816;
0.950349;
1.4595;
0.0165266;
2.43658;
0.526533;
1.4663;
1.90775;
2.03095;
0.957256;
1.98865;
0.522437;
1.88729;
2.28798;
1.02414;
1.92531;
3.79607;
0.49984;
1.96618;
3.37462;
0.46444;
1.36;
1.31528;
1.45105;
2.44149;
0.529271;
3.42869;
0.984561;
1.98351;
1.02482;
0.93395;
2.30774;
0.526338;
1.48381;
0.955185;
1.48052;
1.8596;
1.84657;
0.500696;
1.46909;
1.34659;
0.0203888;
1.47734;
1.4142;
1.03004;
1.85974;
0.491011;
0.957115;
1.48172;
2.33319;
0.529644;
1.45265;
1.42449;
1.98819;
1.93845;
2.0256;
1.4252;
0.503849;
0.98674;
1.99119;
1.83607;
2.39519;
1.44606;
1.46985;
1.4067;
1.91306;
2.43347;
1.32467;
0.989797;
0.51961;
1.44527;
1.92913;
0.986483;
1.89231;
0.52019;
1.88547;
1.41886;
1.84345;
3.41403;
2.36569;
1.86913;
2.31173;
1.46673;
1.8011;
1.94229;
3.34083;
1.42028;
0.984336;
0.917208;
1.95661;
2.41498;
1.01756;
0.0179879;
0.45574;
0.943225;
2.27478;
0.51895;
0.919117;
0.522337;
0.874449;
1.39111;
1.86225;
1.5214;
0.980985;
0.984293;
1.85457;
1.83434;
0.524599;
2.86614;
1.42135;
1.427;
2.34262;
1.4862;
2.32281;
1.45196;
1.8908;
1.01607;
2.40347;
