10.2258;
10.9585;
10.3419;
14.4939;
11.5322;
8.55517;
9.23532;
13.3131;
15.443;
6.9095;
11.8107;
8.087;
8.79501;
8.34561;
11.173;
11.7574;
8.55329;
9.29014;
10.3803;
9.71515;
13.4039;
9.66945;
13.1541;
7.38523;
7.98394;
8.41296;
8.77565;
8.25021;
10.971;
10.8192;
10.4451;
8.95017;
14.5043;
12.8951;
13.8848;
6.92195;
11.3207;
12.1196;
6.99871;
9.73893;
8.94174;
9.24638;
11.7214;
9.05358;
8.7571;
10.5836;
10.2477;
11.3687;
8.68888;
7.86604;
12.0225;
8.79358;
13.655;
10.5502;
10.2058;
11.1713;
12.7587;
11.3519;
12.1075;
13.9396;
11.6319;
11.5471;
11.2346;
5.49285;
11.0161;
12.4973;
8.88929;
9.57558;
8.88477;
11.8349;
10.5625;
9.09567;
12.4305;
9.20072;
9.00801;
8.21422;
7.84804;
10.7565;
6.22546;
6.43428;
11.6362;
10.5819;
7.3977;
10.6445;
11.3664;
8.1393;
9.62756;
9.72377;
8.54499;
9.2039;
8.6674;
4.2904;
11.1026;
9.30834;
15.1248;
10.244;
12.1537;
9.81239;
13.2601;
6.8039;
7.23699;
7.07959;
14.0448;
9.97491;
14.88;
8.77456;
10.4776;
13.2814;
7.83356;
13.2655;
10.2343;
12.597;
9.98971;
8.87024;
8.21803;
11.1447;
10.1876;
10.6653;
10.0063;
6.51789;
8.03796;
11.4001;
10.0165;
9.29782;
10.2308;
11.4052;
8.28583;
10.7107;
8.12492;
11.7522;
6.98481;
8.6126;
8.41887;
11.1277;
12.021;
12.2638;
10.2581;
9.17425;
10.5547;
11.9446;
7.89486;
11.2442;
9.26731;
7.74414;
8.33517;
9.75107;
8.63269;
10.6494;
11.2796;
10.5916;
11.6124;
12.174;
9.75147;
6.86781;
9.9303;
12.4987;
8.23746;
8.28251;
10.2134;
8.50482;
9.31123;
9.86429;
11.1509;
8.8592;
11.1053;
8.21153;
10.4323;
10.3962;
13.1105;
8.55916;
6.7156;
8.71875;
5.51627;
10.1772;
11.2999;
12.644;
9.5823;
10.4636;
8.33262;
6.21238;
12.6693;
11.6908;
7.43536;
8.00936;
10.7848;
6.47845;
5.74089;
7.19415;
5.23207;
8.62616;
8.06034;
6.12827;
8.92091;
7.8928;
10.3172;
9.67696;
6.47708;
10.6119;
7.14408;
8.87624;
8.10097;
10.3598;
9.22618;
7.71939;
12.9787;
10.6935;
6.84462;
13.541;
12.9257;
12.8692;
14.1867;
9.72779;
11.1379;
13.2497;
9.81076;
15.1308;
12.2237;
7.4621;
6.76859;
11.0423;
14.4253;
10.758;
11.7023;
10.4028;
12.6007;
7.21843;
7.6934;
10.5009;
7.61602;
8.87435;
9.72813;
10.3675;
7.61567;
12.3411;
8.72298;
8.65502;
6.60862;
9.89706;
11.4029;
9.11668;
8.89703;
13.9052;
11.41;
10.2931;
10.2662;
11.3301;
6.60013;
12.7351;
9.16292;
10.279;
9.91964;
7.69547;
9.21672;
13.3182;
9.93928;
7.11845;
5.97515;
8.03782;
11.5158;
9.25032;
7.86843;
8.61559;
8.64657;
12.2019;
9.33807;
10.7793;
8.66996;
10.8597;
7.72036;
10.5461;
11.4369;
10.2268;
12.1648;
8.16488;
8.43777;
11.2203;
12.7658;
10.8279;
12.9245;
8.17581;
10.0845;
5.44835;
7.63279;
13.4015;
10.754;
9.88574;
9.76536;
13.3474;
7.36657;
8.37026;
14.1141;
10.3893;
8.99998;
12.1154;
7.75225;
12.8758;
8.18092;
12.9686;
8.68587;
14.9209;
10.0984;
9.72598;
8.41176;
11.3229;
8.1011;
11.9395;
8.33036;
9.96522;
7.66009;
8.28433;
8.45774;
10.7792;
11.1549;
7.64543;
7.61316;
13.0657;
9.12179;
6.85831;
9.727;
8.52621;
9.06296;
4.22689;
7.9459;
8.76107;
10.1386;
7.74934;
10.4109;
12.721;
9.12285;
11.3415;
10.1769;
11.4203;
9.2011;
11.0783;
8.64354;
10.408;
9.05282;
10.58;
8.55982;
7.32646;
8.08622;
7.97005;
8.84621;
9.28361;
9.15247;
9.05725;
11.6854;
8.86292;
7.93905;
6.71716;
10.1483;
10.9896;
9.09749;
7.11567;
9.76441;
10.0448;
7.60607;
8.90154;
5.38173;
10.4153;
7.5205;
7.48805;
11.9816;
12.1451;
13.2841;
11.4095;
11.7456;
13.1985;
8.75719;
8.18704;
11.2663;
6.49288;
11.9002;
12.0479;
7.32321;
8.24929;
7.84856;
8.99234;
7.67137;
12.1942;
10.8668;
8.85625;
8.09224;
7.85725;
8.99241;
7.99241;
7.20294;
11.0511;
9.68537;
10.8463;
5.28964;
11.3473;
11.9356;
14.123;
6.60383;
6.61303;
11.0858;
4.14932;
9.84948;
10.2113;
11.1586;
6.41801;
7.91981;
13.4288;
10.3446;
10.7434;
8.41904;
9.39023;
10.988;
9.95041;
8.98641;
10.9615;
6.46816;
6.50194;
7.30323;
8.00601;
9.59912;
8.90419;
11.7595;
11.2379;
4.66058;
6.03332;
8.7206;
8.52766;
11.3691;
6.94904;
9.2673;
9.16445;
13.4474;
12.1341;
8.81238;
10.0864;
9.05691;
8.77485;
10.0496;
5.85962;
10.4078;
8.54436;
6.83481;
9.73876;
7.2742;
7.10799;
8.41498;
11.6162;
9.99162;
6.65795;
6.72291;
7.17619;
9.39084;
12.1012;
9.6095;
11.5467;
7.88093;
9.36044;
8.41317;
10.2962;
8.58939;
9.04037;
9.7217;
5.6939;
8.44135;
10.2596;
10.0661;
9.2536;
7.94214;
8.78703;
7.39952;
6.84755;
10.4507;
8.86955;
7.89917;
6.96009;
8.133;
8.61641;
9.64981;
8.34362;
8.1003;
9.21977;
6.55669;
6.92775;
10.8421;
6.80434;
6.47734;
10.7298;
9.24013;
9.26452;
8.34344;
9.57638;
13.4158;
8.67067;
7.91948;
6.35754;
8.59539;
7.23393;
12.5856;
11.3175;
7.65839;
10.2651;
10.7975;
9.15695;
10.1556;
6.34784;
8.11592;
7.4581;
8.06021;
5.43706;
9.39132;
5.62266;
6.79318;
8.20216;
10.9286;
10.5361;
9.3234;
8.11085;
11.695;
10.58;
7.55127;
6.21761;
10.0956;
13.3157;
6.21216;
9.97071;
9.96983;
7.44204;
8.17737;
10.9413;
9.25758;
5.00239;
8.1758;
7.66923;
6.42749;
8.31087;
7.32303;
10.636;
8.73794;
7.13066;
5.71667;
8.68038;
8.29304;
8.35866;
11.2007;
8.69228;
5.84045;
8.92739;
6.93026;
8.78831;
6.75238;
8.42054;
6.15372;
7.86568;
8.93691;
6.94993;
7.16049;
7.92804;
7.36369;
10.0326;
7.27878;
5.27409;
9.437;
10.1962;
5.46164;
11.6293;
8.20734;
8.96143;
9.38806;
12.0937;
7.15228;
8.04844;
8.78973;
6.79324;
6.04359;
9.53307;
7.43803;
6.0737;
9.11844;
4.94845;
7.27171;
8.81326;
8.68499;
6.39015;
7.9032;
12.3287;
10.0705;
8.09795;
10.1053;
10.4968;
8.37498;
9.02452;
7.08301;
7.65497;
6.69024;
6.71712;
7.10731;
8.08363;
5.19368;
6.9492;
8.63515;
9.90174;
8.29583;
7.2217;
9.07999;
9.81868;
4.80491;
15.1461;
15.1127;
7.33277;
9.61876;
10.1458;
10.235;
11.3607;
7.23477;
8.52483;
8.31883;
6.44648;
9.76485;
14.2908;
5.42334;
5.38003;
9.63859;
11.4753;
7.15855;
6.73207;
8.51355;
10.0966;
9.23106;
7.136;
7.54116;
9.90134;
7.83459;
11.8083;
4.83559;
8.17714;
8.03034;
7.48316;
6.20524;
7.71949;
8.75516;
7.31523;
8.46101;
10.2743;
7.61438;
7.57022;
6.1524;
10.6779;
8.33218;
10.88;
9.79542;
5.58366;
10.7574;
10.4349;
8.89453;
7.14451;
8.06757;
8.53695;
8.57346;
11.5791;
9.43267;
9.97736;
10.9384;
8.90076;
8.41894;
11.1804;
10.6082;
7.9725;
4.84268;
7.36799;
6.80895;
10.0688;
5.44168;
11.7427;
10.8356;
7.20466;
5.50875;
7.41554;
8.3896;
8.00841;
6.38199;
9.06164;
9.12845;
5.09098;
9.87983;
7.78517;
12.3165;
9.10599;
7.96187;
9.24681;
6.68505;
6.3614;
13.4092;
10.1033;
8.88946;
5.99232;
7.35027;
8.45854;
10.7161;
7.14697;
7.12803;
8.68531;
11.2714;
8.91031;
9.39799;
8.21428;
11.0017;
9.04984;
7.44865;
10.9365;
9.49619;
11.1647;
6.95255;
7.70017;
7.06891;
9.15143;
8.69015;
8.46562;
7.66555;
7.22772;
10.6985;
8.0423;
9.73018;
8.25786;
8.11725;
7.66766;
8.1201;
6.60731;
8.03964;
6.16894;
7.69553;
7.9488;
6.36856;
6.1326;
4.95928;
7.76258;
8.48915;
7.63174;
6.1417;
7.4414;
7.61916;
8.80247;
8.40024;
10.5731;
8.22354;
8.56715;
7.59049;
8.39763;
5.26425;
8.25949;
10.3712;
8.96683;
5.38959;
5.89942;
8.8849;
8.08823;
8.70571;
7.0551;
5.69035;
5.54047;
9.38138;
8.91435;
10.4315;
11.5216;
6.54117;
12.8736;
5.56986;
7.70553;
9.62264;
10.9219;
11.7201;
12.6217;
7.68811;
6.60242;
9.33602;
9.14815;
7.23012;
8.58811;
10.1568;
10.3927;
7.57265;
9.58177;
7.99502;
5.66066;
8.82443;
8.30978;
11.9859;
7.542;
6.17321;
14.8248;
11.071;
7.96828;
6.16987;
6.1818;
10.4113;
9.62584;
10.6393;
6.82406;
6.86194;
8.04677;
9.19604;
8.20284;
9.37588;
7.63702;
6.59657;
12.3652;
6.91048;
7.03086;
8.61674;
10.0101;
7.71598;
11.7807;
10.0387;
5.42892;
8.78932;
6.54746;
9.86526;
6.95554;
7.98982;
8.43292;
7.95806;
4.53017;
4.42211;
12.378;
8.69814;
9.10339;
6.9814;
6.77267;
7.46334;
11.1901;
9.52633;
12.2248;
11.3159;
7.91666;
10.4732;
6.91224;
8.03141;
10.0985;
7.05621;
8.35508;
7.023;
9.68853;
7.02233;
7.50732;
8.84961;
7.2473;
9.61297;
7.62873;
8.92077;
9.33202;
9.67026;
7.30349;
10.7507;
9.80695;
6.7928;
7.09713;
9.96418;
14.7311;
7.9857;
8.53765;
8.06212;
8.91607;
11.2243;
9.3873;
10.6869;
9.00003;
7.42403;
6.34938;
12.4288;
7.59479;
6.7588;
11.9563;
11.3133;
6.14339;
8.0677;
6.93494;
10.555;
8.60915;
9.50318;
8.49028;
8.3498;
8.65352;
8.05896;
5.62809;
7.28217;
7.39631;
6.60333;
8.28922;
7.25982;
6.9068;
6.99817;
7.16297;
7.84869;
7.6812;
8.34427;
10.1894;
9.95681;
8.61316;
10.7949;
7.79403;
4.73553;
8.42756;
7.16762;
8.4573;
9.28049;
7.19209;
10.0452;
8.93877;
10.2687;
6.85719;
7.55021;
9.73326;
7.08415;
9.0066;
6.07452;
8.35637;
7.70314;
11.5518;
8.95365;
7.01612;
9.36575;
10.9253;
7.91886;
6.03682;
12.265;
10.4378;
11.4687;
5.24744;
13.1409;
7.1604;
8.71251;
11.3037;
9.27314;
6.56959;
8.62928;
8.59337;
7.2013;
10.5707;
9.32146;
5.69964;
7.99627;
8.83327;
7.35677;
11.8808;
8.07403;
6.37326;
8.65621;
8.11504;
9.61727;
6.20289;
8.41167;
7.77535;
9.23335;
8.49876;
7.25271;
9.87413;
9.52461;
9.25035;
6.30873;
5.4466;
7.2943;
7.41191;
10.0545;
6.99107;
6.155;
6.29944;
6.70837;
6.86127;
7.88813;
6.239;
8.68383;
9.46949;
11.8455;
7.82651;
7.12634;
8.19206;
10.105;
8.98674;
7.2151;
5.90074;
8.09743;
7.27281;
5.48403;
7.87511;
9.07963;
7.99762;
12.4064;
8.84848;
12.3005;
8.6896;
6.62755;
6.15781;
11.0388;
8.53864;
8.98137;
11.9892;
7.12093;
8.08731;
11.9322;
7.45326;
7.03644;
8.64932;
8.67652;
8.87472;
7.01192;
8.22671;
8.3291;
12.9954;
7.42708;
8.41907;
9.53199;
11.1172;
12.6698;
6.70072;
9.55093;
8.71446;
10.1811;
7.71565;
15.4033;
7.32885;
11.6208;
7.73833;
8.51573;
10.2787;
7.38304;
8.35284;
7.74784;
7.13549;
7.56565;
5.83097;
4.80665;
9.01973;
9.2158;
6.85349;
6.80029;
8.72325;
9.92129;
8.63042;
9.99307;
5.2196;
10.832;
8.69886;
9.97912;
10.7998;
9.15482;
9.31774;
9.4474;
6.31038;
7.90525;
7.05816;
8.21175;
8.10727;
9.37536;
9.77885;
7.18031;
9.14292;
8.80733;
8.1171;
10.2138;
8.24509;
6.67416;
4.15408;
7.41558;
5.45601;
8.40209;
5.55745;
8.10288;
7.83701;
7.95282;
8.24589;
8.50674;
7.15176;
8.59767;
10.3986;
6.15575;
9.64847;
9.47422;
7.30934;
9.94938;
7.88587;
8.05549;
5.6023;
8.94209;
10.0495;
5.84424;
9.815;
9.3652;
10.7264;
9.34278;
8.86712;
8.24675;
7.70789;
10.3671;
8.27656;
7.25659;
7.08419;
6.88853;
9.59153;
7.59379;
7.25022;
6.1554;
8.31559;
7.68692;
7.37277;
7.82104;
8.41078;
6.65783;
7.06089;
6.73413;
11.2056;
7.90673;
9.51439;
8.90592;
8.453;
10.2436;
5.414;
5.80781;
7.72958;
9.91074;
7.52972;
6.25436;
7.71288;
7.31397;
6.51212;
8.29363;
10.9278;
7.51906;
10.845;
9.75423;
6.99682;
9.3021;
11.0451;
6.73098;
6.29383;
8.60316;
8.04806;
8.18655;
6.86438;
7.3842;
8.94277;
6.78351;
6.08542;
5.35772;
7.40526;
8.53582;
7.16145;
7.1864;
6.38106;
6.91173;
8.21586;
5.84424;
7.54471;
7.29564;
5.09664;
8.25506;
10.7183;
7.21166;
9.79952;
9.419;
9.71664;
12.8845;
7.12103;
7.64954;
11.3569;
8.40389;
6.46966;
6.92817;
13.6462;
7.89792;
9.22824;
11.2036;
7.8607;
7.08676;
8.61339;
8.36471;
14.0178;
13.1175;
6.70299;
8.00519;
7.01623;
7.0903;
6.27452;
5.16736;
7.2018;
10.6127;
9.096;
6.32207;
6.29606;
5.70232;
6.64238;
11.6546;
7.91267;
13.8897;
8.43526;
9.18975;
8.94058;
12.5611;
11.2903;
10.6822;
8.53256;
8.64747;
5.17965;
4.97104;
7.46643;
6.74721;
7.46691;
8.12614;
9.40081;
6.20634;
7.35196;
8.33805;
10.7498;
10.2144;
7.43475;
7.57093;
3.57832;
7.36295;
7.73339;
5.13252;
8.8919;
6.97781;
7.79371;
8.143;
6.91814;
5.77192;
8.00365;
7.31634;
9.54637;
11.3794;
6.11844;
9.9691;
9.19774;
11.7576;
9.54107;
8.15602;
7.97994;
5.61116;
8.66207;
8.43179;
6.50235;
10.1816;
5.87114;
8.57259;
4.47934;
8.06742;
7.14497;
11.2869;
5.52331;
6.52747;
7.53796;
7.21261;
7.66235;
8.39573;
8.24748;
8.65226;
8.07051;
4.33276;
5.33409;
9.17692;
6.6051;
6.16087;
9.19771;
5.51077;
7.56302;
9.56282;
6.14778;
6.89941;
8.82232;
8.42732;
9.62256;
5.98976;
5.27501;
5.83018;
13.2463;
11.7657;
6.03274;
6.97591;
6.02975;
6.13876;
5.37384;
6.14655;
8.58609;
8.69384;
7.57578;
6.16089;
8.2348;
6.5368;
8.21799;
8.07888;
6.26604;
6.59542;
9.09369;
5.37249;
8.95844;
7.49077;
6.77413;
9.297;
7.6556;
6.60293;
6.26614;
6.1014;
13.2417;
7.90092;
6.71994;
9.09016;
6.60952;
8.17432;
12.8351;
8.52325;
5.7809;
8.68463;
6.68892;
4.57974;
5.65255;
5.63516;
4.60587;
8.37019;
8.1151;
8.34361;
8.80446;
4.74655;
7.70647;
12.7894;
11.8175;
15.1968;
4.59016;
6.91294;
8.72272;
7.57289;
8.03355;
8.44393;
7.2833;
10.3886;
6.24145;
10.4642;
6.88143;
8.76905;
13.4171;
6.36084;
4.91962;
13.2276;
10.0925;
13.3857;
12.2853;
6.37635;
5.75025;
7.46872;
7.34427;
8.30843;
8.3763;
7.11193;
9.07898;
7.34767;
5.4142;
10.6684;
3.99837;
11.4377;
6.54521;
5.69274;
9.97123;
6.84675;
7.88828;
7.2272;
8.88639;
6.95802;
6.64679;
7.61144;
7.52309;
9.89762;
5.51352;
6.90062;
12.9729;
6.79338;
6.97828;
5.33057;
13.7969;
6.55668;
12.6179;
6.43253;
7.9813;
6.3963;
8.08102;
6.04495;
7.655;
17.5485;
7.28672;
6.49852;
7.47764;
5.2778;
11.9202;
7.05511;
5.61276;
5.67994;
7.32361;
15.8914;
6.73818;
7.97635;
8.06574;
6.51311;
5.32397;
7.15559;
6.70269;
6.07472;
7.46746;
6.73433;
6.42866;
6.66334;
5.93474;
5.87916;
6.7911;
7.74357;
5.22854;
6.87756;
7.75703;
7.1486;
8.62624;
7.69466;
7.58765;
6.02949;
6.50351;
6.48408;
8.17489;
6.69124;
5.95147;
7.18907;
8.15586;
5.43678;
9.05036;
6.28508;
6.85433;
7.16894;
6.60084;
7.09199;
7.39931;
6.43541;
7.93093;
6.43903;
6.67458;
6.54145;
6.67158;
8.99637;
5.62808;
6.91686;
5.93591;
8.6287;
8.47968;
7.51443;
6.11313;
8.87515;
7.40215;
14.1703;
6.95664;
9.6446;
6.04397;
7.89984;
6.34706;
7.65966;
6.196;
5.95046;
6.57717;
5.87168;
8.65725;
4.76019;
7.60842;
6.05459;
11.4932;
9.65626;
6.48252;
12.1636;
7.37291;
12.6037;
11.1857;
7.08545;
7.25442;
7.29163;
6.96611;
5.67977;
5.54508;
6.68021;
6.75749;
6.7677;
6.97697;
8.14386;
6.6192;
7.1225;
6.8389;
7.1256;
7.91554;
8.2409;
6.45334;
7.18316;
8.64863;
9.83434;
7.8087;
6.16354;
3.61998;
7.86448;
6.77413;
7.85377;
6.5871;
7.49218;
6.3936;
5.53093;
6.72878;
13.9801;
6.73072;
6.97259;
6.5024;
5.15585;
10.0897;
5.16954;
7.64656;
5.64037;
4.52256;
6.85703;
6.37703;
5.63241;
6.91877;
6.33982;
4.62713;
8.20405;
6.33799;
6.42997;
6.87018;
5.42693;
4.61797;
8.72706;
13.0851;
6.59129;
13.7015;
9.3042;
5.72051;
7.49308;
5.08485;
6.28805;
3.39295;
7.8979;
6.70871;
7.95099;
6.69002;
11.6892;
5.75735;
13.2257;
4.13032;
8.98491;
6.69212;
6.2525;
10.7866;
6.45553;
6.42032;
7.25508;
7.29289;
7.87265;
6.25747;
10.2135;
10.4875;
6.51169;
7.33718;
6.8112;
7.90446;
5.87951;
5.81899;
7.7277;
11.2936;
6.88256;
7.02159;
7.48689;
11.4557;
8.11307;
11.972;
13.0356;
5.67708;
6.90692;
10.749;
13.2171;
5.4085;
8.75433;
10.2725;
8.36917;
13.7451;
6.44127;
6.45512;
6.78735;
7.07496;
7.21765;
9.52042;
6.33785;
6.00228;
8.07899;
15.8138;
12.4686;
7.1784;
8.56107;
7.46236;
5.92941;
6.69832;
7.03426;
7.56898;
7.3478;
6.47508;
9.90695;
4.82356;
5.87154;
5.83787;
13.817;
4.64395;
13.9329;
8.39232;
7.99017;
13.0337;
6.17054;
8.07718;
8.19041;
6.22374;
9.04796;
8.54561;
4.5337;
6.19967;
5.8624;
8.40829;
7.95788;
6.5245;
5.32811;
7.0887;
7.09883;
9.77797;
6.55299;
5.70066;
7.17322;
4.84234;
7.9629;
7.59176;
4.08594;
9.6485;
7.13416;
9.9077;
6.86627;
6.80596;
7.9436;
8.18515;
6.01452;
7.93819;
4.8335;
9.05414;
6.51064;
4.79524;
6.36115;
7.48236;
6.09116;
7.92234;
5.83973;
4.97055;
6.56787;
5.82354;
6.87847;
6.9546;
4.40855;
5.94262;
8.98404;
7.0447;
6.59033;
7.65252;
5.55747;
11.1509;
6.20508;
11.0607;
7.83107;
6.0948;
6.185;
6.37512;
6.48119;
6.50304;
5.87739;
8.2197;
6.84366;
5.33636;
10.3507;
6.53052;
8.30911;
6.09295;
7.26217;
5.2204;
7.06343;
6.43296;
8.19207;
6.37763;
5.74983;
3.77513;
7.85855;
6.90239;
6.82181;
6.95153;
7.33161;
6.92053;
6.55049;
5.64894;
7.56435;
6.35369;
6.89127;
5.85564;
5.56782;
3.8718;
6.7219;
5.35777;
5.60502;
6.72906;
6.24423;
7.40154;
9.61162;
7.56518;
6.14426;
8.08245;
4.88315;
6.74999;
12.1022;
4.72595;
5.42763;
7.68544;
5.44053;
9.3774;
4.28242;
7.2633;
4.47642;
8.24357;
5.87475;
6.37586;
5.92653;
4.88593;
6.50205;
4.58237;
6.69889;
6.78943;
4.25694;
5.94134;
7.62354;
6.01977;
6.57233;
6.66671;
8.48337;
6.00364;
5.21813;
7.24353;
7.97804;
6.64431;
6.93611;
11.7654;
5.02941;
6.74889;
6.67651;
5.79042;
12.7034;
6.53188;
5.9401;
5.79312;
7.53228;
7.23687;
5.46701;
7.22828;
6.12692;
6.23472;
5.73078;
7.0266;
6.04566;
5.854;
6.97903;
5.7712;
7.88395;
6.14638;
6.85665;
6.87114;
8.51528;
8.14732;
7.03892;
8.62416;
6.64443;
4.94774;
6.93314;
6.81345;
5.97655;
5.27898;
7.43611;
5.48501;
9.74301;
12.7896;
6.17243;
6.99962;
5.89753;
6.11806;
4.45533;
6.68741;
7.43616;
6.49549;
6.19196;
7.15352;
6.49715;
7.24536;
6.40516;
6.9338;
4.83258;
4.58019;
7.25377;
6.61576;
5.571;
6.27626;
5.91413;
6.04213;
5.77649;
5.46303;
15.1801;
8.93495;
6.8685;
5.72944;
12.1702;
14.4408;
6.98379;
4.27943;
7.67709;
6.8311;
7.70638;
5.51162;
7.17977;
7.53318;
7.24798;
7.61797;
7.69423;
5.98169;
7.70656;
12.3925;
5.90506;
7.84239;
7.79277;
4.43413;
7.26373;
7.23028;
8.01184;
5.84548;
6.82872;
5.65883;
4.30899;
6.16546;
7.28231;
3.26047;
5.54926;
9.05705;
5.15698;
6.38905;
5.94086;
7.70694;
8.04839;
7.26781;
7.08803;
7.84367;
6.64213;
4.45686;
14.9337;
12.7733;
5.1409;
6.49914;
6.84167;
5.93778;
12.5944;
6.7467;
13.3079;
6.52046;
6.28825;
5.72882;
7.49117;
7.8537;
11.9478;
6.51074;
6.41847;
6.79831;
7.0869;
9.71982;
9.87997;
6.24718;
6.31144;
4.24067;
10.3024;
8.15427;
7.24719;
6.88217;
5.92625;
6.21745;
6.85592;
5.39457;
7.06909;
6.67407;
5.46658;
6.2733;
5.67628;
12.4522;
6.43652;
4.47664;
2.31312;
4.01172;
5.61513;
6.20425;
3.75229;
6.24489;
3.76496;
6.11456;
10.8947;
6.10173;
5.80414;
7.36822;
6.22794;
4.30657;
12.3689;
4.23021;
6.21658;
5.5313;
5.84607;
5.89648;
6.88316;
8.10018;
4.86584;
4.81045;
6.16046;
8.35259;
8.52532;
6.81735;
4.5762;
6.00222;
6.66571;
6.61757;
5.82115;
7.5268;
4.88925;
13.2536;
11.1789;
12.625;
4.5067;
5.86566;
5.42672;
6.13355;
6.05049;
4.651;
4.95471;
5.50144;
6.62922;
12.334;
6.1537;
6.48875;
4.03948;
15.886;
5.32185;
4.80171;
9.36662;
10.7333;
9.39627;
6.70402;
5.78217;
5.20673;
9.69889;
4.51198;
3.25239;
11.6601;
7.7671;
5.3717;
5.83447;
5.84368;
3.62238;
5.56332;
4.49716;
10.0437;
6.35938;
7.46176;
12.12;
5.97126;
8.58602;
7.16088;
8.0151;
6.24984;
7.23818;
5.85421;
5.51384;
6.07986;
5.51854;
6.614;
4.6206;
6.24222;
6.36037;
8.48401;
7.39557;
5.50327;
6.30707;
5.57469;
7.88183;
5.74629;
6.79598;
6.97319;
4.65973;
4.28381;
4.53628;
5.87044;
5.46536;
4.62348;
4.7587;
3.76135;
8.12557;
6.39698;
5.26122;
13.6749;
9.45406;
5.60703;
5.69571;
10.1585;
4.67876;
7.06748;
12.3459;
5.61521;
5.58834;
7.27037;
5.7018;
6.91263;
15.7122;
5.65546;
6.12989;
7.64054;
6.23833;
5.41173;
4.02351;
5.44937;
7.91977;
4.98534;
7.2566;
6.65536;
6.01149;
7.43016;
5.43706;
6.5188;
4.68141;
3.0077;
4.82778;
8.03871;
5.85327;
5.0506;
4.44577;
6.63079;
4.76969;
6.09061;
8.43607;
6.37648;
6.86033;
5.67728;
13.932;
13.6589;
12.5999;
5.08691;
5.68001;
9.18568;
12.7654;
7.62677;
5.97192;
6.35535;
5.0163;
10.0096;
5.59794;
5.92044;
6.20963;
4.55668;
5.99574;
8.16652;
12.7986;
5.60408;
16.2281;
7.93092;
5.91682;
5.65024;
4.49819;
16.4018;
6.30866;
5.77968;
6.25905;
9.13081;
5.4649;
7.65555;
6.68946;
7.57084;
5.8217;
7.79861;
4.13081;
6.93154;
6.92892;
6.09341;
6.4701;
6.0562;
7.81015;
6.59495;
6.69236;
10.8713;
6.60095;
7.10289;
6.28412;
4.91336;
6.19371;
6.02941;
5.06829;
11.3211;
11.8853;
7.80004;
6.24099;
6.80764;
5.28627;
6.07433;
5.10721;
4.33555;
4.3821;
5.91229;
7.51408;
5.83546;
4.87076;
5.87464;
5.8432;
5.40131;
6.3575;
5.80996;
5.72271;
6.18111;
5.11239;
8.94241;
5.45336;
6.78437;
7.14213;
6.15888;
5.12374;
6.30758;
4.7062;
7.41485;
7.74934;
6.90529;
7.21148;
6.66426;
6.91341;
5.59546;
6.82203;
5.87392;
12.7075;
5.90842;
7.61738;
7.28866;
5.21302;
5.15988;
4.96896;
6.96421;
6.82488;
5.78027;
5.7856;
8.53118;
6.81585;
3.5502;
5.28065;
7.57993;
6.65641;
6.56268;
6.47625;
6.39346;
6.03739;
8.96535;
4.86888;
5.66269;
6.60317;
14.5;
5.00947;
6.46209;
7.58939;
11.1322;
5.29367;
6.77658;
6.18692;
5.54416;
5.71751;
7.33221;
9.63367;
6.67854;
6.90324;
5.22147;
6.03658;
6.01411;
12.1871;
8.19959;
5.73857;
12.1955;
15.184;
12.1866;
5.81582;
5.49539;
5.99899;
5.21815;
5.07207;
6.31888;
7.56416;
5.28351;
6.35476;
6.50641;
5.61828;
5.14049;
15.5125;
4.9614;
6.56271;
6.5807;
5.23014;
4.21027;
5.4511;
6.28407;
4.42987;
4.49883;
3.84551;
6.91708;
6.56539;
7.14983;
6.06529;
5.58827;
6.45999;
3.83175;
5.85261;
3.69945;
5.3777;
5.07937;
7.94565;
6.85849;
6.41838;
6.8125;
6.3764;
4.9756;
6.31215;
5.19566;
5.01134;
6.25079;
6.0101;
6.27898;
5.88823;
3.70587;
6.02921;
3.50241;
5.54961;
6.27405;
4.5963;
5.50994;
5.28117;
6.6721;
7.36099;
6.37135;
5.73991;
4.92376;
6.12334;
4.89342;
4.51263;
5.93704;
5.51232;
7.14856;
5.81333;
10.5038;
4.44108;
6.0471;
6.55727;
5.88903;
5.23957;
4.78082;
5.08013;
6.28778;
4.23371;
6.17018;
8.329;
6.5259;
5.86769;
5.27381;
6.14475;
5.55475;
4.10448;
5.97716;
6.30612;
6.55695;
11.7804;
6.29716;
11.6604;
4.39064;
6.11673;
5.15974;
5.13095;
9.92449;
3.88409;
6.77757;
6.55729;
5.67638;
5.40407;
11.3979;
5.78315;
5.04259;
5.23997;
6.607;
6.68913;
11.3634;
5.57815;
6.75846;
6.78154;
6.37251;
5.30426;
5.11972;
7.28271;
6.85718;
6.38942;
6.78221;
7.03657;
8.16346;
4.42924;
5.92485;
8.40766;
4.71245;
6.51001;
7.94193;
9.95948;
5.77567;
3.90214;
6.92582;
6.19167;
4.83681;
5.4845;
4.61178;
5.66878;
4.58494;
8.57124;
6.60751;
4.88582;
6.86242;
7.34014;
4.88558;
3.86768;
6.9166;
6.16538;
5.45994;
5.80713;
7.58175;
5.85995;
7.97186;
13.3373;
11.9804;
14.0132;
5.11857;
5.04752;
3.90592;
13.32;
12.0337;
6.76824;
5.54952;
10.5977;
5.02699;
5.07863;
6.06195;
6.86319;
5.61822;
8.22935;
6.41031;
5.86231;
14.5707;
6.90583;
5.81491;
4.51261;
5.72284;
5.01461;
5.92794;
5.15801;
4.64741;
7.48853;
7.76758;
13.8061;
5.65055;
6.16546;
6.01528;
4.9049;
5.95839;
5.53263;
5.83735;
7.3728;
9.53989;
5.66353;
5.76638;
5.72347;
5.79271;
4.61935;
6.10634;
6.55325;
4.65503;
6.05683;
10.0921;
5.9818;
5.88869;
10.7872;
5.64471;
3.87486;
4.2236;
5.48584;
5.21568;
5.75395;
4.79293;
5.68898;
7.14953;
4.44796;
4.71953;
4.62654;
6.62727;
4.85604;
3.82137;
6.27533;
5.24516;
5.17045;
6.51917;
6.29906;
5.81766;
5.10245;
5.65353;
6.20113;
4.18494;
5.89753;
5.57173;
6.31332;
6.19448;
6.15049;
7.05887;
5.30557;
5.28827;
9.78459;
5.42161;
6.51489;
5.66533;
8.27641;
4.11021;
5.05024;
5.44427;
6.61821;
4.59807;
5.33955;
7.22704;
7.73626;
5.82716;
6.08919;
4.4465;
4.06347;
6.99328;
15.3834;
6.56727;
10.6314;
7.8307;
6.4886;
5.17929;
6.44663;
5.41512;
6.75824;
11.6717;
5.52886;
6.04422;
6.52217;
5.67501;
7.24206;
5.95956;
5.54865;
6.19377;
7.32865;
5.70795;
6.81612;
5.26189;
4.73105;
8.33816;
6.02889;
5.52711;
3.67944;
4.55753;
4.17373;
3.88163;
5.92758;
8.9786;
6.47974;
4.85961;
6.7348;
5.04461;
4.88536;
4.82085;
13.9922;
4.37153;
5.01255;
6.02408;
3.61764;
7.16621;
9.32822;
5.22771;
4.61506;
3.85173;
5.79654;
5.88062;
6.50284;
8.94959;
6.846;
6.23228;
8.99685;
3.98521;
1.99046;
4.98621;
5.31586;
4.70992;
4.97642;
4.4056;
6.43694;
6.30191;
5.65435;
5.39328;
4.64496;
7.29111;
3.7089;
5.86168;
4.2938;
6.80764;
4.84152;
7.0786;
2.77598;
6.61214;
5.41824;
5.63399;
5.47283;
5.27039;
5.67085;
5.70942;
9.57965;
5.19699;
4.71492;
12.3101;
5.65624;
5.34525;
5.56017;
6.3678;
3.85033;
7.33312;
5.93788;
5.14132;
4.89614;
5.06982;
4.99425;
16.154;
4.57854;
5.60264;
4.63339;
5.40732;
6.55147;
5.06425;
4.58375;
8.96933;
10.9292;
5.98731;
5.48205;
5.52394;
7.93795;
4.85958;
6.04358;
6.17021;
3.71458;
6.85322;
6.11015;
5.23822;
4.99799;
4.10464;
5.29334;
3.26645;
5.97237;
5.34875;
7.34579;
6.64423;
5.52815;
4.53759;
5.25581;
5.24912;
12.2909;
6.72461;
7.09029;
5.74423;
4.76121;
6.23069;
3.86096;
4.63357;
5.72716;
5.86482;
5.59786;
5.0345;
5.01594;
4.42861;
4.8906;
6.58934;
3.81352;
3.77049;
5.21624;
5.29562;
4.77829;
3.79791;
5.69895;
10.6689;
5.63987;
9.04247;
5.43081;
5.07114;
6.77618;
4.73996;
6.28603;
4.41813;
3.86492;
4.38711;
4.05003;
5.13364;
4.62874;
5.81516;
13.4359;
6.14438;
5.2131;
2.87532;
4.75198;
4.16733;
6.95482;
4.3729;
5.52121;
3.4489;
6.47282;
4.85824;
4.98009;
5.47774;
7.43615;
3.44927;
3.5003;
5.51549;
9.9393;
5.80478;
4.58511;
5.5989;
6.8394;
5.25309;
6.87095;
10.5692;
4.73545;
5.4906;
17.4435;
5.46507;
6.16348;
5.82658;
4.45323;
5.84076;
3.32407;
4.17711;
6.66648;
5.95674;
5.42854;
5.34134;
5.1921;
14.0537;
4.95227;
5.39916;
3.96204;
4.07697;
6.25663;
6.49712;
8.80334;
5.96294;
3.83552;
4.52895;
3.11461;
5.41848;
5.3929;
5.55322;
4.06701;
3.58848;
4.37667;
5.51677;
6.29463;
6.15882;
6.10657;
14.0395;
6.40944;
5.99626;
6.60447;
5.27086;
5.82855;
3.97895;
7.13974;
6.11663;
5.34042;
4.19088;
6.9207;
5.465;
12.0206;
4.00111;
5.29249;
4.24235;
4.1181;
5.86168;
4.09671;
6.61675;
5.37201;
4.93217;
6.40971;
5.29585;
7.65747;
5.07997;
6.51856;
4.30773;
4.97512;
5.50933;
6.31637;
5.05643;
4.27784;
3.64668;
5.94444;
4.4675;
4.81844;
6.38463;
5.00955;
5.79452;
6.3163;
10.5933;
10.0112;
5.59958;
12.3969;
2.98845;
6.78285;
5.26615;
4.03783;
5.14569;
4.60909;
5.95887;
3.95506;
4.85626;
3.5457;
5.4831;
5.33681;
2.21105;
6.7075;
16.6548;
4.13152;
4.53385;
5.19018;
3.95166;
4.12374;
3.94375;
6.04748;
5.3921;
5.69433;
3.31668;
5.99203;
5.39398;
7.5215;
4.09911;
6.5571;
5.94096;
5.63307;
5.80045;
10.4792;
10.7959;
5.30465;
6.88502;
10.3454;
10.4711;
3.79777;
4.75168;
4.9296;
5.12795;
5.84097;
5.96787;
4.54927;
5.11622;
5.29874;
5.08409;
5.05941;
4.25137;
14.6796;
4.76089;
5.28488;
4.09435;
3.48035;
5.27519;
6.24832;
6.09532;
4.65611;
5.58969;
6.30472;
4.24693;
4.33755;
4.59937;
4.20589;
5.52022;
4.06631;
5.25297;
4.55262;
6.10145;
5.5261;
4.96269;
6.57016;
5.88323;
7.35026;
3.83444;
13.1922;
4.63772;
5.03282;
3.86288;
5.47594;
3.45365;
13.9838;
7.16113;
5.79327;
5.47197;
5.38842;
4.73583;
4.64465;
3.86887;
5.63388;
5.45436;
5.02837;
6.45547;
7.43585;
5.25505;
6.54378;
5.95886;
5.75501;
3.80208;
4.89174;
5.14631;
12.5041;
3.88609;
4.59299;
5.05966;
5.05944;
6.31986;
12.4845;
14.3138;
5.76092;
12.8581;
6.24795;
2.65032;
5.04369;
4.76458;
6.56653;
6.75258;
6.51981;
4.85913;
5.36617;
4.55519;
5.68759;
5.70856;
4.84059;
5.12244;
4.91521;
4.02633;
4.4205;
6.11377;
5.37454;
4.49078;
6.13227;
3.90257;
5.35051;
3.87192;
5.43579;
5.15526;
4.24594;
4.82364;
5.35913;
5.4828;
4.37937;
3.1946;
5.55736;
10.8012;
5.30317;
5.21547;
14.8639;
3.51611;
6.3059;
5.57511;
6.40572;
5.13548;
5.4797;
6.34239;
4.648;
6.21546;
6.29064;
3.97262;
9.33983;
3.94048;
7.02203;
4.84318;
4.29341;
5.37156;
5.65164;
3.66457;
3.43774;
4.88994;
4.87125;
2.92239;
12.0656;
3.97033;
5.2381;
4.57534;
3.93075;
5.21803;
4.82955;
2.07994;
6.9834;
5.52581;
5.75921;
3.83214;
4.67651;
5.40801;
4.74306;
4.497;
4.92869;
4.22412;
8.99036;
4.53654;
9.6966;
10.7834;
4.87;
3.66077;
5.23464;
4.93023;
6.1697;
4.25612;
5.4315;
5.04568;
3.20873;
4.63413;
10.2382;
6.46853;
6.2558;
3.78628;
4.2846;
5.30442;
5.49727;
3.84045;
5.21943;
5.34405;
5.22993;
4.68291;
5.68498;
4.91842;
13.421;
4.67854;
4.17191;
5.77904;
4.79261;
3.31712;
5.33036;
4.4608;
5.16719;
4.23661;
5.65113;
5.85702;
4.08517;
4.5703;
4.48935;
6.42685;
6.30827;
3.69345;
14.9898;
5.95554;
2.6211;
4.96164;
4.57867;
3.63753;
11.7915;
4.56581;
6.23152;
4.18417;
6.36644;
7.03721;
13.2621;
4.49264;
5.56666;
5.37577;
4.29088;
4.6456;
4.24139;
3.78937;
6.99306;
6.33381;
3.62218;
5.23528;
3.59914;
4.46334;
4.33741;
4.40993;
4.65832;
4.39699;
4.24192;
5.83224;
5.77332;
4.6796;
3.78735;
14.1831;
4.8485;
4.97077;
5.63067;
3.58261;
2.95572;
5.62679;
5.12403;
12.0659;
3.7625;
6.51638;
7.27726;
3.00104;
5.16267;
6.84464;
4.93928;
5.52612;
6.70088;
4.5964;
4.71338;
4.45159;
4.58094;
3.80233;
8.39433;
4.48761;
2.79378;
14.0996;
4.45525;
3.49441;
6.30787;
3.33291;
6.51804;
4.45981;
3.87667;
9.76306;
4.31616;
5.22815;
4.57657;
4.22506;
3.60791;
3.75116;
3.35861;
6.10569;
3.94243;
6.79231;
4.51783;
6.01788;
5.01431;
3.38562;
13.389;
12.5204;
3.64206;
10.2178;
3.34249;
5.84302;
17.4713;
6.0473;
4.05569;
4.17968;
3.96701;
5.18489;
4.80548;
5.57755;
4.92645;
3.34986;
3.37571;
3.32753;
5.70621;
5.71193;
5.02315;
5.05578;
5.36105;
4.21356;
5.45696;
4.12931;
3.58379;
16.4249;
13.9553;
4.3918;
4.52373;
6.82726;
4.13808;
4.5524;
5.42672;
5.90592;
3.23195;
5.05198;
4.63205;
4.44286;
4.67846;
4.36438;
3.47197;
4.68279;
14.0213;
4.82358;
4.35019;
4.31625;
4.36708;
3.87925;
6.58265;
4.40386;
5.32136;
3.67939;
6.22998;
2.88014;
5.4944;
4.9652;
3.64282;
4.73011;
4.70589;
4.75047;
6.17409;
3.36395;
4.00402;
4.23274;
12.8397;
11.3702;
9.6712;
4.85301;
6.32732;
9.59076;
5.02908;
5.45544;
4.75513;
5.45184;
4.86571;
3.86262;
5.35468;
4.07417;
3.98292;
4.03572;
5.23913;
3.58314;
3.72096;
11.789;
4.3858;
4.84467;
4.49918;
6.35458;
3.96722;
4.38661;
5.53329;
5.16421;
5.33266;
4.42326;
4.3588;
4.38218;
3.39496;
5.936;
5.00911;
6.7286;
4.53596;
6.58861;
3.39752;
5.86459;
3.25161;
3.13428;
4.92685;
4.70828;
6.27678;
5.32497;
4.07929;
4.62321;
4.84351;
5.53257;
4.35187;
4.69742;
4.32638;
5.24351;
5.13061;
5.74974;
4.74784;
3.50245;
4.63136;
4.4489;
5.56148;
3.47656;
4.16328;
4.4614;
6.26665;
4.38355;
4.83114;
4.28976;
5.16802;
6.07997;
9.10105;
4.18798;
5.08337;
5.15866;
4.47462;
3.68995;
4.18044;
4.00824;
5.97333;
5.60765;
5.26165;
6.56417;
5.02079;
11.8809;
5.48623;
4.14718;
4.00214;
5.1899;
5.89172;
3.42834;
3.95224;
4.50377;
4.0771;
9.41992;
3.71829;
4.93797;
3.51589;
5.02839;
5.32877;
5.21909;
3.58665;
2.60229;
4.75909;
4.44056;
12.8908;
5.06838;
3.93538;
5.06789;
3.63999;
5.45389;
6.08879;
3.79946;
4.38231;
5.00154;
6.57855;
12.6627;
4.57482;
3.92773;
3.00872;
4.10712;
1.87946;
4.12208;
4.45137;
5.31228;
5.51391;
5.443;
4.53673;
4.45567;
4.06264;
4.06095;
4.66758;
3.61476;
4.18695;
4.37603;
13.246;
4.05597;
3.69281;
3.74426;
3.77496;
8.98115;
3.92699;
4.8363;
4.70472;
3.36532;
5.36731;
4.96583;
4.85237;
3.27154;
5.17808;
5.32847;
3.77543;
9.23196;
3.94794;
14.1164;
2.91815;
2.91624;
4.66939;
3.6181;
11.1766;
4.4059;
3.78317;
3.45081;
4.92547;
3.52323;
4.14695;
4.39731;
3.26516;
13.0132;
5.62943;
9.51141;
10.5278;
2.92082;
3.80982;
4.68036;
3.51125;
3.85145;
13.5748;
2.96335;
4.90965;
5.30729;
6.27631;
3.31551;
4.68709;
10.0304;
6.14459;
2.96108;
3.68897;
2.92152;
4.66146;
3.78731;
5.16349;
4.04205;
2.70564;
2.55776;
4.9146;
4.03778;
4.52197;
5.07577;
3.9987;
4.09229;
5.03445;
5.23234;
3.60301;
5.70975;
4.08945;
4.28675;
4.08554;
4.84323;
4.21022;
3.27574;
12.688;
3.76933;
5.21979;
4.81931;
3.73162;
11.659;
3.20795;
4.98982;
19.9449;
11.0416;
12.9171;
3.767;
4.11723;
8.70974;
4.08517;
4.89044;
3.2388;
4.36335;
6.11827;
2.13955;
4.42646;
5.32672;
4.16315;
8.92562;
9.20404;
4.74053;
4.39479;
4.74376;
4.2263;
3.68072;
6.62694;
3.65586;
3.16703;
5.41704;
3.97954;
3.7849;
2.38711;
2.87038;
3.28461;
3.23463;
4.19931;
3.57478;
5.35277;
3.71182;
4.48148;
4.13662;
4.61351;
4.32621;
9.35808;
4.74091;
5.2779;
4.81542;
4.68238;
4.48449;
3.14753;
3.58968;
3.7437;
12.1019;
3.55049;
10.7307;
4.1745;
3.99236;
4.20739;
10.5367;
4.42765;
11.621;
2.96195;
3.21163;
3.86096;
5.432;
5.10595;
4.09121;
3.95805;
3.07224;
5.89718;
5.34238;
7.67846;
4.9762;
5.41913;
4.41631;
3.31917;
6.08168;
4.36426;
11.3738;
5.2015;
3.26926;
3.19189;
3.77239;
2.78165;
3.2637;
3.51055;
3.88023;
4.62613;
5.45883;
16.4553;
4.17615;
12.0519;
4.86711;
6.67862;
4.44922;
5.05264;
3.91572;
16.1047;
3.55735;
3.5216;
5.32718;
3.44938;
3.21527;
4.30053;
3.43449;
3.368;
3.52549;
4.90368;
12.4198;
10.5876;
3.48829;
3.99058;
5.21663;
2.85017;
2.75653;
3.56815;
4.05305;
3.74217;
4.18855;
3.50835;
4.687;
4.45884;
3.25028;
4.33343;
3.20492;
4.09988;
9.69059;
3.49055;
10.371;
3.8531;
3.15085;
4.33663;
4.59706;
5.87261;
2.63659;
5.14054;
3.46699;
11.4497;
3.92429;
4.12349;
3.51651;
4.02482;
4.26436;
5.24026;
13.5053;
3.08342;
3.74346;
3.78335;
3.80594;
5.21819;
4.43517;
3.5508;
3.97114;
2.63597;
5.99076;
4.60899;
3.18314;
2.34055;
4.51119;
4.47812;
3.74927;
4.46238;
6.02991;
4.4273;
4.24281;
11.8013;
10.9195;
4.83441;
3.15719;
5.43579;
3.52997;
10.0053;
4.13085;
3.70355;
15.6056;
4.27113;
3.71812;
3.9281;
3.47045;
4.49283;
3.91963;
4.98153;
11.2743;
3.16333;
4.5044;
4.19867;
3.84779;
4.07232;
9.89188;
4.14899;
4.40029;
4.61287;
11.1025;
5.73333;
4.17927;
4.07187;
5.33147;
4.37819;
4.0741;
4.43726;
3.57718;
4.22552;
2.95951;
5.31182;
3.31713;
4.11003;
5.19452;
4.41031;
4.65233;
4.30031;
5.15654;
3.98817;
4.53446;
5.72467;
3.77742;
3.28603;
4.41102;
3.91879;
3.30961;
12.9363;
3.22203;
4.16795;
4.59902;
6.18615;
8.4696;
4.13959;
11.5108;
4.13451;
4.94289;
3.02455;
5.0869;
4.31525;
4.73641;
4.40075;
3.59298;
4.999;
3.33456;
3.18693;
2.97336;
4.61264;
4.48402;
3.78741;
5.82215;
9.20858;
4.42177;
3.81378;
4.3231;
3.00021;
4.43621;
5.37806;
4.40581;
4.16129;
3.77628;
4.56774;
14.9171;
10.3472;
4.50552;
3.80869;
3.28005;
5.31447;
4.67485;
4.60765;
5.02044;
4.77774;
13.6815;
3.51499;
5.43377;
6.52793;
3.95803;
4.86672;
3.91686;
3.08162;
4.43996;
4.41619;
9.78072;
5.0746;
4.75451;
4.34946;
3.33546;
2.12244;
9.47242;
2.08704;
3.87961;
3.7388;
4.84538;
2.91124;
3.15268;
2.49377;
5.2049;
3.98021;
3.32421;
3.75969;
3.12942;
13.2205;
4.94525;
4.07281;
4.22298;
2.98905;
3.66644;
3.55672;
3.37588;
4.88077;
4.6271;
4.63906;
4.1939;
4.91537;
3.28419;
5.09441;
4.61408;
5.33726;
4.28882;
4.37176;
4.44467;
3.35867;
5.04722;
4.19891;
11.4818;
2.36037;
3.79704;
4.79833;
4.41256;
3.56175;
4.16232;
4.24848;
4.34327;
4.40891;
4.03958;
2.66915;
4.32236;
3.8545;
3.12629;
4.52655;
3.83181;
11.7352;
4.93474;
4.47206;
4.05954;
3.3592;
3.84541;
4.25671;
4.26359;
4.08852;
3.98832;
4.35685;
3.82861;
3.19868;
5.40867;
4.24553;
4.5037;
4.31528;
3.30835;
3.18843;
3.77282;
3.17119;
4.21321;
4.30309;
5.76537;
3.15067;
10.0062;
3.5886;
2.63515;
4.15813;
12.9808;
4.26942;
4.27415;
2.737;
4.24806;
3.84683;
3.33855;
4.57272;
4.0147;
4.489;
5.26009;
5.05549;
3.88295;
4.27116;
11.3631;
3.63725;
12.5931;
5.10055;
4.05748;
3.83318;
3.12882;
3.4458;
4.95287;
3.74398;
4.11433;
3.92671;
3.95492;
2.77876;
3.07757;
11.9667;
3.41869;
3.70476;
2.69207;
2.81467;
13.769;
3.80164;
4.00436;
4.71146;
4.70714;
3.79136;
3.08935;
3.66838;
3.74859;
4.21181;
3.48556;
4.50973;
11.323;
3.2448;
15.0948;
3.01601;
4.63784;
3.17141;
2.83852;
3.19529;
3.98308;
4.42476;
3.75439;
4.59981;
3.0346;
3.19203;
13.4618;
4.31145;
3.345;
4.32174;
3.6967;
5.92645;
4.37445;
3.75148;
4.17249;
4.06204;
3.26899;
3.86146;
4.36321;
4.14504;
3.66057;
4.6308;
3.69457;
11.408;
5.84946;
13.3706;
3.25283;
3.11866;
3.95271;
3.6858;
4.05486;
4.63749;
3.5024;
4.90613;
4.25411;
4.98243;
4.86743;
11.7993;
3.60434;
3.98244;
3.07059;
3.29985;
10.4581;
2.76091;
3.65655;
2.72862;
2.41721;
3.58267;
5.12324;
3.84466;
4.90038;
4.11135;
5.45189;
2.66552;
3.01885;
3.36907;
3.39216;
5.8724;
4.75267;
5.83228;
3.78153;
6.46796;
4.03765;
10.5167;
13.5278;
3.92489;
5.25651;
2.90444;
2.67798;
3.34179;
3.472;
3.85712;
2.98235;
4.05926;
4.68104;
3.50336;
2.39974;
2.5589;
4.34551;
3.79877;
2.93747;
4.11657;
10.6656;
4.93606;
3.38363;
3.84769;
3.47438;
3.49307;
3.94569;
4.45503;
4.65912;
3.31158;
3.74686;
5.08262;
3.4858;
3.91015;
3.4377;
2.31969;
3.4113;
3.44356;
11.8192;
10.7491;
4.46136;
9.65549;
3.04526;
13.3702;
3.98975;
4.01784;
4.79214;
6.1706;
4.88205;
3.12356;
4.29413;
12.5022;
4.37399;
15.4901;
3.32693;
2.95427;
2.99136;
14.0611;
2.607;
4.32877;
11.6176;
15.1323;
14.8837;
4.02761;
14.5732;
3.53425;
3.72627;
3.38529;
3.38617;
5.42166;
4.80989;
4.05439;
5.54526;
2.84668;
2.99697;
2.96102;
3.25823;
4.29316;
2.53229;
11.2651;
12.1061;
3.87091;
4.26803;
2.78773;
3.65001;
5.69604;
6.40069;
3.24567;
5.22757;
3.60964;
2.61634;
4.38966;
3.82985;
3.60732;
4.5865;
4.65412;
2.523;
2.37857;
3.41061;
4.66377;
1.49036;
14.4601;
3.108;
2.92134;
3.36191;
2.38656;
11.7795;
4.31046;
3.51555;
4.08716;
2.6004;
2.80681;
3.71575;
3.33064;
3.63735;
2.91386;
3.95947;
3.11391;
2.70313;
3.54502;
11.5209;
3.91139;
3.52456;
4.04554;
2.86883;
3.11349;
2.97381;
6.41571;
3.29018;
3.66251;
3.55227;
3.55191;
4.98611;
10.5368;
3.47924;
3.59558;
11.6361;
4.23639;
2.56793;
3.02501;
3.45906;
5.91432;
4.91844;
2.91027;
4.23956;
2.73566;
3.73777;
4.55816;
12.6787;
3.78395;
2.76868;
4.99273;
2.24084;
13.0954;
2.81971;
2.19245;
3.82373;
4.20521;
3.95659;
3.0241;
5.10319;
2.39272;
2.92363;
2.51608;
1.45521;
11.725;
2.71431;
2.6251;
2.45046;
2.87268;
3.90699;
4.20682;
2.56306;
3.54375;
4.40663;
4.5795;
4.3384;
2.94335;
4.06939;
4.36068;
3.44893;
3.74832;
4.74633;
5.13291;
15.0271;
2.74439;
3.71578;
3.99207;
3.87315;
4.15065;
4.37913;
2.77617;
4.23757;
3.62719;
3.01459;
3.68472;
3.66607;
11.7452;
4.87722;
3.95519;
3.9957;
11.5831;
2.78136;
3.75297;
3.3733;
4.06787;
3.7951;
4.89122;
2.83982;
4.20364;
2.81282;
5.04938;
3.68202;
3.59782;
13.1922;
2.18572;
4.10444;
3.02646;
3.03433;
4.3102;
4.37943;
2.24636;
4.61254;
3.00949;
3.76432;
2.08526;
4.21397;
3.39199;
3.0864;
2.25646;
12.1855;
4.54122;
3.69025;
2.93874;
3.77451;
3.66053;
3.61507;
5.19562;
13.6504;
4.10281;
2.5057;
12.6274;
2.55377;
4.19339;
4.21287;
4.40404;
4.02971;
5.30514;
2.27314;
3.80386;
4.53948;
3.98214;
3.12902;
2.81781;
3.071;
3.28641;
4.44614;
11.5207;
2.49703;
4.10194;
2.14042;
3.76216;
3.45441;
3.55948;
3.43148;
3.38258;
1.37861;
2.01713;
3.09336;
2.10803;
3.79694;
3.47361;
4.47749;
3.00985;
4.55727;
4.09528;
9.50252;
12.7756;
4.27241;
2.7474;
2.80823;
10.1207;
3.66332;
4.8565;
4.14391;
2.69708;
3.79698;
3.12407;
4.36264;
4.40699;
4.00588;
3.23277;
3.47145;
2.61505;
3.18764;
4.72603;
2.72279;
2.27098;
1.99983;
5.89178;
3.22958;
2.89143;
3.50952;
4.00648;
3.07625;
13.3873;
2.58889;
2.8389;
2.33907;
3.88156;
3.745;
4.57711;
2.17744;
4.54859;
3.35702;
3.22441;
3.74367;
13.2509;
2.67446;
2.05437;
3.51879;
4.06822;
15.9433;
3.25266;
4.51695;
4.09926;
10.3232;
3.87451;
4.42417;
12.1685;
1.91025;
3.12792;
3.02194;
3.02648;
4.11024;
1.51004;
3.55864;
3.22063;
8.32425;
10.3348;
4.31072;
3.20631;
2.38358;
13.2226;
3.25055;
4.53107;
3.81655;
1.7357;
3.08385;
12.5845;
3.64822;
2.09638;
4.8883;
5.41662;
2.99653;
3.48594;
3.02178;
3.3079;
3.17184;
3.10116;
16.23;
3.23711;
12.5975;
2.22884;
2.95927;
2.60992;
4.37021;
11.0397;
4.08537;
2.93094;
2.01598;
4.60834;
3.94219;
3.99723;
3.70139;
3.25706;
3.77471;
2.75888;
3.55987;
2.78876;
4.33309;
3.82428;
4.05852;
2.66054;
13.6346;
12.109;
5.68907;
3.07312;
2.3926;
3.22074;
3.33316;
4.07893;
2.77318;
2.41707;
1.84272;
3.98346;
3.74945;
3.56345;
3.26996;
4.93619;
2.90157;
3.71728;
2.61473;
3.81695;
2.84014;
2.44013;
13.2856;
2.1526;
3.97122;
2.31951;
11.0064;
1.53487;
2.56145;
4.35448;
2.62874;
3.88529;
2.74143;
3.33575;
3.88176;
3.9603;
5.14861;
3.18902;
9.7237;
12.6458;
4.91556;
3.77484;
4.73847;
5.09131;
3.3663;
2.96111;
2.72386;
3.54313;
3.12615;
3.58863;
2.81889;
2.41169;
4.04053;
5.48897;
15.5692;
3.77812;
2.17952;
3.90031;
4.02928;
5.5065;
4.01894;
3.02573;
3.64971;
3.15304;
3.1427;
2.40863;
3.30823;
11.2504;
3.98444;
2.95273;
3.49395;
3.61622;
10.3015;
2.14636;
2.52066;
3.32154;
3.21113;
2.38806;
2.38226;
2.37707;
4.01258;
3.05685;
3.41683;
3.21481;
9.00757;
5.40721;
1.90229;
2.34936;
4.41081;
3.83461;
3.63663;
2.47271;
4.12154;
3.00902;
4.804;
4.64514;
3.21356;
3.71591;
3.12934;
3.02539;
2.65522;
10.1805;
1.9442;
3.42482;
3.08431;
2.50595;
1.48536;
2.98085;
3.73305;
14.8014;
3.2445;
4.66744;
3.72697;
1.83528;
3.47463;
3.77451;
2.88997;
3.48117;
2.90708;
2.06536;
2.75802;
3.19962;
9.31922;
2.48472;
3.76493;
3.72631;
3.10166;
4.45144;
3.33108;
4.60253;
3.0084;
16.1178;
2.37226;
2.90582;
3.80795;
3.1749;
2.78084;
2.05681;
2.89902;
3.14835;
3.57885;
3.05889;
11.2044;
1.93282;
5.37142;
2.24275;
2.79441;
4.25004;
2.91649;
2.46611;
12.8006;
3.16537;
2.69013;
2.43833;
3.62278;
3.29082;
2.2478;
3.37291;
3.37214;
2.78612;
3.03568;
2.28575;
11.9836;
9.73668;
3.19317;
11.6293;
2.93328;
2.89734;
1.1048;
2.48147;
3.42743;
3.21919;
2.73811;
9.30412;
2.77403;
4.33581;
4.33767;
2.50489;
2.74244;
2.40024;
2.48472;
12.1757;
5.14741;
2.20925;
2.68714;
3.37575;
2.94917;
2.16022;
2.67342;
2.89049;
4.84862;
3.70728;
3.95999;
3.69041;
4.41989;
3.0068;
3.35664;
2.32972;
4.3389;
3.84956;
3.59082;
2.88853;
3.42831;
4.37975;
3.13168;
2.07239;
3.69691;
10.5332;
3.72499;
3.41831;
2.04836;
11.1978;
2.87835;
4.22049;
2.49688;
3.33742;
3.30035;
2.02127;
2.13306;
4.57792;
2.43418;
13.8187;
3.18736;
3.75607;
3.22382;
2.04418;
2.85465;
4.21216;
3.33709;
3.87387;
13.3464;
12.6678;
3.83205;
2.37828;
14.4573;
3.51174;
4.6272;
11.8264;
3.4451;
9.15061;
3.9934;
3.45007;
11.9564;
2.6125;
2.12256;
2.43897;
3.52206;
3.82467;
3.45802;
4.70611;
2.97092;
2.35224;
2.42551;
3.33916;
3.81635;
12.6154;
3.90654;
3.02191;
2.13711;
2.64644;
3.42348;
3.88593;
3.26221;
2.15511;
4.51542;
3.53452;
12.6167;
3.41874;
2.2101;
2.15053;
2.62818;
11.7182;
4.95401;
3.4339;
14.1782;
3.06436;
5.1742;
3.37785;
3.73041;
2.66132;
4.10973;
3.38663;
3.92035;
5.01826;
10.0631;
2.70999;
2.97202;
3.3206;
2.04693;
3.10014;
4.39728;
4.29567;
2.82559;
2.55971;
10.9316;
1.68467;
9.75687;
2.61202;
2.76124;
2.25556;
1.90535;
3.53574;
2.63603;
3.52586;
3.01422;
2.68791;
2.54453;
2.28421;
2.71805;
2.1433;
2.8758;
3.65232;
3.05701;
2.16218;
12.031;
3.25825;
2.47797;
3.36809;
2.17231;
2.26228;
3.15672;
3.44626;
2.78798;
3.02208;
2.31109;
3.02303;
2.81871;
1.86202;
4.07647;
3.65397;
3.55023;
3.84308;
14.0669;
3.18891;
1.1892;
4.16054;
1.94763;
4.09098;
2.68546;
3.39608;
3.47825;
1.9754;
3.63386;
3.20175;
2.40781;
2.15465;
3.32782;
10.89;
4.76793;
14.1204;
14.2273;
1.90977;
1.42193;
15.3018;
2.78719;
2.61916;
2.39822;
2.5757;
2.01696;
3.36199;
2.50214;
2.83441;
3.09262;
2.77988;
2.2887;
3.33861;
11.7731;
3.52471;
2.78648;
2.90953;
3.37845;
2.31608;
2.44365;
3.43341;
2.23223;
2.75639;
3.96573;
1.95303;
4.98327;
4.12064;
2.80828;
2.50527;
2.44649;
3.09503;
1.59872;
2.79359;
1.85193;
3.49344;
4.00405;
2.09594;
2.17739;
11.4991;
2.19263;
1.95016;
2.33648;
4.92121;
3.0507;
2.35018;
2.86049;
1.54014;
2.9222;
2.70807;
4.2895;
3.12701;
14.656;
3.38454;
2.98692;
3.05276;
10.2302;
3.41295;
3.018;
4.18807;
2.54055;
2.18538;
2.835;
11.2315;
2.79839;
4.32367;
2.056;
2.37955;
2.27297;
12.3662;
12.2577;
2.85377;
2.62438;
2.16991;
3.59428;
3.09827;
2.26709;
7.69926;
2.51714;
2.81081;
1.92227;
3.12073;
2.57225;
3.73168;
2.72483;
3.18069;
2.07055;
3.30624;
2.12379;
4.7203;
3.38668;
1.70543;
4.63081;
12.2972;
1.74169;
2.89638;
10.7623;
3.13434;
3.34916;
2.92228;
2.86689;
1.74705;
4.97637;
2.21619;
3.82791;
11.6663;
3.96232;
2.39746;
1.51414;
2.8921;
1.61874;
3.4746;
2.72076;
2.18273;
2.65802;
2.60319;
3.70983;
10.7092;
2.88959;
4.00048;
3.0259;
4.34565;
1.81731;
3.97439;
2.45864;
3.84083;
13.5815;
1.90932;
18.1649;
2.53834;
3.57192;
2.23913;
3.65481;
3.29201;
2.49453;
12.7405;
2.62695;
3.29983;
4.05635;
3.84081;
1.36032;
4.88582;
3.00375;
3.79036;
2.47313;
2.86119;
3.3808;
13.7157;
2.93893;
2.79227;
2.16623;
3.33421;
2.15202;
2.2948;
10.5977;
3.59748;
12.5977;
2.37038;
11.7811;
2.23783;
2.21769;
4.72051;
3.67216;
3.52086;
3.9394;
1.5275;
3.55087;
3.41015;
2.77352;
3.29133;
3.4865;
3.97503;
3.68631;
2.94791;
2.56323;
2.13284;
4.03287;
12.1271;
14.3132;
2.36313;
2.21959;
2.91628;
4.09825;
3.60372;
2.74897;
5.26916;
2.60563;
15.1865;
2.61658;
3.4933;
1.25413;
1.53317;
2.51301;
3.057;
2.88661;
2.96012;
3.3537;
3.41128;
1.96015;
4.53954;
3.7966;
13.0666;
1.74971;
2.55765;
3.09531;
2.18193;
2.80848;
2.69241;
2.60348;
2.47065;
10.7135;
3.8749;
2.16017;
3.61891;
2.51573;
2.64611;
2.40725;
2.43953;
3.13101;
1.85169;
2.80683;
3.32342;
2.88337;
5.39858;
3.37623;
2.98503;
2.28787;
2.38784;
2.45877;
1.94021;
2.36509;
10.4597;
3.17927;
3.40389;
4.00702;
13.1698;
4.12065;
1.90275;
11.0237;
2.76556;
2.58771;
4.38049;
3.48672;
2.85886;
3.363;
4.01081;
1.91236;
2.03014;
2.90971;
2.09184;
9.99458;
2.91051;
15.1517;
1.13721;
4.75011;
3.40625;
2.99152;
2.0148;
2.40738;
3.31763;
9.28767;
2.84289;
2.95861;
3.88725;
3.01482;
14.2567;
3.67734;
3.44002;
2.0178;
2.50206;
13.2235;
11.0311;
2.08474;
3.01845;
4.0318;
4.07652;
4.35168;
2.87181;
3.30788;
3.46792;
3.76563;
2.30498;
1.98973;
2.12868;
2.12194;
4.22344;
1.52019;
3.4964;
2.41568;
4.11383;
2.40761;
2.69085;
4.60233;
1.98007;
2.13749;
3.47101;
3.56048;
1.90402;
3.43492;
11.9992;
3.09694;
3.32937;
3.96045;
2.40453;
2.50977;
2.42059;
1.95873;
2.15117;
9.91463;
2.63042;
3.56558;
2.74018;
3.65623;
2.90318;
3.40042;
3.30982;
3.11201;
2.96875;
3.99504;
3.95665;
10.7606;
2.98788;
2.45035;
3.23294;
2.34559;
2.55901;
2.91909;
3.82496;
3.8469;
2.63271;
11.8126;
3.52399;
2.95709;
11.2772;
1.8918;
1.86766;
2.25841;
3.18137;
13.3978;
1.93827;
2.3867;
3.98856;
4.00366;
3.17091;
2.69589;
11.9821;
2.16161;
3.02177;
3.02702;
2.80386;
1.27311;
2.24757;
2.27358;
2.89473;
2.39083;
3.95009;
3.01607;
2.81583;
4.32599;
3.09476;
3.22509;
4.0926;
4.19121;
2.34318;
2.58427;
4.54472;
1.97508;
3.05283;
4.21416;
3.35887;
2.04311;
10.0086;
2.53474;
3.74457;
3.19345;
2.76731;
1.97852;
15.0311;
3.63797;
1.8541;
2.92329;
5.03939;
2.35007;
3.22571;
2.22307;
3.31259;
3.04414;
2.79811;
2.15606;
2.83094;
2.69701;
3.26491;
2.09014;
2.88532;
3.3272;
12.3833;
1.95947;
12.5698;
3.90931;
3.73126;
13.1142;
2.5756;
1.91112;
9.64395;
2.42385;
2.9231;
2.45335;
2.44263;
4.51847;
3.61807;
3.0023;
10.927;
2.73896;
3.12135;
1.9642;
2.01123;
2.59453;
1.15639;
4.53664;
3.47047;
1.78278;
6.37654;
1.06573;
2.40009;
3.07678;
3.2115;
1.81618;
1.53478;
13.2958;
2.28478;
1.46893;
1.72492;
3.42745;
2.94222;
2.57697;
3.75641;
3.03324;
3.13636;
9.09041;
2.83019;
3.52588;
2.58754;
3.63826;
2.13546;
1.86337;
3.54063;
2.04872;
1.4051;
3.48984;
2.26668;
2.63326;
3.4173;
3.6631;
3.69229;
1.92799;
3.2257;
2.27999;
1.27747;
2.08808;
2.80163;
2.18874;
3.15343;
2.38999;
3.04202;
4.04852;
2.90724;
3.4252;
2.98159;
2.13611;
12.2437;
2.4522;
3.57511;
2.32114;
2.45368;
1.58824;
14.111;
3.0188;
2.01842;
2.76118;
4.14443;
1.64934;
13.0867;
2.89259;
2.59237;
4.48964;
2.39551;
2.13251;
2.13955;
2.43341;
2.17403;
3.19533;
4.46729;
3.78822;
3.9817;
2.43208;
3.62323;
2.86661;
1.75028;
3.13876;
5.20029;
2.59898;
1.61758;
12.4371;
3.06378;
13.9721;
13.029;
2.62143;
12.8984;
3.12284;
11.2579;
13.5868;
2.56614;
4.32383;
3.37036;
2.45761;
2.14094;
12.7526;
1.75443;
3.18358;
2.06032;
3.2609;
1.99364;
3.27873;
2.79728;
2.31266;
2.03692;
3.32678;
2.37331;
3.32565;
2.8511;
2.61212;
2.86293;
4.54847;
9.65561;
2.34063;
3.3626;
1.68849;
2.64781;
8.79051;
3.12526;
2.84687;
2.42132;
2.42868;
2.51558;
2.92086;
3.27163;
2.35559;
2.63881;
12.9398;
2.10045;
2.96846;
3.42374;
3.05515;
11.1619;
2.28974;
3.63803;
1.53501;
2.80561;
3.61719;
5.6717;
2.79015;
1.41599;
2.19913;
10.3612;
2.52787;
11.6195;
2.25657;
3.01364;
1.59564;
3.14007;
1.68977;
2.70766;
1.44638;
2.88308;
3.8231;
3.17602;
1.92477;
2.52461;
2.75558;
2.50724;
3.42974;
2.03816;
1.98615;
2.88556;
3.70215;
3.04538;
1.54478;
2.25235;
2.85284;
16.4154;
2.08821;
3.69726;
2.76389;
2.24301;
9.50617;
2.27401;
10.0898;
3.59795;
11.5709;
11.276;
4.31728;
2.47003;
3.18932;
2.45642;
2.7561;
2.78446;
3.80861;
1.79493;
2.6301;
2.19347;
1.38875;
3.94126;
1.80409;
2.66945;
2.1254;
2.46378;
2.76328;
3.42769;
2.85456;
11.4013;
2.61063;
2.78149;
2.29998;
2.39444;
2.80092;
4.94714;
14.2504;
2.94262;
2.16633;
12.0684;
2.84152;
3.38702;
2.17977;
2.39634;
1.54627;
4.41633;
4.45438;
2.92015;
1.63892;
2.91453;
0.490797;
14.699;
3.07405;
14.2421;
4.49582;
11.5315;
2.11535;
2.48144;
2.47707;
2.87504;
1.56914;
10.5165;
2.79112;
2.45512;
3.99072;
2.64672;
2.93681;
2.9126;
2.4642;
2.56916;
5.1678;
2.1208;
2.62184;
2.77172;
1.77792;
2.62097;
1.72028;
2.90927;
3.47096;
11.6205;
14.6426;
3.37963;
2.07912;
2.54679;
3.51906;
2.96853;
2.07504;
2.31389;
2.4789;
3.07021;
3.06556;
3.65644;
3.44332;
2.20221;
2.7091;
3.64554;
1.74804;
3.23841;
2.92589;
1.32763;
1.56189;
2.1163;
2.71408;
2.07471;
3.15396;
4.77607;
2.40905;
2.51871;
3.22193;
2.85728;
2.38714;
1.49952;
2.62458;
2.69733;
2.54934;
5.30542;
4.78569;
2.6989;
2.15416;
2.22533;
4.06728;
2.34964;
3.31718;
2.55145;
2.17133;
3.53703;
1.77656;
3.91045;
1.61552;
3.43779;
2.20641;
2.16327;
2.61324;
3.06589;
1.6368;
3.31852;
1.10605;
1.86292;
2.63219;
12.9945;
2.1606;
2.74712;
2.20127;
2.44442;
3.88798;
4.18109;
4.22026;
1.84209;
10.8577;
8.57453;
2.18522;
1.71159;
2.18881;
4.22802;
2.02882;
1.59124;
3.58377;
2.57849;
1.81726;
12.595;
2.95643;
2.13006;
2.75246;
1.7219;
11.7955;
1.73825;
2.22373;
3.14445;
2.87887;
2.49981;
12.4967;
2.18291;
1.3953;
2.6318;
2.3321;
1.87194;
2.20095;
2.22474;
3.26845;
2.38468;
2.38185;
12.7842;
2.17619;
1.98147;
3.08773;
2.70712;
2.37871;
3.34474;
2.92173;
1.79932;
1.74632;
2.60466;
11.5261;
2.27906;
10.6308;
2.35336;
11.2605;
3.33481;
2.15937;
2.02216;
4.00257;
3.56671;
2.06951;
3.20539;
2.77874;
2.5371;
2.40747;
2.70541;
1.67651;
2.09057;
2.10675;
2.12556;
3.19713;
3.47145;
3.44147;
12.0472;
4.15279;
2.07446;
2.1393;
2.98851;
2.20279;
3.11015;
3.77241;
1.74271;
2.29902;
2.55364;
0.961284;
11.3506;
1.83102;
1.62647;
2.86536;
2.13929;
3.84487;
2.74546;
3.90865;
2.21848;
2.26568;
2.39414;
2.21479;
3.63059;
2.32892;
1.14922;
1.6938;
1.94273;
2.17748;
1.4103;
2.11972;
2.57918;
4.70705;
3.21096;
2.39776;
2.27487;
3.26541;
1.93637;
2.52559;
2.09164;
3.31689;
1.42289;
2.08186;
2.06193;
2.43293;
2.05052;
1.48524;
3.46979;
3.45745;
3.22121;
1.98463;
2.58106;
2.88408;
3.15985;
2.21622;
1.55707;
2.43398;
3.46438;
3.02529;
3.34243;
2.10648;
3.18623;
2.52301;
1.66137;
1.96386;
2.59318;
2.77644;
2.66067;
3.09481;
2.60653;
3.33505;
2.63733;
3.1216;
1.01281;
2.79035;
2.31632;
1.77315;
2.51531;
3.86161;
1.9755;
2.90469;
2.82681;
2.91518;
3.20718;
1.92247;
1.30574;
2.64441;
3.73419;
1.87432;
2.47486;
1.70535;
1.43016;
1.47176;
2.87435;
2.80183;
1.15735;
1.86267;
3.9892;
2.91755;
2.79586;
2.71007;
2.10586;
2.15464;
1.78283;
3.14305;
1.94342;
2.42997;
1.85992;
3.22789;
2.63014;
4.22363;
3.38116;
1.20087;
8.32235;
1.9064;
3.30048;
11.0256;
3.95586;
1.47053;
2.5331;
3.14688;
9.23748;
2.9091;
11.0336;
2.97836;
4.4123;
2.63495;
2.81675;
2.77204;
1.73032;
2.10599;
13.3022;
2.26749;
1.01382;
2.43623;
1.8626;
8.69322;
1.16809;
2.50696;
2.52159;
10.1421;
3.1174;
2.92147;
5.14107;
11.0464;
1.60926;
3.31622;
2.93704;
13.3163;
1.93788;
2.47168;
9.24339;
11.5986;
1.231;
2.82985;
1.2633;
2.0648;
2.5345;
1.59504;
2.33644;
2.53675;
3.2462;
3.58306;
1.4821;
2.08228;
1.92955;
2.2792;
2.54908;
2.52004;
1.64674;
2.99936;
3.6594;
11.1675;
3.51869;
2.05005;
1.82682;
2.6908;
12.4463;
1.797;
1.55757;
3.09202;
2.41447;
2.61128;
2.74812;
2.53302;
11.8871;
2.50681;
1.99025;
1.34592;
1.86205;
3.24802;
3.2016;
1.74952;
1.56444;
3.59112;
3.47725;
3.41646;
1.52028;
1.40612;
2.49346;
3.71341;
3.21955;
3.54028;
2.67845;
3.21073;
2.74439;
14.1411;
3.13049;
12.4237;
3.65546;
3.0053;
1.73128;
9.76886;
3.53497;
1.61932;
3.56267;
9.19558;
13.8971;
1.46974;
2.15637;
1.61276;
11.6523;
3.71169;
3.48796;
2.04632;
11.0861;
1.5221;
1.21452;
10.532;
2.38509;
2.46109;
1.33057;
10.6097;
3.02179;
3.09084;
1.75967;
1.304;
2.72053;
3.24792;
1.8186;
3.34823;
2.17469;
3.06857;
2.59282;
1.87912;
2.44969;
1.47816;
3.03846;
1.9819;
1.70951;
1.94128;
2.81174;
1.99956;
3.36035;
1.99245;
2.76209;
2.30168;
2.04773;
2.67929;
2.07554;
1.98328;
3.08751;
2.00534;
2.91844;
2.68344;
1.76312;
2.07198;
2.44175;
2.65235;
2.54725;
2.40791;
1.5693;
2.85564;
1.88569;
9.90532;
2.33786;
9.74084;
2.49745;
10.7226;
11.3894;
1.77722;
12.3867;
2.67169;
1.19689;
1.3918;
12.8991;
1.3306;
2.59977;
3.30366;
3.12633;
2.69202;
3.67119;
11.6836;
13.7908;
1.59814;
10.5566;
1.83882;
12.7171;
3.25079;
3.20826;
2.8535;
2.52287;
9.03143;
2.82678;
2.7631;
3.12695;
2.35346;
1.33917;
3.00046;
3.33874;
3.11816;
1.47503;
2.56348;
3.71901;
0.832828;
2.42863;
2.67409;
1.51275;
1.55563;
2.66055;
1.4815;
2.46082;
2.67895;
2.65752;
3.85129;
3.99196;
2.79737;
1.93761;
2.0921;
1.30614;
13.4237;
10.2728;
4.17774;
2.59114;
8.28004;
3.26389;
2.76658;
2.05513;
2.24652;
9.14946;
2.3827;
1.46696;
2.62292;
3.5343;
1.81771;
2.74235;
2.11735;
1.78327;
1.28789;
2.90876;
3.37152;
2.8389;
2.70238;
1.88055;
1.64666;
2.43865;
2.58738;
1.63222;
2.57588;
2.15417;
1.47551;
1.59575;
3.00644;
1.67845;
2.09955;
2.7827;
2.01726;
2.39203;
2.35809;
1.12535;
1.68506;
1.892;
1.83845;
2.44756;
2.04293;
2.49525;
2.86409;
2.32802;
1.51338;
2.64945;
2.12284;
2.87774;
1.44698;
2.54017;
1.98692;
2.19806;
5.44754;
2.28305;
2.81322;
3.39183;
1.76659;
1.55266;
1.0943;
1.37359;
2.33212;
3.10919;
2.1546;
2.36201;
16.6658;
3.14419;
2.00524;
2.85087;
2.273;
15.1982;
2.99504;
14.3238;
3.22475;
2.89665;
1.95746;
3.00468;
3.48035;
2.80258;
1.77284;
0.823813;
1.7612;
1.93223;
1.05165;
3.47844;
2.67978;
11.6355;
1.41796;
3.13202;
3.4479;
2.59953;
1.50143;
2.0506;
1.34384;
1.90383;
2.98747;
2.0355;
2.87717;
2.27227;
1.84849;
2.5368;
3.17378;
3.59443;
2.58548;
2.44732;
4.2103;
1.2539;
1.4682;
1.73816;
1.26558;
2.38112;
2.67841;
2.4963;
2.95668;
2.46029;
1.51096;
2.00823;
2.58506;
1.30329;
2.33083;
2.13724;
2.6482;
2.18447;
1.6578;
3.39723;
4.20807;
1.79643;
2.16947;
1.71573;
2.19157;
14.1643;
2.86819;
3.32489;
2.37882;
3.04969;
3.071;
2.54027;
10.6507;
1.88989;
3.3144;
11.9834;
3.06345;
9.29382;
1.84808;
2.22091;
1.28918;
10.9602;
11.0737;
1.63682;
10.3802;
2.37533;
2.12348;
12.4711;
2.93762;
1.66193;
2.15557;
2.16734;
2.47996;
1.21966;
1.87029;
1.91144;
1.23445;
3.20495;
1.26949;
1.78781;
1.81832;
2.50406;
2.13567;
2.02494;
3.11185;
2.8396;
8.43918;
3.46946;
1.9203;
1.81043;
1.71607;
2.88659;
1.55217;
2.83553;
2.58678;
1.67716;
2.2393;
3.09645;
1.8881;
1.22398;
2.14976;
4.01087;
2.2261;
2.69115;
2.17658;
1.94839;
2.16879;
1.11643;
2.53176;
2.06338;
2.50632;
1.71486;
3.11042;
2.19807;
2.34743;
1.01644;
2.18271;
3.52712;
0.694352;
1.9675;
1.91821;
10.4243;
2.84907;
14.0523;
2.23503;
1.50307;
2.13407;
1.36334;
2.10056;
11.4795;
2.20281;
11.7161;
2.63247;
2.68564;
2.71077;
2.25888;
11.6522;
2.98648;
1.62037;
1.86878;
4.49653;
4.00215;
2.56711;
1.5706;
3.09926;
2.17273;
2.20309;
1.87638;
1.90472;
1.15653;
2.01455;
2.60854;
0.840974;
1.81305;
2.23079;
1.38553;
3.04126;
2.25847;
1.26824;
3.67545;
2.43255;
1.88432;
3.54392;
2.92893;
2.42542;
3.33951;
1.72498;
2.53194;
1.90236;
1.97976;
3.61433;
1.90995;
2.99423;
1.88719;
1.48439;
3.10097;
1.85093;
2.26955;
1.61509;
1.25404;
3.46056;
2.32536;
1.78528;
1.96483;
2.58643;
3.94738;
2.64169;
1.6647;
2.13129;
2.35892;
2.55504;
2.07213;
0.772773;
3.7635;
10.063;
3.77359;
1.66129;
1.31773;
2.37948;
2.58613;
3.2606;
4.06134;
1.99137;
1.69306;
2.69792;
2.29775;
2.81799;
1.20413;
4.06858;
2.98616;
4.71138;
1.76863;
2.43525;
3.1512;
1.7826;
3.27566;
2.31769;
2.35008;
1.96642;
3.65614;
3.22578;
2.95878;
3.07765;
2.70417;
1.76401;
2.18825;
1.97181;
1.63314;
2.07143;
14.5264;
1.72376;
2.40628;
2.22871;
2.69777;
1.31038;
2.08174;
1.66863;
1.5672;
3.15132;
1.92427;
0.954567;
10.1816;
2.11702;
2.82177;
3.85074;
3.94405;
1.24428;
2.54921;
2.2098;
1.75516;
1.42476;
1.78043;
2.24712;
2.44653;
2.02324;
2.07186;
1.65115;
1.87104;
2.24554;
2.18629;
0.813644;
0.615828;
3.23265;
2.08681;
2.22217;
1.54691;
2.25646;
1.95003;
11.4727;
2.32449;
2.28049;
2.44397;
3.27095;
9.34665;
9.38392;
3.49557;
2.42916;
2.23034;
1.42421;
2.91429;
1.92408;
1.75129;
1.52009;
1.44764;
2.90416;
1.17122;
2.45941;
2.30877;
2.14083;
2.44086;
2.20577;
1.65878;
1.64499;
2.41322;
2.52578;
2.09561;
2.143;
1.99769;
1.79346;
2.12026;
1.8477;
2.68845;
2.06415;
2.21351;
9.61722;
2.41242;
1.54668;
3.82061;
2.62937;
3.54245;
2.06368;
2.06019;
1.91459;
2.12184;
1.10799;
2.87342;
1.54435;
3.14555;
1.40973;
2.15297;
3.436;
2.67314;
3.84779;
2.10304;
3.37873;
3.33804;
1.75768;
1.54191;
1.32639;
13.0581;
2.33096;
1.65628;
2.30622;
3.15958;
15.1225;
2.78006;
2.58219;
1.70743;
2.42789;
1.97086;
1.96653;
3.99326;
2.98916;
2.81177;
1.5341;
1.63133;
10.7411;
3.10147;
2.24897;
1.61791;
2.29498;
2.08998;
2.78461;
1.97208;
3.2355;
2.66412;
2.49135;
1.43448;
1.70307;
2.6056;
8.70717;
3.14235;
1.88945;
2.81988;
1.83656;
2.96932;
8.90591;
2.48207;
2.8544;
1.87531;
2.31946;
2.46605;
2.12302;
3.05911;
2.4709;
2.62047;
1.83482;
1.63423;
1.89072;
2.27931;
3.21516;
2.34912;
1.11264;
2.14772;
1.10951;
1.35299;
1.64543;
3.28711;
1.55559;
1.83834;
3.23414;
3.48021;
1.71759;
14.9443;
2.87804;
1.76567;
1.97967;
2.30174;
1.2837;
2.6601;
4.13202;
1.71275;
1.96168;
2.61308;
1.80469;
1.79703;
0.814406;
3.14365;
2.98604;
1.03329;
2.76995;
1.98398;
1.74553;
1.77854;
1.07138;
2.7468;
1.83376;
2.8394;
2.21476;
1.84364;
1.76959;
1.84124;
0.808125;
2.29508;
1.19732;
1.40763;
1.26713;
1.66759;
1.79583;
1.84609;
1.45568;
2.82197;
2.8193;
2.04084;
1.15315;
10.9199;
1.66554;
3.62877;
2.39815;
3.52705;
1.57514;
2.19478;
1.92611;
1.59102;
3.13636;
3.18087;
3.08122;
2.47621;
9.67814;
2.43949;
2.89367;
1.22678;
2.70457;
1.01098;
2.64078;
2.46741;
2.38558;
2.7818;
1.48564;
14.138;
2.05615;
0.971476;
1.46889;
1.82962;
1.87354;
9.40975;
1.44115;
2.20525;
1.28781;
1.69732;
2.83915;
1.44497;
1.91015;
1.31953;
2.05177;
1.87183;
2.69243;
1.83014;
2.73369;
0.897932;
1.97759;
2.66949;
1.87572;
9.83749;
0.717607;
2.6291;
1.26794;
2.83711;
10.1042;
1.79772;
10.0729;
2.43333;
2.76219;
12.7414;
2.00933;
0.844836;
2.95478;
2.07939;
1.01031;
2.09364;
12.7352;
2.27468;
1.40201;
2.54932;
9.53316;
2.74107;
2.9816;
2.03427;
2.27597;
2.71967;
10.2237;
3.66292;
9.68266;
1.32973;
13.0924;
1.88074;
2.29426;
1.95719;
2.47153;
1.37891;
2.36382;
2.39551;
1.38873;
2.31151;
2.53338;
2.08926;
1.26322;
2.57859;
1.51223;
3.01273;
2.32897;
2.53673;
1.48605;
2.42398;
2.13629;
4.38579;
2.25955;
3.04763;
1.63482;
3.95488;
1.73526;
3.26822;
1.31574;
2.5999;
2.5842;
1.9947;
2.21391;
2.33803;
1.26645;
2.37324;
1.51095;
2.43755;
2.74729;
1.73953;
2.84246;
2.45219;
2.11489;
3.09043;
1.81913;
2.01499;
2.00708;
10.4298;
2.30255;
0.734241;
2.72005;
2.52941;
2.1071;
9.11998;
2.61259;
2.30352;
2.20943;
3.26095;
2.78619;
1.58057;
2.10825;
2.52292;
2.11175;
1.13091;
2.15485;
1.18581;
1.02724;
2.88987;
1.49891;
3.47332;
2.29908;
1.92611;
1.95939;
1.26261;
1.96145;
1.89063;
1.36828;
2.62665;
3.04953;
2.5333;
0.908377;
8.09142;
1.57268;
9.56101;
1.06462;
3.07033;
1.45572;
1.6123;
1.63296;
2.95032;
2.62411;
2.55273;
1.33773;
3.14045;
1.42186;
1.31862;
3.39863;
2.13938;
2.11531;
2.49181;
2.97393;
0.778547;
1.80941;
2.03286;
2.98781;
9.3007;
1.9296;
3.54046;
2.10533;
1.76547;
2.40595;
3.20953;
2.54202;
1.72058;
1.83231;
11.6843;
3.45819;
2.13121;
1.66621;
1.96736;
2.19817;
8.95797;
10.4891;
2.30733;
2.59625;
1.78448;
2.43856;
2.1121;
1.63669;
1.17028;
2.23006;
3.25175;
2.01177;
10.2246;
2.13969;
12.3804;
3.5576;
10.6348;
2.41859;
1.96459;
1.18285;
2.08287;
2.7884;
1.08345;
1.0234;
2.48719;
3.60023;
1.61527;
2.17895;
3.21901;
2.10793;
2.36274;
2.35405;
2.88607;
2.24909;
2.7933;
2.4048;
2.63736;
1.92659;
1.84632;
10.6443;
1.61925;
2.21796;
3.03882;
2.27813;
2.30713;
1.43286;
2.71151;
2.89786;
1.9069;
2.4109;
1.93697;
2.67906;
8.65652;
0.838215;
1.87529;
2.50119;
2.73432;
2.52656;
2.5317;
12.1286;
9.16774;
2.93389;
0.699669;
0.972326;
1.53028;
1.70716;
1.2239;
1.37942;
2.5574;
2.20973;
1.99894;
2.09734;
2.30503;
12.2167;
2.62193;
2.03163;
2.15293;
2.40245;
11.834;
1.268;
3.90407;
1.92031;
9.80368;
1.21095;
2.73521;
1.40193;
1.89257;
1.06771;
2.03867;
2.11173;
1.95552;
2.52579;
1.7589;
2.26702;
3.05253;
2.54697;
0.806463;
11.3425;
3.11804;
2.08282;
2.67859;
1.69785;
12.85;
2.44235;
1.92372;
9.32934;
2.41245;
2.27357;
1.96751;
2.77615;
1.21258;
2.97235;
2.03505;
11.4893;
2.54708;
1.33105;
1.38701;
0.95587;
2.23638;
1.51055;
1.00816;
1.87655;
0.909883;
2.98986;
1.80456;
2.90516;
0.598682;
2.21994;
1.3224;
2.86739;
0.881694;
2.34046;
3.23686;
8.75161;
1.15553;
11.8784;
2.42263;
3.39786;
2.47624;
10.344;
0.777106;
1.87214;
9.79326;
1.43689;
1.27939;
1.95741;
3.12784;
1.69441;
3.90499;
1.49718;
1.00553;
1.71021;
2.91654;
1.35396;
1.0924;
2.3001;
1.28786;
1.23841;
1.37038;
2.57365;
1.6796;
2.81626;
1.74674;
1.30332;
1.98172;
2.15909;
2.38445;
1.26458;
1.53396;
1.20038;
1.59057;
1.42858;
1.45371;
9.09784;
3.49633;
1.0773;
2.58527;
2.41905;
2.33178;
1.94304;
3.53164;
2.72465;
1.41301;
1.60917;
12.2937;
11.5166;
9.17306;
0.486239;
1.33157;
1.19266;
2.08094;
9.13761;
3.08764;
1.24177;
2.86305;
1.05852;
1.75366;
1.86427;
1.86922;
3.13008;
1.56077;
1.87507;
2.43219;
1.27229;
1.17843;
12.9733;
1.444;
9.21984;
2.0241;
10.8434;
2.34634;
2.34446;
2.69995;
10.2867;
4.10678;
1.95919;
12.0342;
1.56582;
9.04021;
2.14895;
1.54911;
1.66905;
1.72373;
1.89593;
0.912797;
1.72421;
1.94827;
0.665951;
1.35652;
3.06625;
2.36664;
1.43908;
1.72539;
3.4084;
1.91814;
1.39188;
1.03353;
2.53402;
2.84859;
1.79949;
2.07202;
10.4771;
1.71104;
13.3634;
2.27619;
13.4201;
2.41038;
1.12979;
1.67957;
1.35252;
1.88139;
1.97367;
1.23059;
1.16452;
9.56518;
1.72872;
1.49302;
1.21806;
1.38539;
3.48623;
2.5699;
9.82369;
1.0224;
1.35753;
11.972;
1.53574;
0.842949;
8.49396;
3.36961;
10.2594;
2.23176;
2.16179;
11.5422;
1.27078;
2.11004;
2.33425;
1.62988;
1.94515;
2.39956;
10.771;
2.58563;
2.39961;
1.54079;
1.04335;
2.11856;
3.14089;
2.64612;
2.72861;
0.956575;
10.0146;
3.01529;
2.15777;
1.4401;
1.11163;
2.37933;
11.2009;
2.35182;
2.53768;
3.11984;
3.1843;
2.94977;
3.41758;
1.7731;
1.40662;
2.04948;
2.31345;
1.8104;
1.72011;
1.77401;
11.3685;
1.51997;
2.115;
0.677176;
12.1531;
1.95147;
0.744123;
2.13386;
2.66342;
2.46522;
2.62149;
1.49314;
10.0673;
12.9573;
1.13681;
1.41504;
2.13063;
2.49027;
1.9389;
2.54306;
1.46262;
2.26712;
1.01167;
2.85228;
1.28137;
3.03803;
1.71675;
1.51205;
0.86762;
2.23904;
2.59329;
1.26315;
1.46156;
2.43995;
2.38264;
1.91448;
0.932681;
1.28469;
0.680808;
0.920478;
2.42726;
1.76425;
1.28387;
1.10747;
2.12719;
1.13137;
2.25439;
9.35997;
9.38959;
1.17602;
2.99333;
0.619891;
4.34159;
2.91691;
1.69553;
1.58573;
1.14012;
1.90205;
1.71848;
2.35572;
10.1603;
12.9015;
3.77474;
1.7291;
2.22686;
2.4548;
2.18164;
2.54732;
2.29314;
1.88564;
1.32466;
3.06006;
1.1784;
2.03812;
1.69079;
1.21044;
1.50532;
2.46497;
2.25415;
1.85486;
1.60027;
1.61174;
3.72825;
10.3624;
1.72847;
10.8257;
1.93898;
2.39316;
1.47315;
2.73574;
2.27251;
2.16391;
3.85292;
2.39888;
1.61823;
9.52425;
0.682712;
1.0088;
1.59997;
1.63675;
2.6449;
2.54712;
1.79161;
1.49524;
3.87076;
1.08687;
2.00213;
2.51942;
2.38895;
2.14774;
2.28112;
1.28864;
2.37781;
1.91188;
2.06106;
2.49667;
3.28262;
1.45907;
2.48399;
1.41909;
3.12499;
2.88599;
3.282;
3.46625;
1.52306;
2.46611;
1.44649;
1.6857;
2.09132;
1.395;
0.867344;
2.14692;
0.981238;
1.61513;
2.23573;
2.02763;
2.33308;
2.58019;
0.89223;
1.94557;
0.868635;
1.60882;
2.59493;
1.7222;
3.09519;
2.10413;
1.98231;
2.24077;
0.818781;
2.85113;
1.59822;
0.753847;
2.24908;
2.98289;
1.48741;
1.48788;
2.33559;
1.21087;
1.6284;
2.09741;
0.649716;
1.1832;
1.40557;
1.40509;
1.86852;
1.93344;
1.58323;
2.00345;
2.06487;
2.02774;
2.22162;
0.806179;
2.17251;
1.46866;
0.90434;
1.97493;
2.42708;
1.70681;
2.76177;
2.68152;
0.642581;
2.27656;
2.35314;
2.09063;
1.36398;
1.86301;
3.58237;
1.53087;
3.34446;
1.96773;
3.24777;
1.81627;
2.66125;
2.39372;
2.27726;
0.624277;
1.67793;
1.76354;
9.90095;
1.4376;
1.04685;
3.20581;
2.23502;
0.94329;
2.12391;
1.2274;
1.95383;
1.16814;
2.37495;
0.752273;
3.55815;
1.65179;
3.67363;
1.62988;
2.44157;
2.30297;
2.65716;
2.76374;
1.47253;
1.01469;
10.0967;
1.1032;
0.815465;
1.65984;
1.60586;
2.33028;
1.80711;
0.997796;
2.0958;
1.00994;
3.63526;
1.94993;
3.0168;
1.89746;
2.02183;
1.5291;
2.15381;
1.12346;
0.846701;
3.89513;
1.78848;
1.38787;
1.8213;
11.4403;
2.15722;
2.41209;
2.04827;
1.84084;
4.48718;
2.49447;
1.90218;
2.1963;
2.53633;
1.74033;
1.32183;
1.81056;
0.454269;
1.0263;
2.46907;
1.63484;
3.77202;
1.76987;
2.31891;
0.575544;
0.940802;
2.3719;
1.24591;
1.77588;
1.47408;
2.69017;
1.7037;
1.99324;
1.54655;
2.63258;
2.51712;
1.88449;
3.37188;
1.16253;
1.91937;
1.38554;
12.1082;
9.48264;
2.93319;
0.559859;
0.989167;
1.57407;
1.8745;
1.14609;
1.97754;
1.74949;
2.06604;
1.90017;
2.15374;
2.85696;
1.5586;
2.86613;
2.18909;
1.25458;
1.54007;
2.59534;
1.06981;
0.897507;
1.85462;
1.43723;
2.6733;
1.9056;
1.49246;
2.18473;
1.93269;
1.09306;
1.85781;
1.30033;
1.86954;
0.823446;
1.17327;
2.36547;
2.1464;
1.81759;
1.26427;
1.1434;
2.71953;
1.05633;
1.46029;
1.96172;
1.0661;
1.4803;
1.80485;
1.20451;
3.3272;
2.198;
1.06703;
1.10857;
2.55836;
10.2133;
1.6636;
12.2894;
0.659412;
0.747838;
0.809116;
10.1699;
2.2979;
11.1217;
0.955612;
2.6535;
0.455908;
2.50466;
1.66262;
2.30779;
2.29895;
2.32856;
2.67639;
2.48201;
1.4202;
10.1342;
2.53122;
1.61911;
2.59104;
1.43437;
0.433069;
1.91632;
1.56964;
1.30004;
1.93424;
2.30605;
0.566665;
1.8649;
1.60934;
2.16155;
2.63368;
1.70861;
1.94592;
8.78293;
2.68481;
0.738063;
1.44349;
3.04831;
2.21366;
2.99836;
0.952784;
2.37851;
1.24284;
1.75947;
0.868364;
1.69957;
2.76098;
2.4818;
1.88597;
1.86754;
1.81544;
2.61664;
1.46601;
1.45599;
1.62472;
2.00192;
1.16257;
9.09662;
2.04328;
0.897278;
1.42638;
2.73633;
0.487036;
1.37994;
1.81402;
1.18257;
1.46153;
2.38072;
1.9499;
0.789363;
1.93152;
1.44304;
2.23144;
1.5733;
1.94212;
1.07752;
0.865108;
1.89116;
1.84469;
10.1353;
1.02097;
3.78484;
1.55398;
1.19851;
2.10276;
1.2863;
1.70598;
2.36065;
1.9843;
1.47502;
2.44459;
2.77747;
1.29533;
2.64718;
2.49262;
2.92937;
3.50221;
2.67644;
0.926923;
1.07409;
0.516618;
2.14138;
2.86908;
9.31855;
2.36735;
2.55994;
10.1764;
2.9348;
1.2747;
0.965458;
1.201;
1.07937;
2.55406;
1.02641;
1.15751;
0.971267;
2.30493;
0.751001;
1.06559;
1.66036;
1.59302;
1.33515;
1.80314;
2.39609;
1.87548;
1.32017;
1.13736;
0.653707;
1.15889;
2.03474;
0.768401;
1.75467;
0.373314;
2.65048;
1.52996;
0.868545;
2.05206;
1.37787;
1.58553;
0.93453;
1.99716;
1.61372;
1.73072;
0.986516;
2.01971;
0.808466;
2.7232;
1.16299;
1.15454;
1.54368;
1.71093;
0.994859;
2.58509;
1.65976;
1.51143;
1.42609;
1.17385;
1.94979;
1.7362;
1.46716;
1.08534;
2.29488;
1.99437;
1.73605;
1.25795;
1.80509;
1.43236;
1.33512;
1.01153;
1.71729;
1.51937;
0.770184;
1.24746;
2.90647;
1.25577;
2.69975;
2.46163;
1.31895;
1.27434;
2.42537;
1.85855;
0.603495;
1.23367;
1.88395;
1.51666;
1.30364;
1.37486;
1.91372;
2.2958;
2.74047;
0.668727;
1.77029;
1.84662;
1.6916;
2.25081;
1.63663;
1.9748;
3.24473;
0.846451;
1.78122;
2.58409;
2.28473;
1.52166;
2.56011;
0.628317;
1.54149;
1.10466;
1.84071;
0.624127;
0.977378;
1.88629;
2.29019;
9.08291;
3.72519;
1.75068;
1.91793;
1.86364;
7.76596;
1.04635;
2.18251;
1.99869;
1.48708;
8.92707;
1.03196;
0.638926;
1.41762;
2.13025;
1.83074;
1.94159;
2.8697;
0.783611;
1.29735;
2.54005;
1.57118;
2.49231;
1.72315;
2.09471;
1.40843;
1.56582;
1.61965;
0.945997;
2.49558;
2.25468;
2.08285;
1.13366;
3.37935;
0.512858;
0.99418;
0.263573;
1.25804;
1.90782;
1.27234;
2.21649;
2.24173;
1.51032;
1.61177;
1.4401;
2.04559;
2.23838;
0.402858;
0.785478;
0.943863;
1.4682;
1.92895;
1.71769;
2.13622;
1.8474;
3.14847;
1.68389;
1.28512;
1.27105;
2.88136;
1.27415;
1.971;
2.5445;
1.55988;
3.15607;
1.82586;
0.806333;
2.2505;
1.51142;
2.09666;
0.831248;
1.03526;
1.38386;
3.18262;
0.883316;
1.4996;
1.49133;
0.266068;
1.81816;
1.14359;
2.44675;
0.614437;
1.56835;
1.65266;
2.09701;
1.47102;
0.879175;
2.99948;
1.55885;
2.93247;
1.37099;
2.87377;
1.49611;
1.34134;
1.07831;
1.24873;
0.950367;
1.78722;
1.47343;
1.87452;
2.33782;
2.48721;
1.92899;
1.03827;
1.60039;
2.53761;
0.446348;
0.610982;
2.74685;
2.52548;
3.11513;
1.29136;
0.527577;
0.41573;
1.93211;
2.18913;
1.27178;
0.843637;
1.49068;
1.51228;
1.04337;
1.5266;
0.938613;
1.69546;
1.56839;
9.25921;
3.01243;
2.42458;
1.00359;
1.01397;
1.66586;
1.66354;
7.40102;
1.50084;
2.48091;
10.5696;
2.27257;
1.75098;
9.05004;
0.902043;
1.95161;
2.22762;
0.579925;
1.40779;
2.22049;
1.21789;
1.74981;
3.14012;
2.25615;
1.70448;
2.23494;
1.69951;
1.38317;
1.36305;
1.72515;
1.5431;
1.87053;
2.19651;
1.14345;
0.947345;
2.15833;
1.60595;
0.990352;
0.784496;
0.960733;
2.22587;
2.24686;
1.85782;
0.817413;
1.35189;
1.48022;
2.93888;
1.66034;
1.44177;
1.98539;
1.42762;
0.937041;
1.49146;
1.74043;
1.32887;
1.5373;
1.04843;
0.573951;
1.26659;
1.37375;
0.8539;
1.51118;
2.79149;
1.28069;
1.35185;
2.16262;
0.894433;
1.80029;
1.11329;
0.770828;
0.878172;
0.8507;
1.45748;
2.42753;
1.03006;
0.822571;
2.95089;
1.92475;
0.75489;
1.75477;
2.412;
0.822972;
6.33856;
2.16994;
1.89631;
0.890694;
1.80199;
1.07412;
2.34913;
11.6259;
1.55063;
1.88776;
2.30701;
1.63888;
1.39516;
2.17294;
1.13009;
2.02073;
1.82551;
1.20798;
1.69688;
1.63972;
0.958435;
1.30021;
2.15116;
0.952498;
1.94843;
3.017;
1.32079;
0.744235;
1.49013;
2.03043;
2.25523;
1.06003;
1.98563;
1.41003;
1.4922;
0.929347;
0.518824;
1.61218;
0.583834;
1.27446;
2.07026;
1.04983;
0.949458;
2.38354;
0.879894;
1.15078;
1.55785;
1.07366;
2.43361;
0.618392;
1.47926;
0.875815;
1.97743;
1.94569;
0.919053;
1.33463;
0.380887;
2.15397;
2.05859;
1.51875;
1.49949;
1.60449;
1.89869;
0.659091;
1.36796;
1.57324;
1.43311;
2.41593;
2.08243;
0.657513;
1.20481;
0.872211;
1.10071;
1.80457;
1.31173;
2.04992;
1.00769;
0.946786;
1.38926;
1.07907;
0.558121;
1.42745;
1.25607;
1.51597;
0.965387;
1.64633;
0.838225;
2.4362;
2.01406;
0.278499;
1.05333;
1.75071;
2.64779;
1.65369;
0.960599;
2.48518;
1.18536;
0.825347;
0.99176;
0.628977;
1.37628;
1.05946;
1.61985;
0.744576;
0.671384;
2.2359;
0.509156;
0.350216;
0.587276;
0.971892;
1.04406;
0.721882;
1.21712;
1.23681;
1.03493;
0.921952;
0.676275;
2.40485;
1.03268;
1.60698;
1.31309;
1.26561;
0.888656;
1.34516;
1.27605;
2.97495;
0.66486;
2.13859;
0.511982;
0.423833;
0.759303;
0.618306;
0.795056;
0.910118;
1.62346;
0.963215;
1.93179;
0.508032;
1.71513;
1.43183;
1.03689;
0.967592;
3.05044;
2.12391;
0.85572;
1.48212;
1.44989;
2.89271;
1.42847;
1.20681;
1.65571;
0.342266;
1.55008;
1.01268;
2.35877;
1.44283;
1.94924;
2.77804;
1.39311;
1.82768;
0.523986;
1.22832;
0.985202;
1.56716;
2.10183;
1.14328;
2.0457;
1.83848;
1.80403;
1.99744;
1.66257;
1.41745;
2.03457;
1.61406;
1.65834;
1.23542;
2.22235;
1.94108;
1.73889;
1.2387;
0.942898;
0.534489;
1.89402;
0.513487;
7.63301;
2.23111;
1.4223;
1.48588;
1.00235;
0.998297;
1.6867;
1.34372;
2.32129;
1.61662;
1.65641;
1.28886;
1.22305;
1.05222;
1.40148;
1.66831;
1.88219;
1.22808;
2.18237;
10.79;
1.55983;
1.31247;
2.04984;
9.78636;
2.69644;
1.30871;
1.6287;
0.565621;
1.54214;
1.53339;
1.1132;
2.97433;
1.25385;
1.58625;
1.10842;
2.62303;
0.687944;
1.79542;
0.720526;
0.733151;
0.916934;
1.81116;
2.95445;
1.33916;
1.23788;
1.36153;
1.00676;
0.793932;
1.04201;
0.641595;
0.774676;
1.13941;
1.07018;
2.39191;
2.26601;
9.79491;
1.46808;
1.09807;
1.01962;
0.705648;
1.06441;
1.80949;
1.47233;
0.851172;
1.34812;
10.1793;
0.732545;
0.581113;
0.89027;
1.36197;
1.63082;
2.07977;
7.22276;
0.574634;
2.35791;
0.675715;
1.18057;
1.45791;
1.6397;
1.67603;
0.368795;
2.43122;
10.605;
1.4716;
2.06839;
1.15225;
1.57668;
1.66457;
1.13758;
1.03589;
1.55846;
1.68828;
0.657062;
0.808218;
0.399161;
1.98515;
1.86376;
0.776597;
0.431135;
0.929874;
1.45867;
0.452115;
1.01843;
1.33571;
10.3633;
0.546849;
0.930983;
1.00158;
1.90635;
7.48462;
1.08492;
2.4647;
8.38383;
2.41753;
1.44196;
1.52903;
1.52468;
1.35499;
1.83189;
1.08892;
2.24114;
1.48827;
1.07231;
0.284571;
0.949765;
1.35075;
0.474178;
1.50123;
0.584353;
1.89447;
0.84764;
1.06257;
1.14123;
0.707923;
1.40896;
1.79895;
2.41024;
0.915518;
1.34878;
0.685351;
3.60732;
0.391498;
1.53963;
2.58774;
1.29183;
1.80984;
1.25922;
1.26734;
0.781624;
2.77934;
1.10068;
2.20052;
0.562082;
1.87611;
2.06863;
0.760666;
0.574488;
1.06778;
0.958069;
0.979183;
1.36831;
0.843273;
0.806521;
0.912512;
1.0658;
2.60601;
1.08871;
1.3198;
3.08966;
0.502213;
0.977422;
2.34658;
0.878931;
1.50473;
1.24459;
0.75919;
2.74988;
1.54592;
1.68545;
1.12698;
0.599988;
0.978519;
0.554045;
1.32027;
1.07068;
0.822792;
1.42431;
1.26214;
1.62067;
1.77272;
1.16665;
1.51655;
1.51937;
1.13551;
1.10834;
0.947365;
0.532091;
0.4104;
0.876705;
0.64061;
0.473183;
0.76569;
1.45559;
2.60717;
2.03872;
0.657033;
1.80116;
1.67359;
0.81224;
1.26401;
1.08099;
1.10623;
1.29779;
0.583429;
0.573392;
3.36796;
1.16158;
1.52143;
1.01376;
0.868489;
0.981377;
0.29391;
1.26585;
2.06295;
1.18626;
1.41701;
2.02664;
1.0471;
1.13951;
1.29833;
1.18325;
1.00019;
1.39924;
0.666552;
8.60274;
0.805006;
0.60184;
1.82828;
1.16566;
2.49011;
2.12875;
1.5543;
1.11185;
0.970078;
0.95083;
0.711377;
1.49182;
10.3542;
1.10341;
1.5136;
0.678232;
1.30126;
0.434154;
0.666746;
0.56264;
0.56857;
0.755017;
2.00608;
9.39838;
1.83216;
1.7124;
0.548425;
1.16835;
0.58695;
1.31069;
0.296074;
2.98075;
2.90102;
9.08171;
3.09596;
2.13645;
1.35305;
0.290557;
2.20397;
1.72029;
1.36777;
0.827532;
1.66348;
0.687601;
0.661944;
1.12141;
1.1956;
0.208723;
2.51671;
1.28538;
1.121;
0.99647;
0.762971;
0.438942;
1.01547;
1.36466;
0.582925;
1.1954;
1.61485;
2.1529;
1.03599;
1.56866;
1.24563;
1.05795;
1.39042;
2.503;
1.00298;
0.86703;
2.70731;
0.870783;
0.305239;
1.10814;
0.747513;
2.0329;
8.67423;
1.56522;
1.62831;
2.73017;
2.10964;
1.09318;
9.01943;
0.622016;
1.60016;
0.528637;
1.44104;
1.0836;
1.5716;
2.06733;
7.74553;
1.70448;
0.68666;
0.445124;
0.573433;
1.92866;
0.729337;
1.42837;
0.398609;
0.237766;
2.2054;
1.24986;
5.97486;
1.96941;
0.795099;
1.73742;
0.980507;
1.15084;
1.35489;
1.43416;
2.0382;
1.86261;
0.566513;
2.04889;
1.53124;
0.958946;
2.89354;
1.78383;
0.943383;
1.508;
0.460703;
1.33123;
1.75617;
1.55196;
0.76989;
0.658893;
1.12233;
1.30482;
2.03254;
1.16717;
1.32233;
1.7348;
0.303323;
1.71165;
0.541449;
1.15569;
1.82563;
0.661406;
3.20145;
0.937746;
0.513099;
0.938904;
1.34207;
1.00197;
0.960588;
1.05294;
1.34366;
0.81556;
0.848584;
0.491128;
2.69324;
1.87094;
2.21852;
0.480484;
1.78684;
1.80962;
2.41244;
0.993586;
1.28815;
1.03409;
0.628948;
1.47447;
1.57069;
1.75164;
1.34418;
0.264577;
1.11125;
1.74906;
1.89925;
1.20029;
0.992643;
1.01224;
2.23055;
1.26643;
1.21261;
0.848555;
0.864994;
0.740323;
9.54525;
0.828237;
1.27506;
1.08386;
1.53236;
1.93503;
1.18104;
1.58568;
7.11265;
1.81809;
0.522314;
1.24561;
0.34335;
2.21142;
2.20025;
1.47399;
0.318073;
0.834906;
1.52424;
1.34645;
0.879141;
1.35466;
1.80459;
0.78424;
2.42378;
9.04243;
1.60548;
7.9019;
0.364592;
0.841056;
0.742767;
1.24933;
0.948225;
0.998293;
0.576215;
1.93215;
1.26746;
1.23202;
1.10509;
0.416894;
1.04346;
0.595403;
8.04537;
1.00303;
1.03158;
0.414934;
1.06047;
0.593622;
1.7703;
1.43717;
1.76418;
1.94634;
1.15414;
0.401943;
1.49001;
1.89097;
1.46911;
2.23946;
1.71415;
0.169202;
1.99192;
1.06917;
0.767555;
2.58753;
1.26791;
1.24179;
1.77488;
2.40505;
1.5722;
0.775399;
1.00588;
2.28468;
1.37363;
2.06105;
0.620034;
0.496106;
0.399718;
1.85124;
1.61014;
0.50466;
1.18859;
0.302453;
1.83986;
2.55438;
1.06295;
1.00521;
0.815823;
1.29344;
0.281522;
2.95272;
2.39051;
0.945781;
0.912685;
1.15574;
1.7857;
1.44297;
1.66776;
0.935281;
1.40119;
1.02911;
1.22593;
1.00122;
0.617959;
1.71274;
0.96157;
0.59372;
2.13135;
1.19143;
1.87787;
1.2136;
0.942989;
0.329178;
1.09442;
0.307072;
0.960824;
1.29065;
0.676053;
1.14626;
1.79758;
7.04373;
0.467604;
1.63562;
0.724753;
0.675233;
0.532545;
0.665965;
0.285186;
1.05399;
0.482177;
0.347198;
2.29982;
1.58983;
1.3263;
1.77198;
1.777;
0.785727;
1.45414;
1.59615;
1.41583;
1.3347;
0.9997;
0.466994;
7.93975;
1.80816;
1.45336;
1.63684;
1.4992;
1.06251;
1.79261;
0.420993;
0.832145;
0.899182;
2.44011;
0.774003;
1.52068;
0.24256;
0.92919;
1.69275;
0.56621;
0.804511;
1.23787;
1.17509;
1.05802;
1.44307;
1.12737;
1.18293;
1.19838;
1.15003;
0.465838;
2.5055;
0.613026;
7.09625;
1.44504;
0.72395;
0.411219;
1.05692;
1.14271;
1.07878;
1.19419;
2.063;
1.86803;
1.69747;
0.76371;
1.34636;
2.75765;
1.91598;
1.25672;
1.96632;
1.20988;
0.720051;
1.43086;
1.06858;
7.74345;
7.9159;
1.21983;
0.936742;
0.681649;
0.301828;
0.917091;
0.737017;
0.747343;
0.946668;
1.12332;
2.12167;
0.466869;
2.12063;
0.809646;
1.3489;
8.88546;
0.897422;
1.87517;
1.38163;
0.690245;
2.23678;
1.41943;
0.0360693;
2.23203;
0.813101;
0.929266;
1.29666;
0.44402;
0.31884;
0.198506;
2.80937;
0.249067;
2.59805;
1.11074;
0.922246;
2.49802;
0.203348;
0.495938;
1.05044;
2.21313;
0.510321;
7.87624;
0.737015;
0.714589;
0.744248;
0.922343;
1.26344;
0.662365;
1.12256;
0.569887;
1.8309;
2.11252;
1.03922;
0.282585;
1.42947;
1.07975;
1.37374;
1.25489;
1.00464;
2.90619;
0.988229;
0.498969;
1.83459;
0.67375;
0.805512;
0.832131;
0.563193;
0.366727;
1.37414;
0.648615;
1.59371;
1.53374;
2.26086;
0.988417;
1.43261;
1.00807;
1.3075;
1.75774;
1.59902;
1.45832;
1.16594;
9.53569;
0.799965;
7.82996;
1.71363;
0.87828;
2.00201;
6.67811;
0.613542;
1.43895;
1.39964;
0.7102;
0.66263;
1.52163;
2.21595;
1.09459;
1.47649;
0.929102;
3.0775;
1.50564;
0.759775;
0.452033;
1.22535;
1.00249;
0.208746;
1.95666;
1.73199;
0.790734;
0.337809;
0.969847;
0.368311;
1.89908;
1.43197;
1.14132;
0.59367;
0.939999;
0.47872;
0.909857;
1.90132;
1.39624;
1.44589;
7.62288;
1.0883;
7.39343;
0.714824;
1.29168;
0.835596;
2.26003;
1.03487;
1.50449;
0.998469;
1.45548;
1.65206;
2.42402;
0.891679;
0.605336;
2.26864;
1.27401;
1.26597;
0.939635;
1.08137;
0.304652;
1.18764;
0.670018;
1.64026;
1.43272;
0.99643;
2.3137;
1.49345;
2.48706;
1.21509;
0.694149;
1.81629;
0.704778;
1.51442;
1.50451;
0.951938;
1.74168;
1.61558;
1.88987;
0.919094;
1.37593;
1.15999;
2.45403;
1.0928;
1.50835;
0.776751;
1.08823;
0.656838;
9.0076;
0.851387;
0.941455;
0.913035;
1.42309;
0.420788;
1.43923;
1.04439;
1.38925;
0.92693;
0.0499929;
1.19938;
0.465719;
1.35017;
1.67425;
0.886308;
1.57715;
1.73985;
0.329329;
1.57462;
0.284985;
1.21445;
0.430865;
1.45294;
0.865562;
2.426;
2.55302;
2.47639;
1.30559;
1.49131;
2.31424;
1.50665;
1.17053;
0.876519;
1.76833;
1.08538;
1.8155;
0.696904;
9.00922;
2.13402;
1.52204;
0.515019;
1.2838;
2.41352;
0.532488;
2.41194;
1.47608;
2.14001;
1.3764;
0.441496;
1.48633;
1.93847;
1.68375;
2.02116;
0.674265;
0.578472;
1.12965;
0.367225;
1.17374;
0.700599;
1.44487;
0.214444;
0.813148;
0.739561;
1.93421;
0.276279;
0.918859;
1.14357;
0.44669;
1.00475;
0.759494;
1.92403;
2.51591;
1.36068;
0.974738;
3.59612;
0.938327;
1.66677;
0.74226;
0.844903;
1.12928;
9.08371;
1.09466;
0.360361;
0.550843;
0.84011;
0.768239;
0.91615;
0.670937;
1.48666;
1.41859;
0.0963308;
1.46322;
0.166343;
0.411468;
1.95772;
0.887726;
1.63373;
0.423636;
2.27004;
0.546118;
1.27057;
1.30063;
2.59707;
0.323897;
1.23259;
1.68985;
1.12306;
1.32073;
0.29444;
2.35204;
1.37255;
1.21666;
0.853465;
1.08164;
0.988776;
0.235654;
0.60693;
0.380645;
0.734111;
1.25003;
0.817686;
1.71197;
0.926012;
0.419253;
1.30405;
1.89915;
1.2076;
0.813968;
0.681488;
9.19477;
