22.9518;
17.1871;
17.3563;
20.4494;
24.1359;
22.0599;
26.4609;
24.108;
21.7844;
23.4013;
23.637;
18.7741;
24.1538;
22.349;
25.6007;
24.0779;
21.4607;
24.7831;
18.9399;
24.3304;
21.0341;
18.2466;
16.5573;
22.0742;
22.0858;
20.5281;
21.2027;
23.3855;
16.1408;
26.136;
21.7467;
24.2085;
21.4905;
16.0708;
22.1338;
23.3601;
25.943;
17.9631;
19.742;
20.0379;
19.7133;
22.3143;
21.64;
23.1137;
19.0242;
21.2975;
21.0665;
21.7073;
20.0653;
17.8773;
25.7608;
19.4201;
20.101;
23.3863;
20.2646;
24.4562;
16.0043;
16.8517;
14.3964;
23.0254;
21.9357;
23.4845;
22.0814;
25.9326;
21.1663;
22.1703;
20.7672;
25.9179;
23.9652;
24.4159;
20.9115;
17.302;
20.4762;
21.3082;
23.8174;
17.4687;
26.5431;
25.9461;
24.885;
21.7949;
20.3803;
20.7428;
26.2627;
21.0468;
17.3374;
19.0036;
19.0014;
18.1342;
19.1893;
22.4896;
23.9637;
23.4917;
18.2404;
17.3385;
28.1598;
17.9063;
24.6803;
21.3096;
24.4863;
19.9726;
18.6495;
21.8675;
23.2043;
25.3376;
26.0978;
22.2746;
17.5521;
20.7927;
22.1184;
16.6716;
18.5665;
25.38;
15.4324;
17.2664;
24.8351;
27.8906;
23.8666;
20.7817;
16.5764;
18.3561;
19.6258;
25.1955;
25.444;
22.356;
19.6096;
22.5322;
18.6822;
20.5073;
19.7748;
23.947;
16.8363;
15.8416;
24.118;
19.287;
19.2144;
23.4478;
22.1176;
22.1197;
21.476;
21.4674;
18.9003;
18.1143;
20.505;
20.6936;
19.6109;
17.8171;
18.2544;
20.8528;
20.3277;
22.5932;
21.3265;
21.5687;
21.8774;
22.3998;
27.9125;
21.6101;
24.8186;
11.0371;
20.601;
22.2359;
23.5254;
18.8373;
16.9552;
21.4224;
21.1159;
21.4221;
24.1022;
24.3372;
17.2332;
17.2755;
17.3139;
21.9715;
20.8975;
16.7554;
19.4002;
19.4471;
19.742;
20.2873;
16.1522;
24.583;
21.4668;
17.7963;
26.861;
26.4048;
22.913;
20.9186;
16.9395;
19.747;
14.2699;
18.1607;
15.9299;
18.1114;
17.2671;
19.5072;
17.5858;
21.2303;
17.0972;
20.6326;
20.8319;
17.4793;
13.8454;
18.0633;
18.0447;
20.7414;
19.6663;
19.2246;
14.9456;
14.8941;
16.3696;
22.2463;
18.3481;
18.6006;
21.0498;
21.791;
18.8262;
20.7873;
18.3459;
19.1553;
18.5792;
22.4158;
17.7803;
18.5416;
18.974;
25.3956;
16.7538;
23.1586;
14.1225;
18.2677;
23.7602;
14.7293;
17.5357;
23.0367;
18.6282;
22.6594;
22.5493;
27.9037;
19.9863;
23.5115;
16.6897;
17.7393;
24.3964;
14.6808;
16.9898;
15.3464;
17.7138;
21.5236;
20.7707;
19.1787;
20.6593;
18.0718;
24.1064;
16.7396;
18.8467;
21.9163;
20.5107;
25.9569;
23.0905;
22.8542;
23.0422;
19.1369;
20.2597;
17.3271;
15.0011;
22.2172;
23.6652;
24.2056;
22.2968;
18.8084;
12.5768;
18.0979;
16.9059;
18.0031;
20.5593;
23.8116;
18.9612;
17.773;
13.9441;
17.8162;
23.3789;
17.9163;
22.7591;
20.1566;
17.9867;
14.624;
17.4853;
17.9744;
15.1191;
16.7337;
21.1146;
18.4301;
17.198;
18.1185;
17.7203;
20.2317;
17.4419;
19.5373;
17.6571;
18.0251;
20.0352;
20.0057;
21.2096;
18.8042;
22.1652;
18.8582;
16.3101;
16.4605;
27.3123;
17.3441;
18.7866;
22.9668;
18.6582;
23.2395;
18.2276;
17.5972;
23.3254;
19.6491;
19.9721;
21.9226;
16.6386;
16.2458;
19.6452;
20.5838;
19.5288;
16.7029;
17.2079;
19.2227;
25.0972;
22.5581;
16.6303;
21.5768;
20.2878;
18.7796;
20.8126;
17.6593;
20.6919;
15.2053;
22.2814;
15.6458;
11.015;
22.312;
13.4381;
21.0189;
19.0068;
25.8709;
19.3544;
19.5251;
16.9112;
21.4123;
24.8979;
22.3312;
18.1599;
18.0108;
17.733;
19.7023;
19.7949;
18.3546;
19.8457;
25.5982;
23.0366;
16.6271;
22.7174;
19.8804;
17.1816;
16.601;
17.5436;
23.7672;
14.8072;
14.889;
19.0814;
20.015;
22.05;
12.2371;
20.3519;
20.3708;
21.0233;
24.6095;
18.0358;
20.4579;
15.4665;
19.9802;
22.7291;
15.8746;
17.4618;
17.1179;
18.0147;
19.5948;
18.8915;
17.4101;
24.6338;
17.3601;
25.0583;
16.1226;
15.8521;
27.0129;
21.9912;
22.0442;
22.5854;
19.5195;
16.3984;
21.6863;
17.4292;
13.8664;
16.0972;
16.1314;
16.4227;
21.8658;
21.1952;
15.634;
20.4347;
21.042;
16.4984;
18.4028;
15.8299;
15.4534;
21.6421;
18.355;
17.2069;
20.7258;
19.3372;
18.0585;
13.9662;
20.8238;
22.7626;
23.2422;
18.5951;
20.7306;
23.2457;
18.4671;
16.5403;
16.6766;
17.8703;
21.7682;
17.7964;
18.3209;
17.1042;
17.1348;
17.8715;
18.7803;
13.7038;
16.7041;
21.2936;
14.5872;
17.1225;
13.1405;
18.1051;
21.6365;
21.5424;
11.6031;
20.6252;
16.4713;
18.7517;
19.6134;
17.6632;
16.4794;
18.5974;
16.5134;
22.6549;
24.4335;
20.7733;
16.3729;
19.385;
16.3637;
17.4526;
15.7782;
19.6274;
16.6904;
16.0117;
21.7712;
20.55;
16.7373;
19.4496;
21.2119;
19.4194;
23.2142;
15.6927;
17.1701;
14.245;
19.8026;
17.9558;
16.9073;
15.5343;
15.5791;
23.5634;
17.5036;
16.9902;
21.6613;
19.6007;
18.3813;
17.3696;
24.5594;
21.6148;
17.5986;
13.6903;
22.0321;
21.2581;
15.1696;
16.4316;
13.8595;
20.7309;
14.5062;
16.9963;
18.0684;
18.2617;
19.1196;
22.6559;
14.5035;
18.4822;
18.5446;
17.0996;
17.1193;
17.9806;
19.6321;
18.9056;
20.8948;
18.0077;
24.2818;
19.5713;
19.0957;
17.8694;
24.3732;
16.7605;
17.5868;
17.1054;
15.2849;
16.3996;
15.4704;
21.7842;
13.5894;
18.0675;
18.7324;
17.3831;
20.1712;
21.068;
22.3267;
20.2581;
20.5592;
15.5083;
16.1255;
17.5551;
16.0468;
16.5998;
14.357;
21.1399;
20.181;
17.8981;
14.6351;
21.7237;
19.0443;
21.9073;
19.591;
20.433;
16.2912;
19.6032;
23.6897;
14.9588;
16.3871;
14.6216;
17.2706;
16.6156;
17.6749;
16.2734;
21.6216;
18.9433;
21.0307;
20.1279;
20.7053;
21.2149;
15.3717;
20.8341;
15.768;
17.0581;
13.88;
18.4975;
21.1991;
17.8928;
19.834;
23.4123;
17.5719;
11.5549;
17.2161;
19.2878;
18.1177;
20.2645;
19.3338;
21.6373;
19.0092;
16.8495;
18.2879;
22.4991;
21.3802;
19.7626;
15.9868;
14.9717;
20.7783;
18.8114;
15.9042;
14.7277;
22.734;
19.4038;
20.7914;
17.9662;
15.2682;
18.1757;
14.6928;
16.5422;
14.1018;
18.2659;
16.0326;
17.9176;
16.5958;
19.2333;
15.9019;
22.5869;
15.5644;
18.5964;
22.2853;
14.6851;
21.3432;
14.8675;
13.7467;
17.4966;
22.017;
20.5432;
13.6154;
16.2598;
19.4305;
22.0439;
17.5582;
12.7695;
15.4283;
19.847;
20.5643;
18.6838;
26.8506;
15.4655;
14.7411;
17.7373;
17.2746;
11.7128;
19.9575;
15.9399;
17.4255;
16.0107;
17.5983;
15.1684;
19.737;
14.9804;
14.1361;
17.8443;
13.2086;
14.9551;
16.0004;
16.0297;
15.9254;
18.9617;
13.0915;
18.9772;
17.3223;
15.9244;
21.8077;
16.211;
16.1704;
13.8222;
17.3465;
16.8714;
18.0076;
16.8455;
21.6153;
15.9531;
16.0744;
17.9099;
16.5049;
17.6325;
16.3561;
17.156;
22.9051;
16.8576;
19.5553;
18.2239;
19.3927;
22.6442;
17.4265;
15.6952;
17.2193;
14.6936;
21.5227;
17.622;
14.1001;
20.1898;
12.2026;
14.7121;
15.3333;
22.2856;
17.685;
15.7157;
21.0435;
13.2058;
14.9181;
14.3809;
14.7398;
15.6977;
20.9088;
13.97;
13.0885;
16.0067;
17.6177;
15.4721;
17.4802;
14.4072;
15.737;
12.9956;
18.0049;
11.692;
12.6951;
15.3108;
15.9752;
15.4934;
20.8406;
19.0399;
17.1188;
12.9639;
12.7746;
18.2988;
19.0176;
14.1695;
20.8188;
20.3375;
14.2672;
16.3615;
16.8457;
20.7488;
14.2696;
26.0224;
17.3775;
22.3187;
18.1077;
19.436;
15.2384;
16.1554;
16.3614;
18.4757;
19.8167;
17.4921;
12.7222;
15.9261;
16.0566;
15.5531;
14.5651;
15.9366;
19.513;
23.6958;
16.0504;
18.3185;
17.4199;
16.1855;
20.3799;
18.7071;
18.7561;
19.0652;
14.2854;
16.5996;
18.1781;
18.3434;
14.3493;
21.2256;
15.8833;
18.0219;
12.7287;
19.4326;
15.3922;
15.9149;
17.5695;
15.3112;
13.4369;
14.8812;
20.1333;
21.7494;
21.5027;
16.9905;
15.1162;
18.9561;
16.3053;
13.9307;
14.7442;
13.656;
12.5185;
18.0762;
14.6467;
16.4184;
16.3677;
14.0985;
12.3035;
14.2368;
14.848;
22.6543;
12.6887;
19.6787;
19.7633;
9.66869;
12.5969;
14.3702;
19.077;
19.0669;
17.6384;
18.4207;
18.7664;
21.3634;
15.8705;
15.8557;
18.8192;
19.6803;
13.8602;
21.7311;
18.4199;
20.1401;
14.2648;
13.5089;
19.2576;
12.5701;
12.8774;
13.6782;
19.8052;
16.9139;
16.2438;
19.6783;
17.02;
15.4125;
21.3761;
20.2582;
16.0309;
16.7157;
14.2474;
15.9496;
19.1036;
19.5302;
15.1042;
14.891;
14.4155;
13.7742;
17.8441;
16.2186;
21.0067;
20.2587;
18.1647;
16.3431;
16.3634;
16.51;
16.2458;
17.3369;
17.2442;
15.964;
16.969;
22.5838;
15.7924;
19.1035;
15.4959;
15.5632;
19.1958;
16.4095;
16.1123;
14.1026;
17.1989;
19.7366;
13.1822;
12.4266;
13.424;
18.8188;
14.9989;
16.5317;
20.8682;
16.5015;
17.1806;
15.1944;
17.2417;
15.3995;
17.8539;
10.0984;
15.2419;
18.935;
15.762;
16.0931;
11.7487;
15.4081;
16.666;
19.022;
18.5022;
16.3716;
15.6234;
18.4464;
15.2464;
17.1865;
14.3044;
12.6983;
10.9994;
13.8741;
17.6288;
16.6484;
16.4768;
17.0561;
16.6346;
16.6408;
17.7326;
11.565;
13.1557;
15.2204;
13.5272;
14.7863;
19.4401;
13.3123;
20.111;
14.716;
17.6855;
20.0587;
20.3887;
18.8125;
14.545;
16.3153;
16.0904;
15.8941;
14.9658;
15.8278;
22.2545;
10.8977;
15.811;
20.5765;
19.1166;
14.5585;
11.0714;
16.6922;
14.7348;
16.2475;
13.5059;
17.5125;
14.8382;
16.9487;
22.5541;
15.0229;
13.8939;
13.3486;
16.1228;
17.0044;
14.2027;
15.9165;
18.4177;
19.7713;
11.8735;
15.748;
15.4644;
14.613;
14.5716;
22.3296;
18.1408;
15.8668;
14.1329;
13.21;
11.4539;
16.9159;
11.9527;
16.5186;
13.0789;
19.8968;
13.4612;
15.3408;
16.5305;
15.6036;
21.6227;
16.1283;
16.2459;
7.5861;
15.9133;
19.0401;
17.0107;
16.0499;
14.2458;
20.8255;
15.1415;
13.1858;
18.4133;
11.871;
12.8124;
18.4399;
14.1612;
14.3679;
11.3469;
17.8961;
17.915;
13.7446;
13.6555;
11.9632;
17.5567;
17.602;
21.458;
14.4191;
19.0801;
10.2076;
13.1254;
13.9372;
14.8908;
16.6798;
16.3486;
16.7496;
14.4849;
16.5752;
12.2465;
17.2432;
12.6244;
16.593;
13.4436;
11.5626;
15.4444;
13.1605;
15.3452;
12.8746;
16.9372;
13.1343;
12.3396;
14.0808;
17.2399;
12.5799;
14.647;
16.0227;
11.3512;
16.2473;
13.1563;
19.9755;
14.9649;
12.0754;
16.4962;
13.3373;
10.2937;
15.7497;
16.4854;
14.9453;
17.8583;
14.1147;
12.0964;
11.2632;
15.4974;
10.5163;
12.2602;
12.5352;
17.3726;
15.1974;
14.108;
12.6273;
12.8145;
14.6989;
16.5427;
18.7338;
18.7562;
15.0864;
11.783;
14.3002;
12.3617;
18.9717;
15.9271;
19.4436;
16.0724;
17.2376;
15.5846;
15.255;
12.149;
12.8051;
15.4154;
14.761;
15.0937;
17.1475;
11.8189;
18.9973;
14.7159;
15.0424;
19.2862;
9.57185;
14.9597;
13.1776;
14.7449;
14.1617;
12.4666;
15.4384;
14.9171;
13.0939;
14.4846;
13.2005;
11.9659;
13.1041;
19.7528;
17.6113;
16.1175;
16.3396;
13.5464;
11.0727;
16.2857;
16.9215;
13.4899;
17.6698;
18.8115;
15.1727;
13.499;
17.0538;
17.4435;
14.0994;
13.5156;
14.3817;
16.3806;
14.2705;
12.5285;
15.3936;
9.95315;
14.9442;
15.4219;
16.3138;
13.229;
15.0177;
18.5424;
10.7677;
12.2628;
12.6431;
12.3734;
16.6037;
12.2116;
11.4274;
19.1292;
11.693;
16.0359;
15.5621;
13.1483;
13.255;
13.2762;
15.9577;
14.4061;
11.4454;
13.6273;
15.4209;
10.7524;
13.9681;
14.7289;
12.9851;
15.2811;
11.2875;
17.6099;
15.664;
11.3999;
14.9386;
13.1047;
14.3406;
10.8222;
17.5354;
12.0644;
16.2699;
19.3398;
9.06342;
15.7636;
20.2119;
14.9097;
16.6413;
11.606;
13.0738;
12.956;
13.8545;
17.0808;
12.8228;
14.2007;
13.4428;
17.9387;
12.4977;
18.2547;
12.9536;
13.2443;
17.0003;
11.8552;
15.8603;
12.0338;
15.4215;
14.0319;
13.8527;
15.524;
13.3954;
11.1882;
13.8264;
11.6938;
13.0398;
13.427;
16.9351;
16.1453;
14.5328;
15.8073;
15.5282;
14.5916;
9.26125;
13.4784;
15.0067;
13.3802;
11.3834;
16.4042;
16.8116;
14.3505;
13.5073;
15.7521;
14.7829;
11.8766;
15.7102;
18.5427;
18.4627;
18.0359;
16.7897;
16.8751;
15.9945;
16.8769;
15.6563;
10.9528;
16.0494;
11.5925;
13.8514;
11.6725;
11.8404;
18.1014;
14.527;
16.6055;
17.4849;
13.2614;
14.0515;
13.7539;
15.0584;
11.6651;
17.1634;
15.0915;
18.4603;
12.3544;
13.8077;
20.9875;
17.6;
11.2348;
14.9019;
12.9713;
14.2285;
11.3572;
12.3123;
13.0182;
10.5227;
18.5314;
13.4829;
14.3595;
13.2054;
12.7192;
12.0582;
9.65329;
13.9956;
18.3545;
15.2999;
15.2965;
18.918;
12.9004;
17.3416;
15.4576;
18.5123;
15.4272;
14.3943;
14.2269;
14.2355;
14.7597;
10.6696;
10.6461;
13.1588;
15.8178;
16.8213;
13.7382;
13.5397;
12.3355;
13.0534;
13.0043;
14.1737;
15.3398;
17.4865;
21.7013;
19.4312;
13.0749;
17.1221;
13.0818;
13.9127;
10.4682;
19.0246;
11.5835;
15.7568;
15.9565;
9.68369;
16.9675;
15.0208;
12.3014;
12.952;
20.6295;
15.585;
12.5988;
14.6382;
15.8332;
16.2493;
15.6521;
20.3228;
15.9642;
11.8869;
11.7831;
14.8331;
11.4093;
11.9544;
14.4807;
19.0304;
14.7919;
14.1985;
16.0944;
14.996;
10.9151;
13.0014;
13.4049;
11.596;
13.3826;
13.579;
13.8136;
11.6436;
16.2028;
14.3523;
15.2197;
14.9566;
9.08164;
16.0258;
12.5072;
13.9381;
16.4877;
16.9351;
14.8102;
12.9335;
13.9318;
17.3362;
11.2175;
14.5271;
12.1464;
12.7365;
10.3358;
15.0975;
13.9097;
14.4703;
13.011;
11.0705;
11.0632;
18.5295;
13.169;
12.4917;
13.8047;
16.272;
15.0235;
16.5822;
10.5328;
13.2749;
14.0464;
17.0169;
16.3485;
16.4736;
15.3134;
14.7646;
12.2577;
12.2085;
10.2273;
13.3459;
15.7303;
14.6424;
11.6513;
17.716;
13.1787;
18.2015;
12.0913;
14.4861;
9.60135;
13.1621;
15.4826;
15.0804;
12.3153;
10.5788;
10.8548;
15.8985;
16.7701;
12.9215;
15.4718;
10.3115;
13.7339;
11.7223;
11.8206;
9.67781;
18.6393;
13.5512;
11.4452;
14.9682;
13.5683;
10.1302;
15.0949;
12.704;
16.3922;
11.1045;
11.8791;
9.30817;
12.5853;
14.1654;
14.0216;
12.4979;
10.8907;
16.5912;
12.3567;
20.4467;
13.0546;
19.6958;
14.0216;
14.108;
10.8066;
10.0843;
13.0274;
14.8064;
13.4913;
14.5817;
17.2571;
18.0085;
14.8367;
14.0733;
14.0184;
9.12;
14.6357;
9.93058;
15.4198;
12.6917;
13.2867;
14.5111;
13.0303;
14.7558;
15.1231;
12.3705;
14.5681;
19.6369;
12.6953;
12.6828;
12.3762;
12.3334;
12.8603;
13.1736;
13.4947;
14.6436;
15.7735;
18.8932;
14.8231;
11.8182;
17.3009;
11.6096;
9.67643;
9.31147;
14.7143;
13.868;
9.37793;
13.5662;
14.8778;
11.7796;
12.4052;
12.9815;
11.6616;
13.6849;
14.0305;
14.5944;
18.9757;
14.0044;
12.8587;
10.4286;
14.7741;
16.8525;
13.2387;
12.9694;
14.9932;
11.8736;
13.772;
11.4026;
12.3237;
14.6416;
11.6209;
11.0053;
12.5927;
13.4101;
12.0795;
14.2678;
10.7416;
10.6165;
15.0216;
11.9774;
10.0058;
17.0032;
15.3028;
13.2935;
10.0932;
12.4555;
14.3603;
12.2143;
15.0574;
14.3126;
12.5557;
13.2439;
14.8472;
12.1409;
12.4826;
11.9161;
16.2762;
10.2069;
12.8334;
13.8456;
12.8798;
11.2746;
14.7962;
10.2355;
12.2116;
14.056;
11.9122;
11.5931;
13.333;
9.10151;
17.9192;
12.5827;
14.6377;
9.55476;
8.95165;
19.5994;
11.5805;
13.515;
12.9999;
11.2212;
10.8558;
14.8612;
12.5868;
11.3982;
10.4062;
12.492;
10.2043;
13.5208;
16.3465;
17.3854;
14.5736;
14.4153;
16.3511;
9.44055;
15.3184;
14.7549;
14.7297;
13.1293;
13.2199;
12.0769;
12.3212;
16.8227;
12.6184;
13.7787;
12.7113;
19.8725;
13.8104;
13.7201;
9.39479;
8.92352;
15.3324;
18.4424;
13.0185;
12.9155;
13.3167;
12.5881;
15.2371;
11.7438;
15.2842;
11.6732;
15.5386;
9.71698;
13.1749;
15.0134;
13.216;
12.9416;
15.5686;
8.18386;
12.4126;
15.4976;
13.9365;
13.6054;
15.7079;
15.991;
10.7905;
13.3805;
9.33094;
9.93616;
14.4844;
12.0856;
15.855;
11.1949;
13.2025;
16.1843;
15.4618;
13.6295;
12.5221;
11.898;
11.606;
12.7929;
13.7148;
10.0457;
11.2085;
14.7307;
13.2342;
15.0196;
10.6881;
14.1433;
9.09955;
13.7283;
10.6815;
13.9294;
9.34772;
10.4173;
14.6652;
12.1159;
12.743;
12.343;
12.9265;
16.0231;
12.9325;
14.5513;
15.0904;
13.034;
12.013;
15.7891;
12.8163;
12.3419;
12.934;
11.951;
11.9072;
12.1428;
13.9926;
13.9656;
7.10176;
13.1066;
11.778;
13.4969;
13.1451;
12.2757;
12.82;
16.0724;
11.8941;
13.5925;
11.2691;
10.7292;
19.1323;
13.2882;
10.7897;
11.0646;
10.6289;
13.8391;
12.9229;
13.5251;
14.4;
14.6052;
13.3086;
14.2121;
15.269;
14.8901;
11.7233;
16.0118;
14.1729;
14.0218;
10.4602;
14.3135;
13.3073;
14.0226;
9.45288;
10.1934;
9.20357;
8.25119;
9.27262;
12.2061;
13.9396;
13.595;
11.5429;
14.6566;
12.8365;
14.5748;
9.14319;
8.93864;
13.7206;
13.8353;
11.9092;
14.4772;
15.9578;
13.5446;
14.5794;
13.5126;
10.8194;
17.2766;
14.1892;
9.67841;
14.8633;
13.2949;
12.1337;
12.7864;
13.4591;
7.23267;
10.6775;
13.8296;
15.8332;
13.0542;
10.9963;
13.0051;
13.4463;
12.6925;
13.3762;
10.6927;
8.7882;
12.7938;
13.066;
8.83714;
9.51877;
13.7974;
14.7699;
10.105;
12.6212;
11.4835;
15.1455;
15.5828;
13.3729;
14.0308;
13.5324;
16.2817;
12.0892;
15.7248;
12.3322;
7.99715;
11.4029;
9.3727;
18.2944;
11.5073;
14.5517;
16.1475;
17.8685;
11.5137;
15.8691;
15.2538;
12.1028;
9.97691;
12.7908;
12.9252;
14.2818;
12.6051;
11.1238;
12.8975;
9.75958;
14.6504;
6.69253;
11.5868;
11.8567;
14.7429;
12.6901;
14.0213;
10.3423;
12.9208;
10.6169;
14.495;
11.9764;
9.80089;
13.0772;
13.1554;
14.1021;
12.0897;
15.0674;
15.0188;
9.52776;
12.9561;
13.8808;
13.0872;
11.8913;
10.4615;
12.0262;
12.8834;
12.0267;
14.0074;
13.7117;
10.5655;
8.0289;
14.7945;
14.9207;
8.62001;
9.20333;
11.9579;
10.9057;
11.8524;
11.9887;
13.006;
11.7514;
11.3285;
13.851;
13.2967;
10.9349;
15.2513;
13.4755;
14.429;
11.8676;
13.1696;
15.8491;
11.5188;
10.1521;
10.6841;
11.6823;
15.6402;
18.7175;
14.0883;
13.6764;
11.8289;
11.9105;
11.0752;
9.87741;
11.1119;
8.83687;
12.8763;
12.9012;
12.107;
9.42545;
12.7151;
13.9449;
12.9536;
15.0647;
9.1759;
11.7593;
14.3836;
10.3732;
13.8781;
11.9103;
14.6022;
12.3796;
14.1446;
11.1923;
9.48812;
10.5578;
11.2561;
10.1761;
8.31059;
10.5905;
10.9976;
12.1071;
11.6352;
10.8499;
11.5824;
15.6776;
13.8897;
13.9905;
11.4987;
12.2157;
11.0472;
11.6339;
9.67905;
13.6766;
12.7142;
19.8706;
8.56445;
12.6915;
12.1346;
8.24235;
16.1742;
12.0528;
13.668;
11.6955;
11.3256;
12.9296;
14.4584;
17.2116;
13.6504;
14.287;
13.6779;
10.5203;
14.517;
10.4447;
12.5276;
14.5482;
13.3976;
13.4928;
11.963;
16.4259;
12.2531;
11.0801;
12.4652;
11.3495;
16.0429;
10.9298;
9.61149;
14.1257;
10.6044;
15.2245;
11.7248;
10.7789;
11.0009;
13.2378;
8.69221;
11.2413;
13.1374;
14.4359;
14.2331;
15.8458;
10.945;
10.3527;
13.5775;
10.3022;
14.8554;
10.138;
13.2132;
12.269;
12.8698;
8.819;
12.5923;
16.3968;
15.4619;
11.7059;
9.58317;
11.4234;
14.2795;
11.9361;
14.6353;
13.7246;
13.5319;
13.5775;
14.8003;
10.5202;
12.8296;
15.9595;
15.7856;
13.9062;
13.4289;
10.2087;
12.6862;
12.5771;
13.5101;
10.6561;
15.7156;
9.17225;
14.1951;
12.2918;
16.4784;
16.2056;
13.6504;
10.5353;
13.5634;
14.3665;
11.7709;
13.5997;
13.9462;
8.52773;
15.0346;
11.0901;
13.9766;
13.4748;
10.1693;
10.9438;
12.908;
15.0449;
9.79601;
16.279;
12.3929;
12.2317;
12.444;
9.1157;
12.6049;
12.1842;
8.47096;
11.4485;
13.8738;
12.676;
11.9847;
8.35455;
11.0587;
13.546;
10.0882;
9.40684;
15.7401;
12.2116;
12.6946;
15.656;
11.9257;
8.71693;
11.9722;
9.89371;
13.0749;
13.0861;
10.4962;
13.4615;
13.8223;
9.93404;
12.6999;
11.1822;
14.5013;
8.66758;
10.5422;
11.2327;
8.77651;
9.87358;
14.5131;
15.1726;
7.83899;
10.2285;
10.6118;
8.83384;
13.1333;
10.5174;
11.126;
13.5764;
9.73717;
13.0904;
9.93222;
14.4547;
8.78421;
15.0799;
11.5959;
11.9562;
13.9782;
11.3368;
9.55901;
10.8298;
9.84524;
14.4825;
12.1656;
11.4926;
12.1414;
11.5483;
11.3657;
11.8546;
10.8228;
13.8042;
9.55241;
12.2786;
9.88014;
10.6028;
17.0084;
8.5842;
12.042;
10.2672;
11.5707;
11.0634;
13.4805;
9.17543;
9.45863;
9.50589;
9.01374;
12.069;
13.1275;
13.1969;
15.7375;
11.3157;
15.9461;
11.132;
9.87911;
14.2609;
11.1485;
13.6113;
13.0408;
12.2816;
18.6229;
10.9278;
14.7403;
12.154;
14.0819;
13.212;
14.2839;
10.9438;
14.8252;
13.7875;
10.5822;
15.1521;
9.65237;
13.8753;
9.26531;
11.4836;
12.9878;
10.9754;
10.1205;
12.2206;
8.63908;
10.0312;
10.3149;
12.6559;
12.4067;
15.5683;
12.2491;
10.7858;
15.5408;
8.55084;
14.7038;
9.86547;
10.7244;
12.3355;
16.2941;
11.2394;
11.4277;
12.281;
13.4657;
11.6107;
12.0685;
10.2347;
10.8584;
15.6681;
7.97171;
10.2398;
12.4242;
11.1498;
9.55123;
10.5526;
10.5111;
10.1003;
10.4252;
11.534;
14.1137;
10.4099;
15.4362;
12.3333;
15.9103;
11.593;
11.869;
12.2218;
9.35087;
9.09945;
12.2743;
12.7973;
9.62789;
11.2082;
8.73673;
14.2215;
10.9195;
9.82679;
11.58;
14.1522;
11.3195;
12.7009;
15.1179;
14.2304;
15.9458;
12.1825;
13.1396;
9.5254;
10.2236;
13.5812;
10.9693;
10.7692;
11.1778;
11.5695;
10.52;
11.7291;
13.9861;
11.2929;
13.5177;
14.2008;
8.50295;
12.7695;
12.6168;
8.58471;
14.7356;
13.2968;
8.86264;
12.2779;
9.25448;
14.1306;
9.7285;
15.7419;
11.1052;
8.82285;
10.3995;
11.6454;
13.3305;
13.9096;
9.19701;
9.88167;
8.65092;
9.99976;
13.9302;
10.853;
10.9774;
7.32332;
10.3337;
11.0496;
12.4474;
16.5222;
10.9748;
9.28656;
15.2237;
10.99;
11.7789;
15.2738;
10.5254;
11.1961;
9.72992;
11.6716;
15.3974;
10.6703;
9.87588;
8.05758;
10.3974;
10.1725;
12.8871;
11.4321;
9.76724;
11.5605;
11.9646;
14.0357;
14.6713;
13.4134;
10.4244;
12.5757;
9.39748;
10.9965;
12.5335;
10.6665;
15.7719;
15.0528;
16.6072;
11.4773;
11.1532;
11.0911;
11.469;
12.0617;
8.58202;
11.795;
10.9189;
13.9403;
9.84331;
13.0399;
12.5873;
8.67737;
9.9275;
9.71184;
15.2322;
14.2255;
10.5761;
9.55016;
7.3942;
7.32612;
15.2587;
16.1044;
7.52566;
9.63956;
10.2082;
6.81441;
9.95451;
11.048;
8.82163;
14.9061;
13.4924;
8.92937;
10.6567;
11.796;
12.8572;
9.2614;
10.8097;
11.3823;
12.7074;
10.4283;
13.8506;
9.54524;
12.1403;
12.495;
8.85688;
11.8819;
8.99561;
11.7339;
12.9092;
15.4252;
13.6282;
12.1518;
10.3996;
12.7444;
11.0601;
10.755;
9.14555;
9.65129;
8.76871;
14.3845;
11.6752;
11.0859;
11.4696;
11.5379;
11.6864;
10.3021;
9.35249;
13.0706;
12.6974;
12.6383;
10.9153;
11.1403;
9.76264;
11.8469;
10.3595;
9.84375;
10.9958;
14.6065;
10.5157;
10.0008;
13.7984;
11.0405;
12.2646;
12.3864;
10.416;
9.3307;
10.6393;
9.30902;
8.17713;
10.9901;
13.3354;
9.88319;
12.2146;
6.53977;
8.71056;
9.19364;
12.3699;
11.5156;
10.2143;
12.3658;
12.838;
10.9012;
12.8145;
10.488;
10.5556;
6.93898;
10.7835;
11.8953;
6.83579;
11.181;
10.9909;
11.0291;
10.3109;
12.717;
10.1544;
6.96552;
9.59734;
12.0622;
9.89956;
9.92173;
10.4554;
9.35453;
13.8553;
10.8791;
8.52492;
10.2385;
8.44921;
11.998;
10.9962;
16.3912;
12.7611;
10.4846;
14.6244;
8.36754;
13.3067;
9.82099;
9.7893;
9.95777;
12.2878;
8.64388;
9.00007;
12.8008;
8.45673;
11.0599;
11.1161;
10.5886;
10.4075;
7.51431;
14.3891;
14.7529;
11.4392;
7.13556;
10.446;
15.8402;
11.0326;
11.0491;
8.2217;
10.4661;
9.41256;
10.0947;
9.57742;
11.431;
11.1178;
12.554;
9.39314;
10.0303;
10.6017;
11.174;
12.5027;
12.3235;
9.41193;
13.8475;
14.7348;
10.5855;
12.188;
10.889;
13.5168;
7.24694;
11.3483;
11.921;
10.0492;
13.805;
9.10632;
9.28467;
11.1628;
13.2202;
11.8265;
9.44543;
12.4193;
11.2079;
10.6439;
8.98909;
12.0943;
11.5125;
9.34639;
10.0211;
12.5597;
9.76144;
9.55396;
12.2598;
11.2632;
10.6949;
12.5337;
13.4026;
11.0406;
6.54432;
11.7234;
9.2248;
11.3421;
10.86;
9.4102;
9.87818;
9.51229;
9.42221;
11.157;
11.7342;
9.85083;
11.2411;
9.75785;
11.8161;
13.4563;
10.8457;
10.148;
13.307;
9.60664;
7.52458;
12.8822;
13.8161;
11.0605;
14.236;
11.8183;
8.43354;
11.5835;
10.9934;
9.47191;
6.9543;
8.1469;
9.71407;
10.6147;
10.7037;
12.4604;
13.2223;
11.4975;
12.9501;
11.1867;
12.1174;
11.2106;
11.1422;
7.45248;
9.83425;
9.6786;
11.3194;
11.2056;
15.515;
8.5209;
13.0378;
9.90434;
9.23608;
11.3162;
10.4426;
8.6819;
14.0976;
10.1637;
13.1877;
10.7557;
10.8197;
9.66368;
8.50803;
6.94202;
8.52921;
12.4658;
13.1097;
10.6718;
14.9129;
14.7789;
12.3247;
9.09522;
7.85857;
7.85547;
9.00122;
12.4753;
10.2176;
11.2127;
11.2109;
11.5287;
11.0986;
13.7954;
10.0528;
9.267;
12.5768;
7.26318;
10.9159;
11.2815;
8.84559;
10.6666;
7.85542;
11.6508;
10.9013;
11.808;
9.33911;
11.0841;
13.3635;
8.0681;
10.3118;
9.70256;
10.2336;
9.0138;
8.39505;
12.1743;
11.9106;
14.299;
13.7683;
12.3906;
10.614;
10.882;
14.396;
9.38962;
9.24168;
10.9737;
8.50378;
11.1526;
10.6523;
10.6315;
10.7592;
10.3542;
14.1857;
10.8214;
9.16416;
12.9309;
9.55568;
7.35162;
10.6472;
9.409;
9.41478;
10.7081;
10.2459;
13.1866;
9.68235;
9.00615;
8.98226;
12.5061;
9.47302;
13.5424;
7.01732;
11.0065;
8.99901;
12.2918;
12.006;
12.315;
12.109;
10.3825;
11.8923;
5.95584;
9.46054;
10.6908;
11.4946;
6.18994;
10.5745;
10.0976;
10.7665;
11.1049;
11.7938;
12.334;
8.28429;
11.044;
10.3854;
9.72891;
11.5118;
11.6531;
8.48867;
11.8135;
11.0617;
15.1523;
13.9886;
8.28103;
10.6466;
9.42548;
8.5791;
6.92995;
14.8296;
7.69527;
11.1642;
11.1071;
8.62988;
9.81844;
7.5059;
10.8196;
10.18;
9.73015;
8.74741;
9.0088;
11.3313;
8.15495;
11.5893;
12.3722;
10.1157;
12.4909;
8.79949;
8.56591;
12.3993;
8.30381;
10.2601;
10.8166;
9.61487;
8.31122;
11.7788;
10.9601;
9.39266;
10.6066;
8.73542;
11.3472;
14.4177;
8.88106;
10.518;
9.5909;
12.1461;
10.8314;
11.9454;
9.60933;
9.35531;
9.96799;
11.2286;
9.37534;
11.2276;
10.7832;
12.7477;
8.64159;
10.6568;
11.0802;
10.0493;
10.5002;
12.7992;
10.1857;
10.4821;
10.9636;
11.0528;
12.8696;
13.3481;
12.4801;
10.9824;
12.3189;
12.4228;
13.1498;
11.9267;
11.7924;
10.7261;
14.2754;
10.9053;
8.07017;
10.375;
7.64933;
10.158;
8.89384;
11.4017;
12.8762;
12.39;
7.34461;
10.1986;
8.89398;
9.46045;
11.4171;
13.0315;
8.86576;
8.47317;
9.39833;
9.85952;
11.5457;
10.8561;
12.7888;
9.25396;
6.80446;
9.72169;
8.04836;
7.7395;
9.65178;
9.38045;
9.91462;
6.81961;
10.1874;
9.21449;
11.0058;
8.81464;
10.4424;
11.3328;
12.6397;
10.5185;
9.1438;
9.50927;
13.8717;
11.2456;
7.79557;
13.8899;
9.88797;
8.3431;
9.92581;
8.347;
11.5468;
10.5087;
10.9313;
9.79637;
9.22793;
8.58893;
8.25768;
13.6254;
11.0073;
13.2586;
8.63873;
10.6609;
8.15389;
11.8032;
11.2378;
8.4559;
10.6723;
8.08665;
9.97999;
11.7264;
11.5684;
9.6103;
8.75037;
8.54469;
10.3701;
11.2159;
10.6948;
9.8857;
11.4189;
9.71465;
10.3327;
10.7515;
10.9191;
10.7021;
9.01919;
10.8181;
10.5546;
9.65848;
11.9948;
9.38902;
12.2175;
11.4042;
10.78;
9.09465;
12.0433;
8.30456;
11.5509;
9.25671;
9.92376;
8.56783;
9.79354;
13.1511;
8.94949;
9.56719;
9.60849;
11.1993;
9.43058;
11.6643;
8.99442;
10.6138;
14.0987;
12.4124;
13.4515;
6.73628;
12.1923;
12.2061;
13.4551;
10.5361;
9.1041;
10.9631;
11.119;
9.93397;
10.3938;
10.1171;
9.72629;
11.9782;
12.0926;
9.76389;
7.16909;
12.2472;
8.98265;
9.547;
9.25275;
7.03635;
11.1339;
11.7268;
7.47682;
9.52145;
10.8577;
7.15382;
7.89979;
9.70677;
10.4318;
12.0892;
8.3187;
8.30366;
13.6746;
12.0135;
8.67009;
12.4575;
10.1414;
10.0972;
9.27421;
10.5754;
12.0476;
5.19792;
9.99674;
9.88874;
12.1245;
8.55382;
9.36117;
11.5836;
8.19056;
9.43985;
9.40326;
12.2018;
9.76408;
7.74701;
9.42906;
7.88036;
9.23896;
9.62705;
7.43985;
12.2488;
9.08666;
10.3751;
11.1168;
12.6289;
10.3331;
10.5333;
9.07796;
7.80522;
12.799;
9.56692;
11.6118;
10.5095;
10.1679;
8.72125;
12.7142;
12.2162;
15.3321;
13.0997;
7.62173;
10.3397;
9.68742;
6.06262;
7.82064;
13.1351;
9.62139;
10.6261;
9.24059;
11.9024;
9.0548;
11.2371;
12.5878;
10.0485;
9.65741;
10.1128;
8.16497;
10.6795;
6.99375;
8.6051;
10.7671;
7.3609;
10.4397;
8.63452;
9.67988;
8.78928;
10.6636;
8.64984;
14.5925;
10.5347;
7.52401;
11.5756;
6.71899;
9.85816;
9.95025;
8.88456;
13.303;
6.68896;
8.20536;
10.1645;
11.5012;
7.29115;
10.0403;
8.4107;
11.1324;
11.7205;
10.0047;
13.0992;
12.108;
9.6731;
8.45501;
9.10732;
9.78565;
9.67261;
14.6788;
8.82832;
6.56454;
9.72665;
8.27151;
6.14201;
11.3098;
13.2935;
10.425;
12.5065;
6.01705;
9.09315;
7.80556;
9.82085;
7.04143;
8.46559;
12.267;
6.7372;
7.96488;
9.35927;
9.81961;
9.2225;
9.77444;
8.85834;
9.74038;
9.81567;
10.2669;
9.89638;
9.78377;
10.954;
12.7167;
8.90475;
12.4991;
11.4054;
10.1842;
9.53129;
11.4076;
6.6328;
9.01184;
9.00419;
6.85156;
11.2492;
8.96098;
13.4788;
12.1193;
10.5228;
12.3533;
9.93404;
8.91911;
10.5009;
9.88114;
9.02589;
7.80427;
10.1746;
11.4537;
7.33552;
11.1188;
11.9689;
10.7682;
9.43143;
10.7403;
7.52406;
8.04724;
7.03484;
10.916;
8.11199;
8.64555;
11.1748;
8.64623;
11.5282;
6.77949;
6.30177;
8.69491;
11.7973;
12.8065;
9.74013;
13.2515;
7.20924;
9.77737;
7.73492;
12.1639;
10.4314;
10.4679;
10.3924;
9.41206;
11.8005;
8.54145;
8.73851;
10.3487;
13.1289;
11.6061;
6.63841;
9.74509;
12.2618;
10.542;
9.33161;
9.37679;
9.13317;
11.357;
11.2845;
11.1318;
12.3501;
9.84608;
10.4061;
8.53264;
8.96512;
10.7873;
6.64398;
8.76025;
6.90547;
11.5952;
12.5161;
8.11334;
11.0401;
9.13632;
10.3019;
13.1083;
8.85536;
7.36965;
8.9034;
11.882;
9.51683;
9.8934;
11.7966;
9.19964;
7.86558;
8.17686;
8.45512;
9.43505;
9.47514;
9.09139;
10.1338;
9.43309;
10.6094;
9.72957;
8.93886;
11.1672;
8.37908;
9.78688;
10.3476;
8.12524;
10.9261;
8.45803;
11.7627;
9.9275;
12.7003;
8.72801;
9.65682;
9.66017;
10.7137;
11.0351;
8.34409;
6.19916;
6.68991;
9.77026;
7.77842;
11.0709;
10.5699;
13.4479;
9.50656;
10.6117;
11.1507;
15.2119;
9.02242;
11.698;
7.51732;
11.1644;
7.86124;
6.97815;
8.22251;
12.1167;
9.35202;
10.8845;
8.31937;
9.69615;
7.38842;
6.95261;
4.92971;
11.3793;
11.2884;
7.49193;
10.9324;
9.98561;
10.9451;
7.30941;
6.76336;
10.6482;
6.2094;
9.54428;
7.76664;
7.24192;
6.35471;
7.33666;
8.82794;
8.34731;
6.58869;
8.42005;
5.41382;
10.8075;
7.30016;
7.69804;
7.35131;
12.3575;
8.48114;
10.6026;
9.3979;
8.73042;
12.7474;
7.60492;
9.42645;
8.63618;
7.29051;
11.266;
7.93215;
11.3161;
7.12545;
8.08889;
8.01045;
8.19406;
7.89882;
6.71357;
9.65174;
8.44982;
9.70506;
8.84807;
9.16111;
8.04343;
11.4331;
10.2459;
10.0549;
12.3684;
10.2295;
8.82527;
10.9219;
9.80922;
11.7339;
9.44382;
7.64435;
8.98634;
6.43847;
9.32721;
10.6772;
7.12613;
12.128;
12.1685;
10.6689;
8.15671;
6.70407;
10.6306;
8.0772;
8.44243;
7.84198;
11.2892;
4.9688;
7.52789;
7.72734;
11.1713;
7.28686;
8.78773;
7.65032;
9.86743;
6.60688;
11.4378;
9.74191;
8.24759;
7.21401;
6.72971;
10.0631;
14.2061;
11.9561;
9.42747;
9.64237;
6.91222;
7.96024;
9.07457;
9.57332;
11.4611;
8.89453;
6.80226;
9.46867;
11.042;
10.5144;
11.2879;
11.3607;
6.72131;
7.48572;
10.0021;
7.07323;
8.61111;
8.06386;
9.53728;
7.93284;
9.20624;
11.0836;
9.64943;
8.47007;
12.3041;
8.41649;
7.80055;
6.03189;
9.64863;
8.37748;
10.0859;
10.3114;
8.09731;
9.43332;
8.11398;
7.04032;
8.54298;
8.80544;
9.1181;
7.6927;
8.41203;
8.55498;
9.53016;
7.1133;
9.28963;
10.7958;
9.86932;
9.96489;
9.87336;
7.0325;
6.84917;
7.05791;
8.11192;
11.2815;
9.19048;
6.52229;
9.2981;
8.51691;
10.7992;
7.74177;
14.4055;
8.97352;
8.58752;
5.99505;
9.04876;
7.97549;
8.56244;
9.15629;
6.99546;
8.48441;
8.65596;
7.56253;
6.42904;
7.9823;
9.57233;
4.74709;
9.99019;
6.05291;
10.0459;
8.92402;
8.46995;
10.374;
9.99528;
9.40991;
9.02803;
9.33382;
9.09469;
8.73353;
8.816;
8.26731;
15.259;
7.5964;
10.5196;
7.85059;
8.55373;
9.87102;
6.84433;
8.82575;
8.31828;
6.62541;
9.15453;
7.69309;
7.03553;
7.1655;
9.0247;
7.0432;
6.35677;
9.68649;
8.54691;
9.64976;
12.2118;
9.55777;
8.00006;
9.71569;
10.0331;
8.79207;
6.39211;
6.76161;
8.60499;
9.47855;
9.51241;
6.38046;
8.02036;
9.32513;
7.64951;
12.3691;
11.9742;
8.99869;
6.96248;
9.322;
6.57706;
8.6115;
8.40914;
7.00397;
6.78948;
7.57664;
6.84668;
11.1719;
6.67064;
12.2874;
9.52999;
9.53476;
5.7158;
7.67658;
8.70658;
10.445;
7.08512;
8.73036;
7.8993;
11.9264;
11.4017;
9.21616;
9.8646;
6.37787;
8.00274;
8.34855;
8.38308;
10.1223;
9.24871;
9.69122;
12.6185;
7.23503;
9.57822;
8.50725;
11.2185;
8.03338;
6.15869;
9.19043;
7.71893;
8.78419;
6.85323;
7.81855;
10.6452;
8.15079;
9.85775;
6.80244;
9.23188;
9.06337;
8.64411;
10.3594;
6.81183;
9.25596;
10.2057;
8.90511;
6.98304;
8.17783;
9.02228;
7.56879;
10.471;
8.67357;
7.66053;
6.98442;
7.08281;
10.8838;
9.9356;
12.0977;
9.89283;
7.57596;
6.72099;
9.15806;
9.66358;
11.5526;
9.53454;
6.62769;
7.25865;
10.5552;
8.45793;
8.24662;
9.53846;
10.1982;
7.54522;
7.89047;
8.49517;
6.1714;
6.27656;
7.06764;
13.2747;
7.73003;
9.66658;
5.8245;
8.55538;
11.9666;
9.67419;
10.641;
6.712;
8.51751;
6.85649;
11.3552;
5.98066;
8.19374;
10.2891;
10.2379;
9.16475;
9.50008;
9.19302;
8.38091;
9.57707;
8.73984;
9.0065;
6.84369;
7.37114;
7.79539;
6.61892;
8.09173;
7.57007;
11.9952;
10.0919;
9.69103;
10.3588;
6.75288;
7.7738;
6.30866;
7.88792;
9.81229;
10.7174;
9.89816;
11.3707;
7.03542;
7.46945;
11.0259;
9.81744;
7.56784;
7.35565;
8.6133;
6.77632;
9.26004;
10.5209;
9.80334;
11.8071;
5.946;
6.82189;
8.878;
6.61835;
7.07268;
5.79974;
7.2667;
8.83499;
10.0889;
9.41197;
6.46275;
9.57159;
7.58989;
10.9737;
8.23404;
9.22054;
7.94157;
7.25244;
6.99722;
11.3352;
6.80702;
7.94507;
6.67723;
8.05602;
7.42439;
4.84258;
9.02116;
12.2449;
8.14159;
8.18974;
9.13185;
10.2206;
9.44792;
9.27896;
11.3123;
9.05513;
9.80672;
10.1391;
9.76613;
9.80298;
11.6033;
9.87566;
9.46015;
9.48726;
8.29534;
8.79831;
9.41082;
7.5511;
7.73424;
8.84958;
8.96543;
6.63207;
6.31149;
8.67357;
7.51581;
8.6824;
7.99362;
10.0868;
10.3374;
10.3632;
9.02028;
11.952;
6.6835;
7.58043;
8.01211;
8.19277;
7.42223;
10.8348;
8.97161;
8.8377;
8.87486;
7.48677;
8.83632;
5.63406;
8.2269;
8.2169;
6.8687;
8.31324;
8.45982;
8.51061;
6.446;
6.3399;
5.65463;
7.12875;
7.42363;
5.81453;
6.62057;
8.52154;
10.6977;
7.60319;
7.53935;
10.55;
9.67647;
9.96009;
9.43679;
5.52959;
9.70534;
6.73103;
9.74827;
8.90394;
7.16146;
4.85219;
9.82503;
6.09697;
6.16124;
9.86669;
8.97749;
8.66714;
11.5121;
8.38165;
6.94364;
7.29703;
8.62997;
8.47609;
9.93068;
6.99483;
11.12;
7.75494;
7.38689;
10.1687;
7.35628;
6.45627;
7.72318;
6.98661;
5.55624;
7.09472;
8.75927;
10.5515;
9.40644;
6.47433;
11.6029;
9.31252;
7.54231;
7.32113;
8.05418;
9.64295;
7.92696;
6.44323;
6.56455;
9.93327;
8.12509;
8.99252;
10.8151;
7.59546;
10.571;
6.80089;
7.28308;
7.54524;
8.60588;
6.05396;
9.14987;
9.20655;
9.84826;
8.07487;
9.75707;
8.06382;
5.69941;
6.56345;
8.75955;
6.578;
7.12891;
8.38217;
5.62319;
8.69378;
6.79513;
8.99295;
9.49891;
10.0176;
7.03846;
9.51327;
7.19268;
7.9994;
8.92015;
6.80734;
10.2194;
6.7719;
8.45035;
6.49066;
9.93023;
8.89932;
7.18783;
8.13129;
10.3167;
7.99819;
8.90145;
8.42031;
7.57386;
10.3291;
7.5156;
5.37709;
6.81257;
8.9217;
11.3926;
11.0288;
7.41873;
8.33237;
7.65389;
9.53297;
8.285;
10.0458;
11.5185;
8.04207;
10.2114;
9.61105;
6.89819;
8.62374;
8.74461;
11.3861;
9.16261;
8.20884;
8.46863;
6.27971;
6.45234;
11.6112;
6.48608;
7.31419;
9.66359;
8.59344;
7.82665;
8.78011;
7.71467;
9.01025;
5.56079;
7.68566;
11.2165;
7.98299;
8.44505;
9.07782;
8.26221;
8.86454;
6.58592;
6.31244;
7.28419;
9.54334;
6.87642;
8.08739;
10.3869;
9.12784;
7.25408;
9.06164;
8.77068;
8.97533;
6.68252;
6.94143;
10.4784;
9.68011;
7.53236;
7.207;
8.32738;
9.90417;
5.46861;
9.04399;
5.66893;
8.80839;
9.80554;
5.41465;
5.7234;
9.89983;
8.02809;
6.85725;
9.03281;
6.80576;
7.71632;
9.20423;
6.99893;
8.45841;
9.53065;
6.27475;
7.0907;
8.20282;
6.5248;
7.83604;
7.47268;
6.61684;
5.86273;
9.41436;
8.219;
8.7463;
7.88036;
7.37198;
8.10906;
9.63468;
9.10562;
5.78803;
8.91738;
7.7137;
7.6213;
7.27518;
7.07584;
8.24466;
9.61395;
5.44092;
7.90722;
6.50881;
8.95845;
9.28462;
7.83111;
10.3757;
8.55691;
6.6495;
7.74289;
9.6675;
6.43251;
7.00999;
6.83347;
6.94023;
8.09186;
6.65446;
8.13403;
7.33076;
7.74258;
5.28113;
8.72979;
9.19345;
6.90638;
8.22351;
6.85858;
7.28471;
4.52626;
7.89389;
6.58459;
11.2958;
6.39595;
5.33281;
5.63934;
8.01083;
11.211;
5.21082;
7.83653;
7.25728;
9.26787;
6.95473;
5.84888;
7.8414;
8.21925;
8.87043;
7.07411;
7.79181;
7.7085;
7.52316;
8.65293;
6.97727;
10.187;
8.65584;
8.9594;
6.45031;
7.77857;
6.38344;
5.16907;
7.44914;
8.457;
5.21134;
6.83867;
10.1697;
5.73858;
10.0972;
7.64879;
10.0952;
9.42292;
7.99346;
6.69784;
8.99418;
9.31227;
9.72455;
5.24462;
8.53859;
6.77237;
7.78884;
7.11326;
9.34459;
9.45992;
8.38414;
7.95298;
5.74974;
6.35229;
9.02602;
5.96931;
8.70389;
10.1202;
8.33046;
7.04422;
8.38439;
8.48767;
7.92414;
10.3609;
8.42175;
11.4434;
7.02772;
8.02494;
7.55779;
6.21846;
10.0407;
8.58329;
7.79249;
10.9812;
10.9105;
4.88303;
12.4514;
9.74314;
7.1627;
8.17286;
7.03683;
10.5543;
8.6825;
7.61545;
10.3733;
10.1542;
9.54482;
6.56988;
8.80171;
7.86935;
6.57415;
7.41532;
8.69594;
7.40363;
7.58842;
7.02936;
6.63713;
7.02421;
9.15582;
10.8201;
7.39404;
9.32263;
10.8133;
9.17059;
8.61977;
6.28031;
5.48645;
9.14405;
8.54395;
7.52474;
7.91076;
6.39311;
5.7414;
7.61875;
6.9043;
9.68849;
8.62589;
10.0863;
8.04131;
5.88013;
8.32266;
9.95559;
5.45654;
5.35033;
6.75336;
8.10613;
8.57097;
6.69207;
5.83243;
6.84527;
8.29977;
6.18314;
10.8393;
5.56615;
9.19935;
5.03862;
9.29918;
8.29281;
6.93843;
7.42781;
6.52192;
9.39818;
7.09172;
5.4977;
7.40347;
5.65352;
7.38368;
6.47081;
7.22163;
8.60398;
7.4036;
6.93263;
6.37754;
8.80715;
5.67321;
7.81787;
7.77273;
7.1789;
10.0032;
8.25132;
10.2747;
6.46721;
6.6567;
5.76993;
11.154;
6.52227;
7.11672;
7.62519;
7.30145;
10.0008;
7.17848;
5.94723;
5.27286;
8.03441;
5.88415;
9.52048;
7.31578;
9.61872;
9.70215;
5.45904;
7.07796;
7.76207;
8.40933;
6.13592;
8.09814;
12.5077;
8.83342;
8.52659;
6.58962;
6.948;
7.11599;
6.90297;
7.81687;
7.04551;
8.68336;
6.04699;
10.8848;
7.33115;
6.97193;
7.41741;
7.31051;
6.52371;
10.5172;
7.30291;
8.60062;
9.32437;
8.77656;
8.72623;
8.46522;
6.44123;
7.40035;
8.73053;
5.74215;
6.28897;
6.66386;
9.18336;
6.14876;
8.12994;
8.5117;
6.59849;
8.43784;
5.58728;
5.7885;
8.63561;
7.51338;
6.30908;
6.62829;
7.95059;
6.43975;
7.32536;
8.05147;
8.27595;
5.96634;
10.7958;
5.97118;
10.148;
7.06654;
5.68287;
8.66552;
7.61162;
7.34877;
9.01164;
8.01145;
8.0219;
7.07748;
6.47399;
8.91873;
5.98518;
9.31074;
8.74998;
9.08018;
7.72847;
8.0533;
5.71979;
8.82965;
6.98981;
6.66975;
6.65473;
7.15396;
6.69962;
9.49337;
8.41755;
6.12621;
9.12621;
7.93472;
7.6011;
6.74481;
6.06666;
8.07857;
8.54519;
7.01209;
6.13368;
9.53409;
6.21911;
6.77273;
6.28288;
6.10615;
7.80157;
6.28105;
8.09316;
8.83647;
4.58008;
6.50802;
7.4674;
5.9917;
8.30938;
8.69061;
7.15575;
6.16344;
9.13196;
6.23407;
6.41339;
4.98934;
8.62278;
6.66381;
7.64669;
7.9794;
11.2423;
6.30517;
6.66464;
5.08571;
5.49726;
8.56385;
6.58228;
10.5419;
5.67774;
6.15253;
10.2318;
7.52691;
8.71784;
7.3687;
5.15956;
12.0483;
7.79459;
8.12587;
6.06268;
10.7054;
7.63649;
5.37934;
5.21182;
6.05859;
5.5616;
6.35808;
8.57401;
6.47906;
5.93856;
7.78156;
10.5729;
4.45045;
5.79768;
8.25965;
6.45603;
9.62772;
7.21618;
6.46141;
5.60363;
5.91991;
5.74698;
4.65663;
10.5477;
5.88761;
5.4226;
8.84461;
9.24369;
7.72645;
7.7027;
6.5843;
8.41402;
5.95195;
4.47986;
8.12097;
7.11994;
5.80344;
10.0064;
5.57643;
9.92558;
6.80407;
5.17084;
5.45698;
5.87432;
6.01129;
11.0167;
8.07067;
8.68215;
8.42389;
8.10219;
9.75751;
7.92724;
6.37313;
8.07587;
6.33584;
7.33927;
10.467;
10.9074;
5.54756;
6.84288;
6.16724;
6.93283;
7.90607;
7.75965;
8.44887;
6.45412;
6.33307;
7.21995;
6.1868;
5.32299;
8.51284;
4.72412;
9.02519;
4.55013;
6.32901;
6.75351;
7.25734;
7.81285;
7.49333;
9.17677;
9.36661;
9.16867;
7.92645;
10.6824;
9.37577;
7.78793;
4.70257;
6.62828;
8.63892;
6.43252;
7.00193;
6.23775;
7.22439;
8.19562;
5.6473;
8.35165;
8.38207;
7.14698;
8.84338;
6.56224;
8.60318;
4.67226;
7.77874;
6.73278;
7.26129;
5.51642;
5.69708;
7.78906;
6.4219;
5.33634;
8.8194;
5.28986;
7.50564;
8.07788;
10.3957;
6.77892;
8.39011;
4.82909;
10.846;
7.25164;
6.68106;
5.56692;
7.42392;
7.60899;
6.96191;
6.84896;
6.20925;
7.05143;
8.36114;
7.48608;
5.64041;
7.26015;
7.98528;
7.04958;
6.47471;
7.47612;
8.52515;
6.7573;
8.0558;
7.464;
6.01837;
7.62346;
8.84006;
5.44736;
4.81234;
6.33453;
6.4912;
5.16307;
6.82184;
8.23775;
5.04917;
7.11958;
7.21668;
9.31518;
8.07857;
6.48088;
8.45746;
5.50139;
8.46412;
5.6348;
8.00709;
6.42097;
6.6515;
7.67202;
7.30625;
7.92639;
7.63845;
8.71953;
6.75355;
7.97353;
8.29353;
7.69741;
10.1637;
7.22789;
7.83102;
8.14473;
10.9189;
8.64965;
7.45398;
7.17307;
8.69031;
7.57898;
7.84207;
6.4412;
7.12093;
5.08108;
6.03278;
9.03178;
5.72959;
7.81178;
5.06734;
12.2667;
8.26178;
7.43107;
6.0219;
6.58292;
6.55879;
10.0694;
6.53632;
7.99742;
6.31588;
5.29788;
8.05123;
4.66442;
6.71849;
3.57424;
5.7872;
8.89876;
4.12336;
6.32777;
7.03442;
7.32168;
6.43696;
6.1505;
5.62559;
7.53885;
7.43096;
7.84312;
5.58721;
8.616;
7.87403;
9.86082;
8.42553;
8.48014;
5.46818;
6.25479;
7.29151;
6.39013;
7.88016;
6.3982;
6.97409;
6.19533;
10.867;
6.31948;
9.92471;
9.09602;
9.16987;
6.66366;
8.13655;
5.55461;
5.42155;
6.49821;
6.71568;
7.8494;
5.03591;
12.5959;
7.83321;
7.66967;
10.1351;
8.41751;
9.97887;
7.90449;
7.92691;
8.45133;
6.43079;
7.50742;
8.17275;
7.27787;
6.93289;
6.45448;
5.30769;
7.59022;
8.24831;
5.7048;
7.34469;
7.75682;
10.4171;
5.14841;
6.9503;
7.13274;
5.8369;
8.87439;
8.09777;
7.66693;
6.35083;
7.34904;
7.1628;
5.14695;
6.56448;
8.26002;
6.7476;
6.98559;
6.62676;
6.86146;
5.63095;
7.40596;
8.02028;
6.37628;
6.74626;
5.39417;
8.45838;
6.56012;
8.88956;
8.95035;
9.52622;
6.79022;
7.63811;
10.9098;
5.03553;
6.91802;
9.78329;
6.50579;
6.58558;
6.82875;
8.556;
6.98546;
7.05781;
5.39277;
8.33802;
5.85393;
9.12186;
5.32629;
7.72319;
6.18814;
6.83815;
6.19251;
7.11377;
8.35586;
5.91862;
4.99823;
5.50553;
7.61123;
5.68672;
5.94911;
7.04696;
7.60113;
4.62804;
6.18961;
5.40499;
5.29414;
5.92714;
6.93189;
5.21163;
4.76574;
8.12234;
8.27331;
6.03924;
8.36324;
7.13057;
7.575;
6.19661;
7.58376;
6.36697;
6.63008;
6.99896;
6.36144;
7.13635;
6.59063;
10.0108;
7.35807;
8.3008;
5.48311;
7.27521;
7.58969;
8.59528;
7.1905;
7.1848;
10.4114;
6.76217;
4.92479;
5.9282;
7.18602;
7.75139;
6.01268;
4.76831;
7.20041;
8.92815;
8.0569;
6.52093;
7.56292;
9.28846;
7.02294;
6.14791;
6.26272;
6.55836;
7.12417;
5.37802;
6.90294;
6.67152;
5.01491;
8.05292;
7.71107;
6.30147;
6.36361;
4.21103;
9.23292;
5.94778;
7.0047;
6.93552;
7.10351;
5.54543;
7.41861;
6.0253;
6.80624;
7.76411;
8.81166;
7.65157;
7.92957;
5.23994;
6.15046;
6.82497;
6.46756;
3.49279;
6.24393;
7.3203;
6.62835;
6.12951;
4.44574;
8.85787;
8.05434;
4.92525;
7.42805;
7.74657;
5.90316;
7.6284;
9.96406;
10.0266;
5.44673;
9.7173;
3.60093;
5.80039;
6.35806;
6.84615;
6.57285;
6.82413;
8.55169;
4.35397;
5.30667;
7.59879;
8.15328;
7.85592;
7.46986;
5.41013;
8.10412;
7.80921;
7.76334;
5.60453;
7.99386;
5.32228;
6.13551;
6.876;
7.20015;
6.93771;
5.04864;
7.93763;
7.47647;
7.22063;
4.6269;
7.89884;
9.06889;
7.02814;
8.39491;
5.60225;
5.81503;
5.1442;
6.80326;
7.35141;
5.49292;
5.0942;
4.94019;
5.37449;
6.03513;
5.08545;
7.07321;
7.89794;
8.80619;
5.84833;
6.54727;
5.67108;
6.33066;
4.22292;
7.10468;
7.88813;
4.89502;
6.64415;
5.7703;
6.14514;
6.95046;
9.0247;
6.40526;
6.35224;
7.52134;
5.09864;
6.96302;
7.64987;
6.91482;
7.37229;
6.72751;
4.84272;
6.82497;
8.03951;
7.08384;
6.70794;
8.49093;
7.83169;
8.63352;
6.75364;
5.13761;
5.55158;
5.66722;
4.8529;
5.72749;
6.48659;
5.9191;
5.12108;
9.91154;
6.47894;
5.28533;
5.32907;
7.47277;
7.16717;
7.4603;
7.96273;
6.93572;
8.54909;
10.6584;
7.9759;
7.43777;
4.76477;
6.3217;
7.73717;
5.57201;
4.68853;
6.33662;
6.9867;
4.83549;
6.47068;
5.77665;
7.50508;
6.57522;
6.25979;
7.39644;
7.91406;
8.58669;
6.20379;
5.65304;
7.33538;
6.12959;
6.47155;
6.21179;
4.94725;
6.01296;
6.09119;
7.36791;
4.8536;
5.18129;
6.98213;
5.1839;
4.25453;
5.45642;
5.5794;
6.52087;
7.22704;
4.23501;
7.4646;
8.51728;
7.40042;
6.28353;
6.19598;
5.28242;
8.13687;
7.94327;
7.18819;
6.61286;
8.34908;
4.62891;
7.38749;
8.05627;
5.16184;
10.6523;
4.75505;
6.06243;
5.9371;
7.8167;
4.21412;
6.85337;
5.52281;
6.00855;
6.61167;
5.87677;
7.67758;
5.31895;
7.86136;
6.46759;
9.17262;
4.99946;
7.74644;
6.63395;
7.70127;
4.91483;
8.81822;
7.18192;
7.21047;
6.14598;
8.25883;
7.94239;
7.92842;
6.63343;
7.84389;
8.60626;
5.63596;
9.1363;
6.597;
6.60262;
13.0105;
5.09433;
5.69826;
5.37323;
8.2035;
4.60611;
5.93418;
5.80605;
7.13607;
5.07943;
7.13603;
5.52514;
6.68236;
6.40151;
6.82838;
5.86086;
4.72954;
8.56634;
6.79138;
5.01388;
8.10142;
5.18429;
6.61711;
5.79361;
7.08876;
4.65923;
7.29603;
8.88671;
6.25685;
5.87115;
9.71206;
7.12665;
5.17557;
5.3506;
4.56633;
5.25121;
4.97718;
5.26387;
5.42085;
6.37043;
8.41098;
5.40958;
5.93353;
8.62515;
9.55943;
6.78873;
7.59688;
6.73178;
4.70606;
4.17117;
6.53294;
4.61993;
6.22131;
4.71692;
5.79293;
7.07029;
8.2373;
7.13047;
6.37962;
5.12413;
4.76804;
7.30929;
6.37984;
7.00966;
4.81298;
8.87005;
5.5574;
3.6176;
7.33906;
5.69299;
4.51213;
7.24028;
6.88844;
7.76541;
5.2778;
6.42236;
5.09646;
6.06349;
7.31471;
5.65001;
7.59883;
6.01741;
6.07614;
6.42176;
6.30215;
10.9032;
4.42037;
5.48914;
6.41365;
5.34059;
6.20417;
6.47844;
5.61238;
9.42868;
6.66817;
4.64711;
7.85625;
7.15205;
7.81588;
4.93472;
5.81825;
5.46645;
8.76906;
7.48695;
3.56173;
6.87517;
7.07341;
7.3828;
5.20122;
4.92296;
4.43901;
5.922;
9.48203;
7.54983;
5.20721;
6.6203;
9.14416;
7.55082;
6.8193;
5.80954;
6.98878;
6.35845;
7.86421;
5.54522;
5.39333;
8.68161;
5.01416;
7.29014;
3.03124;
6.34882;
5.05294;
6.09303;
6.1547;
9.82933;
8.39097;
6.88026;
6.10322;
3.11833;
6.24823;
5.62667;
6.75361;
5.23681;
3.6087;
4.80018;
6.33422;
6.53446;
6.19148;
5.647;
5.54229;
6.63266;
7.33854;
6.26016;
5.40554;
8.22209;
5.03483;
4.92918;
4.7983;
4.56743;
5.0082;
4.96138;
6.14044;
4.6771;
6.53038;
6.99698;
7.06093;
4.708;
4.21915;
8.41908;
6.92413;
4.67772;
3.95826;
5.46784;
5.37673;
5.15232;
7.43248;
8.47844;
4.02339;
9.87985;
6.67795;
7.65635;
5.26083;
5.39808;
6.1232;
5.128;
5.83063;
5.29047;
5.37338;
6.32077;
8.12269;
5.536;
6.34421;
6.53307;
4.45696;
6.54696;
9.8231;
5.09009;
5.53826;
3.80382;
5.62946;
4.0609;
3.94463;
4.81849;
6.70348;
6.6032;
4.89783;
5.32464;
6.90011;
5.01357;
4.96824;
4.94489;
4.96655;
4.70965;
6.35363;
8.62331;
5.62815;
8.86064;
4.38733;
7.02817;
4.92457;
6.36583;
5.23798;
7.80974;
5.94144;
5.22327;
8.12925;
6.35974;
6.00001;
6.07282;
6.30053;
5.28049;
5.90197;
6.06851;
6.73561;
8.55622;
3.85799;
4.8858;
4.90777;
6.38453;
5.37497;
3.95807;
4.31299;
5.62987;
5.61666;
4.57168;
6.50206;
4.75517;
6.17443;
4.70812;
11.6226;
5.07109;
7.20286;
5.67007;
5.45614;
5.73546;
6.07255;
5.9896;
5.35139;
7.16447;
5.66175;
6.26093;
4.69368;
6.60055;
4.23634;
6.92317;
5.02591;
7.32462;
6.58888;
5.22414;
6.31917;
6.9532;
6.33743;
6.29758;
6.6344;
8.74794;
3.56634;
5.33908;
4.74806;
5.35384;
7.32116;
4.99605;
6.6308;
6.1398;
3.22817;
5.43934;
5.14144;
4.85097;
4.66768;
3.7564;
3.97003;
5.13902;
6.01359;
6.00721;
5.42741;
6.33545;
6.82272;
6.12706;
3.94067;
4.59696;
6.49071;
11.3632;
7.14182;
7.84667;
3.75024;
4.77934;
6.96235;
5.42384;
5.729;
5.12283;
5.28179;
5.46219;
6.44953;
2.41341;
3.635;
6.86603;
7.7809;
10.2813;
3.65885;
5.07281;
3.53177;
6.57093;
3.62314;
8.50783;
5.61716;
7.73218;
4.90945;
7.45738;
5.48406;
6.1926;
4.89396;
6.46991;
4.93951;
6.71204;
7.89752;
5.27211;
6.36797;
4.65808;
5.59133;
5.11314;
5.11768;
7.43038;
4.89762;
5.34282;
4.83076;
7.10489;
9.59928;
8.33859;
6.74111;
7.26286;
6.96439;
4.84512;
5.23195;
6.77568;
4.63826;
3.41465;
4.55761;
5.41008;
5.60425;
7.41394;
8.81773;
5.62884;
4.12767;
6.40652;
5.06137;
6.80303;
7.27471;
5.42307;
5.88317;
4.49796;
7.37452;
5.47914;
8.11688;
6.23956;
5.89125;
4.66347;
5.6013;
4.66587;
7.25352;
6.56593;
4.46701;
6.61911;
7.44537;
6.06827;
7.52467;
6.5288;
7.14996;
6.31216;
6.86742;
5.69503;
5.19795;
3.70056;
7.77996;
5.4931;
4.28515;
5.36478;
7.72411;
8.82384;
12.0522;
7.49438;
7.08967;
5.31852;
6.46507;
3.68052;
7.35081;
6.21231;
4.37247;
6.81614;
6.51663;
5.77042;
6.8857;
4.95925;
5.78457;
4.43633;
5.35237;
4.18741;
6.69283;
5.12877;
8.19931;
4.95986;
4.63792;
6.22535;
5.3483;
5.42494;
5.56626;
4.923;
5.18109;
4.71392;
5.76147;
4.64008;
6.17719;
6.09769;
6.46415;
3.43062;
5.10263;
5.13196;
5.21664;
10.5338;
6.49406;
5.40584;
6.18508;
5.4149;
4.86155;
4.8825;
6.43396;
5.81329;
4.48167;
4.49448;
4.28639;
5.96944;
7.44199;
6.62474;
4.4396;
3.7335;
6.49873;
5.0526;
5.95162;
5.61314;
4.79027;
5.86981;
3.7752;
7.14809;
6.64682;
5.04718;
4.74928;
6.74193;
4.55874;
10.2472;
7.75032;
5.5197;
4.78555;
5.60337;
4.65548;
4.44006;
4.85424;
7.00612;
6.51753;
7.51597;
4.70258;
6.01168;
6.13658;
8.92856;
3.43484;
4.43759;
6.30624;
4.22164;
7.7225;
4.82079;
4.98792;
5.83618;
4.81479;
5.90166;
9.73599;
7.32156;
9.16196;
4.27702;
4.38913;
4.63513;
3.92837;
6.70114;
7.94755;
5.25454;
4.74293;
4.04907;
5.2786;
4.35615;
5.29179;
3.74429;
4.61548;
7.32043;
4.85149;
3.34687;
4.81291;
4.99742;
8.31062;
4.44462;
6.24612;
5.2118;
4.90731;
7.03948;
11.3835;
4.84045;
5.67833;
4.9585;
7.38827;
4.24433;
5.16519;
7.15224;
4.72801;
5.2284;
4.90889;
7.13941;
3.86765;
5.3654;
5.14853;
6.97702;
4.57106;
4.71015;
6.07639;
4.05341;
4.91046;
5.359;
4.18;
5.25768;
5.06426;
3.82153;
3.98433;
4.49214;
6.7487;
3.90747;
4.4853;
5.36858;
5.2557;
8.8164;
4.9057;
4.37353;
5.58947;
4.35454;
7.71191;
4.70543;
4.64604;
7.14938;
6.04743;
4.48984;
7.3376;
6.02169;
5.23498;
5.52911;
4.02427;
4.09311;
4.43111;
4.01146;
8.44643;
4.51314;
3.6876;
7.13523;
6.286;
4.77123;
6.92225;
5.34153;
5.78378;
3.8484;
4.14427;
5.85023;
3.05795;
4.82695;
4.99634;
5.5314;
4.47422;
4.87287;
5.22621;
5.3704;
4.66383;
9.48056;
4.27163;
3.9287;
4.57959;
3.2814;
6.90344;
3.60791;
5.41615;
8.43157;
5.22142;
5.31818;
6.70136;
6.7378;
5.34352;
3.9094;
6.27462;
3.66419;
3.07669;
3.21648;
3.414;
5.86298;
4.33014;
3.66223;
5.55559;
4.31825;
4.9311;
5.21945;
7.13966;
3.20395;
6.12846;
5.12847;
6.61964;
4.74383;
5.74052;
8.16854;
6.20899;
2.49971;
4.25077;
5.95462;
7.49539;
7.05093;
4.80064;
5.99712;
3.98835;
4.23541;
8.17236;
3.91219;
4.63349;
3.52033;
5.72348;
3.87383;
3.32669;
3.57632;
6.99746;
4.39749;
5.42951;
5.19072;
3.19865;
5.78016;
7.56975;
4.18325;
6.17284;
3.72014;
5.99567;
5.14706;
5.06565;
5.78497;
3.49998;
6.22051;
8.2231;
6.54578;
6.25957;
5.49115;
11.3218;
5.84906;
5.63402;
6.77712;
3.35913;
6.1139;
6.17614;
7.41026;
4.79817;
6.01492;
4.84654;
3.11201;
3.97409;
6.58663;
4.86605;
6.90922;
4.16107;
3.41228;
5.81666;
6.36242;
5.54891;
3.69072;
4.50178;
4.62339;
8.35616;
7.42362;
2.9994;
6.8648;
5.34189;
6.27382;
4.6785;
4.13763;
5.71753;
4.77571;
3.44113;
8.40897;
10.4144;
6.04673;
4.77812;
6.51148;
4.90025;
4.55218;
3.49447;
6.54555;
3.52962;
5.66273;
6.91799;
4.62066;
5.02997;
4.61294;
5.68368;
6.19569;
4.95934;
5.21658;
6.32842;
4.19685;
10.0111;
5.88957;
5.42967;
5.08896;
6.44382;
6.1709;
6.05679;
4.36271;
4.30884;
9.4732;
4.94105;
4.40989;
4.86406;
4.15958;
5.22415;
5.58581;
5.96692;
4.1451;
3.6918;
3.92199;
4.42464;
5.75707;
4.59258;
6.46165;
3.7575;
5.89113;
10.0201;
6.53196;
5.36648;
7.78983;
4.04648;
4.26873;
5.63961;
4.43863;
3.39599;
4.33559;
4.50375;
6.4614;
6.65944;
7.69731;
5.52697;
7.62216;
4.01283;
3.51703;
8.57984;
6.31113;
3.98353;
4.59811;
4.75225;
6.08923;
6.66855;
6.78874;
3.57297;
5.48013;
3.8476;
6.232;
4.22056;
6.05265;
5.28693;
3.89368;
3.48056;
3.61085;
3.89637;
6.61539;
4.74118;
6.13465;
4.24957;
4.47605;
4.82695;
4.93233;
5.90991;
6.72726;
3.98825;
5.69486;
4.55392;
8.32515;
5.18395;
4.12899;
4.88743;
5.46411;
5.01514;
2.84311;
5.19114;
7.0228;
6.5479;
5.35331;
5.44266;
4.7347;
4.03959;
4.74579;
3.35915;
6.35901;
5.19054;
8.24659;
3.40778;
4.49483;
7.35386;
4.27105;
3.58562;
2.71608;
4.82517;
5.2426;
3.10328;
4.93296;
4.99592;
4.69942;
6.32479;
2.62087;
7.29663;
4.96781;
3.19127;
4.17751;
5.02853;
4.99991;
4.4363;
3.63006;
5.0339;
6.51442;
3.50613;
4.11244;
5.76879;
3.68597;
5.24884;
4.61441;
6.07984;
3.2249;
4.21039;
6.99351;
3.60978;
9.33023;
4.67562;
7.23986;
6.32138;
6.11395;
6.03196;
4.77945;
6.02807;
3.45234;
4.97167;
4.38321;
5.78589;
4.54822;
3.66677;
6.34578;
2.1395;
4.47033;
3.36573;
6.14011;
4.28381;
7.6793;
3.18806;
11.5725;
2.43683;
3.13794;
5.08517;
7.22535;
4.88888;
6.08097;
3.11528;
6.99208;
3.89687;
3.89044;
4.48423;
5.75412;
3.43336;
3.11137;
4.65699;
4.07842;
6.21812;
4.39941;
4.00782;
3.97611;
3.22604;
3.74355;
5.40662;
3.72556;
3.35868;
6.08997;
5.56662;
5.87706;
4.99694;
3.06449;
3.33314;
8.14267;
4.63302;
7.78298;
6.0019;
3.54763;
6.08464;
3.46009;
4.97631;
3.83624;
4.95055;
4.83129;
6.855;
4.00706;
5.78761;
4.12933;
3.61736;
2.7258;
4.72521;
4.17032;
3.46936;
7.02364;
4.16603;
2.70735;
3.9261;
3.71178;
4.95958;
5.5563;
7.43282;
5.97279;
4.85916;
3.74556;
4.78241;
5.28607;
3.96249;
4.87858;
4.8581;
3.02575;
3.55113;
7.00556;
3.07609;
3.09148;
3.79045;
6.43805;
3.59977;
5.77043;
5.71704;
5.29655;
4.92399;
5.88429;
4.04753;
3.81343;
4.86661;
4.63333;
4.05527;
8.78481;
4.25174;
3.08066;
3.60855;
3.34972;
4.84704;
3.64852;
6.35703;
4.32879;
3.51418;
3.37185;
5.66794;
4.41167;
6.42469;
5.91293;
6.05358;
3.90297;
2.77483;
5.96714;
5.69262;
3.79172;
6.34788;
5.95884;
4.3429;
2.95037;
3.65087;
1.85887;
5.03583;
3.07857;
7.08074;
4.49586;
4.51198;
5.36468;
5.84805;
4.665;
4.24324;
5.88804;
4.43609;
6.06699;
5.36679;
4.22736;
3.92073;
4.60837;
2.33671;
6.84317;
4.66504;
3.79402;
5.83771;
5.51566;
3.39297;
3.20365;
4.3366;
5.37819;
7.05354;
3.73685;
3.96233;
5.46689;
4.12626;
5.99508;
3.16929;
5.18011;
5.13867;
4.32806;
2.55654;
2.83513;
4.80154;
3.70981;
4.28279;
6.00945;
2.89798;
5.55537;
3.8663;
2.50865;
3.43208;
6.375;
4.13252;
4.89375;
4.71432;
3.93496;
3.54708;
6.96996;
3.93595;
7.85251;
3.89035;
3.55591;
2.78765;
3.52787;
4.5572;
4.21454;
5.77406;
4.46685;
3.03568;
5.93994;
5.32674;
5.7153;
4.15049;
6.93591;
3.34906;
2.8201;
5.87229;
4.1111;
4.30251;
4.49161;
6.62906;
5.31676;
5.10004;
4.74488;
3.76431;
3.65574;
5.22659;
6.60361;
4.367;
4.05028;
5.5188;
5.52613;
4.1662;
4.61765;
2.76431;
4.65488;
3.9082;
4.79964;
5.1123;
4.51336;
6.4633;
5.70805;
4.95722;
3.56417;
3.39508;
3.2783;
2.8699;
5.04966;
3.60851;
3.2076;
5.05664;
5.53614;
3.58787;
3.46457;
3.97037;
2.9658;
4.31244;
4.23984;
3.98254;
4.13394;
9.20033;
2.82085;
3.89523;
4.93206;
2.6355;
2.53671;
4.69247;
3.09232;
5.1807;
2.91079;
4.03535;
3.961;
5.36138;
4.46599;
2.76682;
3.52797;
3.77901;
4.9266;
3.42011;
4.1375;
7.94049;
4.08315;
4.85855;
5.03007;
5.79466;
5.61496;
2.82369;
3.68238;
3.6324;
5.49815;
4.84776;
3.15337;
3.44998;
3.78127;
5.68361;
3.86736;
1.96464;
3.13483;
5.29148;
3.97554;
4.77198;
3.46647;
2.91284;
4.12812;
5.5155;
3.90511;
3.22994;
4.43563;
3.98448;
4.86266;
5.57821;
3.90327;
3.74349;
4.24737;
3.42785;
4.02441;
7.02107;
4.74695;
7.54197;
2.67812;
5.70237;
3.94048;
5.55226;
5.81411;
4.13459;
4.00867;
4.0622;
3.64134;
3.66015;
4.93733;
4.42332;
6.84302;
3.4792;
5.44159;
5.57737;
4.49601;
5.51977;
4.06163;
4.89436;
3.87788;
3.66005;
6.28889;
2.91694;
3.33279;
2.77704;
3.94814;
3.25566;
3.23006;
5.29032;
3.32688;
4.34508;
4.58227;
3.84534;
4.14324;
2.58093;
4.75557;
4.11692;
4.95227;
3.43273;
4.89015;
4.22101;
5.20977;
3.73468;
3.64848;
3.84116;
3.27448;
4.53463;
6.89305;
3.23498;
2.27989;
3.18128;
4.79505;
4.35353;
4.41182;
5.96282;
3.0061;
4.39102;
3.03543;
2.85088;
4.7368;
5.13882;
2.79838;
5.23082;
3.27571;
2.4929;
2.79876;
5.37247;
7.99041;
4.12789;
3.42521;
2.13826;
3.83979;
4.2331;
4.34966;
3.04301;
4.032;
3.4413;
6.11129;
3.09634;
4.61176;
4.78708;
4.37524;
4.50296;
4.05748;
4.64352;
3.28079;
4.27597;
5.86553;
2.93854;
5.33814;
3.95598;
3.74791;
3.2719;
3.24699;
5.63283;
6.6573;
3.5801;
3.0481;
5.90641;
4.33224;
4.90565;
4.64753;
3.13338;
3.88253;
5.91879;
5.23723;
3.63639;
5.32049;
3.14269;
5.68924;
4.72144;
3.96991;
3.72157;
4.75525;
2.44067;
4.51088;
3.92357;
3.53486;
4.14369;
3.19264;
4.77634;
3.63417;
3.78456;
4.15884;
5.74275;
6.70498;
4.76103;
5.16309;
3.11917;
5.11962;
2.69984;
3.31812;
4.86113;
4.55499;
3.25919;
4.7466;
7.10275;
3.67299;
3.05813;
2.70812;
5.79168;
3.351;
2.48491;
4.80707;
4.27298;
3.29974;
2.80538;
4.66563;
5.1308;
4.99958;
5.43943;
2.88182;
4.36016;
6.20849;
3.25915;
2.98182;
3.36083;
4.07523;
3.90336;
6.61566;
5.65638;
2.66485;
3.88638;
3.36274;
3.3358;
4.98466;
4.82133;
2.56625;
2.34373;
3.96992;
2.8831;
5.07656;
3.49046;
2.24472;
3.37059;
4.71638;
4.01754;
5.06359;
2.56154;
8.108;
4.69686;
4.46624;
3.68967;
3.27281;
3.12005;
4.44305;
3.46078;
3.2485;
5.35992;
3.04374;
3.27637;
4.20414;
3.80051;
5.68173;
4.94683;
2.72004;
4.84441;
3.66147;
3.4902;
4.309;
3.89855;
2.22358;
6.8653;
3.55783;
4.44129;
2.8467;
2.93443;
4.10359;
4.0431;
3.73875;
5.70646;
3.51109;
2.89361;
4.54729;
6.65137;
5.49836;
4.37449;
4.55858;
2.69744;
4.51134;
3.85869;
3.58821;
3.46866;
5.5411;
4.6598;
4.38976;
3.6302;
2.90595;
2.68631;
2.77619;
3.44145;
11.7608;
3.25049;
4.64859;
3.87681;
5.41057;
3.48761;
3.17191;
3.3406;
4.54176;
3.69857;
4.56639;
2.14511;
4.19301;
6.88793;
4.32181;
2.84066;
5.672;
5.16936;
4.19834;
5.04245;
3.71011;
3.49102;
3.43707;
3.28827;
5.01554;
2.3405;
3.91922;
2.63514;
2.75502;
3.69278;
3.88386;
2.98588;
3.05152;
4.23771;
4.66303;
5.32389;
3.05927;
3.80072;
3.08973;
5.93508;
5.47219;
3.40546;
3.19036;
4.28173;
3.43297;
3.14482;
2.85228;
2.81545;
2.77989;
5.55725;
4.02377;
3.27793;
2.65742;
4.10395;
3.77253;
3.46951;
5.68352;
4.80014;
2.66625;
4.01;
3.69774;
4.22037;
3.74574;
6.96809;
2.58345;
8.14881;
5.51126;
2.50296;
3.51836;
8.08572;
4.77596;
4.33088;
3.85562;
3.46472;
3.83121;
2.95786;
2.82698;
4.70731;
3.60522;
2.51541;
4.84969;
2.77326;
3.96763;
6.29394;
5.50132;
3.23976;
4.74171;
4.51365;
4.71226;
3.41342;
3.20029;
3.31951;
3.94569;
5.28578;
3.71073;
4.10629;
4.82788;
3.46665;
2.84008;
4.60931;
3.38342;
5.42843;
4.06203;
3.05665;
4.0415;
3.65347;
4.14059;
2.67851;
3.70461;
5.22589;
3.47743;
5.42267;
3.30249;
5.03034;
3.42877;
2.38286;
4.05233;
3.12896;
5.3048;
3.54062;
4.36867;
3.1578;
3.26495;
3.31443;
5.27365;
2.47541;
3.83193;
3.66197;
3.93281;
2.16827;
2.56616;
1.58315;
6.4601;
4.01512;
1.76308;
1.967;
4.45297;
3.85873;
4.47033;
5.22768;
2.81406;
2.17072;
4.23243;
2.80807;
5.33547;
2.43077;
2.27926;
5.10106;
5.40796;
2.96314;
4.8734;
3.29839;
2.65496;
2.46201;
2.87311;
3.81296;
5.30168;
5.33232;
3.34073;
4.1008;
3.46527;
4.41375;
2.35084;
3.07228;
2.81752;
1.96954;
2.79681;
4.56931;
2.76685;
3.36078;
2.28792;
4.67764;
3.73858;
5.32234;
3.60889;
4.25541;
2.22444;
4.47822;
2.50561;
4.49903;
2.52005;
3.45749;
3.63992;
4.3272;
2.64391;
7.04051;
2.69963;
2.10559;
3.77258;
3.69008;
2.94126;
3.07599;
3.25344;
3.18837;
3.64478;
4.16061;
4.54734;
3.85133;
4.62335;
4.3137;
3.73971;
5.59526;
4.68165;
3.99325;
3.76561;
2.4953;
5.04751;
3.17638;
3.03217;
3.03023;
4.24269;
3.36065;
3.80119;
1.9401;
3.92891;
3.85331;
3.51648;
3.24098;
3.80838;
3.27966;
5.41605;
3.04575;
3.79302;
3.12371;
2.438;
3.60487;
2.67109;
1.55962;
4.92254;
2.98917;
2.79645;
4.70784;
4.5685;
4.55055;
3.44577;
4.9103;
2.65403;
1.8663;
3.70559;
3.64247;
4.85834;
4.55597;
3.869;
2.99096;
4.42621;
4.79752;
2.9832;
3.68523;
4.59998;
3.16268;
3.43117;
3.75254;
2.30305;
3.43736;
2.23618;
3.87121;
6.8087;
3.355;
4.06639;
4.15689;
3.67682;
3.55517;
3.7833;
4.04879;
3.75598;
2.15422;
2.82922;
3.18214;
3.28702;
3.64927;
3.07212;
4.4021;
4.6177;
3.5394;
4.52417;
3.96354;
2.16756;
3.31596;
3.02102;
4.31879;
2.6197;
4.46377;
4.05301;
4.07787;
2.87191;
5.46591;
2.98094;
4.35422;
5.51137;
4.15638;
7.64499;
2.8373;
5.15481;
2.80317;
3.70029;
3.44616;
2.61156;
3.23785;
3.13387;
5.46039;
3.31276;
3.65588;
3.30737;
7.19898;
3.35289;
4.33022;
3.39485;
4.42132;
3.31506;
2.8553;
2.81519;
4.46287;
4.31706;
2.54295;
7.43508;
2.68665;
2.54115;
3.69202;
4.30012;
1.70498;
3.75328;
4.4322;
3.1841;
3.39302;
2.65114;
3.00771;
3.24691;
2.73204;
4.14943;
4.54509;
3.66075;
7.02705;
3.82115;
2.21496;
2.86123;
3.84479;
1.76535;
4.2143;
3.36174;
6.79528;
2.19745;
3.76736;
3.67876;
2.33505;
3.02696;
4.32962;
2.31406;
3.83811;
4.35714;
5.08221;
2.31068;
3.81602;
5.36173;
5.20011;
9.39019;
3.73825;
3.75022;
2.76682;
3.40028;
3.70347;
3.65614;
2.56122;
4.0796;
4.3273;
2.16534;
5.76839;
3.96019;
1.81276;
3.87168;
3.80264;
6.05866;
3.60062;
4.00211;
3.43618;
2.67614;
3.06131;
2.41515;
2.43016;
2.19881;
2.59251;
3.13324;
5.45902;
1.65442;
3.81077;
3.85164;
3.315;
5.19972;
4.66845;
2.89319;
3.34128;
3.11201;
2.99764;
3.01861;
5.86493;
6.02742;
3.11905;
3.08764;
2.32803;
3.6353;
6.20575;
1.92645;
3.76531;
3.61827;
3.60478;
3.65634;
2.88413;
2.78563;
2.46114;
3.04761;
4.00623;
4.94672;
1.82595;
2.90558;
7.7017;
2.78044;
2.31905;
3.5879;
3.14116;
2.41251;
2.9658;
1.75176;
2.8324;
2.18292;
3.30603;
3.94871;
6.80685;
3.01168;
1.79488;
3.52515;
3.07579;
2.39166;
2.76365;
2.56939;
2.36185;
2.45143;
6.54177;
6.75144;
3.07142;
2.98457;
2.57777;
3.30873;
2.97552;
2.07405;
4.25055;
3.30554;
3.14579;
2.80366;
4.11773;
2.92869;
2.90721;
5.31108;
2.7552;
5.12646;
3.51586;
2.13342;
2.19038;
3.84691;
2.86047;
2.4825;
3.18261;
2.65737;
2.86981;
2.44559;
3.98327;
5.31981;
5.43818;
3.08268;
3.77949;
3.26815;
3.44636;
5.2792;
4.74303;
4.05456;
4.13735;
4.82242;
2.41839;
3.49896;
2.66788;
4.74527;
2.58937;
3.15023;
3.4233;
4.40661;
1.71991;
2.41677;
3.91365;
4.11275;
3.75704;
2.98077;
2.6683;
3.81355;
1.97654;
2.36823;
5.20402;
2.82308;
1.93815;
3.14603;
4.62925;
4.64441;
2.51004;
5.63402;
4.48472;
2.60888;
4.8546;
3.99092;
2.27345;
3.22888;
5.06523;
3.32689;
8.23916;
2.82738;
3.99509;
2.09887;
3.38345;
3.17359;
3.40261;
4.10514;
4.4648;
6.026;
4.18469;
2.61498;
3.91541;
2.90649;
6.11161;
3.10466;
3.61785;
5.43959;
3.35009;
3.69122;
1.90023;
3.10099;
2.09897;
1.96863;
5.47277;
2.39614;
1.89972;
2.49005;
2.62478;
4.28676;
7.16414;
5.35074;
2.44362;
3.38261;
1.80697;
4.11661;
2.89588;
2.77371;
3.21484;
3.66372;
4.71918;
7.01257;
3.82028;
1.70292;
5.18056;
2.98046;
3.53567;
3.43337;
4.01636;
3.11851;
2.24852;
5.94155;
3.15563;
3.2289;
5.18223;
2.88087;
3.36604;
2.41005;
2.18574;
2.40908;
2.41603;
3.01991;
2.62477;
4.62699;
1.83591;
3.23968;
3.60557;
2.66127;
2.43278;
5.87682;
2.46668;
3.36509;
3.28034;
4.10586;
3.22262;
4.52811;
2.28342;
3.36851;
2.91247;
3.91954;
2.37364;
3.90327;
4.18094;
3.61758;
3.5889;
3.40849;
2.13789;
2.9061;
5.44695;
2.92041;
5.07448;
2.76785;
3.20769;
2.54713;
5.04417;
3.41376;
2.03596;
2.11322;
3.13183;
3.75484;
3.51493;
4.86448;
5.12846;
2.97986;
2.43404;
4.1353;
2.15009;
7.36317;
2.63004;
7.58416;
2.15418;
1.91658;
3.88151;
1.71977;
3.77451;
2.93499;
3.57604;
4.45549;
2.09627;
3.2613;
2.49978;
2.68066;
3.19029;
3.09807;
3.13119;
3.58977;
1.62606;
2.75994;
1.83247;
2.39223;
3.86012;
3.84357;
1.82369;
5.17643;
2.41594;
2.9731;
3.06567;
2.73454;
3.25951;
3.25428;
2.78699;
3.00595;
2.80138;
5.21666;
2.91008;
2.51584;
3.59902;
2.8209;
2.90013;
1.85343;
2.6529;
2.83348;
2.30009;
2.99074;
3.11979;
3.23971;
4.04084;
2.44977;
2.33122;
1.89932;
2.56389;
2.68439;
2.96928;
3.06696;
2.30126;
3.42584;
1.38389;
4.67036;
2.54381;
3.79265;
3.4221;
4.95253;
3.43302;
4.4109;
4.49722;
2.65538;
4.03494;
2.22572;
1.7798;
2.61179;
6.87619;
3.62534;
4.27848;
2.76655;
2.28823;
2.22232;
3.91293;
2.48961;
1.99439;
2.31246;
2.49107;
4.18349;
3.30689;
3.62292;
4.05725;
3.01371;
3.97967;
1.52644;
4.06624;
2.0876;
4.5608;
2.20399;
5.21361;
3.345;
2.7407;
5.14004;
3.44018;
2.84196;
3.28342;
1.83359;
2.74266;
9.39862;
4.20847;
2.60151;
2.46875;
4.1265;
2.98838;
3.02057;
2.00885;
2.72838;
1.7449;
2.46295;
4.10338;
2.53747;
3.54725;
5.11124;
2.90951;
2.14891;
2.77831;
3.32128;
2.00736;
1.92232;
3.29892;
4.72811;
2.34526;
2.73292;
2.32104;
4.28477;
2.48885;
2.41177;
2.02585;
5.36712;
2.82519;
3.00265;
4.10782;
2.90479;
3.24969;
4.22377;
3.5365;
2.73494;
4.50577;
2.90754;
2.09836;
2.47244;
3.57286;
2.55086;
2.58933;
2.79652;
2.88473;
2.68469;
3.49891;
1.72822;
2.06892;
1.98465;
2.67669;
3.52835;
4.33347;
2.73232;
7.05832;
5.91939;
4.42446;
2.0229;
3.12865;
3.89367;
2.99626;
4.54779;
3.36766;
2.95886;
1.61348;
3.35262;
3.44896;
2.03996;
3.02639;
3.14611;
1.91399;
1.78772;
1.86619;
4.194;
3.05444;
3.65364;
2.50212;
2.02689;
3.68014;
2.53794;
4.41286;
3.28085;
2.06588;
6.05697;
2.42725;
2.92212;
3.49758;
2.19699;
3.37829;
4.10982;
3.43089;
3.0742;
2.19267;
2.98807;
1.89982;
4.01881;
2.25332;
2.87498;
4.12044;
4.52576;
2.72401;
5.93919;
2.58573;
2.93218;
3.55671;
5.04193;
3.49784;
1.85254;
2.12069;
2.00556;
2.05324;
2.41925;
3.77358;
4.16186;
3.05149;
5.51865;
1.76649;
2.21332;
3.02664;
1.84749;
3.16039;
2.95288;
3.11912;
5.46439;
2.04443;
3.12132;
1.80592;
3.74181;
2.58001;
1.93005;
1.8028;
3.45257;
1.7345;
2.32903;
2.81001;
3.48555;
2.43154;
2.36476;
2.19185;
3.51183;
3.01554;
4.01794;
1.87999;
1.58599;
2.34987;
3.77128;
3.30773;
3.00861;
2.23679;
1.32589;
4.19939;
2.53487;
2.87488;
2.27045;
1.23811;
2.07941;
2.31765;
3.83766;
2.94957;
3.15193;
1.826;
1.407;
3.07407;
1.48332;
2.83596;
1.62543;
1.14241;
6.34265;
2.23813;
2.53546;
2.89377;
3.05553;
3.0653;
2.80039;
1.72204;
4.24462;
4.35674;
5.33109;
2.67151;
1.95672;
3.03349;
1.65106;
3.20061;
3.36297;
2.51096;
2.3202;
1.92717;
1.58859;
3.81217;
1.89603;
1.89893;
6.43935;
1.50072;
3.32771;
2.61206;
3.58976;
3.10909;
1.52545;
2.7929;
1.28419;
2.56574;
2.26511;
2.23177;
3.22029;
4.19049;
2.13229;
2.97625;
3.54499;
3.76344;
1.41569;
2.91394;
1.25594;
2.30834;
1.76866;
2.03857;
3.68414;
1.98968;
3.09883;
2.8271;
2.34498;
1.68324;
3.37937;
2.34223;
3.56984;
2.33426;
2.31481;
3.21586;
2.63538;
2.53653;
2.8737;
5.95677;
2.14774;
1.71413;
4.16085;
4.05496;
4.15712;
2.34467;
1.15497;
1.57917;
2.72303;
2.99991;
2.3692;
2.49886;
1.45183;
2.38437;
2.1691;
2.53912;
2.02222;
2.68746;
3.64022;
3.16756;
3.84064;
5.01754;
1.96921;
2.03459;
4.73164;
4.29657;
2.4218;
2.67251;
5.09228;
1.85166;
1.63735;
1.9332;
3.83472;
2.88812;
3.7172;
3.2685;
1.5032;
2.05359;
2.78683;
2.01715;
3.72286;
1.98207;
7.01355;
2.5252;
2.45425;
2.07163;
1.99972;
2.23491;
5.68766;
2.67027;
2.59013;
2.02119;
2.31673;
3.13024;
3.37302;
4.96425;
3.64005;
2.66486;
3.15944;
2.59825;
2.41137;
1.98277;
2.1054;
3.44615;
3.17454;
2.98664;
2.83122;
3.23891;
2.98018;
2.91819;
2.80687;
1.75876;
4.46638;
2.38129;
2.94968;
2.06501;
3.17663;
1.36297;
2.85643;
3.77414;
2.7102;
2.527;
3.07025;
3.14303;
3.55535;
2.36219;
1.23807;
2.00629;
3.43526;
1.30609;
2.93066;
3.60223;
2.69351;
1.97343;
1.40702;
2.99813;
1.69292;
2.99617;
1.10677;
3.13586;
2.71824;
4.09182;
4.10873;
1.19308;
2.72981;
2.65204;
2.34073;
1.89505;
2.10456;
2.14733;
4.17557;
2.14101;
2.30317;
3.18806;
3.57315;
2.50407;
1.81821;
3.15893;
2.41561;
2.72937;
2.81796;
3.52838;
4.52324;
4.20409;
1.22249;
2.0117;
2.40357;
3.02955;
1.88463;
1.18461;
4.30886;
2.82574;
1.86886;
2.55247;
3.54533;
5.26369;
2.7911;
1.90513;
3.55826;
3.55192;
3.12316;
2.56808;
1.37485;
2.37667;
2.49475;
2.27264;
1.10356;
2.62264;
2.89771;
1.09404;
3.5655;
1.82794;
2.54183;
2.53423;
1.72193;
2.17981;
6.24322;
3.25711;
3.12016;
2.22319;
4.4845;
2.06439;
2.61541;
1.80053;
2.93319;
2.0819;
2.97085;
2.07812;
1.452;
1.43213;
1.40556;
3.47135;
2.24412;
2.77358;
2.84996;
1.44258;
1.88684;
3.13215;
1.17577;
1.81085;
2.84908;
4.32268;
2.91155;
2.17859;
3.80847;
2.66576;
2.04393;
2.96038;
3.76423;
2.31647;
2.13629;
1.7195;
2.17936;
2.40014;
4.6483;
2.06848;
2.11901;
2.58985;
2.7513;
1.44732;
2.95827;
4.10112;
3.1852;
1.89161;
2.98769;
2.39824;
2.2561;
4.04897;
1.71255;
3.08404;
2.60677;
2.87427;
2.56641;
2.05879;
2.85004;
3.12142;
3.12975;
2.05919;
1.41474;
2.55596;
1.50757;
1.89918;
1.28621;
2.42618;
1.10568;
3.03617;
3.31472;
7.22786;
3.11447;
1.98143;
3.00261;
2.86953;
3.5952;
2.25843;
2.42485;
2.34126;
1.68455;
3.33097;
3.47976;
3.46542;
3.24409;
1.33845;
2.36558;
4.60518;
2.84543;
3.25524;
2.47578;
2.57887;
2.41241;
3.02619;
1.76141;
1.36319;
1.44966;
2.07717;
3.40229;
4.29869;
1.72648;
3.28556;
2.39153;
1.78524;
1.12077;
3.50959;
2.44202;
1.86;
1.27996;
1.92712;
1.88425;
2.51486;
2.04401;
4.10807;
1.24463;
2.77102;
1.6689;
1.47905;
2.13485;
2.5684;
4.47837;
4.04339;
3.59183;
2.70967;
2.39581;
2.46447;
2.55198;
2.10564;
3.36592;
2.22615;
2.03935;
2.9994;
3.81234;
3.63067;
8.66038;
2.55702;
1.44741;
2.48635;
2.21213;
3.13443;
2.68488;
2.84423;
2.37726;
2.77439;
1.2826;
4.02952;
1.30947;
3.60333;
2.16023;
5.19773;
2.96163;
1.87858;
2.50053;
2.84309;
2.54098;
3.29681;
2.59604;
2.81834;
1.50844;
4.07132;
2.85813;
3.19814;
2.38758;
0.972469;
1.19381;
1.77471;
1.51383;
2.05067;
1.3627;
1.69749;
2.72195;
2.35724;
1.89062;
2.18428;
2.46693;
2.11507;
2.5218;
1.61978;
2.23831;
2.08243;
5.42982;
2.13734;
3.75486;
4.31092;
2.86885;
2.41476;
1.39585;
1.12872;
2.56682;
3.18343;
2.00286;
2.18458;
3.60485;
0.859301;
2.03627;
2.25161;
1.47913;
2.11637;
2.26946;
2.86295;
2.88465;
2.15287;
3.6875;
1.36913;
2.24133;
1.63469;
2.19982;
3.91886;
2.77327;
1.05671;
4.60252;
3.32274;
2.78088;
2.44847;
2.34593;
1.76942;
2.17935;
2.82846;
1.15954;
2.05123;
0.910863;
2.45976;
2.36208;
3.04068;
1.41688;
1.67888;
3.48971;
1.13968;
1.63845;
1.10059;
2.65958;
0.601753;
5.11136;
2.90053;
2.00438;
0.881208;
2.20426;
2.98288;
0.695476;
1.43955;
2.24346;
3.7528;
1.87615;
2.2448;
1.42224;
2.64439;
2.57614;
1.12836;
2.11322;
2.32413;
1.46916;
1.24274;
1.41292;
2.66393;
2.59168;
2.6588;
3.93178;
3.10757;
3.19051;
2.08587;
1.67256;
2.76115;
4.41413;
3.30029;
2.63903;
1.94226;
2.09565;
2.57424;
4.93659;
1.73411;
2.02724;
2.42094;
1.68525;
2.47394;
2.9805;
1.61701;
3.26752;
2.13675;
2.2683;
2.24244;
1.80324;
2.62433;
4.39072;
2.90463;
2.83357;
2.0919;
3.41107;
4.12584;
2.58902;
2.15355;
3.15807;
2.54691;
1.58349;
3.11811;
2.36831;
2.99799;
2.16642;
6.66026;
2.23345;
2.50954;
1.76796;
1.19298;
0.566651;
1.78356;
1.42197;
3.37078;
1.27105;
1.90967;
3.51593;
1.50549;
2.2737;
1.02756;
1.9986;
2.0749;
1.86269;
1.60541;
4.78901;
1.54265;
1.86714;
1.6592;
2.18193;
1.60102;
1.68263;
2.23717;
1.9138;
3.09817;
3.23469;
1.89765;
1.45642;
0.788033;
2.53318;
2.4295;
1.59921;
1.632;
5.99705;
3.38122;
2.18931;
1.48562;
0.982671;
1.50697;
1.21524;
3.0017;
2.07847;
1.55686;
1.07615;
3.52329;
1.43086;
1.07071;
2.26499;
2.81844;
1.70532;
2.26272;
3.21843;
1.58433;
2.61242;
3.29692;
2.25942;
2.05347;
1.73798;
2.59721;
1.13844;
1.99669;
1.35632;
1.02328;
3.35422;
1.83439;
2.98208;
1.39912;
6.09445;
1.22161;
1.64702;
1.68843;
1.5947;
3.78933;
2.99927;
2.39828;
1.13284;
1.80777;
2.13813;
3.70824;
2.67889;
1.61729;
3.41622;
1.89944;
1.18908;
1.12001;
0.779113;
1.61216;
3.17572;
1.41764;
2.10928;
1.94487;
1.69377;
0.892168;
4.32065;
2.07692;
1.24161;
1.75653;
0.772358;
2.66914;
2.01115;
2.35538;
1.85852;
2.75011;
1.50921;
1.94862;
3.73558;
1.44654;
2.18854;
1.81317;
4.01043;
1.71414;
1.82946;
4.33418;
2.4447;
2.6212;
1.8829;
2.23061;
2.4528;
2.33874;
1.56183;
2.49537;
1.55664;
2.25722;
2.12821;
3.24406;
2.65739;
4.15341;
2.8933;
3.42091;
2.11132;
1.98247;
1.41926;
2.61203;
1.74521;
1.73007;
1.807;
2.38787;
2.21789;
2.01198;
2.25284;
2.36379;
1.92831;
1.43173;
1.07659;
1.50052;
1.47391;
4.32369;
1.49449;
0.724492;
5.1125;
2.52844;
2.76985;
1.72952;
1.93897;
1.37305;
1.28957;
4.04708;
3.86355;
1.56558;
1.90338;
6.26576;
1.32896;
1.10779;
2.44382;
3.0263;
2.58051;
3.17669;
2.28901;
2.74658;
1.42286;
2.03513;
1.32943;
2.4904;
5.41402;
2.36118;
2.1972;
4.0031;
3.76492;
3.29345;
4.13718;
1.77004;
4.5464;
1.45417;
1.79607;
1.17276;
2.03496;
1.71321;
2.91922;
1.17223;
1.99237;
2.06028;
3.67765;
2.59265;
3.49805;
2.21482;
2.32859;
2.1618;
1.6291;
2.59931;
1.61634;
1.38694;
2.19429;
2.48515;
1.47463;
3.00666;
1.49589;
2.04134;
1.85745;
2.34584;
1.60937;
0.928761;
1.79858;
1.5369;
5.69795;
3.00927;
1.92597;
2.22103;
1.99987;
2.12201;
1.87771;
2.33846;
2.79514;
1.81808;
0.463359;
1.85999;
2.52538;
2.28022;
2.24879;
1.78599;
2.02498;
0.882639;
1.3881;
1.47753;
1.34114;
1.77656;
2.13129;
2.21151;
2.27479;
1.54376;
2.65528;
1.23112;
4.74899;
0.995503;
4.21101;
3.61014;
1.7076;
2.38305;
1.63497;
1.37398;
0.649625;
2.0738;
2.62455;
2.86989;
1.71936;
2.78974;
1.78694;
1.41815;
1.28559;
2.08642;
1.7998;
2.70685;
1.98312;
2.18437;
1.92342;
1.24766;
0.982039;
1.32685;
2.86401;
1.57245;
2.67269;
2.0318;
2.6462;
2.26049;
3.73551;
1.63951;
2.9695;
0.884258;
2.63071;
2.01677;
6.39052;
2.11848;
1.63081;
2.84562;
2.38799;
1.66301;
2.40734;
1.86846;
0.893727;
2.10568;
0.930016;
3.04256;
1.07438;
3.84373;
3.08381;
2.34098;
2.38974;
1.96703;
0.965853;
1.13342;
1.83393;
1.08738;
3.47565;
2.96353;
2.52682;
1.45204;
1.85696;
0.746654;
1.64024;
1.93484;
2.9901;
2.14151;
2.54356;
0.998034;
1.83598;
2.15943;
2.47191;
2.39133;
2.23962;
1.64476;
2.11342;
2.26071;
3.07748;
2.57194;
1.88302;
1.73266;
2.13959;
1.61897;
1.53795;
0.853092;
2.51697;
3.67791;
1.79628;
0.942088;
3.55369;
1.40772;
2.59303;
1.89178;
2.36932;
1.10815;
1.53484;
2.15977;
1.64739;
1.7481;
1.33809;
2.87684;
2.18857;
1.39002;
3.5311;
1.86545;
1.49545;
2.93605;
1.86768;
3.00936;
3.00769;
0.842271;
1.19074;
1.17735;
5.03354;
1.53251;
1.06351;
2.43472;
0.982149;
1.08287;
2.02158;
0.70631;
2.21078;
2.38242;
1.56804;
1.45116;
1.82363;
3.59686;
1.66755;
1.06976;
2.15118;
1.09736;
2.21151;
1.23672;
0.602427;
1.43231;
3.0729;
1.9095;
2.00167;
2.73288;
1.77528;
3.83975;
1.37478;
0.757349;
1.46633;
2.08872;
3.63231;
3.43849;
2.0579;
1.77777;
2.59394;
2.47008;
2.63184;
0.687576;
1.3276;
1.51065;
3.31643;
2.46713;
2.01204;
1.77641;
1.59576;
0.72765;
3.74476;
1.01047;
1.18265;
0.581023;
1.51663;
0.985751;
1.17563;
2.62722;
2.80556;
1.05268;
1.16885;
1.03136;
0.904124;
0.734987;
2.04085;
0.78996;
1.42279;
1.71328;
2.56575;
4.47085;
1.43815;
2.79799;
2.27018;
2.64086;
1.52371;
3.40901;
3.12373;
0.724777;
2.66156;
2.5821;
2.17795;
0.928745;
1.86108;
1.88517;
2.01226;
1.55173;
1.79596;
1.21538;
2.57752;
1.60321;
1.71991;
0.835819;
2.05933;
2.07209;
1.36053;
1.93636;
2.39096;
1.71777;
2.0954;
3.1092;
2.48897;
0.99309;
1.59906;
3.54484;
1.93999;
1.76078;
3.09286;
1.48606;
0.878376;
1.36138;
2.08489;
1.916;
4.44377;
0.548859;
1.96735;
0.733942;
1.01306;
3.18084;
3.28617;
0.992897;
2.5119;
1.79347;
2.97209;
2.51895;
1.43407;
1.08673;
1.58369;
2.98633;
1.12498;
1.83191;
1.78655;
2.01874;
1.92543;
2.20335;
0.516849;
3.35845;
3.86721;
1.74416;
1.03837;
2.73041;
3.61621;
0.882223;
2.58134;
1.8583;
2.71229;
2.92976;
1.58342;
2.77325;
1.95065;
1.23887;
2.84129;
2.70433;
4.41696;
2.09715;
1.94962;
1.67907;
1.27834;
0.542453;
0.923259;
1.68776;
1.91958;
3.24412;
4.16207;
1.73567;
1.35959;
2.24165;
1.73645;
3.984;
1.03636;
1.84432;
0.566251;
1.49665;
1.63925;
0.761866;
3.51814;
3.19459;
1.70899;
1.62177;
3.11895;
1.79088;
2.1592;
1.11563;
2.18693;
1.82308;
0.972193;
1.10001;
1.15088;
2.17619;
1.85777;
1.62322;
2.39262;
1.3644;
2.4167;
1.62809;
2.13439;
1.74979;
1.37478;
2.31158;
2.73073;
1.64611;
1.50099;
1.02364;
2.87989;
1.65208;
4.7719;
2.70308;
1.82501;
1.98752;
2.41223;
1.19605;
1.73159;
0.848741;
2.32405;
2.40113;
1.82285;
0.575423;
2.50552;
1.87499;
1.51241;
2.16737;
2.86061;
1.05429;
1.69089;
2.66526;
1.80376;
2.08543;
1.37993;
1.20382;
2.85255;
1.43722;
1.83064;
1.38191;
1.52025;
2.67863;
1.80861;
1.32688;
3.11713;
1.9305;
1.71986;
0.446058;
1.85893;
4.47049;
2.55591;
1.69143;
1.24363;
2.24645;
2.01418;
1.98553;
1.99755;
3.92444;
1.1336;
3.48047;
1.15524;
0.656834;
1.54391;
1.51637;
1.41245;
1.50442;
0.928465;
2.45738;
1.17343;
2.50598;
2.37282;
1.53665;
1.34543;
1.27689;
1.59918;
0.487261;
0.854985;
2.49449;
1.71128;
3.04647;
1.63702;
0.644138;
3.66388;
1.54487;
1.2095;
1.49779;
0.725433;
1.03535;
1.62859;
7.09472;
1.72608;
1.7139;
1.14224;
3.16193;
1.45752;
0.877996;
0.404579;
2.23333;
1.05298;
0.884445;
0.857481;
2.21484;
1.64108;
1.71639;
2.38804;
3.32622;
1.79926;
2.98476;
0.857062;
1.78213;
1.11925;
0.970965;
1.52079;
1.68877;
1.34917;
2.38248;
1.50409;
2.8114;
2.60614;
1.56973;
1.80206;
4.79629;
0.760678;
2.61174;
1.98958;
2.75084;
2.66176;
1.78437;
3.24946;
1.1696;
1.23213;
1.04495;
1.64705;
1.57305;
2.22465;
2.72941;
0.306834;
1.01077;
1.5612;
1.00187;
1.94092;
2.29324;
0.889057;
2.16612;
0.742512;
1.42544;
1.54353;
1.12131;
1.33734;
2.26723;
0.440666;
2.81898;
3.04057;
1.33744;
2.07801;
0.918207;
2.23515;
2.56396;
0.642545;
1.51667;
1.45292;
2.02471;
0.710923;
1.49046;
2.0528;
1.37461;
1.01659;
3.23765;
1.51972;
0.350445;
0.351836;
2.12715;
1.4409;
2.41333;
3.55729;
1.75223;
1.57599;
1.25423;
1.05462;
3.30016;
2.70254;
1.33068;
1.47327;
1.19371;
2.19924;
1.20949;
3.92233;
0.588815;
2.26188;
1.31923;
1.16061;
3.65547;
1.28419;
1.5028;
1.22499;
1.77566;
1.02493;
1.54629;
2.48728;
3.2061;
1.19647;
2.38797;
1.71405;
1.84615;
0.859498;
2.66533;
1.65727;
1.78503;
1.38669;
1.16841;
2.99309;
2.49793;
0.740814;
1.15608;
1.49418;
2.01863;
0.959644;
0.564457;
0.798596;
1.98048;
0.805574;
2.52738;
6.39076;
0.869501;
1.93361;
2.14273;
1.15057;
2.75963;
1.03335;
1.84813;
1.62105;
0.468483;
1.94059;
0.543871;
3.54404;
2.47041;
1.30983;
3.43151;
1.31108;
1.46039;
3.05017;
1.29451;
0.981024;
1.48147;
3.23783;
1.70944;
1.4548;
1.97683;
0.856141;
3.27761;
1.70011;
1.03773;
3.55759;
1.84085;
0.533658;
0.768413;
1.12367;
1.90616;
0.568319;
2.35095;
1.60823;
0.844513;
2.88687;
0.781428;
1.9783;
1.46459;
2.04669;
0.951231;
4.93953;
1.69064;
2.80337;
2.90138;
1.91914;
0.517864;
1.47351;
3.34877;
1.40811;
2.17729;
1.37551;
0.68374;
0.768775;
1.26204;
1.75627;
2.93645;
0.960116;
1.93578;
2.69356;
0.914115;
1.81261;
1.96857;
1.88478;
2.26767;
1.52334;
1.1169;
2.84053;
3.25543;
1.21933;
1.94018;
0.387873;
0.856594;
1.80842;
2.45609;
3.61456;
1.18569;
3.47551;
0.442754;
2.46933;
2.59288;
0.910734;
1.52172;
1.43974;
0.535941;
2.82869;
0.437031;
2.86539;
0.643425;
1.23682;
2.34402;
1.05272;
3.60369;
1.25862;
2.51105;
2.01063;
1.7236;
3.40885;
2.67294;
2.32127;
1.60246;
1.96281;
1.52869;
1.87875;
3.89397;
1.25304;
1.69912;
1.59759;
1.14042;
0.400236;
3.49919;
1.1476;
1.04103;
1.44942;
1.95116;
1.1849;
1.67695;
1.33812;
2.07595;
1.50202;
2.86066;
1.14723;
3.42254;
0.563827;
0.2899;
1.0247;
1.1291;
0.866808;
0.76001;
0.531968;
1.16024;
1.04958;
0.483741;
0.395103;
3.02068;
1.33538;
1.99979;
0.574531;
1.28127;
1.68429;
1.42305;
1.21731;
1.60636;
1.73255;
2.4678;
1.98714;
1.61625;
0.46145;
1.79539;
2.25476;
1.70481;
1.97068;
3.45981;
2.39373;
1.27717;
0.99361;
0.916941;
0.68226;
1.65735;
4.94101;
1.54458;
1.81765;
0.42531;
3.36726;
0.374349;
2.05017;
1.70073;
1.62089;
1.62319;
1.8849;
2.16305;
1.20978;
1.76221;
0.940391;
0.667055;
2.48743;
2.13217;
1.1211;
1.42425;
1.0685;
0.468798;
1.44046;
0.960299;
1.00725;
2.80388;
1.55597;
2.87689;
1.76908;
2.70982;
0.433711;
2.60474;
1.40817;
0.986227;
1.77143;
0.77445;
2.94135;
1.80624;
4.87841;
2.66649;
2.62234;
1.71249;
1.73363;
2.6348;
1.35664;
0.879567;
1.07587;
2.29562;
3.97599;
0.583119;
2.02779;
0.445895;
0.82208;
1.39193;
1.77432;
0.504752;
1.08917;
0.55813;
2.35204;
2.6969;
1.73293;
1.38557;
1.28873;
0.923503;
2.32534;
1.40638;
1.99421;
1.94787;
1.98124;
2.59496;
2.02224;
1.01012;
1.24555;
1.62321;
1.82595;
1.36295;
5.1229;
2.29779;
1.08882;
0.906651;
1.93128;
0.365297;
1.55978;
2.05159;
1.70586;
