8.91653;
8.63954;
6.71715;
6.30405;
10.3603;
10.0537;
8.41674;
8.79049;
9.21154;
8.42632;
6.94713;
7.53025;
9.24085;
9.67596;
7.62537;
9.82358;
8.21486;
8.73014;
9.50561;
9.28985;
7.99689;
6.25836;
9.33083;
8.31869;
8.95825;
7.67927;
10.2002;
7.20261;
8.80745;
7.5178;
9.88919;
7.47117;
8.67817;
6.41002;
6.8271;
7.09497;
7.99384;
8.58331;
7.89046;
7.56316;
8.26544;
6.61909;
8.30919;
6.75708;
7.53998;
8.42539;
9.53035;
9.59429;
7.772;
8.39867;
9.28614;
8.43169;
7.67021;
9.27209;
8.27192;
8.48926;
8.40704;
8.66094;
6.21074;
8.66416;
8.96896;
7.24339;
9.69486;
8.523;
5.97042;
7.41193;
8.64433;
5.07558;
8.00924;
5.59294;
7.40327;
8.31951;
4.72155;
6.39568;
7.68496;
8.51083;
7.14168;
10.6126;
7.1284;
8.24903;
8.40756;
7.97523;
6.54753;
7.307;
8.03588;
8.2217;
7.74773;
7.63264;
9.03972;
6.22884;
9.1443;
8.95352;
7.08928;
7.74846;
9.40466;
7.5078;
8.23536;
8.83422;
7.40305;
7.43434;
9.51969;
7.79243;
8.59501;
9.81999;
8.79486;
8.50579;
8.35435;
7.40821;
4.8433;
6.21002;
8.37429;
6.78496;
8.15084;
6.96091;
8.97917;
9.14666;
8.59655;
7.79553;
6.67563;
5.86349;
4.54715;
8.72515;
7.15464;
8.60027;
7.53184;
7.29833;
8.79293;
9.13688;
6.0224;
8.18098;
7.36595;
8.36441;
9.70017;
7.86441;
6.44199;
6.26066;
8.80633;
7.16904;
8.48143;
9.13361;
9.09051;
6.99654;
7.84671;
6.44537;
8.62323;
7.48544;
8.00154;
7.0959;
8.85216;
8.81172;
6.51846;
8.13259;
10.269;
9.65688;
8.5898;
9.25162;
6.61194;
8.87796;
10.1651;
8.92327;
7.11181;
7.87451;
9.0674;
7.3547;
5.43095;
8.6937;
8.05723;
9.05031;
8.28307;
9.48414;
8.9228;
7.46036;
7.42418;
8.2756;
8.00889;
7.20702;
7.32438;
8.61887;
8.23042;
7.79648;
8.2952;
7.78473;
5.90793;
9.20054;
7.37451;
7.56914;
8.06396;
6.35626;
4.595;
7.77555;
6.3928;
7.88496;
7.09369;
8.43654;
8.03424;
7.75603;
8.32162;
7.7543;
9.56715;
8.23217;
7.46865;
7.19885;
8.60346;
8.1513;
6.95672;
9.16628;
7.13493;
7.35096;
9.29985;
8.61429;
8.75486;
5.96882;
6.50242;
6.09177;
6.12353;
5.40126;
9.16193;
6.9559;
7.53408;
8.88692;
8.38855;
6.13142;
7.55544;
8.6099;
8.43964;
8.99519;
7.69921;
7.83995;
8.35971;
8.417;
8.31114;
8.12809;
7.9193;
8.84986;
6.53614;
6.79006;
7.56098;
6.39234;
7.0476;
7.77066;
9.784;
7.94638;
6.45328;
7.77704;
8.15578;
6.86878;
8.24794;
6.58649;
7.65145;
6.90721;
7.6534;
6.45834;
6.60232;
7.28961;
6.78581;
8.56522;
6.54446;
6.2834;
6.46682;
7.52285;
6.74509;
6.9572;
8.12212;
8.43323;
8.71551;
6.21751;
5.07024;
5.42736;
6.82643;
7.5574;
7.82129;
7.18755;
7.78648;
7.138;
10.0993;
8.17984;
7.66017;
9.62893;
9.44649;
7.4742;
7.71454;
7.10958;
8.67742;
7.26927;
7.88075;
7.76697;
8.31363;
7.8626;
7.12966;
8.24753;
8.19645;
8.41834;
7.07957;
7.41602;
7.86108;
6.6224;
7.07894;
6.46964;
7.67414;
6.87575;
6.50761;
7.71197;
7.10091;
6.51004;
6.90607;
6.75033;
7.22248;
7.91891;
7.19092;
6.9178;
8.54369;
7.86045;
8.13313;
6.48445;
8.52943;
7.38503;
8.20418;
8.6272;
7.11412;
7.28658;
6.73101;
7.66433;
6.46524;
5.97159;
6.61333;
6.61171;
7.71641;
7.50465;
7.59734;
8.16844;
6.99228;
7.10961;
8.42567;
7.69162;
7.20699;
6.62155;
6.75851;
5.64162;
9.09376;
7.25154;
6.36317;
5.38851;
7.17716;
9.29686;
6.5589;
8.15717;
4.82936;
7.52086;
8.40153;
6.9871;
7.20117;
6.98221;
6.43071;
7.48729;
7.18501;
5.87219;
6.95991;
8.18117;
6.84702;
8.03112;
7.06433;
7.05311;
8.20471;
7.25367;
7.07773;
5.63507;
7.47752;
7.61701;
7.43641;
8.63964;
7.07467;
6.56918;
7.00049;
5.62619;
6.82911;
7.20965;
4.70398;
6.7263;
4.38727;
6.76582;
4.93793;
6.63562;
4.8333;
5.90764;
7.67721;
6.76384;
9.09745;
8.31811;
6.92662;
7.2082;
6.42761;
6.46763;
7.7282;
6.20448;
6.22648;
7.28275;
5.47339;
9.22642;
6.87076;
8.11997;
8.04297;
6.80589;
8.59145;
8.63884;
7.04623;
7.61426;
5.39281;
9.81631;
6.16884;
8.04451;
6.79462;
6.20631;
7.95647;
6.37186;
7.40043;
7.45139;
7.52983;
6.01468;
7.1164;
6.97175;
7.69599;
6.76333;
6.41187;
8.06472;
7.41867;
7.04823;
7.71876;
6.49829;
5.05084;
6.10096;
5.98403;
5.17675;
6.75778;
7.93277;
9.19757;
7.43897;
7.31426;
8.78343;
6.87507;
7.40813;
6.029;
7.37359;
6.56974;
7.6538;
6.04284;
6.95675;
7.77361;
5.27739;
7.32521;
7.80601;
6.66019;
6.76681;
5.88432;
7.79143;
7.30971;
7.46738;
5.89199;
6.07977;
6.30954;
6.41886;
7.41049;
7.5917;
5.8466;
9.18576;
7.34398;
6.77496;
8.46744;
7.49489;
7.83287;
5.88741;
6.85308;
8.3767;
7.32834;
8.03648;
7.08624;
6.45008;
6.93578;
5.60072;
7.52107;
8.04326;
8.03316;
7.70079;
5.97472;
7.93367;
5.26053;
6.93024;
7.59087;
7.25075;
7.50066;
7.71511;
7.53943;
8.44906;
6.02057;
6.22954;
7.33375;
7.04984;
6.68818;
8.32158;
5.64997;
7.43695;
4.83613;
5.19891;
7.55643;
7.4819;
5.77038;
7.72406;
8.05698;
6.61036;
6.20409;
6.28482;
6.24601;
6.49452;
7.96621;
5.58832;
7.2809;
7.20596;
8.51277;
5.45649;
5.53348;
9.02117;
4.71459;
8.10037;
7.81412;
8.27416;
6.59923;
6.67691;
7.86736;
6.06391;
5.29552;
7.40304;
7.70772;
8.28023;
9.38391;
8.79563;
8.26817;
6.53546;
7.02772;
7.25233;
6.83338;
8.8362;
7.81523;
7.23963;
6.00897;
7.6163;
7.32855;
7.16632;
7.22726;
7.19393;
7.76326;
6.2812;
7.98696;
5.87112;
6.06653;
7.56701;
6.60412;
8.01198;
6.18266;
6.96659;
6.66986;
7.56817;
5.03684;
7.6599;
8.14247;
5.35883;
5.76717;
6.2494;
6.776;
7.54506;
5.48179;
7.24381;
7.84681;
6.49994;
7.62741;
6.51206;
6.4912;
6.79588;
9.53933;
7.18611;
6.84523;
7.13535;
6.83621;
8.38267;
8.03101;
7.51866;
7.68024;
7.38597;
4.61492;
8.14984;
6.61364;
6.52671;
7.38386;
5.99815;
6.97153;
8.06861;
6.67703;
7.62122;
7.43065;
9.26325;
7.42349;
5.49993;
8.36366;
4.35494;
8.01173;
5.85767;
3.6945;
7.33454;
8.90631;
6.54424;
7.92053;
9.15834;
7.82538;
6.62745;
7.18292;
7.20107;
7.53165;
7.21071;
6.78488;
7.65423;
6.93519;
7.53545;
7.54241;
8.5169;
6.22806;
7.11418;
6.72028;
5.59538;
8.81864;
5.25568;
7.6664;
7.1963;
6.52375;
5.89941;
5.56024;
6.82117;
10.8902;
6.3954;
6.18506;
6.81712;
6.42282;
7.73952;
6.66314;
6.57469;
6.33606;
5.89036;
8.02084;
7.19061;
6.20753;
7.11762;
6.77752;
7.32657;
5.56791;
6.57763;
6.75973;
7.31316;
7.90345;
6.92425;
8.28415;
6.66317;
5.10858;
7.77201;
5.73873;
5.93574;
5.95888;
7.19081;
5.95263;
6.48394;
6.14926;
7.07376;
6.46691;
7.41601;
7.30933;
6.71673;
6.05737;
6.93148;
6.83977;
5.79561;
6.26878;
7.92659;
5.56561;
8.93495;
6.44534;
6.29731;
5.75452;
6.17553;
8.07168;
7.27421;
5.84867;
7.27101;
4.60258;
6.43596;
7.13953;
7.71932;
8.06255;
7.05408;
7.23283;
5.10927;
7.45556;
6.54111;
6.76201;
6.68443;
6.07492;
5.5182;
6.62779;
6.42826;
5.66553;
6.00028;
9.0219;
7.63486;
8.50315;
6.01719;
6.48057;
6.36668;
5.67082;
6.77975;
7.68159;
6.74919;
6.51502;
7.39747;
5.99605;
5.61664;
6.12902;
7.40766;
5.89632;
8.64202;
7.53818;
6.55495;
9.0687;
6.12304;
8.14395;
5.7986;
6.45268;
8.16491;
6.08964;
5.52017;
5.77303;
5.94112;
6.44518;
7.73346;
5.62955;
7.09616;
7.58805;
5.92102;
5.64125;
7.72196;
8.60414;
4.62017;
6.3125;
6.84452;
6.97504;
6.40569;
7.70452;
6.32902;
8.95051;
6.03323;
4.28902;
4.48833;
6.99315;
6.27147;
6.69934;
7.09202;
7.35222;
7.97708;
6.90129;
4.50851;
5.37634;
7.21467;
6.08154;
6.58863;
7.05696;
5.84309;
5.38595;
7.10121;
7.99742;
6.25953;
8.1215;
4.57108;
6.3657;
8.08793;
4.7658;
7.79431;
6.19381;
5.40237;
4.91635;
6.50504;
4.49401;
6.57514;
7.02548;
6.53432;
7.94308;
6.26741;
4.95227;
7.39598;
7.34851;
7.94251;
7.43641;
5.55711;
4.86337;
6.34106;
7.06079;
5.95447;
8.38272;
6.81968;
7.34039;
6.31863;
5.61732;
6.55581;
6.42554;
7.08464;
6.81428;
7.6284;
6.69705;
7.01975;
6.45873;
6.70144;
5.9423;
6.9082;
6.58718;
8.54685;
6.7766;
5.58793;
6.2857;
7.57687;
6.33427;
6.29832;
6.30282;
6.60554;
5.7975;
7.70664;
6.87113;
6.12112;
7.63562;
7.59312;
6.05222;
6.67312;
6.74935;
7.44843;
8.46391;
6.72009;
7.50863;
5.80362;
6.59066;
6.3312;
6.00228;
4.90236;
7.0278;
7.05259;
5.11287;
6.81554;
7.50241;
8.49802;
5.37678;
5.76977;
6.45306;
7.17523;
7.44573;
7.57127;
5.69341;
7.0165;
6.72875;
3.12536;
7.70592;
6.54017;
6.70715;
4.99545;
6.43749;
7.75189;
8.91667;
6.28627;
5.98841;
6.0108;
6.16699;
6.69147;
7.7918;
6.0607;
7.37535;
5.94413;
5.30666;
6.36799;
6.89523;
7.44902;
4.00612;
7.26388;
5.83764;
7.24071;
8.63586;
6.29505;
5.76096;
5.46169;
6.82892;
6.72616;
7.52858;
6.14733;
6.2497;
6.01957;
7.45355;
6.18759;
6.18566;
6.01995;
6.53959;
5.34492;
6.44888;
7.48628;
6.93097;
5.7761;
4.61148;
5.95219;
6.28258;
5.83859;
4.7817;
6.88504;
5.55263;
6.1674;
6.24521;
5.26622;
5.28431;
8.20546;
6.30135;
6.95917;
6.30235;
6.61063;
6.84353;
4.75312;
7.01241;
6.54653;
5.25367;
6.04764;
4.58001;
5.58388;
6.36998;
5.5541;
6.17862;
6.0955;
5.9363;
5.96887;
6.96198;
6.08502;
6.64501;
6.32796;
5.40003;
6.18388;
4.54467;
5.70138;
7.21315;
7.8649;
5.28835;
7.50251;
8.3203;
6.26347;
5.12058;
6.19272;
6.58569;
6.60713;
8.44248;
6.54914;
6.56046;
7.45345;
5.79956;
5.87437;
8.39493;
6.60889;
7.36396;
7.29138;
6.27154;
6.62458;
7.35477;
7.15556;
9.02959;
4.40976;
6.18066;
6.88721;
6.55379;
6.5955;
7.86149;
6.45103;
5.88393;
6.80893;
6.7572;
5.96279;
6.68995;
7.81359;
6.66204;
5.47522;
4.79497;
5.36174;
5.10762;
5.15918;
6.015;
4.91964;
3.90728;
5.82457;
3.59557;
6.03103;
6.57274;
4.92468;
7.90323;
7.69189;
4.01615;
3.86997;
8.55049;
6.44001;
3.97518;
6.05979;
7.14378;
5.46426;
4.90138;
7.10223;
5.46162;
8.67991;
7.11942;
7.91433;
6.92972;
6.03599;
6.73043;
7.16965;
7.19926;
5.77321;
6.09614;
6.32183;
5.57139;
7.9234;
5.29923;
7.67319;
6.47958;
6.2143;
7.13251;
5.76095;
6.68308;
5.47808;
7.14933;
7.48796;
5.02872;
7.38062;
6.85273;
6.72278;
7.41772;
7.81654;
6.87695;
4.97486;
5.73301;
7.20043;
4.95965;
6.62095;
8.5279;
6.2255;
6.78209;
6.87038;
6.87859;
7.92538;
6.5266;
4.95514;
5.85698;
5.90701;
6.73218;
6.30083;
6.85996;
5.2057;
7.45179;
7.66839;
7.4087;
6.00453;
5.61454;
7.05345;
6.32691;
6.96141;
5.16249;
7.66564;
6.90757;
5.11102;
5.93824;
7.24918;
7.46417;
5.97845;
6.83378;
6.78842;
6.25381;
4.85276;
7.10481;
6.3995;
6.4188;
6.90436;
5.02496;
5.78443;
6.13099;
7.62136;
6.72128;
5.77123;
8.34408;
6.67387;
5.93916;
4.89072;
7.21928;
6.42917;
5.40247;
5.20673;
5.99387;
6.8456;
4.87753;
5.52718;
5.53531;
6.75098;
6.33893;
5.33223;
4.72076;
4.56995;
5.92695;
7.72775;
7.21725;
5.82579;
4.83672;
6.42341;
6.35799;
7.08914;
8.11371;
6.62988;
5.84814;
5.74898;
6.07807;
7.42637;
5.14845;
6.93684;
8.7807;
9.94732;
7.19073;
5.38677;
8.07861;
6.15781;
4.21834;
6.61507;
6.62099;
5.89594;
7.33047;
5.87491;
6.9267;
7.11811;
6.97349;
6.92655;
7.4269;
6.93525;
7.11921;
8.90857;
6.92882;
6.90245;
4.79553;
7.61688;
5.58945;
5.58177;
5.95686;
7.21794;
7.67986;
7.16423;
5.83942;
5.38598;
6.6456;
6.57451;
5.84044;
5.94401;
6.03062;
7.88996;
5.39631;
6.63968;
4.93115;
5.91832;
7.42084;
6.09154;
6.71143;
4.945;
6.80652;
6.92598;
7.24218;
5.55021;
6.748;
6.83023;
4.74197;
7.35016;
8.02015;
6.23852;
6.7923;
8.79314;
6.82714;
5.55025;
6.14893;
6.29505;
6.20425;
6.28597;
7.20306;
6.84426;
5.3785;
6.11504;
3.01043;
5.89623;
6.24622;
5.88985;
6.23072;
6.69685;
5.95553;
6.30197;
6.23886;
5.01439;
5.2652;
6.74991;
6.12113;
6.18461;
5.59026;
6.48558;
6.01992;
8.20025;
6.72955;
6.01515;
5.26292;
3.62035;
6.64701;
6.2682;
6.65066;
6.61249;
5.7112;
6.72843;
4.76809;
5.91615;
7.04114;
4.60314;
5.85929;
7.65418;
5.71272;
7.87393;
5.2463;
6.7448;
7.95351;
5.99625;
7.77576;
4.98541;
6.29219;
5.83025;
5.13724;
5.27605;
5.83945;
7.99208;
8.22775;
7.25069;
7.01846;
7.25595;
5.89644;
4.46151;
5.30825;
6.09933;
6.80227;
5.72104;
6.34619;
6.80459;
5.31046;
7.52344;
7.14158;
5.43971;
6.05945;
4.38695;
7.45265;
6.79037;
7.36358;
6.65333;
7.70199;
7.12466;
5.37701;
6.32602;
5.02916;
6.37284;
6.02356;
6.16975;
5.77969;
5.6772;
7.03829;
8.31301;
7.01738;
6.9704;
6.52301;
5.67229;
4.46595;
6.05715;
7.6502;
5.12265;
6.79936;
5.69829;
5.74974;
5.92493;
6.19582;
6.01077;
5.30254;
5.99689;
6.78797;
7.77125;
6.01731;
6.24728;
6.44273;
5.17903;
7.66664;
5.71509;
4.91466;
7.07385;
5.9571;
5.42616;
5.73842;
5.54594;
5.32512;
6.73003;
5.48119;
6.32799;
5.07691;
4.94171;
5.79185;
6.09471;
7.12332;
6.91674;
5.84055;
3.02192;
6.73624;
6.50954;
7.94531;
6.21676;
7.13713;
5.64502;
7.19531;
4.98587;
6.19347;
6.81112;
4.81935;
5.83504;
6.89251;
5.34704;
6.27943;
7.18128;
6.46159;
5.73002;
6.62784;
5.90692;
7.48008;
6.66046;
6.49907;
4.78151;
7.15128;
5.82591;
6.57763;
6.29547;
5.17659;
5.8318;
7.53091;
5.44319;
5.41093;
5.93959;
5.61292;
4.98366;
7.05356;
4.8588;
6.93659;
7.08001;
4.47862;
4.83546;
5.19373;
5.54224;
5.03487;
4.68856;
5.66061;
4.14758;
6.96388;
6.04652;
5.49235;
4.59709;
6.46031;
6.89972;
7.19455;
5.41965;
6.15429;
7.81313;
5.12814;
5.7489;
7.6725;
6.56664;
5.22205;
6.50048;
6.33305;
7.34439;
6.31037;
5.97869;
7.50546;
5.51883;
6.65911;
6.92836;
5.38487;
6.67124;
7.74209;
6.27048;
5.13879;
5.63644;
6.31921;
4.89091;
7.36646;
8.51801;
6.68022;
6.59525;
6.76585;
6.41024;
8.0395;
5.24942;
6.02219;
3.59501;
5.22366;
5.71344;
5.97151;
4.81572;
6.80756;
5.8638;
7.92539;
4.31165;
6.03605;
5.40922;
7.49655;
8.22093;
6.43189;
5.41947;
6.91021;
4.86149;
6.175;
6.21581;
5.57034;
9.00245;
4.13873;
6.11841;
4.75401;
5.73069;
6.27199;
5.68631;
5.9724;
7.67357;
7.03585;
5.36565;
6.16577;
6.47299;
5.14577;
6.84397;
7.06544;
6.759;
5.16117;
6.53914;
5.47785;
5.45616;
5.52548;
6.53013;
5.63996;
5.66714;
6.33186;
4.87923;
7.14671;
5.56434;
3.92503;
4.00873;
8.4148;
4.24238;
4.59493;
6.19948;
7.62906;
5.89707;
5.04135;
6.15483;
4.63069;
5.52368;
5.09567;
6.94002;
6.81362;
7.30546;
9.15845;
7.9333;
4.21818;
5.00701;
4.06638;
6.98981;
6.10983;
5.36054;
8.54022;
5.16416;
5.27366;
6.58161;
6.35118;
5.94334;
6.75745;
7.53831;
5.41833;
5.98412;
6.69998;
5.48124;
4.85818;
6.11821;
6.86036;
8.13438;
5.56742;
5.92287;
5.68038;
4.65399;
6.31765;
3.53146;
4.79614;
5.95994;
6.12979;
4.67697;
5.88565;
5.94915;
6.08444;
7.39521;
6.4899;
4.91727;
5.77903;
5.53373;
6.74812;
6.5381;
6.09448;
7.78977;
7.85975;
5.28944;
7.0555;
5.16134;
3.78264;
7.00641;
6.10984;
6.39935;
6.25737;
6.02266;
5.50789;
6.28083;
3.83013;
4.56564;
6.55272;
6.06185;
6.90794;
4.90604;
6.46954;
5.41922;
7.62375;
3.91365;
5.34781;
5.3818;
5.13997;
7.08452;
4.71191;
9.41551;
5.21413;
6.09973;
8.65441;
6.54521;
4.55592;
6.83525;
6.10782;
6.03455;
6.59438;
7.16686;
6.41245;
6.82223;
4.19991;
4.25116;
5.41071;
7.00636;
8.0381;
5.88905;
6.82965;
5.66889;
5.08273;
4.78086;
7.24736;
7.41536;
5.69434;
4.85342;
5.4199;
7.03019;
4.63588;
5.25626;
6.54767;
5.70513;
6.68184;
7.19247;
6.30519;
6.2646;
5.62008;
6.03618;
6.27897;
5.37306;
5.37457;
5.10361;
6.85188;
6.71104;
7.62746;
7.52008;
6.45775;
5.77213;
6.83224;
6.18469;
6.03658;
4.94462;
4.88965;
7.08874;
6.67186;
7.62393;
6.21629;
6.14633;
6.2977;
9.15836;
4.6504;
6.30285;
5.87861;
5.99887;
4.79906;
6.06962;
5.3652;
6.39599;
6.16886;
5.8411;
5.44705;
5.28112;
5.66574;
7.48321;
6.6536;
6.26465;
5.10403;
5.03371;
4.77457;
8.10642;
4.63898;
4.65406;
5.71769;
4.25071;
7.63723;
5.41651;
6.51036;
9.28768;
7.55968;
7.64055;
4.33779;
3.98354;
6.12299;
7.488;
4.07305;
5.73467;
6.5796;
6.32704;
6.34642;
6.96228;
6.62929;
5.19641;
5.18744;
6.82789;
5.74203;
5.63123;
6.41309;
5.45496;
5.674;
4.77338;
5.13879;
5.03271;
5.55588;
5.22904;
5.75136;
6.95765;
6.12802;
5.83448;
3.94265;
4.21017;
6.32953;
6.44916;
5.48933;
7.56893;
5.89842;
7.02005;
7.96235;
6.12853;
5.53494;
5.65366;
4.84083;
4.84903;
7.42571;
6.98325;
5.2549;
5.724;
6.59849;
4.53645;
5.39054;
5.88888;
4.67577;
4.76886;
6.35817;
5.72447;
7.45734;
7.73361;
5.35138;
5.98024;
7.1814;
6.14428;
4.26299;
6.62112;
6.05321;
7.73225;
4.80526;
6.76287;
5.80527;
6.35104;
5.2733;
5.9568;
5.04833;
4.30966;
6.20752;
7.84487;
5.88795;
6.6362;
5.51675;
7.94934;
7.56272;
8.13981;
6.73796;
5.73346;
6.69084;
5.09805;
5.10072;
6.34952;
3.47111;
5.09078;
5.47786;
6.77366;
7.0501;
5.67807;
7.98121;
6.47025;
7.06035;
5.52701;
6.46941;
4.10476;
5.58513;
7.33554;
6.09327;
3.90221;
7.7429;
5.43681;
5.45648;
4.59619;
5.79712;
6.59021;
7.38473;
6.92496;
4.49468;
5.02784;
7.00318;
5.33208;
6.44357;
5.91011;
6.30756;
5.06656;
7.04572;
5.56875;
5.8258;
5.90248;
5.84062;
3.69334;
6.19071;
5.33652;
5.89444;
6.64484;
5.22779;
7.09808;
5.56201;
7.61923;
7.15328;
6.24614;
6.61423;
6.04853;
5.36741;
5.53772;
5.90359;
4.44887;
5.60228;
7.24111;
6.10547;
6.66867;
7.69175;
6.31846;
4.9396;
6.7585;
5.65417;
3.82527;
4.70222;
4.11298;
6.27352;
4.31784;
6.87417;
5.63324;
5.31228;
6.07388;
4.27228;
7.44079;
5.65004;
5.22092;
8.72938;
6.19759;
7.91049;
8.5468;
7.03424;
4.74831;
6.54842;
5.35423;
7.15017;
6.57166;
3.74585;
4.5613;
6.14745;
6.39078;
6.02528;
5.99409;
7.75929;
4.68082;
6.84478;
6.27208;
3.84111;
5.06877;
5.84031;
8.01645;
6.27099;
7.27267;
4.20384;
6.00081;
3.64438;
6.61446;
6.06258;
7.54388;
5.67064;
5.01985;
4.0219;
6.48109;
8.06936;
6.83006;
6.79926;
5.79953;
3.97671;
5.87179;
5.2653;
6.3339;
6.08838;
5.69979;
5.44464;
5.74292;
5.26773;
4.90719;
8.21085;
7.05448;
7.83566;
7.68932;
5.93468;
5.48503;
4.89794;
5.15075;
7.48462;
5.57373;
5.55609;
6.13177;
5.61083;
4.35492;
5.32242;
4.77265;
7.24473;
6.13615;
5.9955;
6.58837;
6.11024;
4.73467;
5.82567;
8.11399;
4.49064;
6.24474;
8.61404;
5.75755;
6.82746;
6.5984;
5.68482;
6.90002;
5.15091;
6.91222;
5.61265;
4.64462;
7.79213;
5.46898;
7.45538;
4.58281;
7.16289;
4.6315;
7.11393;
6.22242;
5.95586;
5.86745;
4.80993;
6.38919;
6.10769;
5.49352;
5.42882;
6.94128;
3.99626;
5.69015;
6.06865;
5.10901;
4.63271;
5.75766;
7.23847;
7.15693;
5.72315;
5.22412;
4.40398;
6.32436;
5.96972;
5.14176;
4.28058;
6.2276;
7.28762;
5.3972;
2.95241;
5.25486;
4.63148;
4.33115;
5.35768;
7.65906;
5.35184;
7.09095;
5.75653;
5.68978;
4.66366;
7.66769;
6.26737;
5.57818;
6.22367;
6.85372;
5.09259;
7.96946;
6.12196;
5.7543;
5.23755;
5.31373;
6.97308;
4.76555;
3.51546;
6.12567;
6.99869;
4.96454;
4.11169;
3.62451;
5.35798;
4.49189;
5.76666;
6.6777;
8.19088;
5.11949;
5.34698;
8.38457;
6.25892;
6.35688;
6.97909;
5.04404;
7.48004;
3.98508;
6.53789;
6.08287;
3.76693;
4.48448;
3.92383;
6.57962;
7.20184;
5.87018;
5.08869;
8.43282;
3.23098;
4.55868;
6.0166;
5.85475;
5.04928;
6.70807;
4.91426;
5.98579;
4.46192;
5.29703;
5.16482;
7.61432;
5.6252;
6.47002;
5.31003;
6.78762;
7.72945;
3.681;
6.58256;
5.7829;
6.47714;
4.69782;
5.49819;
6.19612;
6.26959;
3.78102;
6.85636;
4.42788;
6.76257;
6.04115;
6.32054;
6.05257;
5.67694;
6.65008;
4.11965;
4.42743;
6.57184;
6.09303;
7.51896;
6.25741;
7.28978;
5.94673;
5.86675;
5.88888;
5.21384;
5.6947;
7.54674;
4.47763;
5.19928;
6.80904;
4.81757;
5.48098;
5.10672;
6.09839;
5.12923;
5.98559;
5.86421;
5.49844;
5.23273;
4.44545;
5.40689;
5.85898;
4.2668;
6.44684;
5.66786;
4.42721;
5.46904;
5.00533;
7.38988;
6.40896;
3.80382;
5.47773;
6.24562;
4.62076;
5.71108;
7.26882;
6.22702;
4.79481;
5.39419;
7.02574;
5.47298;
4.91917;
4.17969;
5.6637;
5.91496;
5.99253;
6.15628;
4.6065;
7.85181;
5.23124;
6.15794;
4.80284;
6.21321;
4.82638;
6.50387;
5.16304;
5.7466;
5.50727;
6.45249;
6.14578;
3.4122;
3.46635;
5.92383;
6.89949;
5.8073;
5.76184;
5.28331;
6.39191;
6.00212;
4.66359;
5.58959;
3.2788;
5.10927;
7.71391;
9.56472;
6.2492;
5.40278;
6.16456;
5.86442;
6.03873;
5.56949;
6.25706;
6.09948;
4.93001;
4.33535;
5.82369;
7.20425;
5.82256;
6.89223;
3.16719;
5.09757;
5.01661;
4.77202;
4.75218;
6.83727;
4.74167;
5.7061;
7.05922;
5.35408;
4.67782;
5.97406;
5.12549;
7.82405;
6.02251;
4.1397;
5.80748;
9.16007;
5.93626;
4.47023;
6.18966;
5.62628;
7.70402;
5.8208;
4.85339;
4.14211;
6.44507;
4.84777;
4.31117;
4.43014;
4.22171;
7.64327;
6.71382;
4.40373;
6.22349;
5.46761;
6.51443;
6.88589;
6.03037;
6.31348;
7.77881;
4.12134;
7.0591;
5.2292;
6.22344;
5.56168;
6.61401;
4.78225;
5.97379;
5.37805;
5.14094;
7.00652;
7.23363;
5.32981;
6.38505;
6.28023;
6.93401;
5.10211;
5.66328;
5.31058;
4.63331;
6.03433;
5.98281;
7.15572;
4.8434;
5.39274;
6.098;
8.54226;
6.45409;
7.07442;
9.91134;
7.91309;
7.30636;
5.97374;
6.09216;
6.12607;
7.25446;
5.49299;
5.01664;
4.89258;
6.28542;
4.01025;
6.69902;
7.2859;
6.05857;
5.24841;
5.72065;
6.50308;
3.63476;
7.46241;
4.78791;
4.67353;
5.23654;
5.75112;
7.8844;
4.42647;
6.8276;
7.17828;
4.67312;
5.58935;
5.77528;
5.51438;
4.87124;
4.81507;
5.42579;
8.47701;
5.34488;
5.03835;
5.34537;
5.97295;
7.5533;
4.93207;
4.29766;
4.80775;
5.61232;
6.2521;
5.99257;
5.26758;
7.44271;
4.81255;
6.95269;
7.08512;
8.02845;
3.65701;
6.0557;
4.34902;
6.46263;
4.35885;
3.87033;
4.26085;
5.37875;
5.88258;
5.80246;
6.07846;
9.28619;
5.42943;
5.2053;
7.3079;
6.74174;
6.18372;
5.29072;
6.23658;
5.62489;
3.21723;
4.91512;
7.72893;
6.92351;
6.26035;
7.58423;
3.87162;
6.203;
5.09858;
5.40832;
7.50933;
7.18913;
6.91192;
5.37721;
5.17934;
5.72471;
8.02471;
5.85801;
8.78964;
4.479;
7.51654;
3.93397;
6.39182;
4.44336;
5.65516;
4.20358;
5.70823;
6.15426;
6.51743;
6.15733;
6.09135;
5.34991;
3.54866;
6.4139;
4.80566;
7.97871;
5.84139;
5.59492;
5.21321;
6.18398;
7.2197;
4.81259;
6.32127;
6.67687;
5.0019;
5.63834;
4.66572;
5.27987;
7.12025;
5.55817;
4.98438;
5.91572;
5.15705;
4.68296;
5.98858;
5.343;
4.30966;
5.55531;
7.26543;
5.55396;
4.96553;
7.04229;
5.01195;
6.43793;
8.36742;
8.02689;
4.40613;
6.18833;
5.18527;
5.88937;
7.41488;
5.06802;
6.9248;
6.20237;
8.04994;
3.75929;
5.80641;
6.36047;
6.59284;
5.55247;
6.7337;
5.90039;
5.02618;
4.57377;
6.45401;
5.57216;
4.75686;
5.42675;
6.54562;
6.72479;
6.88646;
5.76464;
5.64472;
5.6787;
5.84568;
5.79319;
6.56285;
6.29026;
5.93975;
7.12044;
5.65962;
4.78121;
6.70606;
4.07692;
4.80897;
4.53303;
8.28027;
7.14534;
5.95703;
7.27923;
6.10968;
5.24086;
4.95041;
5.43267;
5.51816;
7.66608;
4.70796;
6.50367;
7.6257;
5.22234;
6.63388;
4.83097;
5.59255;
5.27418;
5.79569;
6.14827;
7.83865;
5.44292;
5.69124;
5.81684;
6.33136;
4.56742;
4.72918;
4.9867;
8.01324;
9.37823;
6.35376;
5.00932;
8.11981;
5.94782;
6.83896;
6.01209;
6.30641;
4.91898;
6.24656;
5.07372;
4.28272;
6.89005;
5.67057;
6.01258;
6.74056;
5.06531;
7.90678;
5.48043;
5.53155;
6.82958;
5.1741;
4.29133;
5.91865;
4.05362;
3.67479;
6.10806;
5.14885;
5.21565;
6.05717;
6.21984;
5.22241;
3.46409;
5.50627;
7.14545;
4.46619;
4.5847;
5.09542;
6.37873;
6.0025;
6.50656;
2.11577;
6.44471;
7.58288;
6.07408;
3.8037;
4.44927;
6.0198;
6.4452;
6.5477;
5.56674;
6.28636;
5.28915;
6.75738;
6.01567;
5.12727;
5.5577;
4.83691;
3.87446;
5.9031;
8.1264;
4.90968;
4.92983;
6.38282;
4.26714;
5.91497;
5.93138;
5.74401;
7.3674;
6.98795;
4.16965;
7.34489;
5.7549;
5.28892;
5.38913;
4.30029;
6.26272;
4.72391;
5.54825;
4.05801;
6.41711;
5.67476;
4.82604;
6.84852;
5.41727;
5.39979;
5.79513;
6.91788;
5.15276;
7.55036;
5.13294;
5.79396;
4.7442;
3.23784;
4.67094;
4.14181;
4.70911;
4.82734;
3.88398;
3.98603;
8.00333;
3.81305;
5.30852;
5.79958;
5.14435;
6.59965;
8.46195;
5.61683;
3.6214;
5.333;
6.73537;
7.38046;
4.85679;
7.90871;
5.38025;
5.29572;
7.48773;
5.71548;
6.03966;
4.87263;
5.52466;
5.98014;
6.67936;
4.78912;
5.71734;
4.44206;
6.56932;
4.51972;
3.8184;
5.16744;
7.2738;
4.01628;
5.49474;
5.15368;
6.53802;
5.29364;
4.75258;
4.84342;
6.89583;
4.69836;
3.94303;
4.84629;
5.54874;
4.30981;
5.85992;
4.67953;
3.7347;
3.885;
6.22577;
5.35723;
5.21188;
3.37038;
6.65614;
4.60432;
5.17423;
4.35447;
4.63163;
6.75439;
6.96676;
4.82968;
4.94207;
5.99229;
6.36248;
4.38482;
5.21003;
5.43956;
4.40553;
8.04415;
5.53245;
5.7458;
6.22964;
7.87944;
5.55011;
4.51542;
4.57491;
6.70256;
3.54859;
4.53877;
5.4864;
5.06939;
5.53844;
5.31848;
5.7188;
5.17836;
6.88116;
4.63895;
6.32946;
5.95442;
4.44089;
5.056;
6.64135;
6.69434;
5.54726;
7.33472;
7.13754;
6.42922;
5.46059;
4.51777;
3.48223;
4.72435;
3.79153;
4.42126;
3.97626;
4.84855;
6.51001;
4.58553;
4.82281;
4.96524;
3.98955;
4.82273;
4.25732;
6.20805;
5.05157;
4.13592;
5.90764;
4.42534;
6.31819;
5.83086;
5.03674;
4.9769;
6.4613;
5.47269;
5.96967;
5.68702;
5.62165;
6.04751;
4.46467;
4.65424;
5.12019;
3.87663;
4.96251;
6.73615;
4.08736;
5.51102;
6.14694;
4.37312;
6.17658;
5.99515;
4.10455;
4.98979;
7.55962;
6.91959;
4.78112;
6.51244;
5.13634;
4.87449;
5.92598;
5.80437;
4.83335;
7.91778;
5.07696;
4.06539;
7.18464;
5.12658;
5.39184;
2.92039;
3.20422;
5.16889;
5.20088;
7.82924;
3.01601;
4.58981;
6.58057;
5.83446;
4.87242;
5.40482;
5.7479;
7.69981;
6.43552;
5.38864;
4.26585;
5.15777;
5.98226;
5.09542;
7.80375;
6.62365;
6.2265;
5.9351;
4.56629;
6.15958;
4.20274;
4.48952;
6.24896;
7.99118;
4.22806;
6.35502;
5.65606;
4.57761;
6.61166;
7.76512;
3.7994;
7.26145;
6.72109;
5.04112;
5.28778;
5.06801;
4.49964;
5.10075;
4.63025;
3.52186;
5.71566;
5.69482;
6.27181;
3.36968;
3.91372;
7.05705;
6.07229;
6.30018;
4.89814;
3.924;
3.52868;
4.24312;
4.00968;
7.59571;
6.70329;
5.67575;
4.70384;
4.80997;
5.04796;
4.78384;
5.00858;
4.99272;
6.92497;
6.44292;
4.13093;
3.70221;
6.0324;
7.38047;
5.88243;
6.14639;
5.95113;
5.22546;
5.45291;
6.05433;
4.28983;
5.86988;
5.35088;
4.67564;
5.35365;
4.22518;
5.63848;
6.73209;
5.15979;
4.21031;
6.5215;
4.73282;
4.85595;
6.06841;
4.79576;
4.1601;
5.87283;
5.64061;
4.66578;
5.89304;
3.76614;
4.21957;
5.05797;
6.31106;
5.67849;
4.415;
4.98474;
6.33861;
3.29468;
4.79324;
6.57867;
5.92706;
3.65998;
6.14029;
3.55219;
3.43092;
6.07622;
7.98955;
6.30521;
4.53736;
4.32166;
5.50523;
4.88019;
6.75336;
5.6807;
6.73864;
3.16319;
6.50769;
7.37604;
4.86553;
6.96126;
5.79616;
6.16483;
7.98345;
7.31716;
5.26946;
5.09572;
5.52664;
5.85619;
4.54412;
5.91666;
4.56161;
6.39922;
6.26495;
5.12322;
7.1873;
5.38589;
5.7566;
4.92625;
5.10977;
4.54833;
4.79418;
5.00016;
7.17049;
4.76753;
5.55046;
5.80738;
6.74963;
4.35621;
7.04312;
6.41517;
4.80147;
4.22832;
3.85112;
8.1769;
5.66612;
6.02632;
6.68879;
8.04051;
5.23247;
6.10103;
8.87576;
3.98063;
5.15488;
6.8292;
4.8902;
4.87154;
4.67411;
5.0729;
4.48094;
5.64127;
5.5512;
4.92483;
4.85535;
5.1594;
5.1439;
4.36362;
4.60548;
4.56967;
3.93186;
5.89373;
2.47424;
6.30938;
4.32165;
5.84665;
6.15019;
6.92842;
5.64407;
7.66442;
3.10205;
4.28481;
4.50636;
8.55129;
4.63501;
5.74095;
5.75235;
5.43689;
4.89543;
4.43853;
5.56048;
4.04779;
6.19086;
7.20932;
5.66066;
5.06588;
5.23822;
5.00435;
4.9873;
5.14707;
5.16244;
4.09049;
5.81485;
5.50939;
5.07613;
7.16485;
6.35062;
4.21363;
5.78731;
6.43305;
4.3974;
6.05323;
3.71704;
5.42031;
4.19926;
6.28894;
4.62856;
4.73802;
7.07345;
3.65383;
5.63615;
5.67822;
5.96864;
5.87148;
6.84078;
5.70094;
4.96291;
3.91691;
5.74023;
5.09964;
6.77548;
6.20722;
5.32237;
6.00946;
3.15861;
4.4566;
7.24202;
4.54788;
5.76194;
6.69011;
3.10784;
4.19764;
4.5654;
4.81263;
6.70042;
4.70204;
3.38079;
5.57824;
5.21781;
5.7761;
5.61618;
4.18913;
4.07898;
4.79948;
6.3229;
3.85337;
4.62789;
5.76385;
3.6489;
6.19541;
5.86894;
4.88153;
4.76146;
5.78396;
5.06889;
2.18568;
5.32301;
6.58183;
3.72955;
6.00135;
3.28304;
2.45971;
5.00644;
3.83719;
4.50548;
4.44409;
3.49919;
5.10049;
5.86588;
4.47987;
5.29783;
5.06816;
3.82497;
3.72278;
7.16935;
4.96036;
4.35979;
4.88129;
4.60919;
6.52845;
5.17387;
4.77361;
4.59099;
5.20681;
3.61864;
4.87255;
4.53807;
6.36591;
4.87495;
4.85785;
7.07362;
4.72674;
4.79602;
5.88879;
4.80753;
5.26218;
3.25635;
4.56246;
4.68212;
4.51721;
5.64179;
4.56951;
4.57907;
6.02688;
5.68928;
6.79406;
4.70552;
5.13725;
4.74958;
6.60038;
6.00747;
4.09299;
7.15791;
5.64001;
4.02901;
3.53227;
4.38079;
7.3592;
4.93816;
5.54658;
3.8403;
4.38555;
5.10775;
6.37581;
4.32439;
3.03857;
5.5466;
4.14086;
2.50473;
6.20753;
5.28645;
4.19799;
3.87244;
5.78311;
6.09247;
5.8155;
5.30276;
7.08179;
5.76639;
3.61621;
5.82671;
4.36801;
4.20453;
3.87794;
4.35949;
5.35145;
6.60548;
5.12021;
4.00026;
5.79421;
2.88;
6.14366;
4.78453;
5.29287;
4.70229;
3.17888;
4.13676;
5.535;
4.82467;
5.40415;
4.57567;
5.70235;
2.42566;
3.92277;
6.13685;
5.22114;
5.65727;
4.87363;
3.85404;
5.0545;
4.27238;
6.3887;
5.11668;
4.10738;
5.24112;
4.98764;
7.54799;
4.35668;
5.90893;
5.0488;
6.60717;
3.34371;
4.15954;
4.93319;
2.77371;
5.41193;
5.1597;
4.48786;
3.32979;
3.93311;
4.39698;
4.09547;
4.9045;
5.62796;
5.20367;
4.41584;
4.22744;
4.4637;
5.74997;
5.6945;
4.1122;
6.90651;
6.36457;
4.9518;
4.54356;
3.16687;
5.62794;
5.52332;
6.80303;
3.59328;
3.65323;
4.83211;
6.04562;
5.75559;
3.94679;
5.31986;
6.49088;
3.52434;
2.67134;
5.66225;
4.93452;
3.60751;
4.61455;
4.1107;
6.95948;
4.23516;
3.8157;
4.78847;
4.18903;
5.44319;
5.54574;
5.08051;
4.41995;
5.54188;
6.69262;
4.02581;
4.85392;
4.53318;
4.7465;
6.56789;
3.84116;
5.10251;
7.01708;
4.88065;
4.71196;
4.31282;
3.81612;
4.91901;
4.90781;
4.60298;
4.14837;
3.09082;
3.86055;
5.3032;
4.61238;
6.16546;
4.93012;
6.00002;
4.35748;
5.87286;
6.22012;
3.60465;
5.82246;
4.18722;
5.56339;
5.05621;
4.36357;
5.29216;
6.44369;
3.6608;
4.98428;
4.63937;
3.96216;
6.0865;
4.3968;
5.76493;
5.17277;
4.32928;
3.95264;
5.2688;
5.1517;
4.16697;
4.67026;
5.19337;
4.45178;
3.63497;
4.74271;
5.81205;
4.77087;
5.39726;
4.29358;
5.61298;
6.10839;
3.55048;
5.52031;
4.12319;
5.38181;
4.27215;
7.75447;
6.55382;
4.56661;
3.74193;
3.61811;
6.27891;
4.41394;
4.543;
5.01606;
6.90438;
4.62663;
4.03668;
2.7305;
3.92477;
5.12466;
3.4173;
3.97961;
6.06689;
4.246;
6.38767;
4.37264;
6.33606;
6.07159;
5.18239;
4.41835;
3.36139;
2.48061;
5.38491;
4.01592;
3.13654;
6.38365;
6.45568;
3.50606;
4.31622;
5.87325;
4.54041;
5.75089;
4.99939;
5.56357;
5.36871;
5.33885;
4.00669;
4.51203;
5.20122;
3.9335;
6.13149;
4.13056;
6.0356;
3.31153;
3.5812;
4.53109;
5.35632;
5.9936;
4.85148;
3.92502;
5.47826;
3.52651;
3.9216;
7.25814;
3.33566;
3.69302;
5.14873;
5.14518;
5.66056;
4.3076;
4.93807;
5.19932;
4.13296;
3.32267;
3.79582;
4.55669;
3.37129;
4.65846;
4.33068;
4.7118;
5.29999;
3.78366;
4.39126;
4.04932;
4.72233;
3.38857;
4.96935;
5.29953;
5.04565;
4.41136;
4.72194;
3.90493;
5.46266;
5.21313;
3.04111;
4.47537;
2.91692;
6.05475;
4.24163;
6.36957;
3.3691;
3.54577;
3.85919;
4.6177;
4.66975;
5.42849;
4.48907;
6.85112;
4.38904;
5.01983;
3.80518;
4.23576;
4.4038;
5.59632;
6.41004;
3.8138;
2.88024;
5.83017;
3.54594;
3.99419;
4.27883;
4.75527;
4.46239;
5.2522;
4.31909;
5.54611;
3.92559;
5.58297;
4.78369;
4.78527;
3.481;
3.47989;
4.27203;
3.1416;
4.84618;
2.61688;
2.93564;
4.88637;
5.97514;
4.25413;
3.72878;
5.4506;
2.13952;
3.27709;
3.81863;
4.41582;
2.63402;
4.71162;
4.2261;
5.62303;
3.13025;
3.6165;
4.25143;
2.18797;
5.13951;
3.74663;
2.69137;
3.37789;
4.44216;
3.58792;
6.48519;
3.23101;
5.37803;
3.66644;
3.79657;
5.37015;
3.34384;
2.77315;
3.94728;
8.26427;
5.74684;
3.64516;
3.89874;
3.75001;
5.98746;
4.29303;
4.04985;
3.61148;
5.2996;
3.07411;
3.94412;
5.01175;
3.98896;
4.06469;
5.23869;
4.3394;
3.73821;
4.87545;
5.24449;
5.95321;
4.72792;
3.43274;
4.60113;
5.13069;
5.5061;
4.27152;
4.46765;
3.58982;
4.18657;
5.97398;
4.59488;
4.12726;
4.51783;
6.25086;
4.21705;
5.53348;
4.072;
3.34764;
3.83332;
4.88416;
4.6124;
3.19168;
4.99001;
3.59633;
5.81577;
4.5436;
5.67505;
5.72803;
6.53547;
2.98222;
5.08407;
3.59229;
3.59033;
3.37638;
4.82691;
6.5567;
3.41263;
4.70551;
6.04488;
5.29585;
4.39193;
4.3355;
3.62191;
4.38697;
5.72312;
4.44638;
4.24064;
5.24364;
4.7011;
4.22883;
3.62506;
5.20948;
2.94637;
5.049;
6.54112;
3.88231;
4.68319;
4.65136;
3.82444;
2.8384;
4.97989;
2.8568;
2.66135;
5.80321;
6.37501;
3.774;
2.79753;
4.23922;
4.55719;
5.68278;
3.16445;
4.86135;
5.10287;
4.27958;
4.82141;
5.39862;
5.27419;
3.57752;
3.16462;
5.51089;
4.96053;
6.50765;
5.79152;
4.42025;
5.16893;
3.60312;
4.31931;
5.57886;
4.19978;
4.24908;
6.36538;
5.66665;
4.72413;
6.06443;
3.65503;
3.18011;
3.77006;
4.8909;
5.10152;
7.97141;
3.92774;
4.65394;
4.70539;
3.77468;
3.39025;
3.85603;
4.54443;
4.25022;
2.95026;
4.27321;
3.67311;
3.77911;
5.49588;
4.5302;
5.58508;
4.74467;
2.80864;
5.83218;
4.42191;
4.97017;
5.00339;
3.10885;
3.78115;
4.85362;
4.4436;
3.32158;
4.70211;
3.66933;
3.86209;
3.49475;
4.47676;
3.24016;
5.60914;
3.9569;
4.51272;
4.73766;
6.32055;
4.64117;
4.18199;
4.66598;
3.75855;
4.37156;
4.48793;
3.83346;
5.00998;
4.07079;
4.23619;
5.01829;
3.89076;
4.50466;
5.5295;
2.11339;
4.42207;
4.07936;
2.47795;
4.3872;
6.65958;
4.42532;
4.06295;
6.65034;
6.60647;
3.76755;
3.65387;
5.41168;
4.55378;
3.63352;
2.65654;
2.85045;
5.08898;
6.65791;
2.58922;
4.60719;
4.713;
4.60575;
4.59974;
4.47915;
3.50361;
4.31271;
4.56457;
2.65529;
2.96039;
4.4003;
3.67895;
2.76044;
3.81141;
3.70637;
2.84667;
4.58794;
3.42399;
5.8583;
3.51952;
5.56472;
4.80539;
4.01118;
6.10718;
3.63222;
3.39384;
5.60836;
3.76437;
4.91425;
2.85193;
3.37365;
3.75555;
4.85608;
3.98802;
3.7525;
5.25231;
3.64238;
4.23946;
4.13925;
4.07955;
3.81454;
5.24344;
5.12136;
4.57304;
4.2433;
3.43565;
3.20844;
5.87638;
2.73723;
4.32506;
4.0105;
3.48845;
1.93451;
5.94461;
3.77793;
3.74833;
5.09327;
3.27211;
5.09197;
3.28766;
3.53256;
3.65723;
3.6061;
5.72634;
2.99567;
5.59702;
2.09946;
3.78784;
4.1862;
4.95371;
5.54172;
4.73544;
3.93025;
4.22115;
3.36119;
3.51742;
3.83356;
3.91585;
4.44054;
3.29304;
3.17791;
3.06194;
2.84018;
5.40513;
4.30467;
2.92566;
3.4176;
2.75067;
3.78566;
5.67164;
4.38798;
2.65392;
3.04112;
3.137;
4.52227;
3.73814;
4.66044;
4.33263;
6.07278;
2.79328;
4.36653;
1.76654;
3.86358;
4.86268;
3.98351;
5.48038;
3.51422;
3.3501;
4.92432;
2.91498;
3.45205;
4.34999;
3.53524;
3.84329;
3.756;
4.46541;
3.89829;
2.38467;
4.22971;
1.99866;
2.79088;
1.70182;
4.78393;
3.59368;
4.22122;
3.57138;
4.02839;
2.88531;
2.65258;
4.43361;
5.51464;
4.46583;
5.0571;
2.06649;
4.09035;
4.00289;
3.17114;
4.44719;
5.63675;
2.97635;
3.29585;
3.11002;
4.4335;
2.68416;
4.4811;
5.33654;
6.82583;
4.05451;
4.02888;
3.12581;
4.11971;
3.65069;
3.44586;
3.63881;
4.60459;
4.15636;
3.81682;
2.29068;
3.16189;
3.8329;
4.11375;
3.86114;
3.40095;
3.39462;
3.29096;
3.68695;
5.30278;
5.45542;
3.0774;
3.79671;
4.36623;
3.4192;
4.96182;
4.88838;
3.89096;
3.26652;
3.92175;
2.60143;
4.62487;
3.5546;
5.02003;
4.84088;
4.2739;
3.35469;
2.38219;
4.06229;
6.02382;
4.30027;
3.11384;
2.60806;
3.30101;
5.08366;
4.99825;
5.30301;
3.35119;
3.30977;
4.08104;
5.12458;
4.0049;
4.77252;
4.70657;
3.57767;
5.11835;
4.4155;
3.68304;
3.78489;
3.82159;
4.04806;
2.7531;
4.58781;
3.41109;
4.91254;
4.88438;
3.39507;
1.71105;
5.51155;
2.40631;
2.73467;
3.74928;
3.52178;
4.49829;
5.90914;
4.38952;
3.17486;
4.27015;
3.79976;
3.37562;
4.67929;
3.03774;
5.15579;
3.23097;
4.15999;
3.53584;
3.40924;
3.31677;
3.71319;
2.42799;
4.9297;
3.75766;
3.64781;
4.01677;
5.51347;
3.9571;
4.99596;
3.15908;
2.36124;
4.28437;
2.72607;
3.76452;
2.35942;
3.03916;
4.88216;
4.03667;
3.67211;
4.42641;
4.11799;
4.2739;
3.43513;
6.18769;
4.08907;
5.46878;
4.94568;
4.79032;
3.99754;
4.19179;
3.82636;
3.66521;
5.38801;
3.3144;
4.02003;
4.3666;
4.43773;
4.33268;
5.56717;
4.0929;
5.3401;
3.55806;
3.29095;
4.32521;
3.65177;
1.85788;
3.92508;
3.98835;
4.86201;
5.17911;
3.51435;
3.28725;
5.43481;
3.95688;
3.61446;
5.40502;
3.84975;
4.46786;
2.95794;
4.80047;
4.16906;
4.16357;
3.58858;
3.24518;
3.13404;
5.48518;
3.3788;
6.51257;
4.25821;
4.04668;
4.00444;
3.59484;
5.17684;
5.15357;
3.34933;
4.0233;
4.45982;
4.57862;
3.18048;
2.71324;
6.01159;
2.9835;
4.88203;
2.36963;
4.32331;
4.284;
4.46222;
3.38829;
3.58091;
2.95914;
3.26766;
6.50218;
4.81898;
3.68659;
2.75167;
3.17927;
3.81543;
4.91225;
2.78886;
5.59079;
3.12533;
2.71045;
3.27013;
4.09915;
3.92507;
3.42935;
2.6903;
4.53455;
1.93522;
5.71982;
2.99891;
3.71336;
4.41812;
3.82376;
3.80587;
3.82671;
4.51155;
4.48544;
2.18586;
2.91069;
4.2563;
4.32838;
4.56668;
5.31364;
3.72863;
3.93718;
4.43928;
3.08854;
3.73543;
2.83379;
4.207;
3.39032;
4.0897;
4.89954;
2.80933;
3.03981;
6.10107;
4.54802;
4.18495;
4.26973;
3.74349;
2.19206;
4.01989;
2.50022;
4.42677;
2.36631;
4.73845;
2.38212;
3.0792;
5.25187;
5.25451;
3.7655;
4.90549;
3.70148;
4.24775;
3.367;
4.26372;
3.17175;
3.54691;
2.88327;
4.04784;
2.24013;
3.16397;
4.03804;
5.48438;
3.78399;
4.28901;
3.95831;
2.48184;
4.42246;
2.91241;
3.04995;
3.71471;
3.30122;
5.10593;
4.12252;
5.78433;
3.30755;
3.57058;
4.27647;
5.32641;
3.23589;
3.551;
6.14321;
4.03506;
3.58319;
3.47237;
3.28503;
1.87662;
2.13355;
2.45236;
3.51489;
5.39917;
2.63845;
2.52324;
4.2624;
2.56442;
4.81031;
2.92106;
3.06405;
3.67312;
3.20188;
3.13088;
2.82067;
3.73858;
3.61535;
4.04099;
3.09341;
4.06125;
4.80333;
2.77961;
4.59546;
2.61689;
2.75539;
3.67071;
4.19987;
4.65876;
3.9315;
2.473;
4.23042;
2.68551;
3.48494;
2.77254;
4.03548;
4.05731;
1.58585;
4.43118;
4.87407;
2.88808;
3.50766;
4.79559;
3.50835;
3.03224;
4.30644;
4.108;
2.71793;
3.93534;
2.21797;
5.0649;
3.82947;
4.45734;
4.60414;
3.67129;
3.62886;
3.49234;
4.58074;
2.40501;
2.88566;
2.87428;
3.14799;
3.70274;
4.27357;
3.36715;
3.71384;
2.42255;
3.79285;
5.07827;
3.79736;
3.77185;
4.05514;
1.89494;
2.01975;
4.01025;
5.62348;
4.84777;
3.71813;
3.86221;
2.655;
3.07406;
2.83413;
2.93985;
2.61048;
3.57624;
3.76374;
3.70289;
3.98553;
5.42672;
4.90479;
5.01905;
4.8899;
5.4777;
3.64282;
3.30151;
4.10099;
4.34933;
4.40351;
2.53461;
3.49506;
2.63521;
2.85912;
3.96204;
4.499;
3.75606;
2.87169;
3.58505;
4.98858;
2.71934;
3.37382;
2.10459;
3.66663;
2.44058;
2.27251;
3.00446;
3.64602;
4.0683;
4.44924;
5.31831;
4.14338;
5.46786;
3.3972;
4.08578;
1.79585;
3.05316;
3.7439;
3.8964;
3.61545;
4.10332;
4.27153;
5.27966;
3.26659;
3.69213;
3.89911;
4.58605;
4.32206;
5.16805;
2.51428;
2.65676;
3.7997;
1.53534;
2.93787;
2.69037;
3.77811;
3.52196;
2.406;
4.27631;
4.00526;
3.69062;
3.30534;
3.25459;
3.76895;
3.12573;
4.96448;
3.69167;
3.77481;
4.52001;
3.88534;
4.33787;
2.35233;
6.01226;
2.88072;
3.99123;
4.33859;
4.00943;
3.85358;
3.89602;
2.71772;
2.95463;
3.78503;
4.62319;
2.73412;
2.91958;
3.73104;
4.56234;
4.57563;
2.57982;
3.36629;
3.11489;
2.53234;
4.83943;
3.74707;
3.75362;
0.784105;
2.68382;
4.81741;
3.80819;
3.13759;
4.62311;
1.92699;
5.3843;
3.76814;
3.26129;
4.77054;
5.32688;
3.63908;
3.19264;
3.78984;
3.64444;
3.70816;
3.25154;
4.31842;
4.28665;
4.44314;
3.74441;
3.79528;
4.18827;
2.05373;
6.15515;
3.4159;
4.29982;
4.02318;
4.37055;
2.9139;
2.35853;
2.41872;
1.83246;
3.10531;
3.08324;
2.71235;
3.75139;
4.89703;
3.44899;
2.15911;
4.58036;
3.21085;
3.69868;
5.22714;
3.62985;
4.35742;
2.21062;
2.19519;
2.70046;
5.60033;
4.53663;
2.6517;
4.28422;
2.85953;
3.65127;
4.33224;
5.02506;
4.97141;
3.73672;
3.56098;
3.24892;
2.10806;
4.50826;
2.94174;
3.78825;
3.74943;
1.93396;
3.94764;
3.05151;
3.16013;
2.65306;
3.71961;
2.74048;
4.35937;
4.01283;
4.53147;
3.75402;
3.69742;
2.20024;
4.56078;
4.21755;
3.71687;
3.28362;
3.63973;
2.36819;
2.94561;
5.7926;
3.2564;
4.05934;
3.50811;
3.83799;
3.5022;
2.73253;
2.18333;
3.84101;
3.97339;
3.88359;
2.98924;
3.51074;
4.03129;
4.58402;
3.47224;
4.87711;
3.80462;
5.72571;
2.91898;
3.09376;
4.19288;
3.97837;
2.1738;
4.55316;
4.86914;
5.78112;
6.26698;
3.30255;
2.40769;
3.28973;
3.73176;
2.32289;
3.48408;
3.05276;
3.77084;
3.73457;
2.75656;
3.95944;
2.9095;
3.3444;
3.53311;
5.00128;
1.47932;
2.46418;
2.11129;
3.496;
1.92876;
4.35402;
3.23352;
4.69046;
5.4683;
2.98396;
3.25895;
4.93025;
5.45735;
3.41123;
3.78059;
2.50583;
3.05402;
1.71334;
4.09175;
4.19342;
2.26277;
2.57791;
3.76704;
2.3774;
4.07997;
3.20345;
5.2023;
3.28983;
2.87606;
3.95541;
3.01647;
2.40893;
4.95628;
3.46786;
2.15177;
4.40322;
3.31961;
4.11431;
3.80935;
3.95963;
3.06176;
3.38513;
3.31621;
3.97835;
1.97606;
3.39341;
3.73666;
2.86703;
3.68854;
3.10967;
3.55215;
3.22723;
2.91715;
2.88757;
4.49627;
5.13489;
3.19897;
3.3545;
4.59686;
5.11351;
2.94165;
3.72649;
3.87381;
4.09151;
3.28091;
2.30045;
3.13779;
3.81292;
2.82143;
2.40764;
5.24003;
3.02003;
3.99262;
3.42168;
2.85404;
5.11006;
3.19063;
3.19308;
2.71672;
3.45806;
2.05678;
3.95282;
3.6743;
3.39016;
4.51644;
4.23761;
4.21274;
3.59491;
3.16512;
4.34141;
3.29532;
2.44658;
3.67279;
4.23837;
5.86132;
2.80464;
2.325;
2.87517;
2.91745;
1.8031;
4.55092;
2.5844;
1.75052;
3.5512;
1.85454;
3.05044;
5.77578;
4.61823;
1.90871;
3.54907;
2.55109;
4.43293;
3.43215;
3.2163;
3.92471;
6.3039;
3.63811;
3.04255;
3.27122;
2.94488;
3.32405;
3.0268;
2.86287;
4.17356;
1.71428;
4.95591;
5.23514;
2.22271;
4.6257;
3.42932;
2.59456;
3.69194;
3.24589;
2.41371;
4.76859;
2.52579;
5.17369;
2.06486;
4.06699;
5.0091;
3.10357;
3.92343;
2.68257;
3.48735;
3.07769;
2.45724;
3.91794;
1.96432;
3.16556;
3.50321;
4.48561;
2.97605;
2.94793;
3.14084;
3.09754;
2.20084;
2.73396;
1.8109;
4.96628;
2.44864;
3.34812;
2.8814;
4.66906;
3.569;
2.4893;
3.79022;
3.84876;
5.07918;
3.25849;
1.85364;
3.30372;
3.60272;
5.30012;
0.912333;
2.96925;
3.72105;
4.51737;
3.88704;
3.7872;
3.22834;
4.24855;
1.56289;
4.13516;
2.38491;
3.28665;
3.24059;
2.8969;
2.77482;
3.38765;
4.18864;
1.61522;
4.92137;
2.88211;
4.09971;
3.25187;
4.42558;
2.98136;
3.66082;
2.28195;
4.84672;
3.8402;
3.71737;
2.51254;
2.85974;
4.39876;
3.59965;
2.66496;
3.51682;
3.9506;
3.23405;
4.26195;
3.17744;
2.60038;
4.24414;
2.28625;
4.77256;
2.42507;
4.44041;
2.05981;
3.31364;
4.11948;
2.89612;
2.46608;
2.74085;
2.38605;
1.81028;
4.10787;
3.41412;
3.67173;
4.91534;
2.10296;
3.37637;
3.85877;
2.65641;
3.24321;
2.25113;
4.50221;
2.9459;
4.22673;
3.59796;
2.58551;
2.88576;
1.63093;
3.78163;
3.55312;
1.96509;
2.76786;
5.63193;
2.19179;
3.70239;
2.13646;
2.88109;
3.0795;
2.94611;
2.89359;
3.70861;
2.86608;
3.65321;
3.43406;
3.22785;
3.1507;
1.30116;
1.77379;
2.28695;
3.07333;
3.65393;
5.74683;
2.65744;
2.13684;
2.68802;
3.10269;
3.96468;
4.38563;
3.64649;
1.44759;
2.8254;
3.84488;
3.7944;
2.64972;
3.57869;
3.84637;
4.18655;
4.01539;
3.92614;
3.27113;
2.82893;
4.90738;
2.93991;
4.82481;
5.34002;
2.82564;
3.35289;
3.64069;
3.10096;
3.45642;
3.17994;
3.45353;
2.19198;
4.94446;
2.90618;
2.97042;
1.8897;
4.29063;
3.9439;
4.69769;
4.00426;
2.95757;
2.71091;
2.64947;
2.81404;
2.6432;
3.60146;
3.15614;
5.41676;
4.12175;
3.94056;
2.79846;
2.68623;
3.35291;
2.03897;
2.36595;
2.86658;
3.15037;
4.17503;
2.78757;
1.8648;
2.4022;
4.10512;
3.00662;
3.35472;
3.25613;
3.17698;
2.96241;
4.47974;
3.51193;
3.32386;
3.03349;
3.61;
4.822;
3.09738;
4.86584;
2.1717;
3.03505;
2.65038;
2.8231;
2.05182;
4.00914;
2.9808;
3.89941;
4.81514;
2.86313;
3.74754;
2.84343;
1.35715;
2.50489;
3.0426;
3.15941;
3.92624;
4.21231;
2.47782;
1.62247;
2.65666;
3.2058;
3.47566;
2.67306;
2.53493;
2.76809;
4.34306;
3.95765;
1.5978;
2.69949;
4.62811;
2.98254;
3.84991;
3.02435;
4.68144;
3.06506;
1.92621;
2.38869;
3.36143;
4.88043;
3.0081;
2.88799;
2.0057;
3.22972;
1.49169;
1.3023;
3.44976;
3.82626;
2.59819;
2.58132;
2.85448;
2.54573;
2.77199;
2.43696;
4.3138;
4.56075;
3.02564;
1.60152;
3.93275;
3.23105;
1.7959;
2.61872;
2.97072;
3.72357;
3.43558;
1.90123;
4.23534;
2.53575;
3.81242;
2.99197;
2.27327;
3.20329;
4.15249;
1.67252;
1.7497;
2.75184;
2.7247;
1.82781;
2.86571;
4.92424;
4.51978;
2.88949;
3.64182;
3.38753;
3.33435;
3.0123;
1.92474;
3.15866;
2.88985;
3.94105;
3.39957;
4.55415;
2.89505;
2.82516;
2.8914;
1.83302;
3.35439;
1.97856;
3.32541;
3.56994;
1.94203;
3.43924;
3.82835;
2.331;
4.12371;
3.52991;
3.30012;
4.37216;
3.34881;
2.05226;
3.28116;
3.84998;
2.42736;
3.96595;
3.55407;
3.80098;
4.39295;
3.38228;
2.2173;
4.29801;
1.71279;
3.84027;
4.65404;
3.83767;
3.08605;
3.31895;
2.45878;
3.74045;
2.04951;
2.58981;
3.26658;
1.26942;
1.47573;
3.22635;
3.32853;
2.88528;
3.24297;
2.73333;
2.84046;
2.73483;
3.63322;
2.86478;
2.36394;
3.66693;
4.10582;
3.22485;
3.85748;
2.48052;
3.47566;
2.00127;
3.06578;
2.27274;
4.25749;
3.74013;
3.88716;
4.02248;
3.1893;
1.58231;
3.89694;
3.55805;
3.35232;
4.12079;
2.62739;
2.16887;
2.58784;
3.17297;
3.03822;
3.71233;
4.27985;
4.22698;
3.30888;
2.39393;
3.11756;
2.14097;
1.65273;
2.93732;
2.65841;
2.38936;
3.94421;
2.43057;
2.4923;
5.0277;
2.82413;
3.14794;
3.06903;
3.98769;
2.20156;
4.34435;
3.2074;
4.09349;
3.37836;
4.01277;
2.54104;
3.43256;
4.97486;
1.96451;
3.91808;
1.87594;
1.89424;
3.51883;
2.13236;
3.12896;
3.32621;
1.55738;
4.66647;
3.70367;
2.15167;
4.26482;
2.84194;
4.44272;
2.18083;
4.06554;
2.45826;
3.64495;
2.31472;
2.90519;
3.86124;
2.47524;
2.63877;
1.34872;
2.39824;
2.91465;
2.51628;
3.63747;
2.98479;
3.78221;
4.97029;
3.5632;
3.30684;
2.87926;
3.29972;
4.1798;
1.56227;
3.68366;
3.7705;
2.90229;
2.5913;
1.68455;
2.19348;
2.80657;
2.7584;
3.06751;
2.93961;
4.32003;
3.89391;
3.89979;
3.31242;
3.44047;
2.91136;
3.97072;
4.02133;
3.15693;
3.55315;
1.83008;
4.13895;
5.11899;
2.30271;
1.82796;
3.12329;
3.24389;
2.31612;
3.52931;
3.04437;
3.85278;
4.75839;
2.93546;
2.57624;
3.39354;
1.52399;
2.89365;
3.00621;
2.56243;
3.18183;
2.77228;
3.594;
1.42708;
2.91364;
2.44919;
2.98731;
2.66337;
3.71338;
3.1492;
2.46702;
4.66655;
2.86592;
3.58697;
2.62166;
2.72787;
3.4511;
2.60845;
2.85142;
2.48866;
1.71467;
2.31092;
2.84622;
3.74032;
1.94329;
3.20945;
5.05029;
4.00028;
5.42659;
4.12955;
2.18158;
3.00989;
2.2867;
2.9714;
4.09362;
2.5693;
2.85097;
3.4426;
3.6168;
3.05258;
3.67458;
2.93717;
4.58636;
3.31795;
4.17656;
2.56814;
3.62302;
2.33589;
1.80224;
3.42704;
2.85467;
2.63471;
2.08867;
3.21287;
3.85351;
2.38612;
2.92097;
4.05672;
4.29427;
3.51808;
4.74849;
2.42551;
2.85924;
5.19453;
2.10234;
3.31613;
4.41305;
2.86245;
2.8812;
3.07034;
2.45369;
2.45257;
3.16605;
2.74741;
2.80869;
2.96479;
2.07418;
1.83955;
3.09194;
3.57076;
2.10109;
2.54076;
4.10669;
2.30972;
5.02182;
2.72063;
4.06689;
2.87572;
2.34923;
4.4033;
2.13818;
3.08101;
1.70214;
5.26892;
2.91844;
3.54357;
2.22095;
3.84372;
1.69553;
2.97812;
2.83439;
4.47085;
3.31903;
3.58165;
2.41859;
2.79138;
3.80783;
3.20901;
2.42176;
2.58572;
1.91499;
2.85154;
2.7044;
2.82949;
3.58781;
2.13748;
3.20135;
4.01951;
3.12038;
1.66083;
2.73229;
2.31343;
2.68866;
3.21881;
2.46135;
2.75428;
2.5752;
2.29206;
3.15;
2.20482;
3.16115;
3.39884;
4.10411;
2.68564;
4.38297;
1.90742;
3.03718;
2.76134;
3.32658;
2.67863;
3.60262;
3.39291;
3.48219;
3.61722;
3.1902;
2.90462;
2.06613;
4.29146;
2.39309;
2.09373;
3.55296;
2.84324;
3.50203;
3.32347;
1.48376;
3.47281;
2.57787;
3.80079;
5.15007;
1.21828;
0.97379;
3.73785;
1.85479;
2.01993;
3.39813;
2.8383;
2.00745;
4.66546;
3.35432;
3.06202;
1.93058;
2.81031;
3.07998;
4.01037;
2.30348;
4.27769;
3.04833;
2.96944;
1.80095;
5.1771;
2.49996;
4.20392;
5.46935;
3.33775;
2.76764;
2.59447;
1.50749;
3.18161;
2.85569;
2.24614;
1.90315;
3.79364;
2.57921;
4.77275;
1.66525;
1.9665;
2.72266;
2.46582;
3.28574;
2.27198;
2.79385;
3.24635;
4.29641;
5.25589;
2.44508;
2.88339;
2.66011;
3.29976;
3.13233;
2.23422;
3.15318;
2.48612;
2.89152;
3.96034;
4.26109;
2.76334;
2.35269;
3.65389;
2.40016;
3.84732;
1.9773;
4.63163;
2.28359;
2.83246;
3.57574;
3.27858;
1.89043;
2.6429;
2.80997;
2.76292;
4.08543;
3.60453;
3.95823;
2.24007;
2.16531;
1.73397;
1.66841;
2.52933;
3.77905;
3.07822;
2.77445;
3.13739;
1.8939;
3.37845;
2.627;
3.93631;
3.34817;
2.79229;
3.25863;
3.37722;
1.9544;
3.35216;
3.45179;
2.42717;
1.92816;
1.80046;
2.41698;
1.21736;
1.86741;
3.70287;
2.63902;
1.61832;
3.15026;
3.07264;
1.67535;
3.65207;
3.71616;
2.63495;
3.09893;
3.72404;
3.59762;
3.92299;
1.67449;
3.04144;
1.40633;
3.81482;
1.30598;
2.72203;
1.98848;
3.0307;
2.86548;
1.6477;
3.86488;
3.02337;
2.35525;
1.27874;
2.30616;
2.13424;
1.83087;
4.41728;
2.28254;
2.65167;
4.47879;
1.58803;
3.97935;
3.03948;
2.80195;
3.18253;
3.0371;
2.72813;
3.2753;
3.79344;
2.23082;
2.48571;
2.32549;
2.96182;
4.4157;
2.80366;
4.0072;
3.2891;
2.59523;
2.72699;
2.39404;
2.34949;
3.25991;
3.3058;
2.50081;
1.46868;
1.79419;
2.84026;
0.872799;
2.62844;
2.25474;
2.7191;
2.52901;
3.78806;
3.08409;
3.65666;
3.23286;
2.13719;
2.544;
5.0265;
3.48058;
4.01426;
1.37078;
2.91614;
2.69624;
2.77532;
2.38402;
1.78075;
3.02965;
3.72212;
2.81457;
3.69835;
1.91796;
3.29006;
1.24925;
1.49719;
2.83872;
3.22706;
4.72498;
2.417;
2.84583;
2.12763;
3.90425;
2.42937;
1.8966;
3.36772;
2.71201;
2.87536;
1.61173;
2.4578;
2.66815;
2.69043;
1.90792;
1.91467;
0.927916;
2.33514;
2.61525;
4.12684;
2.9918;
2.83338;
2.19297;
3.21699;
2.02185;
3.14852;
3.5407;
2.23075;
2.86467;
3.57596;
4.98961;
2.73433;
1.28826;
1.97958;
1.48085;
2.73449;
2.94901;
3.57018;
4.96116;
2.89029;
2.72089;
2.92828;
3.04275;
3.8826;
3.60334;
2.94055;
2.25101;
2.6267;
2.13093;
2.95874;
4.73919;
3.31078;
2.58938;
2.9919;
2.91847;
3.50888;
3.12037;
1.13565;
3.55195;
3.44585;
2.907;
2.24027;
2.18816;
2.17258;
2.01866;
1.87071;
1.21303;
3.89573;
2.36211;
1.53336;
2.93432;
3.12048;
2.34106;
1.97096;
2.98719;
3.53442;
2.95547;
2.37584;
1.19537;
1.47039;
1.8395;
3.48139;
2.32277;
2.26154;
2.91255;
2.16545;
1.38795;
2.15766;
4.20686;
2.84509;
1.87318;
2.59634;
2.21215;
4.23163;
2.44206;
2.73183;
2.83534;
2.1552;
3.11247;
1.1826;
2.12107;
3.63321;
3.22218;
2.77949;
3.16147;
3.3851;
2.0376;
2.23241;
2.51302;
2.16169;
3.3726;
4.80311;
2.10788;
2.09222;
2.84464;
3.92413;
1.99096;
2.01693;
1.46728;
2.9488;
2.4657;
1.89283;
3.77984;
1.34383;
1.09306;
2.18686;
3.45843;
2.81687;
1.89212;
3.61626;
4.51946;
1.3544;
3.62546;
2.59485;
4.67328;
2.08047;
1.94966;
4.4814;
1.96506;
1.64903;
2.47587;
3.73086;
2.96756;
2.90296;
2.67228;
3.24202;
3.00874;
2.31467;
3.65327;
3.03338;
3.98558;
3.90554;
1.53615;
0.920591;
1.84344;
3.28788;
3.0295;
1.47184;
1.70135;
2.78001;
2.09026;
4.16129;
2.83586;
3.0325;
3.68011;
3.06956;
2.00775;
4.03311;
2.34191;
2.89938;
3.33497;
0.517885;
1.2877;
2.91301;
2.33025;
3.89723;
3.37408;
3.53116;
4.10577;
2.98847;
4.20771;
2.94822;
2.39187;
2.82102;
3.56923;
3.64716;
2.74807;
2.49035;
2.1965;
2.92846;
2.30044;
1.53348;
2.58806;
2.93474;
1.71269;
1.18796;
1.76188;
2.5442;
1.66578;
3.21023;
3.6999;
2.50813;
3.9192;
2.08725;
2.27731;
2.26055;
4.34762;
1.65519;
2.82039;
2.75056;
0.496846;
3.48008;
2.64961;
2.65677;
3.22126;
0.962646;
2.51608;
1.53623;
2.95223;
1.06389;
3.24377;
0.634111;
1.71505;
2.97168;
2.96969;
3.93363;
2.90086;
2.56325;
3.23174;
2.60046;
3.27612;
3.47577;
1.06766;
3.01437;
2.39625;
2.32077;
2.88261;
3.36264;
2.53668;
2.68263;
2.46472;
1.92482;
3.03586;
1.51852;
3.02626;
2.43444;
3.26041;
2.3315;
2.48835;
2.20527;
2.98707;
2.72;
2.60774;
2.40489;
3.23815;
3.68712;
1.8572;
2.49826;
4.76899;
3.06443;
4.67777;
0.742838;
3.25294;
1.94142;
1.78885;
1.8372;
2.61937;
2.89488;
2.05705;
2.35308;
2.67627;
1.75976;
3.65985;
3.69173;
1.23311;
3.03446;
2.78789;
3.21382;
3.01798;
2.71879;
2.73862;
2.75487;
1.83897;
2.71082;
1.8333;
2.72301;
3.71236;
3.33301;
2.96582;
3.20455;
2.0749;
2.08791;
2.85932;
2.61514;
3.13897;
2.21999;
4.93041;
2.54985;
2.78885;
1.38168;
2.88799;
2.38083;
3.20645;
2.20509;
2.33468;
4.03244;
2.85892;
3.04992;
2.55892;
1.63259;
3.12471;
2.88691;
2.76285;
1.9452;
1.79084;
2.87208;
1.90324;
1.7476;
1.95033;
3.06462;
1.44775;
2.56404;
2.6334;
2.72076;
3.63743;
1.43996;
3.11192;
2.60274;
2.27467;
2.07403;
2.63929;
2.12081;
4.21015;
4.93431;
3.07575;
2.45519;
2.66303;
1.93053;
2.11482;
1.88959;
2.06841;
2.67977;
1.97647;
3.44985;
2.6594;
3.12868;
2.94646;
3.52621;
2.9416;
1.67758;
2.96135;
3.40717;
2.92465;
3.42622;
3.66585;
1.2652;
3.0239;
2.68966;
1.15002;
1.38508;
3.39244;
2.41163;
2.89158;
2.97233;
2.34806;
2.01847;
3.65228;
2.23597;
1.49082;
1.926;
2.49784;
2.42475;
4.98835;
3.36833;
3.49945;
2.09094;
2.82438;
2.36106;
1.34962;
2.11843;
3.30738;
1.22313;
1.3094;
3.65504;
2.46108;
4.29708;
3.34849;
3.25859;
2.98003;
3.40316;
2.15716;
3.19917;
2.48027;
4.37317;
1.25673;
2.1563;
2.92771;
2.47767;
2.11198;
4.02367;
3.81675;
2.71418;
1.56588;
2.43508;
3.9272;
2.46295;
1.60392;
3.16767;
2.82334;
3.28257;
3.10265;
2.04873;
3.19832;
1.60816;
2.4672;
2.79971;
1.666;
2.25366;
2.90955;
2.02893;
2.04451;
2.24675;
3.99819;
4.27103;
2.81758;
2.80304;
2.27142;
1.41844;
2.52326;
1.711;
1.89805;
2.00544;
2.80246;
2.31793;
2.85681;
3.34938;
1.43725;
3.42696;
2.25156;
2.01696;
2.71175;
2.29085;
2.07938;
3.91177;
2.76819;
2.4958;
3.46015;
2.19827;
2.92397;
3.45715;
3.38289;
2.97796;
2.76295;
1.85551;
1.69963;
1.4483;
2.87939;
1.07177;
2.93667;
2.61907;
2.26471;
2.24042;
1.09199;
1.85013;
3.93706;
2.1233;
2.31901;
4.30046;
3.22882;
5.2072;
2.50312;
4.13313;
3.28847;
3.15878;
3.1544;
2.28186;
0.878417;
3.4916;
3.85386;
2.56839;
2.30658;
1.35119;
1.66861;
2.83899;
2.96751;
3.19713;
1.52292;
1.21643;
1.92039;
2.38398;
2.43357;
2.12918;
2.73682;
2.00493;
2.08545;
2.83096;
1.64663;
2.38242;
2.18391;
2.5182;
2.98286;
4.24239;
0.596905;
3.31308;
2.84454;
2.8006;
3.80285;
3.04472;
2.53881;
1.50986;
2.21407;
2.91444;
2.6088;
3.60942;
3.6509;
2.3283;
2.28504;
2.20925;
1.70614;
2.30483;
4.39776;
2.3158;
3.21863;
1.5382;
2.43365;
2.91112;
2.93102;
2.65847;
2.34067;
3.01924;
3.34485;
1.91097;
2.6907;
2.431;
3.86964;
2.59552;
0.873724;
3.91227;
0.909475;
2.96291;
3.96884;
3.89231;
1.45412;
3.27444;
2.34127;
1.78401;
2.80737;
2.65831;
3.69425;
2.55225;
3.37378;
1.74417;
2.44913;
1.72626;
2.44872;
2.49113;
2.4274;
1.90883;
1.73686;
2.42287;
2.45022;
3.5007;
1.48579;
2.26264;
4.48966;
1.5948;
3.38597;
3.28433;
2.65343;
2.15056;
3.13718;
1.89164;
2.47161;
3.67192;
2.65836;
2.33863;
0.404194;
1.56689;
1.33741;
1.90112;
5.17303;
2.99392;
2.23938;
0.989301;
0.613265;
2.57234;
1.04707;
3.71923;
2.44465;
2.55363;
0.493023;
1.09954;
1.70948;
2.15173;
3.04538;
1.80782;
3.46742;
1.83744;
2.97274;
2.35961;
1.92843;
1.39134;
3.09439;
4.31962;
2.74838;
3.70019;
2.92438;
1.31018;
2.71918;
2.7977;
4.27286;
3.20265;
2.20873;
3.51406;
2.52097;
2.01512;
1.88937;
3.5556;
1.98032;
4.01724;
1.56978;
1.98653;
1.15621;
3.57603;
1.94995;
2.59708;
2.03871;
2.30376;
2.76719;
1.98079;
4.61671;
1.97546;
2.54294;
2.20025;
1.87004;
2.41059;
1.73538;
2.40593;
4.06021;
1.29934;
1.85832;
2.08084;
2.57132;
3.72858;
1.97025;
1.28198;
1.82473;
1.49026;
4.08155;
1.73891;
2.53447;
1.91687;
3.44406;
2.47554;
2.72569;
3.85448;
2.70113;
2.7283;
0.839108;
2.10826;
2.71099;
3.24659;
3.71542;
1.31911;
2.77494;
2.76352;
2.186;
1.82692;
1.80076;
3.23922;
2.19895;
3.04754;
2.69921;
2.29633;
3.60308;
1.20596;
3.30554;
2.65613;
2.78156;
1.44637;
1.83341;
4.99952;
3.36803;
1.81791;
1.54099;
2.8376;
1.4029;
2.27102;
2.67739;
2.28392;
2.53599;
1.44567;
1.52987;
1.46744;
2.31126;
3.41597;
2.15272;
1.81885;
2.93824;
2.25124;
3.66137;
2.02825;
2.23274;
2.44416;
2.37148;
1.92145;
4.03263;
1.42256;
4.46824;
2.28028;
1.67215;
2.03427;
1.56905;
2.831;
2.01548;
2.09849;
4.06771;
2.60228;
3.68821;
2.05996;
2.13312;
1.73716;
2.93177;
2.53156;
1.34862;
2.77894;
2.00498;
2.01994;
2.68826;
4.30758;
1.52334;
2.19661;
2.21319;
1.35856;
3.25544;
3.0202;
2.65492;
2.99235;
3.62868;
3.0024;
0.716877;
2.22155;
1.92934;
1.51701;
1.49672;
1.93923;
0.676291;
0.112873;
1.77355;
2.14637;
1.20194;
3.16653;
2.88103;
2.22212;
2.67004;
1.60648;
2.34853;
2.45328;
2.0453;
1.62389;
1.5761;
5.66042;
2.29124;
2.39866;
3.5419;
2.87202;
2.76125;
1.92442;
1.67078;
0.753236;
3.01262;
2.03827;
2.367;
1.20978;
3.27673;
2.88295;
2.20982;
1.65947;
1.84322;
1.7204;
1.60942;
2.4597;
1.56314;
3.57861;
2.24171;
3.61659;
2.25602;
2.8974;
1.85641;
2.40118;
2.01153;
2.18491;
1.6367;
1.16193;
3.43156;
1.04857;
2.39312;
1.07244;
1.16307;
2.77224;
2.48178;
2.72975;
3.0951;
1.431;
1.55603;
2.90282;
2.35514;
1.71761;
3.01423;
2.03287;
2.69995;
3.48434;
2.64923;
1.58957;
2.80943;
2.57532;
2.25758;
2.26699;
3.71415;
3.08259;
1.32869;
1.32087;
1.39065;
2.9848;
0.692636;
2.13058;
2.66945;
2.05216;
1.60196;
1.20358;
0.383793;
2.84271;
2.84167;
1.90201;
1.98373;
1.85994;
3.65547;
1.96964;
1.638;
2.79964;
2.35249;
2.14334;
1.8289;
3.02141;
1.62048;
1.64687;
2.15652;
2.45782;
1.59243;
2.58833;
1.75077;
3.4134;
1.47613;
3.11827;
1.37061;
2.90539;
2.95579;
1.19529;
2.0894;
1.14744;
1.81143;
1.94448;
2.35719;
2.98615;
1.16848;
0.0682367;
1.91169;
2.43853;
2.06773;
1.88626;
2.54422;
1.89723;
0.975328;
3.27424;
0.710149;
0.0830442;
2.5377;
2.04499;
2.19426;
2.45743;
1.66961;
3.65175;
1.27769;
3.02694;
3.4102;
2.94635;
1.39271;
2.5675;
2.61502;
2.17063;
0.785766;
2.92293;
5.17184;
2.91939;
2.88439;
1.12271;
4.01412;
2.09568;
2.35117;
0.845761;
1.46912;
1.87787;
1.85037;
1.56099;
3.2461;
1.82941;
1.12144;
2.14073;
1.52281;
1.65167;
0.882971;
2.09365;
1.76936;
2.85027;
1.71589;
2.00808;
1.19346;
0.343779;
3.84904;
2.22345;
2.95706;
1.79802;
1.76829;
1.15978;
2.2484;
0.840587;
3.61463;
2.41082;
1.85079;
2.91707;
2.92165;
0.455402;
3.05129;
1.9874;
3.18601;
2.58901;
2.36674;
1.96359;
2.3202;
1.63365;
2.34151;
0.397144;
1.64852;
1.68726;
2.40279;
2.66207;
2.05533;
3.45725;
1.42067;
2.01058;
3.15093;
1.9981;
1.98882;
1.60103;
2.06913;
1.66027;
1.12741;
3.34275;
1.59934;
1.76265;
1.74577;
1.33861;
4.93533;
2.4833;
2.57181;
2.39389;
1.41847;
1.37058;
1.7658;
1.9559;
2.84208;
1.78853;
2.06834;
3.44924;
1.52937;
1.27141;
2.18929;
2.352;
2.21267;
1.1839;
2.48705;
3.29002;
1.73238;
1.02201;
1.71479;
2.95386;
3.71024;
0.846764;
1.8323;
2.77053;
1.85263;
2.43198;
2.74236;
1.27206;
1.24694;
3.45179;
2.48338;
1.65261;
1.64711;
2.44682;
1.22895;
1.57542;
1.21588;
3.18134;
2.44334;
1.8975;
1.98363;
0.824294;
2.28346;
1.67334;
1.16702;
3.63346;
1.86288;
3.03958;
3.07935;
1.39255;
2.3767;
3.39919;
1.54513;
1.23026;
2.23918;
1.35276;
2.89069;
1.92716;
1.69001;
1.55992;
0.869603;
1.25279;
2.33575;
2.60735;
2.02928;
2.00618;
1.93065;
1.6952;
3.11943;
1.75212;
1.30044;
2.08741;
2.28007;
3.73412;
1.26398;
1.95472;
3.47034;
1.7034;
1.59195;
0.895852;
1.50706;
1.77524;
2.22497;
2.76636;
2.661;
1.89782;
2.65109;
1.97602;
1.829;
3.12198;
1.69107;
1.1048;
2.18353;
2.38193;
1.13758;
3.21059;
2.30917;
2.88496;
1.4068;
2.94758;
1.06911;
1.9049;
2.74632;
3.8102;
2.5;
1.22778;
2.26555;
2.53434;
1.75295;
1.6371;
2.47286;
2.65706;
2.11301;
3.54263;
2.21396;
1.26093;
1.34226;
1.18779;
1.34075;
2.22365;
1.5068;
2.15205;
1.51022;
2.18314;
1.17796;
1.49748;
2.28674;
1.83183;
2.69987;
1.39449;
0.831501;
2.77045;
1.75399;
2.61229;
1.04355;
0.988137;
1.74426;
1.34864;
2.28733;
2.92682;
1.72655;
1.55143;
2.61126;
2.82548;
3.26495;
2.45832;
0.690166;
1.8263;
2.54426;
0.106441;
2.79444;
2.38108;
1.25938;
1.65534;
1.88395;
2.55181;
1.73271;
1.24563;
1.29758;
1.70811;
3.58674;
1.88702;
1.6857;
1.72431;
1.50572;
3.00994;
1.79171;
1.85497;
2.94056;
3.24917;
2.6404;
4.87295;
1.33047;
2.80493;
3.60815;
1.21424;
2.38595;
2.56241;
1.33045;
2.04934;
1.70606;
1.78044;
1.34017;
1.57828;
0.769635;
1.79562;
1.78491;
3.05898;
2.34162;
2.09832;
0.873823;
1.7156;
2.7903;
0.816291;
3.37251;
1.67396;
0.839832;
1.19279;
2.52847;
2.27152;
3.3965;
2.39738;
2.21418;
2.07721;
1.86699;
2.33598;
1.93506;
1.97787;
2.07411;
3.24385;
2.45376;
1.00501;
2.81107;
1.35065;
3.14599;
2.96974;
1.69419;
1.47081;
2.5083;
2.66681;
3.89939;
3.25163;
2.78426;
2.31565;
3.93822;
0.992256;
2.49919;
2.10459;
3.24607;
3.37547;
1.64137;
1.17438;
1.19821;
2.94854;
2.26725;
2.95401;
0.749899;
2.93228;
1.23905;
2.13915;
1.42616;
1.78111;
1.65305;
2.38301;
3.513;
2.38989;
2.29405;
3.29139;
2.20925;
3.6731;
0.3769;
0.912313;
2.46578;
2.13739;
3.30976;
2.93907;
2.19513;
2.45647;
1.05031;
2.6;
2.77321;
1.24528;
1.26721;
3.90889;
1.80124;
1.79803;
2.45478;
3.29504;
2.93335;
1.26446;
1.62917;
2.09956;
1.50652;
0.675092;
2.72937;
1.08353;
0.859745;
2.28615;
2.009;
1.83298;
3.14942;
2.90645;
2.29158;
2.48045;
2.01518;
2.088;
1.41592;
3.88294;
3.01988;
1.79969;
2.13948;
2.23534;
1.70784;
1.77042;
3.57438;
2.44907;
2.88861;
1.22936;
1.42494;
1.63542;
1.82047;
1.17174;
1.78868;
1.80913;
2.11917;
2.58846;
0.873958;
2.22986;
1.66021;
2.65354;
1.40972;
2.50331;
2.44051;
3.86834;
1.77413;
1.23961;
2.33103;
1.79483;
1.22657;
2.9933;
2.64412;
2.99627;
2.48105;
1.30542;
1.83209;
1.26106;
1.39829;
2.32824;
1.86319;
3.22004;
0.926629;
2.2421;
3.09386;
2.23623;
1.52416;
1.25881;
2.12823;
2.73997;
1.26398;
0.928683;
2.90377;
3.52776;
1.43345;
1.65541;
1.50615;
0.560827;
2.61067;
2.5209;
2.64951;
2.85471;
1.6749;
3.02319;
1.47305;
1.06655;
3.18349;
0.863221;
1.94058;
2.04245;
1.42909;
3.02215;
3.76841;
3.87044;
2.5449;
1.16445;
0.518859;
2.74803;
0.891686;
1.8721;
1.66379;
2.93039;
1.83143;
2.02237;
0.905797;
2.62975;
2.81684;
1.2021;
2.56387;
2.11844;
0.933958;
1.6475;
1.0883;
1.71046;
2.13968;
1.39285;
2.04223;
2.5502;
1.54604;
2.88376;
2.76621;
2.12431;
0.90642;
2.27942;
1.85168;
2.26979;
1.95472;
2.38534;
2.07823;
1.74888;
1.20854;
0.701534;
2.01468;
1.4839;
2.3626;
2.16926;
2.33699;
1.67315;
1.27419;
1.86479;
1.87057;
1.39949;
2.23134;
1.82114;
1.28813;
2.53638;
1.56092;
1.86309;
0.104052;
2.07483;
2.44042;
1.07216;
1.26412;
1.65987;
0.759855;
1.11465;
2.4358;
1.30415;
1.686;
1.29299;
1.80531;
2.10614;
2.32365;
2.021;
1.56813;
0.80646;
3.09698;
2.71911;
3.49057;
3.0399;
2.65731;
0.692327;
1.01404;
0.647511;
2.16067;
1.66747;
3.0735;
0.70294;
1.46209;
1.39981;
1.30068;
1.99386;
1.4859;
1.4903;
1.85016;
1.94043;
3.50181;
1.19981;
3.05314;
0.366031;
0.889239;
1.59881;
1.17892;
1.28108;
0.419191;
1.98112;
1.97432;
1.12455;
1.78862;
0.547995;
1.79027;
4.11605;
1.44145;
3.75124;
2.47253;
0.867283;
2.17839;
0.885423;
2.22659;
2.92974;
2.15537;
2.21833;
3.5132;
2.6352;
2.84161;
1.00881;
0.687637;
2.42728;
1.90048;
2.67399;
3.16082;
2.20653;
1.8355;
1.98463;
3.97613;
2.94203;
1.39919;
2.17836;
1.04267;
0.633612;
1.04144;
1.05747;
1.55459;
2.85231;
3.82663;
1.19524;
2.01679;
2.00612;
3.04953;
2.43439;
3.05645;
1.36838;
0.642633;
1.24795;
2.08914;
3.58822;
2.67396;
2.03779;
2.35833;
2.65017;
3.15324;
0.748521;
2.18902;
0.692361;
0.86794;
1.69979;
1.58026;
1.7963;
2.12882;
0.95959;
1.93381;
2.15628;
1.43356;
0.70152;
1.44452;
2.98319;
2.29136;
3.43816;
1.96255;
1.93948;
2.39972;
2.0161;
2.30782;
3.05445;
3.34446;
2.32776;
1.82077;
3.22948;
0.767908;
1.39893;
2.6805;
2.2023;
2.58382;
2.00692;
1.97037;
1.71138;
0.713319;
1.6216;
1.463;
2.41039;
2.78998;
0.798454;
2.64927;
1.48949;
2.07985;
1.45633;
2.69406;
2.45912;
3.33549;
0.816908;
2.09926;
1.362;
1.91445;
1.56574;
2.27168;
1.49029;
1.42579;
2.75427;
1.60892;
2.03076;
1.52467;
1.40571;
2.66612;
2.67362;
2.07368;
2.01013;
3.36898;
1.55417;
2.60446;
1.31531;
1.84851;
1.58934;
0.967066;
1.97481;
2.34506;
1.2932;
1.14277;
1.11003;
2.41783;
1.04465;
0.716184;
1.8549;
1.4907;
2.01818;
1.77949;
1.81625;
1.24013;
1.08137;
1.71286;
2.71867;
1.38537;
1.3444;
3.10559;
2.47353;
1.14204;
1.67476;
2.26084;
1.37657;
0.371732;
3.27975;
2.87678;
1.45735;
2.9487;
3.50203;
1.31258;
1.57671;
2.54262;
1.80527;
3.32661;
0.414345;
0.948817;
2.71474;
1.30816;
1.67629;
1.26563;
1.89996;
1.44327;
1.48138;
1.77585;
3.19275;
2.32451;
1.49049;
2.1163;
1.47354;
1.32703;
2.59224;
1.07415;
0.94704;
1.26502;
2.21507;
0.659494;
1.50993;
2.56401;
2.37025;
2.1176;
1.89719;
1.76461;
0.405481;
2.37814;
2.39706;
1.02983;
1.61867;
1.7337;
1.34063;
1.99473;
2.09271;
2.42766;
2.25968;
1.37266;
1.81269;
2.47393;
0.975775;
1.53233;
2.24913;
2.63207;
2.0601;
1.90704;
2.20967;
2.58759;
1.76841;
2.98675;
1.37765;
1.72099;
2.19944;
0.842071;
0.523405;
1.2461;
1.31895;
2.36017;
0.0682107;
2.84244;
0.863662;
1.49475;
2.0959;
0.836559;
2.48814;
0.0755921;
3.1605;
0.536379;
1.7578;
3.09138;
0.918315;
3.34637;
1.09514;
1.30983;
1.35149;
1.12579;
1.98209;
1.85424;
1.74386;
1.23133;
2.3265;
2.68447;
1.61067;
1.73603;
1.99027;
0.597274;
2.46139;
2.3065;
1.52873;
1.96761;
2.99389;
1.04598;
1.40311;
1.47539;
1.54172;
1.36902;
1.449;
1.40225;
0.787955;
1.69908;
1.3767;
3.31677;
1.61075;
2.78162;
2.09588;
2.90117;
1.88411;
1.44644;
3.35168;
2.95371;
1.06053;
1.04859;
2.2803;
1.05573;
1.1488;
1.05083;
2.18028;
1.57655;
1.95513;
1.71792;
1.76297;
2.09744;
1.68904;
1.32438;
1.15007;
1.44114;
2.49054;
2.54956;
2.56786;
4.11277;
2.08028;
0.722078;
1.63433;
2.58942;
2.37355;
2.99292;
1.39034;
1.71055;
0.680624;
1.69551;
2.49994;
1.65442;
1.64044;
2.3983;
1.93373;
1.1457;
1.25099;
1.6781;
2.19591;
1.03849;
1.54417;
2.30852;
2.60825;
0.588622;
3.04775;
1.84983;
0.761583;
2.68623;
1.12568;
1.64382;
3.5405;
1.91442;
1.13883;
1.96883;
1.33553;
1.22297;
1.83392;
1.7492;
0.394298;
2.28095;
1.29648;
3.08868;
2.02243;
2.31493;
1.04098;
1.74988;
1.90055;
1.91112;
1.00957;
2.91483;
1.0498;
1.31547;
1.79596;
2.02822;
1.01519;
2.16633;
1.82925;
2.64856;
2.82297;
3.607;
1.78302;
0.813301;
1.94552;
0.326301;
0.899182;
2.09556;
0.319831;
2.32634;
2.68668;
1.75796;
0.876908;
2.46622;
1.6508;
0.906889;
0.494906;
0.808994;
2.14282;
1.93245;
2.46562;
1.11143;
1.22631;
2.55407;
2.36019;
1.86989;
1.18951;
1.70564;
1.31374;
1.29639;
2.63741;
2.84822;
0.659714;
2.07371;
0.863431;
0.574891;
2.33608;
0.681876;
2.33229;
1.0505;
1.87673;
2.73646;
0.884168;
2.67584;
3.96237;
1.29739;
1.64078;
2.49171;
1.6591;
0.463223;
3.82338;
2.33498;
0.845262;
2.76078;
2.52751;
0.90759;
1.10252;
0.338162;
0.862875;
2.05735;
2.24748;
3.09719;
2.47763;
1.02236;
2.10475;
2.02958;
1.20734;
1.84558;
0.949896;
0.624564;
2.01784;
2.81506;
2.71868;
1.83325;
2.08746;
2.18928;
0.381007;
2.44061;
2.29115;
1.14744;
0.597598;
2.43294;
2.97437;
1.94941;
0.982509;
0.975297;
0.789087;
2.28738;
2.81806;
0.798306;
2.24431;
2.37205;
2.77704;
2.35273;
2.52833;
1.77907;
1.22441;
2.51021;
0.902823;
1.54316;
1.8583;
2.32655;
1.1949;
1.64434;
1.99474;
1.50931;
1.6664;
1.26225;
0.435077;
2.3417;
1.57347;
1.92113;
2.98328;
0.370525;
1.81436;
0.87711;
2.08052;
1.94262;
0.710772;
0.616533;
1.05768;
1.97361;
1.79917;
1.19852;
1.7302;
0.4002;
1.10759;
1.67135;
1.87379;
0.720691;
1.86635;
1.27777;
1.54968;
1.75611;
0.751457;
1.28781;
3.66287;
1.6212;
2.68048;
2.65366;
1.98506;
0.745835;
2.37431;
1.59594;
1.23791;
2.25554;
2.31169;
0.881006;
1.92874;
0.796186;
2.83031;
1.40716;
1.3008;
2.01003;
3.23128;
2.72653;
2.24997;
3.16772;
1.51468;
2.00511;
0.110115;
0.892823;
1.42736;
1.20283;
2.70878;
2.08459;
1.44971;
1.35986;
0.996193;
0.849266;
1.32682;
1.70114;
1.14887;
2.25757;
1.23318;
1.89544;
0.895319;
1.90362;
1.85968;
2.87479;
1.36195;
1.07642;
2.00792;
2.35725;
1.82175;
1.28255;
1.03252;
0.823581;
2.22568;
1.55735;
0.379354;
1.99559;
1.56689;
0.812946;
2.73055;
0.533796;
1.95198;
2.30992;
2.1141;
1.86745;
1.21932;
1.48616;
2.64401;
2.02332;
2.10283;
0.881079;
3.49928;
0.859997;
2.33674;
3.55299;
2.61468;
1.43981;
2.98191;
1.96526;
2.88761;
2.20424;
0.467642;
0.993951;
1.90617;
1.32833;
2.79403;
2.42304;
2.47051;
0.870131;
2.37508;
1.31407;
1.08228;
2.82257;
2.57961;
4.15329;
3.20037;
0.796198;
2.7932;
2.25979;
1.3759;
1.00354;
1.56313;
1.64207;
1.37442;
2.47511;
2.38837;
2.83976;
0.540371;
3.04498;
2.10453;
1.90148;
2.64721;
1.76427;
1.61581;
2.09092;
2.84403;
1.44092;
1.37179;
0.315471;
2.26709;
1.31664;
1.75565;
2.53521;
1.05348;
2.04966;
2.00595;
4.26079;
2.47188;
2.55486;
0.649066;
2.48038;
2.79136;
1.09761;
0.609704;
1.02945;
0.933921;
1.27089;
2.45327;
1.12149;
1.67838;
2.41437;
1.41788;
2.92673;
1.02716;
2.78275;
2.10191;
1.57307;
1.34289;
1.67793;
0.725568;
2.70619;
1.07946;
1.68096;
0.567406;
1.40905;
3.16585;
2.18712;
0.864821;
1.24786;
1.93105;
1.39939;
2.18234;
1.12704;
1.36468;
0.37062;
3.04109;
0.465098;
1.77484;
1.7512;
1.64194;
1.30045;
1.76693;
2.68835;
2.15258;
1.47479;
1.43177;
4.07264;
1.06283;
3.66451;
1.62455;
2.29189;
0.851746;
1.54349;
1.01209;
1.94003;
1.95906;
1.86612;
0.382692;
2.69482;
2.28007;
3.11908;
1.30969;
2.70955;
3.03566;
1.65881;
1.77771;
0.37485;
2.01011;
2.34934;
1.39645;
1.55734;
1.28331;
2.46243;
0.583942;
1.46305;
1.92474;
0.329759;
2.01383;
3.10219;
0.0467462;
1.03961;
2.60476;
1.91877;
1.46912;
1.81462;
2.59878;
1.48992;
2.54359;
2.39019;
1.13389;
2.00039;
1.79364;
2.30665;
2.06379;
0.126506;
1.08322;
2.20791;
2.44719;
0.39221;
1.54853;
1.98092;
1.76416;
1.82426;
1.74534;
2.28167;
0.390188;
2.2703;
2.18148;
1.64682;
3.66995;
1.78764;
3.39187;
2.82291;
1.08446;
0.816951;
3.36649;
2.64573;
1.21758;
2.12567;
1.53359;
2.86548;
2.81256;
1.54948;
1.03089;
2.514;
1.3986;
1.68601;
1.77335;
3.15696;
2.40724;
1.86231;
2.55145;
1.80593;
1.65009;
1.21651;
1.74798;
0.958644;
1.65805;
1.96559;
1.48982;
1.34664;
2.13108;
0.911672;
1.15976;
1.72756;
1.37262;
2.37114;
1.39596;
1.6861;
0.673213;
1.18141;
2.11349;
1.53912;
1.0525;
2.5229;
0.58397;
1.31244;
2.73035;
2.43607;
2.22338;
1.81896;
2.48921;
1.55618;
2.50047;
3.18649;
2.20444;
1.56092;
1.95716;
1.58304;
1.31834;
1.64671;
0.804535;
3.16075;
1.9039;
3.15852;
2.16825;
1.41945;
1.22425;
3.34667;
3.15864;
2.50384;
0.432775;
2.31284;
1.61403;
1.69424;
1.29246;
1.58427;
3.77229;
1.95468;
1.95619;
1.89945;
0.828587;
3.18613;
1.91667;
1.24764;
0.798949;
2.0362;
0.9045;
2.51153;
1.10994;
2.77806;
1.06015;
0.0512953;
1.94452;
1.95537;
3.01132;
1.7222;
1.01792;
1.14291;
2.94005;
2.06924;
2.8949;
0.543336;
1.67772;
2.15288;
2.40278;
3.1324;
1.81401;
2.1458;
0.589854;
5.05437;
2.72247;
1.68803;
2.03319;
1.69621;
0.815821;
1.45286;
2.25485;
0.881933;
1.49217;
2.96426;
2.20021;
0.991469;
2.5507;
2.18267;
2.826;
3.4415;
1.06722;
0.113183;
3.28644;
2.76302;
0.424229;
2.26866;
3.8002;
1.32453;
1.657;
2.03873;
1.79513;
1.0038;
1.41128;
1.76294;
0.82148;
2.58324;
3.51984;
1.56592;
1.46721;
2.42222;
1.33857;
1.7905;
2.04258;
2.26038;
1.46199;
0.8461;
1.40943;
1.76207;
3.03584;
2.84621;
2.52894;
1.76064;
1.44979;
1.67622;
1.3973;
2.72252;
1.08497;
1.19658;
1.69526;
1.30247;
0.550837;
2.18523;
2.3447;
1.258;
1.74157;
1.64128;
3.08926;
2.36934;
1.45249;
1.20811;
0.316354;
3.90639;
4.03045;
1.79846;
0.880226;
1.41022;
1.53877;
1.12134;
2.1468;
2.31547;
1.30517;
1.59492;
3.35777;
1.05198;
1.53568;
1.44221;
1.73791;
1.38116;
2.9397;
1.56004;
1.87963;
2.44316;
1.93911;
0.965088;
0.868453;
2.06995;
1.30668;
1.09325;
1.98766;
1.54698;
1.4157;
2.32563;
0.920657;
0.5236;
1.37336;
0.846294;
1.5893;
1.17906;
2.12111;
0.369754;
1.20084;
2.58612;
3.20077;
1.13644;
2.20442;
0.686112;
3.68723;
1.42934;
2.73248;
1.08487;
1.33086;
1.72727;
0.947563;
1.35261;
1.40514;
2.24489;
2.47168;
2.12199;
0.379387;
1.65431;
1.59658;
2.86825;
1.3044;
1.46894;
3.34969;
1.2786;
2.61196;
1.44301;
2.13646;
0.561097;
3.0274;
1.44354;
1.42479;
1.8471;
3.55955;
2.82033;
1.60179;
0.669799;
2.55579;
0.51574;
2.33993;
1.89774;
0.825626;
1.33066;
1.43798;
2.66886;
0.696583;
1.41405;
2.27401;
1.18007;
2.27124;
1.84912;
0.783787;
0.938113;
1.06645;
2.45481;
2.04281;
0.52461;
1.03812;
2.12335;
2.26928;
2.04758;
1.41355;
1.7555;
1.58473;
2.55207;
0.873173;
1.26573;
4.36261;
2.48821;
2.85195;
2.59262;
1.07152;
2.47946;
1.07991;
0.80669;
1.07068;
0.595904;
2.49822;
1.24046;
1.62745;
3.24366;
1.4821;
0.845395;
1.77186;
2.60632;
2.12166;
1.00752;
1.94333;
1.18099;
0.931046;
1.50511;
1.28733;
2.73968;
3.12185;
2.271;
2.8033;
1.61633;
1.31235;
0.801094;
0.850016;
2.1002;
2.24446;
2.80513;
2.15666;
2.55794;
3.48736;
1.81914;
0.862487;
3.1418;
0.919804;
1.10379;
2.75464;
2.35313;
1.63158;
1.65481;
2.8383;
2.36682;
2.10788;
1.7413;
1.03313;
0.871616;
1.95806;
2.93379;
1.71057;
0.855147;
1.34343;
3.02087;
1.41598;
1.08968;
1.21306;
2.29885;
1.77645;
0.894605;
1.69799;
1.0223;
0.989035;
1.83075;
1.99285;
0.852129;
0.715345;
2.54093;
1.28125;
1.42318;
1.97456;
2.96938;
0.9389;
2.38523;
2.31355;
1.72014;
1.37974;
2.75736;
2.21276;
1.75283;
0.817121;
2.72048;
1.56978;
1.06542;
2.26398;
1.99557;
1.65124;
2.6307;
1.95221;
1.59521;
0.556478;
2.07957;
3.14585;
2.09142;
1.88736;
2.12595;
1.93811;
0.792214;
3.13454;
3.25151;
1.4508;
2.33545;
1.02263;
2.48016;
1.34833;
3.93215;
1.60227;
1.25311;
1.87431;
1.02474;
2.42015;
1.77157;
2.2197;
0.530256;
0.829021;
1.66808;
1.00219;
0.831076;
2.9268;
2.19042;
1.66627;
0.743603;
3.08571;
2.9884;
2.78408;
1.8074;
2.26869;
2.53943;
1.7196;
1.09891;
2.97883;
1.60122;
1.44577;
0.569253;
1.64076;
2.0797;
2.86748;
2.00611;
2.08219;
0.828712;
1.37133;
1.25027;
0.827808;
1.8844;
1.34141;
1.98683;
2.40627;
2.22594;
3.23055;
0.288027;
2.68135;
2.22023;
0.645653;
2.15729;
0.34019;
2.84267;
2.19803;
2.81629;
0.917358;
1.24697;
1.16899;
2.13029;
1.37981;
1.54877;
1.2307;
1.71369;
2.16755;
3.92223;
2.77981;
3.00957;
2.07492;
3.74508;
1.59339;
1.93722;
2.27463;
1.6411;
3.81674;
1.56149;
1.51381;
1.45949;
1.09135;
3.45634;
1.96847;
1.48755;
1.38439;
1.80467;
1.00596;
1.82055;
2.1027;
1.91459;
2.36787;
2.33039;
0.838165;
2.32357;
1.80323;
2.07777;
1.80854;
1.57057;
1.17927;
1.24;
1.86404;
0.989478;
1.00676;
1.00303;
2.52555;
2.88989;
2.99429;
1.67089;
1.06119;
1.6459;
3.21125;
2.43514;
2.28634;
1.48538;
0.0863649;
1.29229;
2.48767;
1.53257;
2.39821;
2.52311;
0.606178;
3.54071;
1.93711;
2.76444;
3.93499;
2.59367;
1.553;
3.1244;
3.61305;
2.35878;
2.17825;
2.7159;
1.30729;
3.28385;
1.44495;
3.1355;
1.6737;
1.3755;
1.32527;
1.4719;
0.39671;
3.5258;
1.62021;
2.90713;
0.811912;
1.91836;
1.27466;
1.67194;
0.351516;
2.41539;
2.28093;
2.7287;
1.70057;
1.77246;
2.10302;
1.77863;
2.43062;
0.799984;
1.69186;
2.21877;
1.27013;
0.341077;
0.935612;
2.41828;
0.893935;
1.80127;
1.26229;
2.40676;
2.07357;
2.65343;
0.319448;
0.549791;
1.72548;
1.90664;
2.23077;
1.46848;
2.15772;
1.64084;
1.70862;
2.46978;
2.04881;
1.40574;
2.30202;
1.88518;
2.25015;
2.52958;
1.66928;
0.801941;
1.23272;
0.295517;
2.45979;
2.23899;
1.75596;
1.28497;
1.85905;
1.38883;
2.93722;
0.948996;
2.36323;
1.78781;
2.12176;
0.666846;
1.79901;
3.36656;
3.91944;
1.47177;
1.55607;
2.46672;
0.360923;
1.41722;
1.79589;
2.21754;
2.18676;
0.825943;
1.6613;
1.78315;
0.903617;
2.05121;
0.863048;
2.68522;
2.55445;
1.14988;
2.33982;
2.35301;
0.336688;
1.8572;
1.65128;
1.05374;
1.91063;
1.53848;
2.25703;
2.95166;
2.14838;
1.93528;
2.00151;
2.43935;
1.62274;
2.16206;
1.91344;
2.20652;
0.852944;
2.40864;
1.18631;
0.544106;
2.77501;
3.14879;
2.15039;
1.46921;
2.40911;
2.55916;
1.96206;
1.97962;
2.61672;
2.32731;
2.21521;
1.52444;
1.04586;
2.34918;
1.57948;
2.69643;
2.2764;
4.09918;
0.800552;
1.07478;
0.0528124;
0.924356;
1.48399;
2.94857;
2.26818;
0.533845;
0.854172;
2.28418;
0.670873;
1.19977;
1.43553;
0.913675;
1.6866;
2.23121;
2.4922;
1.7302;
2.78211;
1.39213;
1.30614;
1.51229;
0.335948;
0.332954;
2.76229;
1.73519;
1.50295;
1.53716;
2.02373;
1.3553;
1.58403;
1.76626;
1.18331;
1.02802;
2.50691;
1.6374;
1.07214;
0.913825;
2.44355;
1.14308;
1.62271;
1.70598;
2.44013;
2.56838;
2.74587;
2.31456;
1.20005;
0.989324;
2.93431;
1.5714;
0.962893;
1.2409;
1.53209;
1.42937;
1.49043;
0.780354;
1.87559;
2.12364;
1.76394;
1.28002;
0.583833;
2.23803;
1.83919;
1.47126;
1.50814;
2.53545;
0.962544;
2.49346;
1.49734;
1.08855;
0.890172;
2.28169;
3.14045;
2.25265;
1.65678;
1.451;
3.39948;
1.25375;
3.30072;
1.13171;
2.87933;
3.01774;
1.03136;
1.57568;
1.00897;
2.69739;
1.3984;
1.0547;
1.06752;
1.937;
2.50213;
1.18264;
2.30834;
0.648658;
1.46155;
1.82822;
3.25903;
2.3735;
1.32134;
0.941159;
2.13058;
2.35106;
1.48734;
1.78575;
1.19593;
0.689587;
0.979957;
2.1515;
1.51507;
2.47578;
2.29575;
0.0791038;
2.59811;
1.38629;
1.41103;
0.992669;
0.507787;
2.47999;
2.79276;
2.63695;
2.235;
1.58968;
0.802528;
1.92906;
1.11614;
1.70486;
0.589825;
1.83054;
2.12004;
1.7294;
2.59318;
1.59612;
1.50667;
0.829784;
2.3279;
2.42056;
1.41883;
2.09938;
0.993988;
2.96861;
2.17988;
1.50064;
0.419268;
3.98441;
2.5993;
2.22691;
1.86283;
1.73037;
2.7708;
1.50982;
1.69815;
2.6;
1.12591;
2.17872;
1.0273;
2.17336;
2.10847;
1.1722;
2.41232;
0.893749;
2.13357;
2.52677;
1.16995;
0.761121;
1.04046;
1.98052;
1.33561;
1.99541;
2.18938;
1.09497;
0.530353;
1.4035;
0.79533;
0.45346;
0.0554577;
0.788359;
0.880741;
0.431026;
1.21996;
2.25955;
1.13975;
1.29078;
2.19817;
1.69794;
1.22166;
1.89632;
0.969098;
0.0406567;
0.901092;
1.31106;
1.4112;
1.26782;
0.965206;
0.97326;
1.30234;
2.81074;
2.24101;
2.0459;
1.35543;
0.986131;
2.40411;
1.21218;
1.05369;
0.751466;
1.6822;
2.89101;
1.78634;
2.22489;
3.13529;
2.0265;
2.17065;
1.94923;
0.86287;
0.663239;
1.38575;
0.482369;
0.833611;
1.07666;
0.812011;
0.840782;
1.91204;
1.40326;
2.30731;
1.04209;
2.19746;
0.366855;
2.07359;
2.02827;
0.829291;
1.89798;
1.28687;
1.1966;
0.383803;
0.587243;
0.413746;
1.90697;
1.37609;
0.920621;
2.33652;
1.64288;
1.12651;
0.0413199;
1.6564;
0.0665195;
0.543314;
3.34754;
0.886759;
3.21274;
0.749705;
1.17415;
0.863507;
1.54202;
0.882918;
0.524878;
1.68793;
2.39686;
1.67355;
1.33335;
0.326482;
2.17416;
0.0686162;
1.2878;
1.24667;
3.28003;
0.382475;
1.0396;
1.40956;
0.0638919;
0.46472;
2.70024;
1.06486;
2.14958;
1.28413;
1.1268;
0.774752;
1.65498;
1.23363;
0.840051;
1.85856;
2.54679;
1.39641;
2.63063;
1.17165;
1.43715;
1.32838;
0.413292;
0.562017;
0.720404;
0.479099;
1.32491;
1.92691;
2.35163;
1.26985;
2.27774;
1.01062;
1.98811;
1.27458;
1.29667;
2.11641;
1.34317;
0.890207;
0.958878;
2.68301;
2.27278;
2.2036;
0.309043;
0.689386;
1.42652;
1.61142;
2.27235;
2.46876;
1.08433;
0.84012;
1.61112;
2.00859;
1.00739;
2.09988;
1.65981;
1.58057;
2.02565;
2.31837;
1.50766;
0.881333;
0.580752;
1.85515;
2.53481;
3.08451;
1.38149;
0.0519577;
2.33352;
0.342446;
0.765366;
1.26259;
0.305789;
0.976171;
0.890814;
0.599527;
0.554797;
2.28317;
2.0996;
1.69342;
0.424897;
0.870164;
1.34958;
1.78964;
0.500652;
0.552985;
1.4798;
1.28855;
0.750909;
1.27623;
1.6813;
2.25981;
0.475744;
0.985003;
1.55895;
0.405256;
0.891394;
1.06282;
0.0844828;
2.2185;
0.56073;
2.62127;
1.4783;
1.27891;
1.45826;
1.25106;
3.02408;
2.23131;
1.60722;
2.42265;
1.32813;
0.439654;
1.08268;
0.791432;
2.82798;
0.455458;
1.85294;
2.14057;
1.2854;
0.832204;
1.51446;
3.04837;
0.896002;
1.19286;
1.74268;
0.522805;
1.29145;
1.83034;
0.88433;
0.55534;
3.34546;
2.45316;
0.51897;
0.554699;
1.9226;
1.33626;
0.522478;
2.82141;
1.82709;
2.04587;
1.24879;
1.60557;
2.01585;
1.94317;
1.55034;
0.862703;
1.50713;
0.429383;
0.765555;
2.49092;
0.997616;
0.761373;
1.0125;
2.71658;
1.04175;
0.0121115;
1.07011;
0.319519;
1.4543;
1.50666;
1.05901;
0.568334;
1.30159;
0.968607;
0.433781;
0.316442;
2.09264;
1.14185;
1.42331;
1.17775;
2.85258;
2.42589;
1.29265;
0.994044;
0.887649;
1.21231;
1.27066;
1.27596;
1.91809;
1.9802;
1.27262;
1.12766;
0.777411;
0.585018;
2.15783;
1.58344;
1.43416;
0.518878;
1.98396;
0.291276;
0.900999;
1.51115;
0.870882;
0.742599;
1.02053;
1.48949;
3.08671;
1.90295;
1.76691;
0.969866;
1.32955;
1.26081;
2.49425;
1.30403;
2.66326;
0.855334;
1.41959;
1.71552;
2.20596;
1.87496;
2.70718;
1.92428;
3.21899;
1.31417;
2.80173;
1.74819;
1.78539;
1.41335;
0.839671;
0.994488;
1.37756;
1.28778;
1.37476;
1.67705;
1.834;
0.792923;
0.996937;
1.74983;
0.847352;
0.640076;
1.63725;
2.0516;
1.88238;
2.05947;
1.72636;
1.77401;
0.676346;
1.17541;
1.46398;
1.51153;
0.821878;
2.04802;
