33.3654;
35.4293;
29.0505;
37.6906;
35.2137;
40.1076;
29.856;
32.9304;
32.8844;
29.3582;
31.7045;
31.698;
39.7583;
28.9086;
33.4147;
31.9722;
33.8028;
38.7991;
29.6281;
25.7068;
26.8881;
37.8857;
37.5962;
31.2924;
33.825;
22.6657;
28.9161;
32.092;
38.366;
31.6131;
30.7494;
28.0824;
39.2574;
32.7403;
38.7133;
30.1008;
30.3781;
32.4514;
33.6333;
37.0546;
33.3765;
31.692;
27.4084;
32.5761;
27.2317;
26.391;
34.6845;
30.3672;
30.8391;
30.2998;
25.7914;
26.2571;
28.4026;
26.1857;
28.8588;
31.305;
28.7558;
29.2824;
29.3455;
30.2617;
32.7963;
29.7105;
32.1307;
24.212;
33.5266;
32.266;
32.3616;
33.8364;
29.2354;
24.422;
35.0452;
32.4189;
30.5447;
32.4821;
22.6344;
30.3589;
28.5348;
36.0636;
28.5727;
28.4412;
31.7776;
23.652;
32.2089;
34.4477;
31.367;
35.3276;
27.8031;
34.5263;
31.2985;
36.9081;
25.2301;
30.7642;
37.7444;
35.6333;
35.4806;
29.5235;
32.3829;
30.9219;
32.0045;
33.2636;
32.6002;
32.4356;
34.5497;
28.4132;
29.2224;
38.4952;
29.1057;
36.9733;
37.0076;
36.1165;
39.4992;
27.3769;
22.4096;
33.4864;
36.1797;
28.8301;
32.3367;
40.3913;
26.5413;
32.962;
32.3944;
40.5412;
33.6399;
29.1403;
32.3979;
29.3521;
33.0002;
30.8093;
32.7118;
33.7909;
30.3161;
29.1649;
26.5204;
36.4658;
31.2416;
33.608;
32.5291;
28.3757;
33.697;
30.1074;
23.2979;
38.1776;
33.2469;
31.7686;
36.3515;
27.306;
27.2566;
31.6626;
25.142;
32.6485;
35.3114;
27.7523;
26.2;
30.6761;
28.2553;
21.4099;
33.9904;
29.7256;
28.0591;
25.0997;
25.6473;
29.7552;
29.441;
33.5326;
42.4133;
24.4849;
31.3505;
31.7033;
29.2186;
33.9106;
33.8239;
34.0377;
25.6252;
28.7221;
30.2457;
29.5487;
33.7385;
28.0504;
37.5103;
26.9004;
41.9285;
32.2998;
28.1051;
33.6881;
28.4845;
39.2186;
32.4918;
37.7961;
36.0591;
26.6151;
28.3242;
31.7926;
32.3979;
30.7392;
23.6119;
27.6344;
30.1983;
27.3081;
32.7487;
27.4916;
33.2844;
31.4547;
31.9356;
26.4123;
31.6931;
27.9151;
32.6311;
38.3341;
33.2684;
31.4153;
32.0151;
28.6062;
35.4438;
33.3998;
25.0475;
33.7589;
25.3894;
33.4759;
35.7383;
33.0852;
33.2379;
32.2746;
33.5035;
31.0756;
35.5665;
26.3266;
29.1003;
30.009;
33.8299;
37.262;
20.6081;
32.9825;
27.9095;
34.1759;
32.1189;
29.7925;
29.9548;
36.9024;
27.2188;
26.8178;
30.0459;
31.146;
34.8185;
27.6897;
35.2209;
28.0831;
34.4464;
30.5934;
24.168;
36.7987;
35.1169;
28.7338;
26.3814;
32.4342;
28.3867;
31.1369;
31.5617;
28.6606;
31.6606;
26.594;
29.9914;
26.0245;
24.5939;
24.5842;
24.6828;
34.5095;
31.2851;
27.5419;
38.3546;
28.1197;
29.3226;
33.7635;
27.0192;
31.526;
31.5811;
36.5334;
30.3115;
25.6799;
27.9472;
33.7443;
19.0387;
31.2872;
36.8211;
28.4407;
27.6044;
23.3535;
40.7651;
29.8618;
30.1791;
28.887;
25.6015;
26.8665;
27.6232;
27.871;
32.518;
30.0404;
22.9236;
34.3321;
26.3425;
30.3815;
27.4826;
27.1587;
32.2702;
23.623;
28.036;
40.8005;
20.8387;
24.1237;
36.7063;
32.197;
23.5996;
31.6229;
30.429;
25.1626;
28.9363;
25.7184;
37.5187;
27.6467;
19.9021;
26.1478;
28.9327;
29.2174;
33.2581;
35.9831;
35.005;
27.1368;
28.892;
36.8429;
28.9412;
23.9015;
28.3537;
27.0402;
32.9825;
19.6372;
21.5386;
28.3514;
34.3148;
31.9512;
31.5013;
30.6577;
32.4126;
38.1525;
23.5916;
31.1981;
32.3193;
33.8763;
31.1766;
33.16;
28.4163;
25.6076;
29.9783;
24.9822;
25.781;
29.2738;
28.4178;
35.0454;
24.7849;
32.0021;
31.586;
31.7252;
25.1836;
27.8892;
29.3408;
30.026;
30.5795;
32.7369;
26.2292;
27.1333;
36.9438;
27.2456;
27.755;
24.9942;
26.755;
34.8246;
33.412;
34.2217;
35.1476;
29.7829;
31.7497;
25.2987;
27.7372;
29.2494;
18.9049;
31.133;
31.2989;
27.7541;
29.3314;
23.0531;
25.7323;
25.1848;
30.9715;
32.3641;
26.678;
34.3032;
28.2755;
26.6446;
31.7882;
29.3179;
28.3393;
34.3471;
25.1256;
26.7578;
23.4823;
25.4583;
29.3578;
30.315;
22.9812;
30.8443;
25.9756;
22.4435;
31.2826;
29.0451;
27.0384;
26.169;
30.7414;
38.4396;
33.3477;
33.7525;
26.7629;
30.698;
23.674;
34.5889;
24.1884;
22.4975;
32.9174;
30.1024;
35.9373;
20.4467;
37.722;
34.6947;
25.8144;
31.5347;
26.9516;
28.4686;
22.4438;
27.826;
30.5602;
28.9518;
27.3843;
29.1695;
39.1963;
32.3501;
29.5809;
25.7964;
25.075;
30.6618;
24.8082;
27.0544;
24.9965;
30.9783;
24.2041;
30.9093;
20.8956;
32.6179;
35.9039;
38.7731;
16.514;
24.5519;
30.3083;
33.6725;
38.8235;
31.2669;
31.3299;
25.7657;
26.6441;
32.6746;
22.6957;
24.3698;
25.4196;
28.3902;
30.6197;
26.4212;
31.2051;
29.3093;
27.4303;
37.8865;
24.9286;
29.3849;
25.8938;
34.6959;
27.8472;
23.477;
30.6737;
26.8235;
34.2169;
24.8891;
26.5073;
37.5175;
26.9345;
33.5716;
30.5694;
33.8841;
29.2531;
29.0344;
24.4178;
25.0891;
26.3165;
29.6584;
31.1155;
34.7372;
31.3919;
27.7369;
24.8126;
30.7129;
26.8623;
26.2687;
23.3247;
22.9431;
33.2284;
35.1538;
24.3622;
35.7994;
23.286;
27.5302;
28.17;
26.6599;
28.9275;
28.9323;
36.4404;
29.2464;
29.5045;
27.0642;
26.6333;
31.4061;
28.6685;
34.7404;
29.185;
29.1712;
14.6141;
24.0866;
37.4088;
27.0598;
33.4285;
29.004;
25.1799;
26.3543;
26.5881;
37.3026;
31.0922;
33.1579;
34.1083;
21.7112;
24.122;
22.9493;
23.1772;
32.4671;
25.8307;
24.4248;
31.3895;
25.6456;
23.3294;
23.2805;
28.3217;
33.6005;
29.9288;
33.0185;
35.3486;
22.0085;
30.5907;
28.1444;
27.4883;
28.7446;
25.8478;
30.8589;
26.919;
29.2271;
20.0724;
19.6536;
29.0743;
28.4705;
18.5094;
29.7686;
35.2744;
28.9197;
33.3554;
24.2631;
26.4804;
21.9096;
24.1805;
30.2842;
24.4411;
28.2566;
32.8019;
27.8577;
22.9272;
33.9519;
30.81;
21.2434;
23.4131;
28.9846;
30.0495;
28.0256;
29.9828;
24.7985;
24.7958;
23.9722;
30.9202;
34.1229;
26.6796;
25.3174;
20.5223;
24.6259;
24.474;
28.4945;
35.5115;
30.543;
24.995;
28.8623;
29.1022;
31.0774;
29.1994;
28.1271;
25.2824;
29.4253;
28.4289;
29.6197;
24.7435;
30.6986;
23.8121;
21.4361;
31.0983;
27.2487;
24.4805;
40.841;
35.5278;
23.7743;
27.1994;
26.3316;
33.8816;
25.9651;
23.1308;
34.1556;
27.5966;
19.3498;
32.6423;
33.4109;
25.9672;
23.9944;
27.8551;
23.8044;
29.8852;
27.2643;
30.4022;
23.9599;
23.8902;
28.2451;
26.8732;
34.2216;
29.4654;
31.5485;
30.6357;
30.5728;
28.7059;
30.4421;
28.2695;
31.8872;
30.6835;
26.1795;
36.2833;
25.7257;
27.1772;
26.5593;
30.5385;
26.8616;
28.9116;
20.0557;
26.2077;
28.9477;
32.1367;
28.6643;
28.3176;
30.0107;
18.7263;
31.2804;
39.4259;
30.5859;
26.7907;
25.1879;
30.9519;
26.0268;
25.978;
26.4291;
27.7404;
25.2011;
28.2487;
29.3754;
29.1422;
23.2756;
25.9099;
30.2965;
31.3521;
30.5671;
27.4616;
19.6267;
29.9667;
35.452;
28.6234;
27.2922;
26.3545;
21.5801;
24.9469;
31.0728;
31.7934;
26.1503;
25.7911;
26.3182;
32.8451;
28.1818;
27.3382;
24.7971;
24.8152;
35.1048;
27.501;
24.8357;
32.3259;
36.1742;
34.4359;
25.4084;
23.114;
24.0979;
30.7146;
19.9997;
25.5489;
26.8467;
29.3857;
23.0348;
22.1329;
19.3042;
31.2032;
32.9129;
27.0382;
36.7832;
29.1624;
23.0401;
25.7379;
34.8277;
25.4412;
24.5662;
31.6345;
27.458;
28.3218;
25.3296;
34.0737;
23.1452;
27.4991;
27.8101;
34.2838;
23.1536;
21.4428;
21.1105;
28.7557;
29.2231;
23.632;
28.8021;
29.1947;
26.4528;
25.4572;
25.4527;
32.4976;
25.6024;
28.2259;
24.9802;
29.956;
24.2454;
25.0857;
27.3384;
31.233;
27.9163;
25.8829;
25.6789;
29.8089;
20.8033;
31.6333;
24.4666;
22.964;
25.7777;
26.379;
23.6899;
21.9958;
20.8335;
32.9341;
23.0336;
22.9949;
31.8038;
38.3191;
26.7449;
22.9967;
32.0409;
18.9083;
25.329;
24.0785;
26.1357;
23.9198;
28.4521;
16.8295;
28.5836;
28.7028;
26.4738;
29.8455;
32.5588;
28.856;
21.9703;
27.5733;
24.8477;
27.3582;
27.625;
25.0832;
26.0262;
33.3592;
27.9936;
24.3157;
25.1357;
22.4966;
30.1619;
31.0595;
22.6943;
23.8858;
23.5065;
23.937;
26.8545;
29.2511;
25.4696;
31.6433;
31.6696;
31.1677;
27.1828;
26.0915;
33.9013;
40.4791;
25.0115;
24.9588;
24.0106;
20.1163;
22.2963;
20.1905;
28.0124;
22.5851;
22.6145;
26.3968;
24.0062;
25.786;
21.6452;
25.0135;
28.7799;
24.8731;
24.1014;
23.7843;
29.8897;
20.2201;
26.2576;
23.4981;
20.964;
24.3239;
21.7854;
35.66;
22.913;
27.442;
27.8023;
25.204;
34.0244;
30.7967;
26.4665;
26.2829;
29.2354;
20.8806;
24.5558;
21.7599;
24.298;
21.026;
27.704;
24.495;
22.2939;
24.1271;
28.1396;
20.2628;
27.8079;
33.6863;
23.6648;
22.9119;
26.4669;
28.1131;
32.5756;
24.0471;
20.9884;
25.4896;
31.1048;
22.8079;
26.35;
27.9425;
31.4672;
17.3028;
24.8633;
26.2996;
24.4463;
24.8038;
27.4094;
26.2575;
19.3872;
24.3968;
29.6554;
28.2289;
26.7151;
28.3505;
21.0979;
25.7044;
28.2865;
22.7063;
22.7727;
29.9891;
28.9712;
22.8765;
28.2374;
30.8716;
27.9243;
27.4841;
36.5818;
24.5307;
16.9922;
29.0361;
24.8225;
28.045;
27.8826;
23.8089;
28.5707;
21.762;
23.3532;
24.4222;
25.2677;
21.7088;
27.5949;
23.9513;
23.9006;
18.7476;
23.5726;
22.1167;
26.5917;
22.5589;
26.4225;
24.3221;
28.9643;
22.8946;
28.405;
37.745;
23.8784;
26.4088;
31.0949;
23.094;
20.9189;
23.259;
23.7014;
19.95;
30.2714;
25.5765;
28.6364;
29.0081;
25.2635;
26.3886;
25.0673;
27.9842;
25.6429;
34.3104;
27.2024;
27.7457;
31.4349;
20.1065;
21.6986;
30.7201;
27.6686;
23.2031;
29.9285;
29.1707;
25.4785;
32.1052;
34.276;
24.7667;
23.8765;
33.5771;
23.0954;
24.0258;
26.9539;
26.6239;
22.9478;
22.2041;
31.6646;
18.8735;
26.3426;
26.5595;
21.5183;
20.9945;
28.1705;
26.9722;
20.3022;
27.0862;
25.9242;
25.6419;
25.6112;
27.3838;
23.1797;
18.7661;
21.6412;
26.5678;
21.6662;
24.2436;
21.63;
22.1702;
26.6565;
30.6572;
23.42;
24.4938;
27.8675;
27.6264;
30.8181;
24.2259;
25.2198;
23.6556;
25.5172;
23.0574;
25.1792;
22.6737;
23.689;
29.8537;
22.7334;
28.6801;
28.7352;
24.0105;
23.134;
20.6811;
29.1211;
23.6586;
18.8878;
23.3882;
26.4582;
25.0138;
19.7627;
22.2155;
16.4769;
22.9395;
22.8025;
29.4146;
23.2416;
27.8035;
22.8011;
26.4436;
16.7807;
32.5032;
23.6266;
30.1148;
29.7037;
27.3183;
21.3632;
24.5148;
31.3837;
17.0081;
23.4748;
26.4479;
27.2529;
25.9562;
21.9892;
18.06;
30.9685;
21.7835;
23.196;
24.0061;
22.6501;
25.1696;
26.0928;
21.2726;
18.1373;
25.0229;
24.4219;
18.6999;
31.6406;
29.5438;
26.5295;
28.2571;
25.7999;
32.4831;
22.6228;
21.6776;
26.7638;
30.5254;
20.8199;
32.4502;
21.7554;
27.7067;
20.7236;
21.8025;
23.0158;
31.9764;
12.8008;
22.4078;
30.6495;
23.1754;
18.171;
28.0172;
32.7579;
25.4819;
25.5294;
29.1667;
16.0891;
31.2707;
17.9382;
18.7377;
25.2232;
27.2476;
21.7375;
23.2453;
24.6082;
18.5177;
26.21;
24.509;
27.0511;
31.6996;
23.0259;
33.1625;
23.4786;
32.3811;
29.0463;
24.2796;
26.5676;
25.4104;
34.9687;
17.8657;
26.0389;
27.8477;
17.5995;
23.2076;
21.7516;
38.4551;
29.8862;
30.404;
28.3269;
25.5818;
26.167;
19.3139;
18.5216;
19.449;
24.4198;
22.8583;
22.0804;
32.6017;
25.3426;
20.5903;
21.1595;
20.8512;
21.9656;
19.1083;
25.3758;
23.123;
24.0094;
26.5974;
28.3051;
24.6404;
31.7915;
26.7748;
30.3314;
23.1688;
28.2151;
19.4591;
22.0368;
21.7219;
22.1742;
19.3154;
21.7607;
27.0474;
23.9375;
19.2759;
19.094;
33.1588;
24.8245;
29.7368;
28.543;
24.4912;
22.1512;
26.9251;
20.2718;
37.8594;
26.6149;
24.2329;
18.2936;
31.5576;
26.3283;
29.5739;
32.5326;
20.4505;
23.2455;
23.3154;
23.0002;
30.5998;
23.7326;
20.244;
25.5327;
22.1692;
26.8555;
19.7908;
19.599;
33.4855;
13.7304;
19.236;
27.7581;
24.7027;
25.2003;
18.9667;
15.0449;
28.936;
27.1294;
23.6672;
23.4497;
24.5577;
22.9932;
17.2291;
23.9963;
22.983;
25.0815;
20.874;
26.9075;
29.3489;
18.058;
31.6296;
16.4254;
20.9307;
23.4011;
29.2814;
30.2511;
20.9732;
29.4886;
22.4934;
20.2788;
21.5563;
25.9041;
23.106;
19.8256;
25.1449;
19.3632;
24.3848;
30.9069;
22.981;
29.8944;
18.8635;
28.0082;
25.0446;
19.8182;
27.22;
26.8207;
27.8713;
26.713;
23.3463;
26.3328;
26.5355;
25.6333;
24.608;
18.7726;
27.111;
20.1531;
23.8852;
30.975;
25.5411;
30.5483;
25.5509;
24.8244;
24.3126;
15.9267;
22.785;
24.1875;
27.0856;
20.2636;
32.7536;
19.5531;
29.5232;
25.1242;
24.1772;
17.5113;
19.4972;
25.524;
20.6322;
28.7807;
17.5686;
30.1664;
35.3428;
24.6267;
21.3254;
19.3446;
22.2799;
26.7033;
27.9379;
22.0354;
21.9231;
30.1095;
26.6528;
24.0628;
28.21;
29.0317;
18.8545;
19.1543;
22.192;
16.6051;
24.4021;
21.239;
29.3283;
23.7683;
22.1725;
26.5807;
24.8456;
25.0979;
26.9908;
18.3331;
20.1319;
22.1634;
26.428;
17.2624;
27.6917;
25.0905;
23.5558;
20.4643;
23.1875;
24.4708;
29.9441;
23.2294;
18.9027;
18.4194;
31.2522;
24.6887;
23.3813;
22.6921;
22.1419;
22.7458;
20.6416;
25.9713;
24.3182;
25.7883;
26.6157;
20.7091;
25.3665;
27.9202;
33.4479;
28.6757;
27.0825;
16.7873;
23.5265;
18.9035;
16.4394;
21.3579;
22.8284;
28.2772;
17.6866;
20.9855;
22.8495;
17.379;
17.6775;
23.7794;
24.6552;
27.611;
28.2974;
23.9423;
18.6695;
23.2954;
22.0023;
25.2775;
30.8236;
15.9317;
21.4625;
28.7361;
24.5979;
25.5847;
21.6788;
21.9452;
22.5567;
28.7791;
25.0465;
29.6128;
24.7406;
21.2852;
27.7841;
34.1065;
30.831;
26.7702;
23.1925;
29.9837;
29.6798;
23.2911;
26.619;
24.9155;
30.1205;
17.9068;
22.4621;
17.6156;
27.6522;
22.3079;
21.7449;
19.5306;
23.443;
18.4218;
31.5428;
25.1923;
21.589;
26.9231;
23.2325;
23.0197;
23.5257;
20.5793;
25.7012;
18.1096;
19.5055;
18.301;
20.691;
28.1345;
29.3652;
22.8431;
19.6569;
26.7186;
29.2814;
21.5189;
24.8476;
26.2961;
35.2218;
20.3816;
16.3849;
31.6411;
15.9418;
22.356;
27.2969;
23.4787;
21.5712;
25.9178;
25.8134;
20.06;
22.7646;
20.9545;
29.1491;
19.0131;
30.781;
17.8797;
23.5446;
18.9353;
16.9591;
23.2549;
21.098;
24.796;
25.7488;
31.6224;
17.4207;
19.7966;
18.4073;
23.8886;
20.7028;
22.3572;
19.9;
25.0934;
26.9362;
32.9608;
26.0089;
27.4398;
30.1785;
19.9132;
30.9422;
20.287;
19.6815;
19.0787;
20.9023;
26.4983;
23.533;
22.3112;
21.6196;
23.7352;
18.0317;
23.482;
13.5265;
22.0384;
22.3506;
26.8155;
20.4519;
24.5886;
22.5415;
24.9466;
28.4318;
16.9803;
26.8647;
21.3897;
25.2824;
29.2763;
28.1671;
18.3604;
16.8739;
29.1035;
22.7553;
21.928;
21.145;
17.4539;
23.529;
27.518;
23.4836;
22.9054;
22.7701;
32.4489;
25.9346;
21.3539;
20.197;
23.0181;
23.7447;
35.0106;
27.7261;
14.8375;
22.8799;
26.4367;
29.5496;
18.7847;
24.2585;
16.5676;
25.0862;
18.4468;
25.0597;
23.3106;
21.4809;
23.7467;
20.436;
24.2664;
29.3775;
17.8938;
18.3817;
28.2628;
24.0657;
18.269;
25.1045;
16.5386;
21.1587;
22.1452;
32.5987;
15.1992;
23.8767;
26.4392;
18.3501;
21.3855;
24.9359;
21.7262;
24.4012;
21.0129;
25.6011;
22.1003;
24.0492;
28.7467;
24.0156;
25.8717;
27.2911;
21.3578;
23.1802;
25.0688;
25.8477;
24.7148;
19.8122;
24.062;
19.0865;
21.5497;
19.4377;
15.106;
20.9482;
21.3002;
25.3845;
19.975;
18.829;
34.021;
24.3573;
15.4601;
20.0138;
31.0339;
19.4178;
16.9253;
17.5562;
19.7769;
19.6014;
18.6231;
23.4496;
20.3257;
24.1979;
21.5732;
21.5689;
19.2795;
20.418;
20.0879;
23.5643;
26.0311;
25.1723;
23.1221;
22.3274;
29.6291;
25.1735;
20.3912;
21.7566;
21.4907;
20.7506;
30.1852;
27.5955;
29.7368;
27.0788;
33.0337;
24.0187;
23.466;
17.9366;
22.4765;
26.9849;
17.9452;
25.1898;
16.5649;
24.9264;
27.6089;
24.1304;
26.7865;
17.3462;
22.2028;
24.3591;
23.254;
18.1012;
20.6178;
20.7582;
28.3216;
29.5071;
23.2284;
23.8792;
19.5526;
24.2138;
25.1327;
20.1037;
27.3317;
21.68;
13.2015;
16.2729;
21.3624;
21.5057;
21.3275;
24.1474;
20.3873;
30.0573;
22.0816;
25.607;
19.9433;
17.5715;
25.8761;
14.961;
19.5561;
14.3714;
21.7258;
20.0263;
29.1578;
13.939;
21.7439;
20.8993;
18.7299;
22.7355;
23.6498;
23.8399;
29.2146;
25.3458;
23.8167;
17.1706;
19.1491;
22.1385;
20.8351;
19.1624;
19.2324;
27.5069;
24.0863;
27.9642;
14.0835;
22.7802;
22.682;
21.4259;
19.3071;
27.1703;
22.12;
21.4318;
20.1833;
22.754;
18.442;
22.6962;
17.5961;
26.6779;
33.902;
17.1759;
28.3916;
17.5652;
19.0845;
24.042;
16.8894;
22.8531;
18.7912;
24.683;
23.5737;
20.8445;
30.5283;
22.9662;
13.4618;
9.91341;
16.3815;
17.8259;
19.7526;
22.0131;
20.9663;
23.9325;
17.0118;
19.2221;
24.6257;
22.1808;
21.8087;
24.8454;
28.3443;
20.0611;
26.1533;
21.2829;
31.8281;
31.144;
24.5262;
24.6671;
23.0447;
20.6739;
30.9447;
26.0638;
27.645;
22.3513;
27.2212;
26.4645;
19.9873;
20.3054;
23.017;
19.8062;
21.7903;
19.4255;
23.1009;
23.6398;
22.7302;
21.3618;
21.606;
24.7244;
22.6167;
24.4395;
21.6471;
26.8611;
22.3335;
28.8587;
25.6919;
20.641;
21.2679;
15.0208;
25.4229;
18.543;
19.9964;
25.7148;
26.9829;
21.7591;
25.7782;
22.7283;
26.5142;
20.1118;
19.0863;
21.7013;
29.0007;
19.3739;
19.2706;
22.6053;
22.7958;
23.9211;
19.7922;
22.2688;
25.4264;
23.0739;
23.6709;
20.3215;
25.4651;
18.4052;
19.5945;
23.1863;
18.6524;
23.1165;
20.9456;
22.728;
23.356;
20.1542;
21.105;
17.011;
26.652;
19.0454;
23.3653;
18.2602;
27.7076;
12.6333;
15.7279;
19.3607;
23.669;
19.082;
19.6868;
25.7824;
17.1244;
27.4248;
25.4241;
19.5093;
26.4245;
28.0108;
20.3217;
26.0822;
18.5385;
18.2164;
17.2482;
18.3205;
24.6134;
22.0403;
19.2601;
18.1431;
22.9797;
23.1601;
24.5639;
22.9184;
19.979;
19.4243;
22.3997;
23.6567;
23.629;
18.0867;
25.1803;
16.7216;
26.1257;
30.493;
19.2601;
19.9255;
22.3414;
21.516;
20.8194;
27.4126;
16.9927;
23.8189;
20.1896;
27.3919;
17.9533;
20.2999;
17.3539;
18.7257;
30.3784;
20.5896;
23.6355;
24.5759;
22.7933;
23.0915;
16.9603;
30.1269;
31.8068;
19.8477;
24.3363;
25.5382;
20.4775;
17.1279;
22.8628;
22.489;
22.8259;
26.0247;
23.3236;
16.52;
23.4852;
21.879;
25.4465;
25.7358;
21.7603;
17.6287;
22.7842;
16.8703;
23.995;
16.4389;
23.7707;
22.601;
20.2334;
25.6082;
19.5909;
22.3617;
16.0461;
14.106;
25.4915;
21.2212;
23.5406;
16.7844;
19.9467;
23.5173;
27.5676;
25.74;
19.9222;
19.205;
30.5809;
21.5872;
17.7978;
19.1194;
19.3821;
20.5637;
21.8624;
21.3049;
19.4834;
21.0016;
22.4843;
24.4897;
22.3915;
19.6969;
30.4373;
21.0698;
17.7536;
19.0662;
17.566;
23.229;
19.6109;
21.3469;
14.515;
14.1162;
20.2372;
21.5666;
17.1784;
19.947;
16.868;
19.7478;
19.1626;
20.4647;
15.1914;
25.901;
21.9025;
16.5248;
22.7996;
19.3435;
21.7994;
22.823;
20.8519;
20.8924;
25.6666;
28.1258;
21.3412;
16.4846;
15.5056;
17.568;
15.5994;
17.8101;
19.3494;
24.064;
23.3391;
13.9492;
17.9926;
15.683;
20.7458;
14.347;
20.6394;
15.8514;
21.8306;
22.5641;
25.8578;
28.5014;
23.6283;
23.9828;
26.4695;
16.7555;
29.4326;
19.7236;
28.5096;
20.0009;
21.1936;
18.0471;
20.1232;
23.3148;
17.2339;
20.4787;
22.8331;
17.8888;
13.6369;
17.7983;
18.6305;
22.3746;
19.7878;
22.1084;
31.2448;
22.6308;
28.4193;
28.7861;
29.3263;
21.1657;
20.0615;
28.511;
20.1852;
21.664;
15.8714;
21.7515;
24.4829;
22.2206;
18.4687;
23.568;
25.7603;
26.7456;
17.7669;
18.4277;
16.0178;
22.7213;
18.7019;
26.5252;
22.2937;
27.8734;
24.5097;
21.8105;
22.0448;
18.9407;
28.7873;
13.7251;
17.4834;
20.6192;
17.4243;
23.6129;
17.8167;
26.4371;
12.7897;
24.4868;
24.0735;
17.8505;
24.1969;
20.6536;
22.6928;
22.4438;
14.08;
22.3497;
21.3555;
18.125;
17.2151;
19.984;
14.9377;
15.6823;
24.5678;
25.7792;
20.0871;
26.1284;
17.1164;
24.4804;
16.1773;
26.9451;
28.0212;
27.325;
14.6831;
23.1277;
23.6169;
17.4355;
21.5118;
33.5595;
17.9288;
16.4118;
22.9776;
24.8617;
26.0353;
21.5207;
19.9567;
30.9861;
22.6413;
32.3523;
13.5599;
17.553;
21.7641;
22.6853;
23.0095;
20.6554;
31.9484;
16.5197;
21.1122;
31.1862;
19.1068;
20.448;
15.8446;
24.9283;
17.5325;
17.1068;
15.8673;
31.0162;
18.9755;
20.5019;
28.0581;
29.139;
12.5191;
29.1486;
21.7315;
28.826;
16.358;
33.5738;
16.8075;
18.3311;
25.1061;
19.5019;
23.8948;
29.7672;
18.0294;
25.4053;
21.9518;
28.6234;
25.2906;
26.9272;
17.0084;
16.5624;
16.4484;
13.6923;
24.1732;
14.909;
20.9619;
21.1379;
23.9804;
24.0801;
18.322;
20.6697;
31.0841;
19.493;
18.8801;
14.1393;
18.6831;
17.2597;
14.593;
20.0778;
27.4907;
17.3645;
25.7267;
20.2775;
22.0435;
25.9371;
19.997;
20.8851;
13.7892;
24.1229;
12.088;
23.3355;
18.6632;
21.7643;
22.5176;
20.7845;
17.2873;
26.2797;
14.9054;
19.483;
20.9354;
14.0166;
25.3694;
15.8674;
22.6132;
18.5337;
24.2904;
22.0533;
18.5164;
10.5735;
22.6716;
16.3208;
19.5478;
19.9142;
15.9082;
16.7249;
15.9348;
26.9407;
16.1087;
25.3772;
26.9075;
25.4438;
23.4555;
25.7237;
19.9987;
23.6517;
25.8147;
21.1205;
18.2176;
21.494;
23.3758;
24.702;
18.6127;
20.116;
14.5649;
21.9149;
18.7265;
21.1106;
21.0523;
24.854;
21.1873;
16.6943;
18.7477;
24.1799;
17.9011;
18.3502;
21.9265;
21.4172;
23.7349;
22.7259;
23.7053;
18.6928;
21.1491;
19.0273;
17.1621;
15.6317;
23.8109;
19.6624;
21.4212;
21.235;
20.9588;
15.3637;
24.3402;
18.4561;
14.4038;
17.9563;
20.7414;
23.14;
22.0116;
17.2565;
19.908;
21.4215;
18.3971;
13.6292;
26.7011;
16.2972;
28.5618;
21.1329;
12.9956;
15.3959;
15.5601;
18.7523;
22.8186;
21.6733;
12.0249;
30.3704;
14.2905;
22.8008;
22.1176;
22.2717;
21.7658;
18.5897;
19.8613;
19.547;
25.0807;
19.7104;
19.0068;
21.0791;
19.1159;
17.3491;
16.4121;
19.7873;
23.3138;
20.6436;
21.3411;
19.1932;
23.9107;
19.2319;
15.3987;
21.9996;
18.7338;
20.2104;
16.0059;
20.0196;
16.1847;
23.5263;
25.1162;
19.6873;
24.9933;
18.0236;
22.9212;
17.1815;
16.5547;
25.9819;
15.752;
26.7052;
18.0152;
18.1181;
14.0585;
23.437;
19.7627;
22.1914;
17.3525;
21.499;
28.0819;
17.9238;
24.063;
18.6829;
18.6456;
19.8808;
16.6661;
13.1904;
25.5702;
26.5956;
16.7778;
14.6801;
21.2051;
24.2949;
16.543;
19.4986;
14.0125;
16.645;
18.3319;
19.5825;
17.7567;
16.4136;
16.2706;
18.6877;
24.9073;
19.7107;
23.2663;
22.9954;
21.3222;
15.8209;
15.3669;
22.6609;
22.5457;
13.6667;
22.0585;
22.7301;
23.343;
23.55;
19.1584;
18.2952;
24.4948;
17.185;
19.3578;
24.601;
17.0161;
18.2579;
24.3239;
21.4885;
16.7515;
22.7301;
19.7851;
16.6424;
17.5291;
21.3856;
17.4193;
27.5535;
22.2478;
16.6071;
20.9218;
21.2859;
18.558;
21.7714;
21.9884;
23.0744;
22.7094;
22.0316;
22.1762;
19.2439;
23.7303;
19.8572;
25.6093;
21.782;
22.4978;
25.7158;
22.5178;
16.8329;
19.723;
27.3067;
20.1288;
22.8362;
21.8977;
21.6333;
14.2084;
22.9602;
10.4987;
18.2414;
18.5553;
29.7395;
14.0451;
24.6086;
18.4356;
15.6899;
12.8487;
25.5254;
16.6925;
28.2552;
21.8089;
18.445;
19.6424;
14.2582;
24.0218;
16.6297;
22.3751;
24.7245;
30.79;
16.7124;
15.5093;
23.6994;
16.0226;
20.2565;
12.2068;
15.4893;
13.4666;
19.9431;
20.5507;
20.8347;
18.6857;
19.3209;
24.4282;
24.6492;
17.4636;
19.2172;
25.995;
21.5723;
14.2412;
32.3382;
15.8025;
20.9825;
17.624;
14.4678;
30.5445;
10.6537;
23.1252;
14.7499;
26.0198;
26.9958;
20.9247;
19.2394;
20.5235;
18.1385;
21.8015;
26.3639;
25.4741;
12.3073;
28.4874;
17.232;
14.7436;
15.2355;
21.7219;
15.9874;
22.1906;
28.3197;
26.2925;
14.4835;
24.0177;
18.4117;
22.3294;
20.0404;
24.6469;
17.7904;
14.1994;
21.8947;
25.6333;
27.8852;
11.1873;
22.9123;
11.8425;
28.1978;
18.1508;
13.9259;
20.4588;
24.4583;
19.0278;
11.2803;
16.5078;
16.8731;
25.6341;
20.0125;
16.2147;
17.9481;
14.5373;
19.7918;
26.0565;
21.9795;
13.3727;
12.3443;
26.6091;
26.1407;
24.1375;
22.9385;
18.3516;
28.7588;
24.7714;
26.0143;
25.2706;
18.9817;
21.4775;
23.0519;
21.2627;
24.8038;
15.622;
22.1326;
13.4838;
23.3064;
21.0858;
26.1892;
18.5259;
24.5234;
21.2265;
23.7352;
21.9961;
17.1801;
23.6532;
16.8463;
12.9942;
22.2931;
20.349;
19.7677;
22.0514;
15.3773;
20.8187;
18.0636;
17.6356;
25.7877;
14.369;
28.7563;
18.3846;
28.5206;
18.4246;
22.1492;
19.4828;
12.6047;
18.9092;
21.7037;
24.3776;
13.7613;
18.63;
18.2631;
24.8243;
33.1685;
16.7023;
23.817;
18.5964;
19.9419;
17.5404;
19.3095;
18.4052;
26.922;
30.1559;
19.4468;
23.4048;
13.6335;
18.7126;
19.4299;
14.0442;
17.968;
16.4047;
22.287;
19.7138;
20.2982;
18.6033;
21.1704;
19.0286;
18.7318;
20.3655;
15.8237;
25.1687;
16.9977;
12.8927;
24.1987;
16.6267;
21.184;
22.7835;
16.2835;
24.1148;
17.6493;
15.2588;
14.4145;
18.6714;
20.9071;
21.247;
28.4947;
13.4747;
20.2082;
24.1168;
15.4713;
15.3501;
18.1447;
21.3925;
20.2867;
20.2835;
23.8559;
16.8154;
21.5242;
15.8786;
24.6026;
16.551;
17.6376;
18.7485;
19.9239;
24.8463;
28.2112;
23.209;
18.6573;
19.3176;
19.9286;
18.0385;
24.4548;
15.5026;
23.6229;
17.9802;
16.3817;
26.9433;
22.7488;
14.864;
14.4004;
26.7102;
15.7468;
24.3716;
16.1617;
23.6666;
14.8182;
21.9107;
20.2134;
14.8473;
28.0576;
25.0008;
15.6434;
14.7098;
14.7931;
21.2761;
15.113;
29.1689;
12.9455;
15.2449;
12.6533;
25.2326;
14.2384;
20.9494;
22.7426;
13.6591;
22.0882;
18.8132;
23.8277;
14.6096;
23.8527;
18.9315;
16.4734;
17.8965;
28.585;
20.5842;
18.4584;
22.3426;
13.2128;
11.8862;
15.2078;
17.8452;
17.236;
20.5496;
18.7479;
25.2053;
15.9174;
16.511;
11.4345;
19.5233;
19.5695;
21.1283;
16.872;
14.7778;
29.2016;
20.2089;
22.5856;
12.7725;
24.2587;
21.639;
18.8175;
19.2363;
18.3252;
18.4715;
31.5153;
30.0084;
24.45;
20.1757;
19.9152;
19.2853;
16.4216;
24.454;
14.0833;
14.9716;
19.1235;
18.825;
25.9143;
13.6122;
16.4697;
16.8705;
27.3017;
17.8689;
20.3134;
22.2625;
29.7469;
21.6422;
20.6076;
11.864;
24.8162;
21.0784;
18.5003;
15.9454;
18.0201;
12.2633;
14.928;
18.2329;
22.671;
12.7844;
21.6482;
14.7359;
20.3011;
22.8477;
19.2205;
15.166;
19.0001;
25.4567;
22.2873;
25.4274;
20.8708;
15.4808;
23.2824;
17.2556;
14.8611;
18.6622;
22.6641;
16.9487;
12.7635;
19.5772;
13.7652;
21.8956;
28.7429;
20.1427;
21.4628;
19.4394;
17.2284;
15.787;
16.8937;
28.1458;
23.2438;
10.9856;
20.7269;
25.2578;
20.63;
18.4076;
19.2352;
17.2595;
18.8555;
21.1671;
29.7634;
18.7877;
18.3656;
16.0571;
17.598;
18.0674;
20.5136;
13.7844;
14.9279;
13.783;
20.4855;
13.3047;
24.3796;
23.8899;
18.6841;
19.1227;
13.8762;
18.6578;
18.9632;
19.6407;
22.7768;
19.7389;
22.7842;
19.2446;
22.0563;
26.7634;
22.1042;
28.1133;
16.8388;
17.2456;
29.3482;
16.9234;
16.318;
16.4052;
21.6197;
22.9929;
24.1456;
24.8605;
22.9172;
18.3673;
17.2905;
18.7129;
18.4504;
19.6014;
19.2691;
26.1921;
21.1042;
21.0831;
16.7388;
13.8537;
18.2646;
13.2054;
16.4615;
26.9376;
17.7249;
18.8061;
21.9093;
22.3357;
24.3942;
15.9908;
18.4004;
21.1133;
11.4083;
19.0876;
15.4248;
22.0018;
20.3556;
21.2836;
26.1897;
22.7268;
24.5751;
14.5402;
21.8831;
13.6873;
23.0815;
20.5527;
18.3074;
19.5012;
14.3398;
19.0987;
17.6542;
25.1569;
19.2189;
12.3567;
27.0163;
21.9982;
15.991;
14.4407;
26.0007;
12.5572;
27.2962;
24.5442;
16.1179;
23.3431;
20.0659;
26.8743;
18.61;
23.1549;
9.60961;
18.7136;
18.94;
16.5953;
16.4065;
15.7906;
22.1326;
14.0936;
20.6228;
16.5901;
16.8177;
17.2774;
23.9961;
15.7107;
17.6368;
19.7504;
24.6693;
18.541;
17.2244;
20.7237;
17.6922;
12.1229;
19.8686;
15.1041;
17.7023;
20.3678;
27.1682;
21.9039;
19.5203;
10.6973;
25.6669;
14.566;
19.4543;
15.7938;
21.5835;
23.707;
14.7892;
24.7909;
14.807;
16.8961;
16.2382;
17.7355;
18.372;
18.9489;
14.7765;
17.9292;
22.3807;
10.9748;
22.7997;
16.8449;
20.8117;
11.5183;
21.2613;
11.9491;
20.7978;
19.8731;
17.2768;
16.8456;
17.5306;
18.8965;
27.3063;
15.6461;
18.918;
13.0143;
23.6881;
15.4558;
18.9667;
26.2664;
22.7468;
14.5685;
23.303;
18.4833;
23.4683;
23.933;
13.1522;
15.1473;
19.7357;
18.7656;
15.6644;
21.6031;
17.5849;
16.7165;
22.4536;
22.7985;
24.7559;
23.1425;
20.3729;
10.3003;
21.0172;
19.3652;
19.9843;
19.7279;
22.3533;
15.0553;
26.7215;
18.647;
23.7324;
23.099;
16.7125;
18.8271;
20.6141;
20.5414;
21.9141;
22.1387;
23.3255;
17.8935;
15.3546;
23.3792;
18.4821;
25.0799;
19.5577;
20.0886;
20.6575;
20.9788;
14.28;
15.3597;
20.3907;
18.5447;
21.0086;
22.2646;
18.7349;
20.0024;
17.6759;
16.4632;
23.8947;
19.7175;
20.7202;
23.5884;
19.6632;
25.0674;
8.76833;
23.6787;
16.3865;
12.0526;
16.0106;
14.5709;
12.7094;
12.1725;
13.6228;
15.4652;
19.0554;
24.5202;
13.641;
27.98;
15.0666;
20.2916;
12.9657;
15.0842;
18.5504;
19.8625;
21.8525;
21.5182;
16.3304;
15.8692;
22.2207;
20.7869;
17.1475;
19.1429;
14.2768;
23.634;
17.9321;
18.6371;
12.45;
23.7706;
17.7105;
28.5488;
16.9448;
11.7082;
16.8868;
15.9591;
14.5354;
20.3806;
13.9488;
18.1554;
26.3309;
11.2725;
19.4211;
11.7174;
16.8935;
16.1304;
15.2348;
12.1932;
16.5321;
18.0241;
21.9408;
28.104;
15.6859;
14.0172;
26.1895;
10.8658;
14.7543;
10.2126;
20.7948;
10.896;
17.8499;
10.8932;
19.5978;
18.3116;
10.7381;
14.226;
15.9485;
18.0761;
22.7831;
24.0444;
12.9438;
15.2664;
14.4241;
19.6754;
14.9101;
22.7188;
12.644;
17.4674;
12.6011;
19.4422;
16.9463;
25.2095;
19.1791;
17.8993;
22.7608;
18.5741;
16.5648;
18.2587;
18.6758;
20.2801;
21.6022;
23.5319;
16.6762;
20.234;
13.9568;
19.7234;
17.9574;
14.9483;
13.5365;
16.4499;
20.1809;
22.8488;
22.653;
14.6468;
18.6884;
13.1304;
23.9149;
22.852;
23.9422;
21.1276;
18.4133;
18.6677;
13.9392;
17.6798;
16.553;
14.1714;
18.954;
15.4921;
14.158;
20.4305;
23.2574;
16.5345;
15.6161;
26.2356;
13.6075;
20.6135;
21.9798;
16.0022;
22.4464;
16.4497;
17.2746;
22.8114;
14.8054;
23.6855;
20.9038;
17.5994;
15.2775;
25.7332;
22.4139;
19.4641;
17.018;
15.2227;
21.7199;
17.0073;
25.8992;
16.0573;
18.9421;
21.5758;
21.5385;
15.6716;
12.3982;
19.7685;
21.0078;
17.7332;
14.738;
15.0009;
19.2991;
23.4716;
16.522;
11.6831;
23.4454;
8.84583;
15.45;
21.9884;
16.6954;
15.127;
24.894;
13.4525;
20.9114;
24.3661;
18.6348;
21.6423;
13.1475;
17.0004;
20.3714;
15.5451;
13.2036;
17.1394;
21.1147;
10.3219;
18.6986;
13.5314;
19.741;
17.7647;
23.0423;
19.6582;
18.3469;
19.6282;
10.7377;
13.0577;
23.3696;
15.8561;
12.9703;
20.3156;
10.3417;
21.0676;
10.9639;
22.2741;
20.2135;
13.342;
20.5403;
16.9618;
11.786;
24.1861;
22.5617;
14.7852;
14.6369;
16.2045;
10.8593;
31.9559;
13.9021;
15.2138;
23.7885;
19.7055;
16.7398;
16.2591;
18.12;
19.481;
20.2239;
24.0099;
15.6012;
23.1027;
17.1495;
24.2361;
16.236;
15.5994;
17.0926;
24.0683;
19.1194;
21.5796;
20.5579;
8.24283;
15.2844;
22.9018;
15.6619;
16.7139;
17.5383;
11.8497;
23.8412;
12.4522;
23.8049;
27.029;
22.4899;
20.562;
18.335;
19.6764;
11.0601;
20.334;
15.6183;
10.2792;
24.708;
18.0275;
10.3303;
23.6761;
11.7804;
19.3366;
15.0313;
19.3944;
22.0613;
26.0125;
20.5125;
17.772;
20.0084;
21.6515;
17.0741;
20.8189;
16.9156;
19.7851;
13.8588;
13.348;
15.7761;
15.0899;
22.8377;
17.1487;
21.0739;
11.9651;
12.4853;
11.2804;
19.3107;
17.5712;
17.524;
16.9494;
15.4056;
24.5401;
17.614;
17.4513;
19.4429;
21.3333;
23.6579;
20.4449;
19.5338;
20.3809;
19.3282;
12.8287;
13.387;
18.0324;
18.6255;
24.7954;
18.4394;
25.3181;
26.2961;
15.5674;
16.9643;
15.9904;
19.212;
17.6433;
17.985;
21.0861;
19.4602;
26.6172;
18.2566;
20.1329;
20.7595;
18.1911;
17.0389;
20.9164;
15.5509;
24.4743;
20.1302;
17.9441;
12.9623;
12.3781;
16.4299;
21.7505;
21.3543;
23.2447;
11.0948;
24.6582;
20.4281;
17.5461;
13.8445;
20.5906;
16.5818;
16.5675;
17.0067;
21.0807;
18.978;
20.584;
14.0968;
13.057;
24.6414;
17.8669;
18.3722;
11.1727;
16.7788;
18.7057;
10.6788;
12.5459;
15.9861;
17.3208;
11.1122;
23.3422;
16.5668;
17.0488;
15.7116;
15.5936;
19.2442;
20.6681;
18.122;
16.2778;
19.1104;
18.4596;
20.9991;
22.8669;
15.6144;
20.4949;
28.6197;
15.3446;
13.5923;
10.1444;
10.654;
13.87;
18.9326;
16.057;
21.4063;
19.3466;
24.5735;
21.3541;
16.1552;
16.6684;
17.5231;
23.1293;
19.956;
19.495;
17.056;
16.7934;
12.2021;
15.903;
23.2159;
16.6512;
17.3456;
19.5428;
16.0504;
20.8854;
8.96177;
17.168;
17.3516;
17.3507;
14.0975;
18.8141;
19.688;
14.0394;
11.8455;
11.6966;
28.0513;
14.2948;
14.3854;
19.0827;
22.6345;
17.9867;
18.1785;
21.0678;
15.8494;
20.7369;
13.2803;
14.4576;
16.9374;
20.9792;
19.4258;
15.2867;
14.572;
12.815;
18.5501;
11.2676;
20.8345;
12.9325;
12.0751;
25.4728;
13.9388;
14.8034;
13.0245;
22.5925;
16.3867;
13.5922;
17.8953;
9.87197;
15.7187;
17.042;
21.579;
18.8419;
17.537;
26.6964;
11.8618;
19.2639;
21.4244;
18.2184;
20.2573;
26.3924;
18.3545;
13.8727;
18.1237;
17.4475;
14.8888;
17.2705;
20.008;
15.9491;
11.8906;
17.0483;
15.7896;
12.2407;
10.6614;
11.4446;
17.6739;
11.7888;
13.5631;
13.1832;
20.069;
15.3221;
21.0838;
9.91559;
20.5668;
14.9552;
19.0939;
11.8282;
16.0866;
14.1663;
15.9297;
14.5192;
13.6335;
17.3083;
19.6467;
12.1344;
20.6974;
20.3962;
11.195;
17.3437;
16.9942;
11.9106;
22.7704;
12.8329;
19.8729;
14.4104;
16.842;
11.2523;
17.6376;
18.0591;
10.2202;
20.7008;
19.8622;
13.2275;
14.4624;
20.6051;
10.1631;
14.092;
16.2188;
15.0528;
15.9369;
17.0038;
9.22509;
15.296;
15.6244;
23.3096;
26.9901;
16.5666;
12.3741;
18.092;
23.2508;
14.3895;
18.8899;
15.3449;
25.8926;
18.5655;
20.8605;
25.9791;
19.6911;
16.7299;
23.5031;
18.4475;
21.2588;
20.7368;
11.8692;
19.1695;
13.9489;
13.9493;
19.735;
19.767;
19.5352;
16.4559;
19.2387;
18.8836;
17.9797;
15.0012;
15.0021;
14.1271;
19.5198;
17.0256;
18.3616;
20.8885;
23.4872;
14.9464;
14.7612;
14.3506;
19.6614;
13.7296;
13.956;
19.5866;
14.9568;
15.8987;
16.6712;
9.88723;
14.5798;
16.8754;
19.0446;
21.2617;
16.0292;
18.2455;
14.8149;
19.3751;
12.5151;
16.328;
18.4179;
21.9669;
16.136;
17.3737;
8.74793;
18.5358;
16.4924;
13.1371;
18.4525;
17.2142;
19.3436;
13.7692;
22.8831;
14.0512;
19.9591;
16.8823;
13.9627;
20.1528;
13.0736;
13.7431;
13.6639;
12.74;
11.9687;
15.6523;
12.2858;
20.6607;
20.4474;
16.8417;
25.475;
17.5274;
16.3814;
24.4004;
14.9337;
12.5523;
8.05435;
18.2533;
12.8113;
19.8368;
13.8553;
20.78;
17.4244;
12.4461;
23.4442;
11.8906;
13.8333;
15.7885;
16.0075;
12.4431;
13.5017;
17.7238;
12.187;
18.4323;
14.673;
19.8686;
13.8794;
17.4235;
18.381;
13.5536;
23.6207;
12.864;
14.1882;
15.2407;
13.1222;
14.8478;
21.338;
18.9649;
14.2784;
11.6465;
18.0838;
11.1268;
20.9489;
17.0006;
14.1599;
22.0296;
17.9457;
15.6047;
15.3924;
12.5201;
17.4724;
21.6528;
18.471;
11.8127;
17.8955;
20.8598;
17.1163;
15.4115;
19.4018;
13.4345;
20.0576;
14.0678;
19.1863;
13.4501;
20.0514;
12.4695;
14.9438;
8.35504;
17.7687;
18.1537;
16.8231;
16.7866;
23.6632;
20.1629;
21.6286;
18.6243;
20.9339;
16.9892;
19.6858;
12.5188;
11.6957;
14.5435;
17.7125;
19.7819;
19.7051;
13.2543;
15.2289;
13.4502;
20.3073;
21.747;
14.1798;
13.8911;
18.1419;
20.1797;
18.917;
26.1831;
18.3599;
14.3244;
16.7838;
19.1423;
14.9088;
19.725;
25.0073;
17.6906;
15.6921;
21.0509;
22.3085;
16.9444;
18.7177;
19.1849;
11.6348;
21.1021;
12.4742;
19.4553;
20.946;
12.3642;
15.5064;
14.5036;
16.5217;
19.7616;
17.6068;
21.0051;
16.64;
13.0993;
14.359;
18.745;
18.9185;
21.6526;
13.9592;
13.2647;
15.089;
15.4221;
15.042;
17.5171;
15.2483;
17.6723;
16.8911;
22.0909;
17.0126;
14.7687;
19.7739;
15.854;
15.136;
16.9381;
12.1004;
17.6179;
17.9093;
18.7592;
17.9946;
16.9804;
14.7273;
13.4315;
18.3086;
20.0412;
19.9728;
13.6551;
10.542;
20.0232;
16.5542;
16.6627;
14.5813;
16.5585;
15.7912;
12.9685;
16.0681;
10.9927;
18.3559;
19.3087;
15.9872;
18.2331;
23.9421;
14.7162;
24.2687;
16.2057;
13.0028;
13.4997;
11.1292;
22.1059;
9.02577;
9.10641;
12.1675;
20.4218;
11.7423;
17.3752;
12.9599;
11.8833;
20.8646;
11.9125;
14.5298;
12.587;
18.235;
12.8692;
20.5115;
12.8983;
15.2088;
11.6877;
14.6911;
12.1914;
17.5834;
15.784;
17.1971;
18.991;
18.3381;
9.18567;
17.5702;
12.2483;
15.2954;
12.7;
19.4187;
14.1104;
18.0648;
14.8853;
11.7378;
19.4147;
18.4499;
17.2515;
12.7916;
16.8109;
13.1935;
19.2793;
12.4639;
19.6499;
17.5739;
18.6564;
18.2278;
16.5897;
20.3177;
17.2023;
15.4502;
18.4881;
18.8847;
16.6913;
17.8993;
15.9848;
13.3371;
19.6744;
14.701;
10.0553;
10.884;
18.0735;
18.5967;
16.7876;
13.3189;
18.1538;
11.0732;
11.2883;
13.6044;
15.8781;
18.2733;
18.2416;
14.6145;
25.6152;
20.5257;
18.3003;
16.0463;
15.6654;
18.7866;
12.1578;
11.7432;
10.2708;
15.6501;
25.7843;
14.3301;
15.3467;
14.008;
12.6621;
16.6401;
15.6808;
24.2375;
9.28652;
18.4308;
21.4588;
14.8548;
8.42542;
17.0494;
19.9319;
12.6666;
14.9232;
17.8464;
18.5898;
15.9024;
12.1679;
16.8792;
17.5569;
17.4991;
13.1391;
17.531;
16.8896;
11.029;
24.3476;
14.0014;
18.7153;
13.5749;
16.2228;
17.1753;
17.191;
14.1211;
23.7315;
21.2795;
20.62;
7.93081;
7.51633;
16.7091;
16.7448;
14.5992;
14.5098;
14.9769;
17.5981;
16.6842;
14.1593;
17.6922;
14.3538;
17.8184;
11.7948;
15.2462;
23.1148;
14.4354;
15.6979;
14.0198;
15.3581;
24.892;
12.5718;
16.4372;
17.1772;
12.7812;
15.3081;
21.3159;
16.9141;
21.4426;
16.5411;
10.9797;
19.0831;
17.2959;
14.5901;
14.9102;
13.0285;
15.3635;
13.7845;
19.2431;
10.3721;
16.3365;
14.6306;
23.4903;
11.4855;
18.5427;
11.5142;
16.8716;
18.1424;
19.4437;
19.7671;
20.6562;
12.3702;
11.5876;
13.6682;
16.7939;
11.3747;
20.1263;
16.568;
17.8163;
14.4953;
18.5007;
18.1229;
15.0413;
13.4252;
16.4264;
19.2571;
15.7432;
13.2224;
10.141;
16.9852;
18.9282;
20.9067;
18.8603;
13.7613;
22.3273;
12.3787;
15.7823;
13.2167;
19.2888;
11.1802;
15.7057;
20.1806;
14.7659;
9.80709;
17.1467;
12.698;
19.3507;
10.2331;
23.2161;
12.5285;
17.1383;
13.4811;
18.8152;
9.33335;
16.2715;
13.6753;
14.9579;
16.9185;
13.673;
16.2738;
18.4029;
18.5853;
12.142;
13.9636;
13.5438;
16.1022;
16.2717;
10.1625;
17.7118;
10.7283;
17.5491;
14.3578;
11.8498;
11.6753;
13.7986;
12.1582;
14.8821;
18.9936;
11.6054;
12.8618;
14.3379;
16.2313;
13.134;
13.4369;
21.6475;
14.9694;
18.9883;
15.7924;
15.7493;
21.5457;
11.5518;
25.6244;
20.4917;
11.5179;
11.9401;
17.5852;
23.0256;
16.0121;
17.8449;
11.4904;
18.966;
16.0092;
20.4212;
15.3544;
15.8233;
22.991;
10.5861;
10.0479;
12.0593;
22.7837;
11.9039;
13.9067;
20.6222;
16.2804;
12.3449;
20.8461;
23.3984;
10.156;
11.4893;
17.7615;
13.1658;
10.1039;
22.9733;
13.7174;
8.60799;
13.2565;
7.92084;
12.324;
11.0988;
15.8481;
14.3034;
15.0208;
12.8404;
10.2163;
14.9278;
18.1926;
12.7092;
17.3101;
18.1563;
14.1535;
19.1692;
13.722;
14.8825;
11.2608;
24.4411;
11.3687;
18.1852;
15.6097;
12.8089;
22.4101;
19.6945;
18.3397;
11.8247;
18.2319;
11.711;
20.697;
17.0131;
11.723;
15.3398;
14.0973;
17.7301;
10.9945;
15.6345;
14.2739;
15.2333;
19.3037;
14.2671;
13.5729;
15.634;
15.0057;
18.4158;
19.079;
23.8681;
10.1208;
15.4734;
9.41971;
18.1069;
11.2876;
10.1702;
10.2306;
13.229;
18.1524;
14.4141;
12.202;
18.044;
15.0589;
12.2444;
7.4323;
16.9259;
16.9723;
15.7514;
11.4708;
14.8134;
8.99325;
18.0909;
14.6482;
14.968;
11.3598;
15.0303;
12.7992;
25.9075;
9.78887;
11.4355;
15.7194;
9.41386;
18.6188;
11.1292;
13.4698;
15.5432;
7.29874;
16.24;
11.4415;
12.7874;
20.0087;
16.6351;
12.5731;
13.8911;
12.5132;
20.86;
12.9576;
18.5443;
19.4319;
6.41177;
13.5467;
24.5367;
12.3133;
20.2294;
13.395;
5.69135;
15.1071;
9.96437;
17.4885;
9.38705;
14.2757;
13.7486;
16.7304;
18.8672;
15.3119;
19.6134;
17.4059;
20.6261;
13.0132;
15.0103;
13.3804;
20.7129;
15.2208;
19.0329;
14.8558;
21.711;
15.7364;
15.2671;
21.276;
18.4153;
16.9768;
16.5517;
13.6479;
10.5738;
14.9799;
9.44377;
15.8632;
16.5705;
16.7648;
18.6069;
11.2045;
21.5642;
11.5656;
17.9518;
10.3835;
14.7551;
10.0405;
15.8112;
13.9795;
16.099;
13.3647;
14.9932;
14.1813;
13.3279;
10.9166;
18.5273;
22.6772;
16.9129;
14.8918;
14.9932;
12.3822;
15.5668;
11.2634;
18.745;
10.8083;
14.9789;
12.648;
17.4424;
11.1058;
15.0143;
20.0961;
11.1903;
14.695;
16.9162;
15.9779;
9.53672;
11.3315;
11.0129;
12.8355;
17.3056;
15.5271;
22.5273;
16.2743;
10.5726;
16.259;
11.7593;
14.134;
15.498;
14.806;
8.21485;
17.4628;
13.8394;
18.0487;
15.8257;
14.9368;
12.6048;
18.8229;
8.85316;
23.0732;
10.7217;
8.17667;
15.0299;
12.9131;
9.5768;
19.8658;
13.6168;
8.49785;
17.2879;
16.0011;
13.4382;
15.8227;
18.419;
17.5731;
17.1471;
12.7369;
14.0912;
18.5655;
15.586;
18.0975;
19.463;
12.1878;
17.4398;
11.8664;
13.7096;
19.3689;
15.084;
24.6711;
19.9607;
15.3512;
18.4391;
13.89;
12.7089;
14.1351;
12.2511;
19.3119;
19.8331;
22.4476;
17.2696;
11.9455;
15.9872;
16.1521;
21.3933;
13.4846;
20.3256;
18.1745;
15.6261;
16.7437;
16.2457;
11.5044;
15.6063;
8.66505;
18.326;
14.6537;
18.9816;
18.2702;
13.2576;
18.16;
9.47367;
14.6895;
13.4303;
11.6436;
12.7238;
15.5315;
16.2412;
18.498;
15.047;
22.4552;
18.3352;
13.6908;
13.1732;
12.3711;
17.9084;
15.0204;
20.6826;
16;
14.8483;
17.9724;
14.1135;
14.7573;
13.6119;
16.3359;
13.2469;
11.2763;
12.9987;
13.9478;
22.2811;
13.0358;
18.8595;
15.4151;
27.2322;
14.0554;
12.7466;
18.8809;
12.1316;
20.8101;
13.5805;
12.8062;
17.3432;
20.9977;
19.7916;
15.3355;
11.9706;
10.5028;
16.641;
11.4214;
15.6104;
14.8196;
15.5069;
12.2865;
16.1324;
13.8304;
15.4662;
19.4008;
17.1586;
18.2834;
13.2738;
13.6918;
18.2447;
16.4737;
11.2892;
14.7388;
14.8498;
12.7495;
14.9305;
9.21689;
13.6624;
17.638;
13.4453;
15.6754;
17.515;
11.9588;
14.7336;
13.9434;
18.3769;
13.8002;
13.4514;
11.8573;
16.573;
11.688;
15.3132;
12.7789;
10.9255;
19.2499;
12.1583;
13.2172;
20.3993;
19.168;
14.6478;
17.9458;
14.789;
20.9527;
14.2033;
17.5397;
16.8942;
15.453;
11.1612;
13.5626;
18.7483;
19.4552;
11.6803;
10.463;
12.5619;
13.1125;
14.2889;
14.7278;
18.3583;
11.3538;
13.8497;
16.8279;
9.95069;
11.7252;
11.1661;
16.5751;
21.62;
12.8742;
17.9761;
9.65469;
17.6458;
8.97848;
14.188;
16.9026;
9.59635;
15.6737;
19.0371;
14.2247;
17.5208;
14.2972;
18.2737;
10.4945;
10.0342;
10.1989;
20.107;
8.34186;
15.8413;
15.5372;
19.9332;
18.3471;
12.4833;
12.7699;
13.2181;
12.5579;
17.7959;
17.9167;
12.7149;
7.31173;
12.9564;
11.6331;
18.7401;
9.68752;
17.0421;
10.5377;
11.3441;
13.1703;
14.9073;
8.96168;
15.7464;
15.8925;
11.8416;
13.2322;
16.0706;
8.57003;
15.2217;
11.3774;
13.6358;
13.9641;
13.7719;
16.2437;
12.9303;
16.3034;
10.8516;
13.4779;
18.5769;
16.3592;
11.2665;
13.6428;
12.9554;
10.2154;
15.1512;
14.5723;
12.9678;
8.80446;
12.0829;
16.3478;
9.40561;
12.4772;
14.7738;
15.4809;
14.3126;
17.7871;
10.8821;
14.574;
12.424;
16.6774;
10.2266;
19.5262;
10.1885;
19.2249;
10.3019;
19.9774;
14.7856;
16.6851;
14.2392;
15.4923;
18.0471;
15.6278;
12.0631;
13.6795;
10.2116;
18.6153;
15.8537;
19.3646;
11.3506;
13.2182;
18.3928;
15.2375;
10.3449;
16.4935;
12.0826;
14.6822;
10.256;
18.4509;
11.4829;
16.6629;
18.3908;
9.30838;
17.5565;
9.75751;
11.9092;
20.2017;
14.2317;
13.2713;
20.1679;
12.2856;
14.6174;
10.9657;
12.2103;
11.843;
19.4687;
8.27273;
16.5812;
13.0966;
17.8768;
16.1291;
14.4921;
12.5723;
13.3723;
14.6426;
8.02898;
14.9565;
10.7789;
13.6904;
9.22473;
8.24112;
16.9119;
13.0107;
16.7904;
9.85986;
16.0122;
10.2216;
12.5319;
21.8148;
17.2925;
12.0103;
12.0561;
19.3737;
16.5228;
10.7915;
8.91117;
16.7616;
14.707;
12.5108;
12.2972;
17.04;
11.0483;
16.2317;
13.8899;
17.175;
8.44107;
10.4341;
10.708;
18.356;
12.2763;
16.0909;
16.1322;
14.1598;
13.7962;
16.7091;
13.9029;
17.791;
12.8159;
14.079;
10.6134;
11.5209;
11.4071;
12.3521;
18.6874;
11.8527;
16.8807;
10.5074;
14.9656;
13.7343;
12.8579;
19.1207;
21.0775;
9.8632;
18.7754;
13.9544;
10.3755;
20.9052;
11.9164;
16.5874;
11.9995;
16.3021;
17.6527;
14.9736;
9.30884;
15.9564;
16.9349;
13.8612;
11.5076;
9.27064;
12.0862;
13.7755;
17.9511;
9.43901;
9.50559;
9.87679;
11.4628;
17.1354;
11.3302;
18.0418;
16.1001;
13.1723;
11.37;
7.62628;
12.0519;
13.0493;
13.6265;
18.0858;
16.6304;
10.983;
14.3774;
17.2075;
14.2965;
9.64656;
16.0146;
11.1309;
16.3023;
13.2824;
16.374;
13.6674;
13.4842;
17.1205;
17.0964;
15.0099;
12.7221;
12.1756;
21.7602;
10.1075;
11.2654;
12.8711;
11.859;
15.3484;
11.3858;
14.7737;
15.5272;
13.1633;
10.9785;
11.6017;
23.7624;
14.7798;
11.5253;
11.1609;
13.7209;
17.3717;
10.1237;
14.7541;
13.1822;
9.85576;
10.0342;
12.5469;
10.4285;
15.2109;
10.6616;
15.0615;
11.8194;
17.1297;
13.8555;
15.4792;
18.3969;
14.4984;
15.2513;
13.3538;
15.347;
12.8346;
18.926;
17.0082;
15.5778;
11.0546;
14.1714;
10.4091;
11.2241;
12.6372;
17.5695;
11.9715;
11.2243;
15.0087;
10.8753;
14.454;
11.8013;
13.5713;
11.0366;
14.0992;
16.0627;
14.1643;
15.3233;
15.5081;
13.5398;
12.4269;
15.0219;
11.638;
14.449;
18.0395;
11.9259;
9.30025;
15.0754;
15.2082;
10.7066;
22.7331;
10.7532;
12.6582;
8.47962;
22.3509;
19.8467;
9.09158;
10.8366;
11.5281;
16.9084;
10.9209;
17.9689;
8.6737;
14.0514;
16.2605;
11.8847;
17.5525;
9.36268;
13.2487;
14.4041;
16.2543;
10.6403;
8.84917;
13.8866;
9.267;
17.6314;
12.2252;
16.5684;
15.969;
11.52;
12.5436;
9.48492;
13.487;
19.4555;
15.3685;
21.2277;
11.3465;
14.0012;
12.7351;
11.2424;
15.1047;
12.2497;
11.1648;
8.77519;
11.0456;
7.01949;
14.3223;
10.8531;
11.8102;
13.2847;
10.3571;
12.5366;
8.38242;
14.0164;
13.1785;
12.2476;
12.6323;
15.8146;
11.1459;
16.8148;
9.71924;
16.8325;
7.07661;
9.80959;
25.7402;
12.8075;
7.11989;
6.76468;
12.196;
21.8894;
18.2362;
7.19735;
21.1768;
8.73646;
13.8671;
10.0938;
10.1181;
12.8102;
9.7728;
12.1424;
13.6695;
11.0367;
13.0092;
12.8038;
14.5905;
8.71877;
13.2692;
12.6319;
13.8267;
14.0857;
17.3748;
11.9273;
16.3608;
16.2677;
13.6126;
17.5477;
20.738;
12.5642;
12.934;
11.2741;
10.6505;
14.7217;
10.6411;
15.8494;
15.2492;
9.63624;
18.692;
8.47905;
19.4769;
17.4372;
19.0043;
13.4731;
11.9779;
12.056;
21.9525;
10.6385;
14.1243;
16.0411;
14.4565;
13.5894;
14.4472;
11.3032;
8.70951;
7.26457;
18.5916;
8.70122;
21.3243;
11.6318;
14.3403;
10.9472;
12.6129;
16.8398;
15.2368;
16.4361;
16.3875;
12.1807;
8.36444;
9.96658;
13.9321;
11.2148;
13.2301;
11.9872;
15.7008;
13.7212;
19.669;
14.509;
14.2487;
11.3562;
12.1148;
9.97282;
12.5495;
7.8624;
13.9904;
10.2185;
14.8765;
18.6859;
16.1352;
15.4641;
10.6185;
12.1359;
12.197;
11.9407;
10.8324;
9.90656;
9.98909;
9.20691;
13.2945;
9.97553;
15.5814;
18.8881;
10.7983;
20.6071;
10.8814;
12.4209;
10.644;
15.2407;
14.6024;
13.5184;
12.6407;
14.2336;
10.3185;
13.6849;
14.7451;
9.93224;
10.0767;
8.15598;
15.2756;
13.2036;
9.95456;
8.21563;
11.8478;
8.87276;
14.6785;
17.0989;
12.7912;
13.7518;
10.0482;
22.9757;
9.47877;
19.2998;
21.2107;
17.8561;
15.2222;
14.1959;
11.3161;
14.5682;
11.1323;
14.7741;
14.5759;
11.49;
14.1095;
9.64517;
19.3783;
9.39064;
14.79;
12.4862;
17.9114;
9.46893;
15.2059;
11.8589;
10.567;
11.2258;
10.3173;
15.9689;
9.59451;
12.2681;
9.72165;
18.4536;
14.0422;
17.3563;
17.8353;
11.8325;
16.0918;
7.1937;
14.6;
15.3813;
12.4532;
11.6731;
21.6842;
12.1772;
10.6974;
15.6383;
10.8931;
11.4553;
15.0595;
11.0318;
14.0877;
12.9011;
17.1307;
10.1165;
19.7321;
16.9207;
10.6726;
9.75676;
15.1477;
9.27063;
12.5345;
19.736;
12.749;
16.61;
14.1273;
19.3796;
17.4405;
15.7922;
17.1295;
18.7676;
11.6067;
9.19851;
13.9451;
17.7117;
12.713;
10.587;
12.8177;
12.2212;
8.79881;
10.2476;
19.6978;
11.417;
10.148;
17.2278;
18.018;
18.8954;
11.9653;
13.1978;
9.00167;
10.5595;
8.96047;
16.3862;
9.04242;
16.0147;
12.6447;
17.9257;
14.6642;
9.99859;
11.8134;
14.0224;
10.4882;
13.7212;
8.52842;
9.88777;
11.8463;
14.6744;
14.9711;
13.5384;
14.9705;
11.0191;
12.3228;
8.84729;
14.0989;
18.3366;
15.6608;
14.9058;
11.0073;
10.0759;
10.2716;
10.7969;
11.516;
16.1992;
17.2756;
9.18833;
8.99051;
12.8592;
11.4361;
11.2623;
16.2398;
16.0094;
8.89222;
12.728;
9.19992;
12.1569;
8.86859;
8.6365;
16.0265;
12.9142;
16.4879;
12.3971;
22.5704;
8.69746;
13.3086;
9.73651;
11.5409;
15.7867;
8.31135;
16.0625;
10.3027;
13.2654;
12.2552;
11.294;
10.3183;
14.7659;
14.1501;
14.2115;
12.5876;
13.4643;
12.3788;
9.00665;
13.4861;
6.76737;
14.3482;
11.2253;
19.7715;
9.55268;
13.9992;
12.8512;
17.4325;
14.1034;
9.59111;
11.9888;
8.55014;
17.1378;
10.5973;
12.2446;
11.4992;
13.2294;
14.4016;
14.0252;
13.0975;
9.424;
14.4333;
16.4905;
8.59168;
11.057;
17.4911;
11.1749;
11.3008;
10.2383;
13.684;
17.7879;
13.8557;
13.3334;
13.1088;
9.87516;
13.3543;
11.6428;
13.5071;
12.8573;
10.6803;
14.5177;
7.95925;
10.8227;
19.5101;
11.8886;
15.1013;
18.1452;
9.46683;
12.7894;
10.7769;
18.7503;
17.6235;
16.0668;
14.4357;
7.00228;
16.2778;
8.44781;
12.0003;
15.4726;
13.8596;
10.3225;
19.7113;
11.4033;
14.9296;
10.5004;
10.2486;
16.7893;
12.0927;
17.7376;
8.23926;
10.3006;
19.7349;
14.9818;
13.9287;
17.9667;
10.1833;
6.68014;
11.6035;
18.1843;
13.8159;
12.9595;
10.9837;
13.5799;
6.71055;
13.1563;
11.3521;
11.2401;
13.8788;
8.74139;
15.2135;
11.8205;
12.7355;
16.9472;
14.3298;
7.47;
11.5758;
16.0596;
14.2805;
18.1202;
11.3016;
11.5146;
10.6853;
7.76726;
13.4146;
12.0173;
8.8039;
14.3677;
16.597;
14.6033;
16.5683;
15.9421;
15.0765;
7.10694;
10.7263;
13.8206;
12.108;
10.8134;
13.3427;
10.384;
21.6169;
8.9486;
12.1162;
11.0837;
13.8146;
20.7755;
11.3932;
10.2447;
14.466;
12.2895;
14.4073;
8.32606;
12.6574;
8.44612;
8.41082;
15.1635;
12.6796;
10.4478;
13.6156;
14.4047;
19.446;
12.5485;
16.3595;
11.7706;
16.8085;
14.3036;
18.6326;
13.1794;
16.1634;
11.8586;
14.9322;
10.8617;
19.7093;
11.0988;
13.839;
10.0386;
13.5287;
11.8967;
18.869;
17.4566;
12.9379;
15.2458;
7.9044;
13.1224;
10.1461;
14.4909;
12.4081;
11.132;
10.5828;
13.334;
14.5312;
11.8236;
10.9914;
11.9894;
15.5601;
7.12306;
17.8814;
10.156;
19.7436;
11.913;
13.4709;
10.1012;
17.7978;
16.4753;
10.4771;
15.9404;
11.6694;
17.7435;
13.0886;
13.0617;
13.8757;
13.0545;
19.3503;
8.69898;
8.99565;
20.7857;
16.4567;
13.711;
11.6716;
15.2233;
12.0393;
15.3664;
16.2839;
9.3408;
13.4146;
9.25477;
13.1766;
13.302;
20.6538;
10.6484;
12.8945;
10.2339;
13.5809;
11.9233;
10.7698;
11.4451;
9.54763;
17.2964;
13.969;
8.8602;
13.0832;
8.41462;
16.7782;
12.7629;
12.7446;
13.2229;
17.1461;
11.5198;
19.8564;
12.4395;
11.9067;
12.1775;
14.0609;
8.92342;
11.6251;
16.069;
11.9977;
17.4864;
10.4999;
10.682;
18.9801;
16.8256;
9.22854;
12.1972;
12.9089;
16.9363;
7.89654;
15.8718;
9.8981;
8.11852;
9.6746;
11.3145;
12.0111;
11.8571;
8.788;
13.2083;
8.66222;
9.8684;
9.54682;
10.0609;
13.5061;
14.1385;
12.6508;
15.282;
12.0327;
12.0496;
8.60465;
8.6399;
15.9956;
16.4518;
16.6933;
9.36379;
17.1434;
12.6848;
12.84;
9.50073;
15.9535;
10.4584;
13.732;
18.4159;
11.864;
10.2029;
6.30569;
11.7184;
12.2622;
16.5441;
7.75804;
19.7162;
10.7729;
10.285;
8.65716;
14.5693;
11.0576;
16.7138;
12.6245;
12.0405;
8.87538;
19.3788;
11.1966;
11.7283;
12.6569;
15.0376;
8.5113;
15.716;
10.6121;
12.1474;
14.3435;
18.1202;
12.0235;
12.8061;
8.36789;
14.2096;
12.8289;
13.729;
10.7064;
12.3574;
12.4726;
13.7249;
12.459;
8.24099;
12.2901;
8.73673;
12.3971;
14.7093;
9.85382;
17.0692;
12.5965;
6.34373;
10.5941;
15.4029;
16.3578;
12.392;
12.6658;
14.0325;
13.6176;
16.3561;
13.4111;
12.5949;
11.5425;
8.45498;
10.9929;
15.7408;
6.42245;
9.03606;
8.82051;
18.3919;
20.1931;
8.05705;
12.0862;
8.99131;
13.1136;
10.3375;
15.0609;
9.85391;
15.6572;
14.77;
17.3725;
10.7292;
12.3032;
17.1619;
13.8369;
11.8441;
16.3745;
11.5438;
12.883;
12.3999;
16.873;
10.1111;
8.02507;
9.66023;
8.11106;
11.3474;
10.4453;
14.4548;
16.8538;
10.8166;
14.5166;
19.5305;
11.3982;
17.3105;
8.53426;
13.6533;
11.0715;
17.9797;
13.288;
9.74667;
14.0641;
7.30128;
12.0199;
13.5627;
7.99718;
15.6963;
10.971;
14.8992;
9.70867;
10.503;
18.0845;
14.6715;
17.7285;
10.0618;
17.9241;
7.73215;
14.7727;
12.822;
14.411;
9.81921;
14.349;
8.50962;
14.6491;
9.78296;
16.6892;
9.54856;
12.5835;
9.17811;
12.1518;
10.7183;
12.9452;
16.9087;
8.88503;
15.2409;
12.4521;
15.6397;
11.6067;
12.2672;
10.9932;
13.9133;
11.1795;
19.5762;
12.0352;
10.3903;
14.9907;
11.0332;
10.6761;
8.59308;
16.2318;
12.7762;
18.0198;
12.8395;
14.6719;
10.418;
10.5534;
13.0986;
15.8609;
11.8635;
7.74062;
9.34571;
12.0223;
11.0731;
15.8872;
11.7559;
13.3665;
7.71521;
10.2997;
7.8534;
12.406;
16.8059;
7.82859;
15.2599;
12.5022;
13.484;
9.31943;
15.2237;
10.6979;
17.6744;
14.3219;
12.5017;
8.49416;
19.1161;
13.1815;
11.3702;
12.5484;
16.0949;
10.7798;
11.0095;
13.9969;
9.00374;
11.7597;
15.2149;
10.9771;
10.3869;
15.8966;
12.0368;
14.0166;
16.5607;
8.31021;
14.8451;
8.80347;
8.97189;
13.3458;
17.3966;
16.336;
14.0872;
11.2787;
11.0505;
20.1481;
10.5215;
11.3797;
9.06622;
14.6383;
10.0075;
17.1398;
18.4641;
15.2518;
15.4395;
17.7724;
9.60142;
10.8275;
13.3777;
14.7866;
10.7662;
12.7711;
10.1947;
11.7496;
9.74014;
16.5815;
11.9549;
11.733;
10.3603;
12.2111;
16.9536;
9.5421;
14.2186;
11.6988;
9.54851;
8.32324;
9.88974;
14.3412;
11.826;
12.6084;
13.3017;
13.5952;
10.7973;
9.00042;
15.5148;
10.1473;
18.478;
10.4779;
22.899;
10.4015;
12.3418;
9.48377;
8.6915;
10.922;
13.3732;
12.7012;
12.5196;
16.8996;
10.6012;
12.2182;
12.5079;
8.62869;
16.3281;
12.4412;
11.3496;
8.22663;
11.1027;
16.581;
16.4574;
11.4982;
10.3592;
9.11281;
8.7931;
18.1465;
8.60252;
17.1307;
11.4117;
10.7346;
9.389;
8.62565;
11.51;
11.0948;
12.3342;
7.59212;
16.5828;
15.7629;
15.6491;
11.3335;
16.1565;
10.479;
15.7089;
10.7604;
17.0142;
8.23898;
23.129;
9.08207;
6.98457;
11.2202;
8.43418;
14.0486;
11.6213;
9.09752;
16.4191;
11.0053;
9.49743;
10.4664;
8.79089;
10.3617;
12.835;
12.4722;
11.5623;
10.2915;
12.2972;
11.7908;
13.6725;
15.3412;
12.1165;
12.2666;
9.80728;
12.7176;
12.0071;
13.6517;
12.8583;
15.2848;
10.6714;
12.7521;
15.0611;
10.3299;
8.90961;
15.7297;
10.3009;
11.2501;
8.9946;
7.79368;
18.8797;
14.9352;
8.38918;
13.7326;
12.3144;
9.7475;
13.5433;
8.77295;
11.421;
10.1802;
8.04726;
10.4239;
12.6928;
6.14959;
8.79689;
8.5242;
9.37701;
13.1038;
8.18226;
15.1708;
12.3302;
16.4498;
11.9559;
13.321;
14.7752;
13.9667;
9.45925;
10.6217;
12.0608;
14.6023;
15.448;
12.5641;
16.4527;
14.1572;
14.3201;
8.50674;
15.4592;
12.21;
9.16589;
12.4144;
7.45776;
15.735;
11.9298;
14.1069;
11.4057;
14.4232;
10.5668;
14.804;
13.505;
9.13773;
8.38556;
8.03037;
9.06648;
15.0648;
13.7542;
9.41081;
11.6321;
17.0006;
12.9562;
11.1351;
16.754;
10.9252;
16.016;
10.5017;
12.8923;
8.39576;
13.6993;
14.8548;
15.0459;
8.75939;
12.9109;
10.2904;
14.7828;
11.1074;
6.88009;
13.3348;
8.07763;
13.3687;
13.4472;
13.3725;
9.97801;
11.9382;
14.6064;
9.12787;
11.4339;
8.86901;
12.7316;
5.91505;
12.9859;
9.34122;
10.8682;
11.0681;
13.7818;
9.43756;
15.6094;
12.7057;
9.54246;
9.84626;
13.9282;
13.5171;
13.332;
10.0108;
9.19086;
9.78437;
12.3695;
9.32432;
11.4851;
17.1581;
10.9461;
10.9192;
13.2633;
11.6436;
16.1556;
14.3282;
10.8275;
9.5194;
14.753;
8.95757;
11.0318;
12.1354;
14.256;
10.9305;
9.31826;
9.83928;
13.3097;
18.2874;
10.4331;
13.6859;
13.9557;
6.8705;
15.2598;
13.2286;
10.4472;
11.0363;
12.6367;
12.9279;
9.76521;
12.1772;
11.2089;
13.1963;
16.8119;
11.5184;
10.3686;
13.0081;
13.0759;
12.5546;
9.005;
10.6485;
10.5927;
16.2995;
14.4208;
10.1804;
13.2686;
10.6418;
6.93989;
15.0528;
7.59995;
12.6796;
13.282;
16.5763;
9.48816;
13.3318;
10.5884;
9.29862;
6.40844;
9.22652;
12.233;
11.3741;
14.0391;
9.53277;
10.3523;
9.02919;
15.6614;
8.59494;
15.1818;
20.5436;
10.9243;
12.4351;
18.8996;
9.75352;
11.5286;
14.8297;
11.0678;
10.0223;
11.5438;
19.0712;
9.39688;
9.89253;
13.0123;
8.87816;
12.0319;
10.6866;
13.0738;
8.21204;
9.79302;
8.91541;
12.3662;
15.0093;
12.8511;
9.67158;
15.8125;
12.1563;
9.82989;
11.0372;
11.5018;
11.2441;
9.38379;
10.7644;
16.1391;
8.27799;
13.2689;
9.50439;
16.6466;
14.7519;
17.9769;
14.7048;
12.3922;
12.6697;
14.2988;
8.4846;
12.8406;
8.66103;
10.5474;
12.2403;
7.14795;
13.9434;
8.76084;
16.7418;
9.84016;
13.5768;
8.64129;
12.9841;
11.8161;
13.2018;
10.4962;
15.045;
18.7189;
13.4033;
14.3352;
10.995;
14.9026;
10.5768;
16.0639;
8.08001;
16.5063;
13.9286;
15.135;
11.5841;
18.616;
13.6987;
9.44334;
8.69379;
10.1835;
15.9501;
13.7055;
10.2863;
10.3638;
10.0612;
12.3337;
12.3957;
9.79528;
11.5309;
11.8186;
12.6082;
5.03595;
13.5565;
14.6027;
16.5826;
7.5445;
13.7633;
8.69798;
11.1703;
10.7313;
7.96316;
13.3274;
9.21463;
16.2544;
10.1738;
11.6226;
16.9106;
10.1185;
10.3053;
16.3189;
16.3846;
14.3566;
8.25503;
17.5386;
10.2734;
16.5075;
13.6576;
17.0162;
9.34043;
8.30216;
11.7683;
12.8685;
6.99352;
8.2847;
11.5926;
12.6009;
13.2891;
14.5358;
9.68158;
11.1856;
9.17283;
12.8189;
7.95899;
14.8765;
8.83618;
11.3073;
7.19551;
19.4278;
7.18547;
12.9817;
10.3181;
10.9093;
10.0511;
8.32364;
13.4852;
7.34794;
12.9254;
14.403;
9.75615;
18.0528;
12.1742;
16.1141;
10.7716;
11.766;
19.533;
10.877;
8.65747;
14.0768;
7.78341;
18.846;
8.73154;
17.8935;
6.52727;
15.4708;
9.16469;
13.8347;
9.18739;
12.855;
10.5355;
10.1196;
12.4848;
11.9406;
10.305;
11.0384;
12.2397;
15.0391;
17.3263;
14.546;
8.55019;
12.6956;
11.5761;
15.1009;
11.5742;
14.4743;
12.5633;
9.69309;
17.8886;
11.3337;
12.5377;
10.4202;
14.7695;
15.4946;
9.96581;
15.021;
13.0988;
11.497;
11.9421;
8.53586;
13.132;
13.766;
7.27711;
13.7359;
11.4678;
14.2641;
8.94603;
13.8331;
8.96417;
8.82012;
11.4874;
7.99769;
14.1045;
9.79013;
11.047;
11.1106;
13.0948;
9.68863;
16.6915;
11.8385;
13.8978;
11.1032;
11.0902;
9.00406;
15.0942;
8.93533;
13.9937;
11.5419;
15.4438;
11.8186;
8.74615;
18.7327;
6.06818;
14.1698;
7.35851;
10.4305;
9.38995;
12.3401;
11.92;
13.4183;
9.40885;
9.93066;
12.4453;
6.69766;
10.4448;
12.4024;
9.27258;
8.16952;
13.3021;
13.5017;
13.0258;
9.99908;
14.2722;
16.1476;
12.1242;
8.51891;
11.3877;
9.76161;
13.2921;
8.45287;
10.3279;
9.91422;
18.5502;
11.9974;
14.821;
15.3671;
9.20077;
19.1199;
13.4745;
10.2601;
15.637;
8.15584;
10.7299;
9.42822;
11.2174;
11.6086;
9.20918;
16.8831;
9.77377;
8.97696;
13.619;
10.3857;
11.1781;
17.2296;
10.396;
14.0027;
14.6475;
11.4902;
10.5714;
9.46041;
10.0098;
11.7971;
13.6829;
20.3915;
13.9204;
12.2022;
13.8313;
14.0485;
13.47;
9.5093;
13.1897;
12.2348;
11.8614;
13.4462;
12.5921;
14.539;
14.4963;
10.0153;
13.0637;
14.3747;
13.6587;
14.0593;
12.4903;
12.8896;
13.6444;
13.2786;
14.6487;
11.9756;
18.2549;
19.9865;
12.2236;
8.53074;
12.9995;
13.8052;
12.3188;
20.1864;
10.9802;
17.2527;
14.8486;
7.8062;
7.22268;
9.10422;
11.149;
13.5692;
12.4516;
12.518;
14.4608;
16.1588;
12.5245;
15.4986;
11.0046;
14.1907;
17.3626;
12.8305;
7.38778;
16.5548;
8.60997;
10.9675;
12.0592;
7.9841;
11.3886;
13.0758;
12.571;
10.4701;
12.6097;
9.47801;
13.9352;
14.3838;
12.6277;
8.47194;
14.9753;
10.7027;
13.8254;
9.90643;
10.9768;
8.27004;
13.6343;
14.6033;
10.4975;
10.7079;
12.5759;
15.1768;
15.3925;
13.5144;
14.8455;
11.1778;
14.796;
12.3169;
10.8674;
9.72762;
12.9578;
7.6858;
12.3576;
11.7194;
12.2934;
16.3202;
9.9827;
15.1523;
13.0382;
11.7542;
10.5268;
13.6496;
14.8102;
14.406;
13.8517;
13.9211;
12.5525;
12.838;
10.4642;
10.4061;
10.1887;
8.78653;
8.43776;
9.05524;
10.8156;
10.022;
12.9726;
15.5285;
11.8434;
12.7273;
11.4507;
13.5661;
14.1373;
11.5191;
10.2567;
9.83175;
10.4187;
14.0191;
12.5807;
12.3565;
11.6546;
12.5212;
7.25252;
11.1907;
12.1706;
10.6489;
4.41797;
15.6634;
8.7162;
9.20148;
8.72142;
12.3327;
11.1431;
14.0708;
10.2062;
11.6873;
10.8645;
13.9695;
6.09977;
11.0092;
11.6877;
10.4064;
11.9153;
8.77255;
12.4024;
10.7094;
7.91912;
13.1845;
11.019;
11.4863;
5.21714;
9.57403;
10.2658;
11.1681;
14.1177;
8.05829;
8.89071;
9.38326;
11.982;
10.6031;
10.3843;
14.865;
13.9563;
8.61862;
16.9612;
14.5065;
9.51641;
9.57296;
11.8642;
8.21722;
9.31297;
11.5751;
6.63677;
9.05823;
13.2989;
11.2497;
11.4576;
13.2958;
8.04294;
12.4707;
8.42729;
12.3606;
15.2304;
12.792;
9.33761;
8.04297;
9.7542;
11.857;
9.86423;
11.2772;
11.7435;
10.1011;
11.79;
8.23869;
11.1666;
11.8169;
10.1533;
9.77972;
12.6773;
14.7849;
17.2311;
7.70356;
7.11793;
9.81802;
13.1044;
10.7572;
15.273;
10.4625;
9.78757;
8.79351;
18.7598;
8.24359;
9.7829;
11.4894;
10.063;
9.46398;
9.85334;
9.1388;
13.7484;
7.8804;
12.2811;
18.1259;
14.7319;
10.0374;
7.66793;
7.1296;
14.7258;
15.9202;
15.731;
10.2734;
6.84264;
10.3122;
15.1363;
14.5121;
15.4864;
14.5322;
11.1627;
13.2526;
8.72022;
14.0769;
10.2744;
10.7612;
10.5638;
13.5605;
14.4585;
9.42105;
13.5739;
9.82672;
11.2919;
9.80933;
4.75843;
9.57887;
12.2101;
12.2111;
8.97983;
9.27846;
10.6711;
11.5386;
12.2831;
13.0696;
11.0009;
8.46931;
12.8529;
11.7246;
14.3663;
11.8653;
13.1326;
10.1231;
10.1079;
14.3677;
9.08875;
15.0858;
11.2259;
10.7256;
11.09;
15.5787;
7.68096;
7.16338;
12.0972;
10.8019;
8.06951;
12.2655;
10.7392;
10.2135;
10.4395;
15.0156;
6.46833;
10.6504;
9.77048;
15.5249;
13.3155;
8.52501;
9.41019;
12.3498;
12.1444;
12.2477;
15.3566;
9.32062;
10.009;
12.3624;
8.98677;
6.9575;
16.6142;
13.7116;
8.87974;
11.625;
11.1509;
9.46566;
12.3467;
12.7627;
9.77035;
10.4994;
12.0078;
9.94643;
10.6395;
12.3225;
9.71397;
11.0442;
10.7824;
11.9404;
9.81589;
5.93954;
10.2049;
10.661;
14.3938;
14.2143;
11.7824;
10.087;
10.6755;
8.66512;
9.57476;
6.46181;
8.69384;
13.1895;
7.0133;
9.46621;
12.2883;
13.9791;
10.0381;
12.4217;
11.5174;
10.5364;
6.8694;
13.958;
10.4035;
7.83744;
12.6664;
9.69074;
7.71327;
9.25084;
10.6493;
8.43646;
10.0801;
11.3965;
10.2757;
9.35832;
9.47434;
9.9527;
12.9303;
12.2453;
11.398;
11.9369;
8.24801;
8.78191;
11.8025;
12.8283;
10.0701;
6.40127;
9.0449;
8.87351;
11.998;
6.68314;
7.72702;
13.3552;
8.83686;
7.95843;
13.5078;
7.87452;
8.61673;
10.1691;
7.17682;
10.8191;
9.34882;
7.12873;
11.9382;
10.1783;
11.7411;
8.07706;
10.3853;
8.08375;
8.24149;
9.09973;
8.15694;
13.3352;
9.57102;
7.6877;
6.14958;
9.00842;
11.3331;
16.5616;
11.4686;
11.503;
11.1893;
12.7988;
8.63707;
13.2509;
8.89981;
5.94207;
10.5604;
8.24671;
9.52327;
7.16497;
10.1684;
8.49225;
12.6374;
7.97865;
14.6816;
6.52252;
10.3424;
12.0958;
13.5401;
8.03379;
10.0639;
6.2234;
7.95433;
9.5364;
11.0924;
10.5731;
9.15078;
8.65199;
13.4606;
9.59718;
9.1447;
8.73528;
5.21603;
9.5808;
6.8321;
9.13218;
11.093;
11.2853;
11.5347;
9.7011;
10.0393;
8.28586;
8.28238;
8.97374;
10.6961;
7.41354;
10.0749;
13.097;
10.2841;
11.6547;
8.14639;
11.5019;
10.1894;
14.6623;
10.7987;
7.2692;
8.23183;
10.8165;
6.95278;
8.20426;
8.44757;
7.32809;
8.0715;
9.33844;
8.73343;
8.28566;
7.05125;
10.3971;
11.6524;
13.186;
10.7582;
6.83993;
9.56129;
10.238;
7.73256;
11.8143;
9.34314;
9.91182;
7.61763;
8.39393;
6.37403;
9.84253;
9.81534;
6.81961;
7.7841;
9.24809;
9.0684;
7.86288;
10.1155;
11.375;
10.72;
7.15946;
8.89573;
10.4192;
7.90987;
10.4485;
8.78949;
10.7743;
10.9311;
7.67937;
9.41571;
7.75182;
9.21231;
9.93889;
9.50642;
11.9947;
8.35832;
10.3929;
5.55161;
8.3487;
9.94702;
9.14314;
10.7102;
7.28569;
9.74724;
13.6624;
10.2268;
9.7398;
12.1071;
4.15064;
9.78896;
9.58296;
6.64154;
7.42925;
7.37017;
12.6823;
7.31364;
8.70691;
7.72193;
10.4918;
4.94883;
7.13853;
8.06033;
7.89496;
9.16073;
13.0988;
8.62296;
7.06066;
11.6759;
10.4063;
7.76676;
7.04802;
7.70101;
8.85323;
10.7256;
6.72056;
9.79683;
9.68169;
6.4903;
11.5626;
6.63059;
13.0584;
11.159;
9.76154;
7.71051;
6.48159;
7.50141;
8.66967;
9.30039;
10.8854;
8.75263;
14.2027;
3.98013;
7.06836;
5.36743;
9.15625;
9.33587;
7.58495;
5.49866;
10.5977;
11.7425;
7.05257;
9.44667;
10.6572;
8.56894;
9.09471;
9.34998;
6.45634;
9.49065;
7.62873;
10.2402;
9.18588;
11.5572;
10.6135;
11.6805;
7.69518;
10.8647;
9.73129;
8.71126;
8.95674;
6.16735;
8.78908;
10.0962;
7.81836;
7.75748;
9.38327;
7.0511;
8.87881;
9.86621;
4.80464;
7.98608;
10.7163;
5.32201;
7.49737;
7.41722;
11.7209;
8.42489;
6.70723;
11.7129;
12.8523;
6.67636;
6.99281;
11.2741;
7.82232;
5.82983;
10.9886;
9.07912;
9.50955;
7.01482;
8.73353;
8.91642;
10.9185;
9.20937;
7.34317;
7.93732;
6.55341;
11.5726;
11.8129;
7.91052;
8.40739;
14.834;
9.30673;
9.71912;
11.7925;
10.4749;
6.18313;
7.40764;
10.0966;
9.70856;
12.2067;
12.3434;
10.8698;
9.47051;
9.88357;
7.21249;
5.80571;
13.2258;
6.42131;
10.184;
6.19269;
7.03461;
6.42815;
7.16797;
7.43728;
6.88909;
7.55361;
9.41602;
9.75135;
6.0117;
6.66407;
6.43091;
6.82714;
7.313;
9.2716;
6.9754;
7.1749;
8.97868;
6.50548;
5.98414;
5.84077;
5.92218;
6.32201;
8.95915;
7.93593;
9.53631;
7.47351;
7.27353;
4.0566;
11.7684;
6.82425;
8.07494;
7.9264;
7.6573;
7.9241;
10.7349;
10.5269;
6.15743;
7.22971;
9.00286;
8.69163;
8.64761;
8.95443;
8.24418;
13.4601;
9.87648;
9.29611;
9.02647;
9.68263;
8.60842;
5.28689;
10.4426;
10.9441;
6.09453;
7.42168;
5.99301;
8.19146;
9.05775;
10.1534;
6.55979;
12.2683;
8.81781;
5.15182;
8.96022;
11.6364;
8.34944;
7.52811;
7.81351;
6.72703;
8.36478;
8.04845;
8.66589;
7.02931;
5.95897;
7.27415;
9.48919;
11.1401;
5.09512;
7.86483;
7.37638;
7.9708;
7.70287;
9.99599;
9.57683;
7.4997;
9.52508;
6.59977;
7.92526;
8.63303;
7.10858;
7.1898;
8.74372;
6.53938;
8.92998;
9.21584;
8.5926;
5.9517;
9.5544;
6.88111;
7.97564;
10.6431;
9.62566;
8.63565;
9.92486;
7.07795;
8.16893;
7.83962;
10.3243;
10.8249;
10.4317;
10.1922;
9.19434;
11.3034;
6.665;
10.5545;
10.0516;
6.60498;
11.1284;
6.95292;
9.77076;
9.33597;
10.7154;
8.30966;
6.93809;
7.94536;
8.45495;
8.06679;
13.0776;
12.0143;
8.71223;
8.22521;
9.10388;
11.4898;
5.3179;
6.14388;
5.96888;
7.69622;
6.21614;
8.12698;
5.53082;
7.30978;
4.74483;
6.35181;
6.97802;
8.19568;
10.7208;
9.70082;
3.98029;
6.2596;
9.1005;
8.21726;
3.92938;
7.04263;
6.07841;
6.76103;
4.36888;
8.50628;
12.3668;
7.35665;
8.60471;
10.1695;
9.42026;
8.57307;
8.27852;
8.03717;
8.19313;
5.84012;
7.61841;
8.10856;
7.04635;
6.13696;
10.4315;
6.98261;
9.28826;
8.5838;
6.08203;
6.18415;
8.82659;
9.84876;
11.872;
4.58854;
9.53946;
11.6804;
7.20965;
9.53375;
5.43186;
10.9443;
10.2279;
9.46422;
11.9118;
7.67908;
7.92365;
9.0332;
9.01446;
6.42892;
8.21466;
10.1508;
8.72375;
9.60743;
8.80647;
7.43587;
7.92661;
10.2103;
10.9954;
11.4172;
4.83311;
11.6327;
9.18059;
7.86431;
8.15217;
12.97;
5.42736;
6.74528;
7.74477;
9.08253;
8.10058;
8.40683;
6.121;
9.39486;
7.4336;
5.43786;
6.85285;
11.1563;
9.924;
10.17;
7.49698;
7.85612;
10.621;
6.31964;
11.1621;
5.26338;
6.33224;
8.78773;
7.24929;
8.02965;
7.51137;
4.59688;
6.26694;
13.0213;
10.5509;
8.49296;
7.67214;
7.78495;
11.1059;
7.55807;
7.32452;
6.43229;
7.88583;
6.5107;
8.75194;
7.17393;
8.41062;
5.05853;
8.25851;
8.32045;
8.75842;
10.4181;
9.79066;
10.7551;
9.29741;
10.1492;
9.1091;
10.3532;
9.54077;
6.06008;
9.88705;
8.74776;
5.93149;
5.49041;
6.14432;
8.11161;
7.06764;
6.64032;
9.59979;
8.05466;
5.75523;
9.3449;
7.34145;
5.23684;
7.8369;
3.57512;
8.07527;
7.0604;
6.64771;
7.4804;
6.91995;
8.04471;
7.29238;
9.84036;
6.77091;
9.1339;
6.8648;
6.35903;
8.84194;
7.08059;
6.24493;
6.34983;
9.83151;
5.87778;
8.87637;
5.51391;
6.83961;
11.3688;
9.31575;
4.64084;
10.1193;
11.0357;
6.21172;
8.1586;
9.41435;
4.66981;
4.87229;
6.84503;
10.1995;
6.6413;
7.92653;
6.57855;
4.78458;
8.65382;
10.002;
5.8978;
9.2081;
6.43209;
8.52995;
6.12843;
8.0104;
8.99276;
5.45869;
8.45241;
7.12216;
9.75942;
10.0238;
4.51034;
3.83456;
8.12955;
6.53484;
4.88189;
6.75621;
7.12626;
5.64284;
7.70926;
10.8513;
6.77445;
6.50709;
8.78749;
5.61707;
7.85933;
8.3277;
9.534;
6.04829;
11.6037;
6.76396;
7.89447;
6.70461;
10.7801;
7.87506;
7.1588;
6.79638;
7.8177;
7.23198;
5.83419;
7.36165;
8.59343;
7.5078;
6.57595;
8.29245;
9.15;
5.39281;
10.4969;
6.65237;
10.8105;
8.04422;
7.67867;
5.0383;
7.32308;
5.34508;
8.66224;
10.276;
5.71751;
9.50666;
4.09102;
6.93857;
5.45269;
9.85913;
7.13874;
8.10118;
6.77737;
9.12648;
8.10557;
6.80901;
8.81148;
8.68139;
6.84076;
6.48627;
8.15875;
6.83011;
9.64428;
8.00187;
7.35085;
8.08991;
6.60604;
5.09531;
6.88942;
9.39919;
5.89501;
4.3093;
5.76176;
7.78637;
5.35263;
6.57958;
6.88809;
10.2802;
9.28389;
8.41101;
6.04235;
10.0108;
5.74389;
5.89122;
10.6893;
3.77377;
6.82666;
7.5267;
8.35539;
6.48687;
8.95456;
9.45547;
9.29143;
10.0819;
6.93821;
7.58837;
8.03699;
6.14818;
6.66204;
9.45396;
8.24022;
8.41469;
11.1281;
6.63863;
6.4129;
8.1093;
6.61178;
6.01763;
8.86106;
8.12939;
6.53675;
7.01089;
6.76834;
4.95554;
8.34668;
5.52394;
6.35189;
5.83805;
8.33198;
5.33409;
7.5336;
8.09143;
3.75266;
6.28518;
4.96549;
8.4399;
6.51283;
8.24964;
9.37734;
6.83797;
3.88762;
8.71203;
5.04897;
5.50001;
6.98661;
5.07415;
7.23145;
8.41413;
8.08398;
9.13574;
5.71518;
7.52356;
5.08417;
5.43765;
6.34057;
6.06637;
11.2231;
8.09563;
5.90345;
5.17156;
4.36319;
5.04806;
6.28804;
10.1878;
8.94749;
5.53843;
7.4095;
7.29545;
8.03445;
6.69067;
5.35433;
5.49485;
7.50673;
7.19624;
6.01668;
8.29863;
7.51291;
6.59678;
6.13521;
4.43719;
4.77098;
5.0717;
7.5594;
5.83951;
5.53196;
5.14675;
6.47481;
8.03815;
7.86153;
6.73507;
8.60102;
4.66332;
6.28072;
6.13927;
5.90309;
5.57661;
6.95445;
5.30904;
5.23019;
5.8078;
8.73033;
9.69051;
7.2845;
7.52935;
10.9452;
8.41994;
5.67357;
7.51724;
5.75304;
8.62988;
8.6416;
6.58751;
8.33442;
8.42401;
5.38561;
9.69101;
10.2122;
5.74318;
6.77552;
7.19007;
10.0453;
7.4216;
9.48567;
6.13342;
8.35425;
6.52192;
6.12285;
6.56954;
5.87611;
9.22721;
8.47475;
7.52914;
7.53425;
8.97681;
10.4603;
5.12557;
9.06879;
6.16799;
6.54448;
7.19162;
7.3194;
4.82671;
6.78575;
5.14869;
9.32863;
5.39631;
6.77314;
3.83773;
8.35107;
6.93841;
10.429;
5.98337;
6.57436;
4.42053;
9.7056;
10.6105;
5.3563;
8.13036;
7.39217;
6.83216;
6.25982;
4.37006;
5.58802;
5.16467;
7.30892;
8.22681;
5.71047;
5.91322;
5.36744;
7.08796;
6.42485;
4.45484;
9.3794;
4.83633;
8.7014;
9.1234;
8.49574;
6.43043;
6.71569;
9.2873;
5.24108;
6.25794;
7.57455;
6.86163;
9.37674;
6.052;
7.42944;
5.91952;
8.11809;
6.67676;
9.51871;
7.39567;
7.95319;
11.0272;
9.35139;
8.8063;
6.36058;
8.40445;
5.4663;
5.90983;
7.20108;
7.71657;
7.54274;
6.38714;
6.12974;
7.84681;
5.0201;
4.30747;
5.14522;
10.1189;
9.55462;
4.78813;
8.76375;
4.79681;
8.70426;
5.09641;
4.81751;
6.14567;
6.69756;
5.74095;
9.98349;
4.90317;
8.5759;
6.31978;
5.28421;
5.33023;
6.80574;
8.05217;
5.31781;
10.0487;
6.30408;
7.55956;
4.66947;
5.46716;
4.89207;
6.46565;
9.12445;
6.94536;
8.21374;
5.36699;
8.9285;
7.86389;
9.27467;
7.0859;
5.35822;
7.85779;
4.00258;
8.79401;
6.01083;
8.16823;
9.57263;
5.51353;
7.43505;
5.39955;
4.51731;
5.57064;
6.07993;
6.03985;
6.70928;
7.04605;
10.2648;
6.23446;
5.94556;
4.92687;
6.13558;
6.30553;
6.50217;
5.86996;
9.45013;
3.90115;
5.59349;
7.00306;
6.12785;
8.09459;
5.30344;
7.87967;
5.10746;
5.27386;
8.3167;
7.17497;
4.81085;
7.02944;
6.77545;
7.78445;
7.64677;
6.77456;
7.14296;
6.41942;
5.83616;
6.8559;
5.43413;
6.81598;
7.31381;
8.01703;
7.90189;
6.53102;
7.96711;
4.51205;
5.71776;
9.76732;
6.73918;
8.74377;
7.5532;
4.93599;
6.35885;
7.42143;
6.75612;
7.0222;
10.6468;
7.94967;
6.90813;
7.0852;
8.07342;
7.76066;
8.92067;
6.48;
6.87816;
7.66304;
9.77519;
4.20176;
8.47085;
6.24116;
9.07179;
6.88293;
6.05849;
4.39052;
5.14073;
6.5442;
7.76951;
6.71127;
9.41374;
8.06204;
5.4136;
10.3231;
5.17188;
8.02813;
4.40408;
7.84429;
7.86663;
6.86228;
6.57083;
8.32293;
8.4895;
10.6418;
8.17037;
4.01535;
8.19885;
6.33261;
10.0098;
7.25102;
3.77435;
4.03466;
5.07216;
5.12827;
8.47163;
6.81816;
9.00238;
6.75348;
7.28215;
6.45646;
5.4238;
5.42416;
6.72815;
5.21988;
6.74097;
7.60562;
6.18886;
7.20668;
6.16694;
5.4549;
7.5676;
4.62935;
7.1698;
6.08241;
6.48125;
8.75902;
7.70611;
5.88364;
7.1972;
5.50249;
7.13012;
5.17788;
5.10604;
7.94511;
7.46629;
5.31035;
4.69563;
7.46844;
4.72505;
9.16008;
4.48372;
8.05047;
7.10209;
4.87044;
6.24489;
8.45913;
9.04935;
6.0862;
7.44009;
8.08008;
7.34014;
5.47008;
6.67625;
8.92773;
4.77991;
6.06939;
6.65991;
4.6971;
5.6644;
6.13991;
6.71095;
5.44818;
4.97872;
9.15563;
9.35764;
6.60135;
10.2174;
8.57678;
6.40833;
7.52307;
4.72855;
5.00485;
4.74676;
4.86905;
5.01063;
5.71644;
9.25554;
7.25174;
7.82591;
7.91321;
6.74608;
6.08978;
8.6214;
7.01497;
5.68823;
7.17172;
7.65561;
6.72034;
4.37895;
5.61615;
6.1367;
4.32939;
8.38978;
6.02494;
6.59944;
7.05546;
4.83535;
7.9441;
6.56915;
4.87071;
5.21768;
9.01668;
4.93763;
9.09666;
6.10661;
9.4865;
6.0661;
6.15484;
6.06924;
5.10127;
8.91612;
8.67524;
7.57256;
3.83758;
6.99429;
8.46103;
5.46504;
6.86617;
3.42841;
5.74348;
3.02155;
9.63601;
7.32088;
4.38805;
6.55948;
9.08008;
8.40804;
4.71864;
5.84883;
7.87006;
6.86378;
3.57558;
11.0742;
7.47975;
6.89085;
6.15464;
7.26372;
6.98838;
5.45768;
5.93524;
4.22125;
5.62739;
7.03795;
7.24036;
5.86036;
7.58396;
8.11383;
4.16287;
11.2224;
7.70182;
6.63584;
7.97275;
8.06747;
7.31774;
6.36549;
6.14114;
7.49038;
8.20195;
7.23899;
6.27621;
4.55483;
4.93339;
3.54112;
7.0592;
8.00508;
4.03796;
4.17902;
5.14999;
10.6021;
5.86972;
5.87545;
4.37002;
8.31293;
6.00178;
6.54127;
7.21803;
6.62991;
7.69909;
8.92424;
7.98613;
3.19904;
7.5662;
6.6917;
8.4072;
8.26814;
5.63133;
7.12451;
4.46184;
6.51848;
6.59487;
6.49516;
5.88525;
3.91129;
5.18193;
4.23094;
6.82771;
6.20648;
4.92417;
6.42003;
5.72331;
5.95545;
6.51783;
8.26018;
4.86806;
9.04325;
4.6441;
5.38802;
6.23535;
5.86108;
5.75947;
3.90265;
8.40287;
4.78763;
7.36239;
5.81047;
7.20283;
7.26688;
5.74664;
4.49789;
5.7625;
6.46056;
4.29025;
5.53865;
4.33959;
6.55696;
6.58916;
5.38916;
7.0831;
7.63536;
6.83456;
6.30366;
8.41131;
4.50302;
7.5494;
6.85834;
5.68939;
6.72436;
5.9924;
6.5018;
7.53894;
3.64206;
6.54121;
6.52772;
3.6108;
9.96382;
4.62277;
7.16148;
5.88244;
5.17807;
5.85862;
5.93032;
3.26978;
5.35775;
7.35156;
4.39657;
4.96294;
7.12464;
7.11248;
5.44567;
6.47487;
9.78191;
5.9227;
7.04535;
5.80446;
7.04413;
6.20284;
4.92352;
6.83712;
7.18528;
7.37213;
6.51018;
7.72631;
7.51439;
4.59305;
5.51616;
5.73777;
5.51899;
7.61115;
4.61494;
5.20381;
4.40742;
8.15413;
7.95831;
4.75716;
6.76061;
5.94555;
5.87385;
5.01338;
6.69407;
3.87103;
6.87461;
4.50397;
3.7557;
5.91188;
11.431;
5.33911;
8.44028;
6.10001;
3.93466;
5.44382;
3.84624;
6.4514;
3.7242;
5.36497;
6.21374;
6.91958;
4.89858;
5.32455;
6.05452;
6.16574;
8.65974;
6.38473;
6.72379;
6.29514;
3.98353;
6.73114;
4.10588;
6.99017;
6.84528;
7.28723;
6.9436;
6.22523;
6.10083;
5.74174;
11.4608;
8.04833;
8.5138;
6.28403;
4.26199;
7.91607;
6.70911;
6.87073;
5.52564;
5.83295;
6.90326;
8.36229;
7.68869;
5.86343;
7.98621;
7.20304;
6.41285;
6.11642;
6.22295;
4.62838;
4.3375;
5.73224;
7.43853;
7.16783;
6.01903;
5.06467;
8.22303;
8.06605;
3.55785;
6.608;
4.59277;
4.9418;
6.71909;
3.85561;
5.07582;
6.85792;
5.67546;
8.97526;
7.11262;
5.14805;
8.49529;
4.8067;
5.79868;
6.71854;
6.19634;
6.56189;
5.635;
7.81706;
6.2909;
5.43487;
3.94216;
7.14888;
4.28338;
5.26663;
6.9027;
6.08302;
4.17217;
4.52895;
6.2799;
6.34151;
6.50802;
8.20236;
5.38865;
6.07788;
6.42627;
8.39563;
3.99255;
7.85497;
5.15551;
6.69705;
4.53932;
4.20403;
6.88298;
3.39387;
6.24966;
6.58092;
5.38936;
4.49701;
8.8841;
8.17302;
7.89267;
5.51514;
6.2002;
5.24536;
6.81152;
6.47965;
4.69611;
2.95641;
5.46515;
5.20521;
9.50579;
6.11371;
6.08265;
7.62459;
5.91002;
4.37288;
7.10033;
3.7319;
4.65516;
3.78007;
4.51237;
4.39348;
5.45775;
7.79043;
6.32108;
7.64639;
4.91577;
5.5033;
3.82921;
3.20884;
4.34766;
6.41785;
4.85105;
6.93668;
4.90209;
3.61098;
8.13087;
4.74762;
7.48284;
6.19897;
6.91568;
6.07304;
5.40624;
7.54696;
4.57393;
7.77519;
5.44352;
6.72552;
6.3655;
4.02012;
4.40959;
5.64347;
6.13458;
5.22325;
5.56232;
7.70674;
4.34604;
4.50867;
5.01336;
6.5248;
7.10789;
4.62265;
4.61314;
5.05468;
4.34742;
5.71272;
4.85781;
5.5252;
6.73692;
5.92995;
5.92186;
4.43289;
3.87937;
5.72404;
4.24932;
3.48898;
7.44898;
7.04639;
8.52941;
7.72011;
6.23775;
4.99429;
6.02777;
5.04458;
6.2748;
4.80914;
6.84942;
3.86818;
4.81917;
5.4869;
4.37435;
6.2763;
9.6996;
5.41699;
3.90901;
3.77062;
5.62844;
7.48971;
6.02477;
4.04096;
2.99203;
3.9563;
7.14678;
6.56555;
4.4531;
6.05108;
4.83458;
6.07839;
3.6891;
6.86671;
6.45212;
8.16375;
4.55383;
6.02351;
6.43329;
3.72674;
7.34576;
6.69023;
7.52582;
8.63377;
4.9214;
7.22059;
8.98942;
6.20622;
6.25098;
5.75879;
5.82646;
6.26081;
7.22692;
6.54949;
5.42647;
9.7008;
6.09582;
5.64165;
7.25671;
6.83926;
6.34148;
3.51926;
5.79493;
5.39436;
5.12464;
6.53947;
7.14005;
7.27923;
6.67691;
5.34416;
3.89012;
5.27078;
5.71352;
6.28951;
6.01888;
2.89908;
6.37327;
5.02213;
4.92146;
5.6935;
2.95108;
4.28022;
8.91871;
3.1829;
5.48983;
5.03934;
3.39282;
7.87165;
3.91324;
5.47795;
5.72721;
4.23728;
5.74295;
5.34285;
5.46305;
6.36206;
4.14466;
3.31452;
5.59567;
11.3026;
6.57217;
3.18043;
4.93308;
6.10718;
5.26981;
5.47071;
5.25261;
6.7109;
8.94745;
5.36737;
4.98971;
6.62169;
8.27057;
6.31442;
4.43704;
3.90562;
6.49673;
5.48327;
5.79137;
5.13319;
4.9633;
6.17012;
4.60863;
2.78742;
4.06823;
6.6775;
7.74371;
7.80672;
5.62419;
5.97392;
6.22622;
5.323;
3.43928;
5.6653;
4.68368;
7.81093;
6.42643;
5.3342;
4.52395;
5.15511;
4.58773;
5.7255;
6.14444;
9.65278;
5.52037;
4.72948;
5.89972;
5.68055;
4.48792;
5.43365;
4.44182;
6.91268;
5.80763;
5.15216;
5.48007;
7.43255;
9.73004;
5.48131;
5.52214;
6.18706;
4.42259;
5.31233;
5.16106;
4.9242;
7.7233;
4.01741;
3.27032;
5.00131;
5.00149;
4.96707;
4.26864;
3.91594;
4.86051;
6.41719;
4.60547;
3.8591;
7.93218;
7.277;
6.67264;
3.93318;
4.22776;
6.1884;
6.05204;
4.8294;
9.64229;
5.73692;
5.51661;
5.07579;
6.9739;
6.08636;
5.48552;
4.86408;
4.75999;
4.3459;
7.72127;
3.90847;
5.34693;
4.24221;
7.64528;
5.7094;
4.44431;
4.5967;
4.96184;
6.31136;
4.19225;
5.22551;
5.00449;
5.60473;
7.4775;
4.55345;
4.28653;
3.95692;
4.62138;
3.40725;
4.66806;
4.25067;
8.56241;
4.2572;
4.60498;
8.64129;
3.92984;
4.60676;
7.92037;
4.06173;
6.08098;
4.99973;
5.84791;
5.46595;
7.37527;
6.47275;
5.00561;
3.94664;
6.0453;
5.98383;
4.7166;
5.10756;
3.85313;
4.47714;
7.06896;
4.88036;
5.38646;
5.99096;
4.13294;
6.78027;
3.15127;
4.29648;
7.27808;
4.57788;
5.71683;
7.24964;
7.79028;
7.02884;
5.57972;
7.29071;
2.20909;
4.91309;
4.75443;
4.24193;
3.23144;
3.31203;
5.70032;
4.42503;
3.822;
4.42179;
3.80467;
5.94809;
5.01415;
5.18867;
4.98738;
2.99145;
5.49997;
5.36139;
5.51154;
3.94627;
4.01793;
6.77282;
5.75253;
4.15023;
4.3377;
4.2174;
4.45429;
6.05662;
3.50699;
7.77196;
4.189;
5.08393;
4.25391;
6.96391;
5.12775;
3.85285;
5.15433;
4.98261;
9.11096;
6.02819;
3.82539;
4.3458;
4.74148;
5.53689;
5.18741;
3.98558;
3.67357;
4.63734;
6.21589;
6.99626;
5.84412;
5.18049;
5.12789;
4.18233;
4.79732;
4.99799;
4.93171;
4.92551;
8.15674;
6.44218;
6.872;
3.35869;
2.96421;
4.69237;
5.83664;
6.89293;
3.40156;
7.3563;
3.43761;
4.68174;
4.6286;
6.56886;
4.71006;
3.84219;
5.22272;
3.81072;
3.8057;
5.22635;
5.31556;
3.98737;
3.47934;
6.17361;
3.8795;
3.66488;
4.2934;
6.20332;
2.54947;
7.08968;
5.47078;
4.44823;
7.33086;
5.38873;
10.2762;
5.19265;
4.58215;
4.57231;
5.66554;
4.9617;
5.69901;
5.93687;
4.13772;
3.97225;
6.28946;
5.5649;
5.69209;
4.28718;
2.93036;
5.88539;
3.11795;
3.14755;
6.06373;
5.7417;
4.8717;
4.12764;
5.38499;
6.53888;
3.72528;
4.44044;
9.02269;
5.51169;
5.43258;
4.42467;
4.74808;
5.95712;
5.19347;
2.27053;
5.04012;
5.49629;
6.90235;
5.54791;
6.00824;
5.9383;
6.22702;
7.53742;
4.85197;
6.15841;
6.16476;
3.61595;
5.50178;
4.28494;
6.15014;
4.75263;
3.43837;
5.5243;
7.11598;
5.19436;
4.97564;
4.30281;
2.37413;
3.4013;
6.30469;
6.21457;
4.74191;
6.59023;
7.1304;
5.12126;
5.51015;
6.59768;
8.36558;
5.95483;
4.60364;
4.60273;
4.48552;
4.39892;
5.41424;
5.601;
6.25015;
4.82647;
8.78146;
2.80639;
6.29029;
4.79479;
3.65411;
5.47243;
5.63954;
3.08445;
5.24419;
4.19426;
4.86004;
4.31622;
6.02871;
5.36399;
5.19941;
2.97875;
5.1123;
6.40746;
2.49621;
8.52259;
4.96354;
5.26854;
4.73321;
5.30742;
5.26043;
5.59323;
5.6415;
5.06616;
6.08582;
5.28344;
