34.4247;
22.4172;
20.2561;
25.5136;
6.2629;
7.23;
6.95557;
4.83431;
27.9117;
4.31216;
17.9037;
22.5852;
24.1086;
16.3039;
19.4481;
6.2608;
20.6035;
20.6222;
26.2102;
20.3967;
18.9033;
16.4499;
22.6423;
5.11631;
21.4641;
24.771;
14.1921;
20.5628;
22.9272;
23.0536;
22.0611;
6.68479;
20.0273;
26.3904;
21.0748;
4.06849;
27.0564;
15.5915;
24.7983;
21.687;
25.0267;
21.4039;
20.724;
24.9799;
23.1772;
20.7382;
24.8083;
20.5526;
21.9025;
20.8098;
20.3288;
28.8705;
21.1334;
26.2702;
18.0754;
17.9737;
18.5984;
19.9332;
22.4217;
18.1942;
16.1509;
24.0579;
20.0927;
25.6182;
16.1702;
22.9436;
17.6713;
23.4695;
20.5425;
19.5736;
24.0451;
27.8966;
14.9443;
21.5389;
19.8616;
20.6592;
16.2459;
21.3052;
19.691;
22.8485;
19.6498;
24.3671;
20.9635;
19.4677;
24.2665;
3.99931;
7.5635;
24.3403;
19.6491;
3.32931;
16.3952;
5.11842;
16.8404;
23.514;
21.0534;
22.0404;
25.5496;
18.3455;
18.1401;
21.2505;
23.3351;
18.9548;
22.0501;
25.9501;
22.1425;
20.9094;
21.9706;
20.0438;
22.7557;
18.684;
16.9721;
21.8537;
22.9764;
22.5306;
17.6506;
25.2018;
25.2033;
5.23483;
5.20059;
5.18015;
22.6196;
22.5804;
30.3857;
18.855;
22.7386;
22.4302;
7.04886;
24.195;
17.7199;
23.0649;
18.3546;
19.1725;
14.8583;
19.9588;
20.3772;
21.203;
3.80145;
7.05025;
23.3666;
17.5763;
18.4161;
14.3111;
10.9087;
7.03491;
8.04983;
26.2977;
5.21427;
17.0395;
7.07962;
8.5375;
4.25796;
17.6005;
20.8225;
4.91398;
4.75061;
25.9381;
21.2342;
18.7725;
17.7069;
24.2542;
21.7141;
23.8599;
18.0825;
25.8263;
25.9823;
21.6304;
18.0245;
5.90898;
19.2881;
5.89366;
5.87258;
4.88101;
13.7655;
16.3362;
18.1195;
26.1596;
24.5732;
25.328;
22.0289;
22.2132;
24.5759;
29.0414;
17.3963;
24.1055;
22.628;
14.5443;
17.5565;
21.9792;
30.7886;
30.0671;
15.6298;
22.5356;
27.943;
17.179;
20.8931;
28.575;
22.6539;
21.2446;
18.1442;
26.5256;
18.7878;
21.4652;
9.59918;
22.0951;
22.1212;
8.47627;
5.89327;
25.1027;
23.9589;
19.5909;
30.4177;
17.4722;
18.4009;
25.7422;
18.2956;
16.69;
20.893;
27.033;
25.1274;
16.184;
28.2218;
22.0162;
20.4396;
25.9152;
20.8755;
24.2638;
18.5471;
19.7642;
19.4972;
19.6748;
22.4307;
19.4653;
17.518;
9.08661;
7.72767;
7.48361;
5.35013;
4.59401;
9.62583;
21.0337;
10.0479;
4.15983;
20.0328;
24.4746;
24.0425;
16.4488;
25.3362;
19.0391;
26.2003;
8.85536;
17.2339;
30.4564;
18.3598;
23.7011;
21.4854;
5.99955;
19.5573;
20.5391;
9.22604;
18.2847;
9.5941;
24.1756;
7.50343;
22.2272;
7.39783;
19.5858;
15.3857;
26.5681;
21.9111;
26.1929;
26.8542;
24.7008;
22.1996;
19.2015;
28.3016;
17.0509;
25.1212;
19.938;
27.9409;
20.5501;
24.7822;
7.37034;
22.5555;
19.564;
27.0901;
17.3153;
26.6995;
26.9501;
19.0849;
23.9974;
25.4194;
26.8211;
22.0639;
22.2423;
21.5191;
7.36268;
25.3846;
6.74322;
20.4343;
23.3641;
7.12177;
29.9379;
26.3674;
22.8094;
20.0226;
25.4942;
21.7154;
16.1214;
20.4327;
23.303;
22.5196;
17.5309;
21.0006;
24.5875;
24.4502;
22.9037;
17.4625;
20.9694;
33.8706;
23.8;
22.5327;
18.5078;
23.8638;
18.2612;
21.5152;
33.5486;
17.1536;
19.0659;
21.9321;
20.1394;
29.219;
21.774;
21.0785;
26.3379;
22.4302;
26.1155;
26.1401;
26.806;
18.6534;
22.3243;
20.2025;
12.7859;
18.6675;
10.3601;
17.9886;
24.2202;
24.7782;
24.8236;
21.3454;
22.6578;
24.576;
21.3719;
6.64248;
21.107;
7.61979;
7.22501;
20.7722;
22.7515;
23.6005;
26.2636;
6.95743;
21.4804;
21.3212;
18.3661;
23.3714;
23.3661;
23.1902;
26.698;
19.0998;
24.5735;
21.4777;
22.6384;
22.8878;
23.2594;
20.7915;
19.7363;
25.9728;
5.77572;
20.8437;
36.0971;
22.7359;
23.8156;
20.4416;
22.9598;
16.0396;
25.4825;
23.6222;
21.3276;
21.9619;
24.7675;
28.3872;
10.153;
20.2689;
23.51;
14.8124;
27.177;
25.8825;
23.7068;
24.7609;
20.6939;
23.8309;
17.4735;
13.6747;
21.6034;
5.34155;
23.8607;
6.92856;
25.0033;
21.6711;
25.1796;
23.4327;
26.5667;
23.872;
21.7393;
26.5344;
21.6101;
5.24999;
24.3668;
17.1908;
20.3199;
28.7731;
22.5364;
4.47535;
25.0422;
19.8248;
19.7735;
20.0396;
22.6349;
24.4132;
18.0203;
24.312;
18.1225;
34.8293;
19.4222;
24.0366;
20.1331;
24.3122;
22.4202;
14.57;
22.7746;
21.2516;
26.2956;
19.1244;
31.2777;
23.0765;
24.4921;
30.7095;
20.0247;
21.7001;
25.4835;
19.7738;
26.3646;
22.3673;
25.0139;
22.0569;
17.147;
20.1196;
21.2216;
24.2811;
23.0552;
21.5144;
16.2362;
28.8467;
21.8903;
25.5236;
7.37705;
9.01417;
26.4551;
24.7623;
18.3311;
23.8743;
5.05269;
5.50385;
11.0947;
20.0795;
23.1673;
16.9975;
7.28681;
11.8509;
10.0484;
24.0269;
22.5442;
7.04448;
16.0533;
24.98;
16.8177;
18.134;
22.7157;
24.3103;
21.4392;
20.9858;
19.5694;
22.853;
22.8742;
30.8835;
21.1495;
23.0861;
32.36;
19.3137;
22.8811;
19.6165;
30.5617;
19.8987;
19.2161;
23.0011;
20.2896;
23.7267;
23.3709;
12.8696;
30.1783;
5.54171;
23.881;
34.7438;
20.5909;
24.6127;
11.6593;
20.3833;
29.112;
20.0424;
23.3545;
20.4352;
18.4371;
21.3592;
21.2941;
22.284;
18.4168;
26.9268;
21.6796;
15.4868;
22.9056;
21.6101;
22.6191;
18.6745;
21.7199;
21.8993;
19.8419;
10.396;
18.7271;
22.045;
14.9267;
21.8224;
21.5187;
19.9603;
24.8926;
23.5936;
25.3702;
12.6253;
23.7027;
27.2661;
26.4648;
7.36859;
22.7796;
24.48;
23.0717;
23.0011;
23.9579;
17.0652;
20.3642;
26.9017;
18.1923;
21.5791;
21.2775;
21.1289;
29.8623;
23.6482;
20.7739;
23.7667;
17.738;
22.1319;
24.473;
24.4444;
25.6246;
23.4597;
29.1365;
22.8387;
27.2436;
27.4719;
27.6023;
21.8778;
19.3179;
23.3558;
21.0795;
9.03465;
28.5098;
10.2214;
27.4879;
11.5404;
25.4421;
18.3453;
25.8346;
21.1181;
23.3397;
20.7874;
19.8864;
25.8481;
22.531;
12.5041;
20.9117;
17.4315;
25.5884;
28.3424;
22.1669;
18.5303;
26.4988;
21.1978;
24.4939;
19.3848;
23.6645;
35.7495;
19.9518;
21.808;
19.6152;
22.4577;
24.7485;
22.4871;
18.6232;
20.4007;
19.9655;
26.8172;
28.4054;
23.4064;
24.1656;
25.3927;
23.1971;
26.549;
18.3378;
20.2949;
19.0296;
17.7183;
23.3732;
23.8767;
27.5009;
19.8253;
20.3;
23.4505;
16.4562;
19.642;
19.2168;
27.6584;
29.8481;
30.2639;
24.4018;
17.9736;
21.9431;
20.9338;
27.3296;
18.7838;
23.0064;
25.9043;
27.589;
26.3038;
22.8711;
16.9198;
16.521;
21.412;
29.082;
23.3626;
17.1222;
25.4848;
23.7259;
28.9574;
18.6094;
21.9273;
26.5254;
20.8002;
20.0555;
20.4885;
21.2359;
17.0423;
16.1783;
15.3773;
25.2511;
26.2797;
24.2711;
27.982;
29.6968;
21.3814;
17.8441;
30.5776;
23.9704;
22.6555;
28.1399;
24.1419;
23.8859;
24.638;
15.178;
28.3892;
31.9742;
27.7236;
23.8181;
19.752;
24.0768;
7.75178;
11.9477;
18.8607;
26.5152;
25.0007;
27.4947;
18.6738;
25.1771;
20.8201;
18.6939;
18.8852;
23.1145;
29.6139;
20.6663;
20.9165;
28.1345;
24.504;
26.8673;
24.4175;
20.3258;
23.7621;
30.5776;
21.36;
23.3041;
20.5715;
22.6601;
20.1843;
29.8784;
21.1515;
18.4198;
23.1319;
29.895;
20.8603;
23.0371;
17.3384;
22.3525;
11.2679;
10.3131;
19.0916;
9.44888;
17.2077;
20.3634;
20.1338;
22.8371;
23.9645;
12.0505;
24.1304;
24.5407;
21.3292;
8.93072;
11.5731;
6.38592;
23.4655;
21.5907;
21.161;
24.1487;
32.7483;
23.633;
16.3668;
17.0842;
32.2815;
20.1813;
27.5582;
23.4793;
8.40954;
26.802;
23.668;
24.8343;
21.5581;
17.6491;
20.9607;
22.3823;
21.9479;
25.5475;
20.4108;
33.3485;
27.0985;
21.0271;
20.5489;
23.2489;
21.4052;
29.5724;
18.6105;
19.5948;
22.2699;
20.5208;
18.3719;
26.7575;
29.6105;
15.855;
26.1206;
22.0011;
27.6409;
22.288;
23.4136;
18.5531;
20.5783;
23.6704;
21.7368;
19.8844;
9.07319;
17.5211;
21.5363;
26.2389;
26.6694;
22.0087;
19.8805;
20.0554;
20.9646;
19.5756;
18.1381;
10.0299;
17.1452;
18.853;
27.89;
10.0078;
22.9572;
9.67347;
30.7384;
22.6396;
18.0352;
23.8803;
35.938;
14.4079;
28.373;
23.135;
17.3136;
23.0663;
18.168;
25.5439;
19.8567;
21.5794;
30.0204;
17.09;
9.00993;
9.27247;
27.9963;
8.91086;
9.2853;
17.6415;
8.00755;
19.6892;
21.9041;
25.7336;
25.0101;
23.8172;
22.0103;
23.5605;
27.6947;
24.8858;
29.6953;
21.932;
17.942;
17.0684;
24.8363;
24.703;
19.3288;
20.1224;
14.6177;
23.8475;
11.9504;
26.1517;
23.1548;
25.231;
21.3987;
30.232;
22.847;
22.4114;
26.0647;
16.2463;
22.7585;
17.2656;
25.7275;
29.4392;
23.9956;
19.8215;
19.9037;
22.3972;
20.8462;
15.2577;
21.2559;
11.894;
25.3334;
24.1623;
20.9388;
8.09806;
12.5982;
21.0718;
25.2753;
27.9482;
17.5315;
24.1071;
24.3546;
22.1652;
26.1983;
35.1892;
23.045;
27.3534;
19.9409;
24.6725;
25.6767;
27.534;
25.8347;
21.6202;
18.6219;
16.0969;
20.0028;
25.1958;
28.5242;
27.9193;
25.5382;
10.8199;
23.2998;
10.9792;
17.5344;
8.88694;
17.4182;
22.7177;
23.3402;
26.6775;
24.6362;
21.6788;
22.4913;
20.0499;
24.3069;
17.6845;
21.8602;
20.3441;
17.9599;
30.2758;
21.4257;
22.6095;
9.79741;
26.7274;
15.6323;
20.6261;
18.463;
10.3035;
21.2703;
30.0761;
26.2963;
25.2134;
23.9522;
12.849;
21.8455;
19.4596;
8.77335;
26.548;
12.094;
23.4914;
18.3915;
23.0944;
18.9797;
20.8571;
29.9083;
26.7274;
24.4399;
11.1933;
27.0964;
15.2099;
21.3637;
23.2379;
23.5504;
9.35574;
23.8049;
13.7747;
22.4445;
24.4459;
8.84506;
24.9482;
13.8514;
29.7964;
27.4819;
19.5668;
21.293;
16.3484;
25.8815;
26.1711;
26.0402;
26.3803;
24.3678;
21.7486;
20.5823;
21.9245;
14.7371;
24.9627;
22.3436;
29.7008;
29.2918;
9.29594;
17.9515;
23.5841;
30.575;
21.6035;
23.4447;
17.6991;
22.108;
24.2026;
22.9708;
21.9351;
23.5612;
24.203;
19.4132;
23.9162;
19.956;
25.5407;
17.5612;
28.6139;
21.2306;
18.9931;
21.8286;
30.739;
20.7504;
24.9723;
24.3728;
22.0254;
23.0189;
25.9483;
21.7605;
23.5972;
18.6721;
20.6966;
27.1876;
21.0309;
16.5604;
30.1297;
21.6438;
23.4356;
22.7471;
23.8335;
25.6835;
25.2935;
24.2856;
24.444;
24.9237;
25.9912;
18.1177;
27.3423;
9.11697;
18.2686;
20.8844;
11.6618;
24.8157;
23.7702;
26.0107;
21.7923;
21.0567;
19.5092;
24.7078;
24.9713;
21.7625;
10.7193;
25.961;
11.3292;
12.351;
24.5173;
21.1194;
24.5257;
20.1606;
16.8435;
23.0556;
26.4583;
31.0834;
20.827;
23.3759;
27.313;
18.3048;
8.86584;
6.50038;
23.3073;
26.5601;
23.7696;
29.9325;
23.4815;
23.8426;
29.8707;
8.39349;
30.2708;
10.1342;
11.3074;
19.3552;
9.95413;
21.8482;
20.456;
20.0249;
23.2579;
17.5576;
30.5531;
14.3348;
20.1433;
19.6764;
20.0518;
30.1901;
16.2924;
17.5132;
28.1435;
27.5283;
17.5376;
22.8856;
21.8905;
23.4085;
20.4065;
21.9762;
18.3014;
27.2612;
21.7017;
25.5537;
21.8721;
17.347;
19.2027;
22.2732;
24.3456;
26.2071;
20.173;
25.62;
25.5724;
24.8316;
20.7175;
22.4277;
15.2969;
18.1549;
23.1377;
28.4965;
27.9477;
29.8095;
21.0246;
26.0865;
23.2696;
15.8702;
18.666;
13.6878;
9.59439;
21.3125;
20.1082;
25.5237;
10.6279;
26.1591;
22.0055;
23.567;
23.968;
24.6741;
19.0676;
22.1857;
29.758;
22.8865;
23.5035;
18.8744;
19.9266;
21.9454;
11.5211;
9.86979;
20.1392;
23.8959;
25.5181;
12.7242;
21.237;
23.051;
26.2241;
18.1257;
29.7291;
23.7952;
24.7685;
28.5983;
20.6764;
18.3872;
19.7259;
18.719;
23.4102;
24.1582;
23.3508;
18.3094;
24.737;
16.1149;
20.2193;
28.9418;
22.4504;
27.0598;
18.9732;
25.2261;
18.239;
24.2575;
21.4338;
23.3345;
24.0766;
20.6216;
26.6157;
25.9756;
11.7472;
25.7885;
22.4161;
20.7679;
18.1496;
25.8571;
25.1539;
21.2477;
21.0294;
21.0711;
20.3254;
23.9414;
17.7878;
16.6021;
19.064;
21.9294;
19.2472;
16.5355;
24.0969;
17.887;
24.2023;
22.8727;
24.4336;
13.8028;
26.3579;
23.8322;
18.692;
11.3474;
23.4912;
20.9097;
11.004;
24.3863;
21.8137;
21.3903;
13.1686;
17.7259;
19.8201;
25.8256;
23.3342;
24.7015;
16.6474;
25.0216;
19.9366;
15.0135;
25.7208;
21.3975;
21.9256;
26.0295;
17.3494;
21.9697;
22.3348;
22.0365;
20.8929;
26.1905;
30.1428;
21.7681;
31.8354;
16.1408;
18.655;
20.0451;
21.6659;
25.6104;
23.3307;
22.064;
21.6593;
20.7368;
26.7685;
10.3029;
13.3221;
20.7271;
12.7072;
12.2085;
21.0433;
25.2439;
24.2842;
20.0177;
17.3049;
21.4735;
24.5489;
14.3186;
28.8051;
21.8094;
16.9368;
24.0138;
19.3812;
21.1645;
18.926;
27.433;
22.1525;
20.7378;
20.2933;
19.0821;
25.9086;
29.0872;
28.2592;
13.5159;
21.3199;
17.017;
22.0923;
20.2339;
20.6937;
25.0526;
21.0199;
28.3453;
27.1387;
23.7229;
14.5241;
21.6607;
23.878;
20.0215;
22.0158;
22.8032;
25.5923;
24.019;
23.358;
20.651;
16.9229;
22.0209;
26.5262;
23.3997;
18.2079;
26.0952;
25.9466;
20.6868;
22.3086;
30.3171;
17.2991;
20.3523;
27.0307;
23.671;
19.8562;
18.9278;
20.658;
22.963;
26.5139;
21.7172;
17.2877;
18.5298;
26.7115;
18.4985;
29.9477;
33.7424;
24.7523;
17.946;
25.7281;
21.4634;
31.863;
22.5411;
29.0313;
16.9144;
23.4551;
20.7844;
29.1276;
24.8854;
16.3578;
25.3717;
28.2718;
24.5653;
31.6199;
16.945;
20.7985;
27.3685;
17.1938;
23.6724;
24.4937;
21.1026;
27.1138;
27.3051;
32.3754;
23.9251;
30.8496;
25.6728;
22.229;
22.9921;
15.7;
16.5803;
25.172;
16.1013;
15.7966;
22.9769;
18.5346;
30.5195;
18.5058;
31.3383;
18.7655;
17.9674;
24.5521;
27.7331;
21.1741;
19.5029;
22.3488;
24.9016;
18.2932;
22.8238;
25.629;
23.8628;
20.1614;
15.406;
15.4561;
25.1774;
28.2002;
16.6069;
25.3932;
14.5974;
15.5629;
23.4281;
20.1989;
27.8258;
28.1642;
25.7554;
20.5965;
19.7451;
10.2359;
18.181;
27.0115;
21.0816;
11.6313;
20.7815;
23.378;
19.4346;
28.2579;
22.6817;
24.7026;
33.3999;
21.5042;
21.9979;
27.9263;
29.3662;
25.4672;
16.7211;
25.3125;
11.7797;
20.2861;
23.2322;
22.4601;
11.8718;
10.4943;
22.1805;
22.9536;
11.5866;
33.29;
26.8182;
19.3521;
19.5422;
21.3168;
21.8173;
28.4655;
13.5116;
27.823;
18.3806;
23.359;
32.658;
27.5392;
17.2335;
22.0996;
24.5284;
19.2205;
17.4648;
18.7364;
24.3141;
24.6448;
24.0598;
30.4532;
23.2055;
14.8236;
13.8712;
13.3855;
16.4944;
15.4165;
19.6989;
14.217;
23.5561;
17.4349;
26.9286;
12.1194;
18.5168;
29.9412;
27.144;
25.6924;
22.683;
27.4235;
23.0405;
24.9251;
17.8233;
29.461;
20.7771;
17.4565;
27.6325;
19.7601;
18.7729;
19.4295;
30.0465;
20.5206;
20.5623;
23.715;
22.651;
27.6148;
23.1107;
25.352;
25.2988;
25.273;
15.0139;
27.3281;
12.7598;
17.3489;
20.4962;
23.2355;
23.8696;
15.0953;
21.7361;
19.8377;
18.462;
24.7237;
19.8016;
11.1997;
12.2476;
19.0388;
26.2239;
27.1241;
23.9909;
18.7223;
26.447;
15.0494;
28.0596;
23.1521;
23.7216;
26.5286;
12.1592;
22.0477;
11.6903;
28.8783;
21.1405;
19.2627;
21.3466;
25.5876;
21.0728;
16.1613;
20.2901;
7.55092;
15.6342;
12.982;
26.2189;
15.2323;
26.2807;
26.2674;
20.7947;
18.3981;
19.9947;
24.4505;
25.0895;
25.7698;
22.0878;
15.975;
14.3658;
20.9584;
7.67251;
20.5283;
17.0085;
22.3111;
21.7889;
14.81;
19.8981;
17.9521;
10.761;
23.273;
21.7663;
27.0127;
20.5524;
16.9383;
26.8486;
17.7567;
17.1978;
25.1071;
21.8749;
22.9291;
20.2229;
22.7949;
23.6745;
23.5288;
21.8159;
21.0708;
24.5287;
31.4301;
22.9241;
29.5603;
19.3852;
31.1898;
25.6452;
23.2994;
20.8408;
23.2651;
18.4807;
27.3922;
25.7615;
23.0538;
17.4404;
16.4361;
23.3359;
28.5807;
20.9449;
21.1923;
19.791;
25.815;
21.6941;
24.3222;
21.1956;
17.0443;
22.9258;
21.5183;
20.0738;
22.4786;
25.0857;
26.0653;
21.8064;
26.1912;
19.0882;
11.4744;
17.4811;
17.3634;
9.30568;
19.5026;
9.31594;
27.171;
29.3286;
25.5108;
11.8981;
12.9073;
18.7188;
29.5887;
21.3051;
18.2521;
24.7948;
20.5769;
24.3009;
23.6486;
20.8792;
28.4297;
26.0586;
24.5315;
18.2831;
18.151;
19.9087;
29.5815;
23.4789;
16.9556;
19.654;
26.5924;
20.4119;
19.9401;
21.8789;
23.8031;
18.7287;
17.5547;
24.2027;
19.361;
26.6771;
10.5472;
15.8184;
12.4974;
11.5883;
22.5448;
17.9435;
16.1966;
18.2336;
19.4483;
22.4479;
23.9145;
21.5656;
21.6901;
22.4755;
21.64;
11.6024;
26.6487;
24.0365;
25.757;
25.6404;
22.5077;
18.6014;
19.8576;
24.5709;
9.96839;
18.1972;
20.304;
22.7467;
18.8888;
17.1623;
19.4727;
12.985;
23.0116;
20.7517;
21.6136;
11.3707;
20.2085;
25.7175;
24.8774;
24.1814;
14.3412;
20.1255;
27.7355;
14.1147;
12.6007;
25.859;
25.4664;
12.4671;
17.3097;
10.9273;
23.7807;
18.0354;
16.0844;
23.6781;
25.4006;
25.7779;
14.2637;
16.4974;
10.8756;
19.599;
12.5707;
24.1857;
23.545;
25.0792;
16.0169;
22.0749;
27.5542;
24.7998;
10.6409;
15.5952;
15.6467;
20.4741;
21.7016;
27.1927;
18.4501;
21.3996;
13.9319;
19.4988;
27.329;
23.6691;
22.1837;
25.9911;
16.8229;
26.3144;
26.0892;
20.3774;
26.7603;
18.5703;
17.6995;
16.0862;
26.0886;
12.9179;
28.4254;
24.9801;
18.4123;
29.6216;
22.0433;
19.4873;
20.1684;
24.9479;
17.4086;
12.8908;
18.9851;
21.4724;
20.8883;
23.2641;
21.7148;
22.3891;
27.0043;
11.0491;
9.55066;
18.1307;
18.5049;
17.571;
18.6883;
23.9463;
22.9317;
24.1477;
20.8809;
20.2197;
20.2199;
27.9502;
18.3591;
22.8259;
16.3083;
19.3943;
24.5808;
16.1082;
19.5483;
12.1491;
12.9216;
13.837;
26.2177;
32.324;
21.3375;
14.4802;
27.337;
27.7568;
18.4959;
23.2334;
23.9189;
17.5178;
22.771;
10.058;
17.4276;
11.4231;
15.7656;
19.8292;
23.2999;
17.1914;
26.25;
19.5621;
24.7006;
19.2724;
27.1583;
11.3994;
16.6805;
19.45;
16.6584;
16.5459;
21.5638;
17.3795;
30.7879;
25.3467;
23.0349;
26.4972;
19.7413;
27.8499;
22.7506;
22.0975;
13.2494;
23.708;
22.669;
13.7782;
16.7256;
30.3235;
9.5424;
21.0296;
18.8317;
13.1047;
25.1532;
21.9427;
20.5176;
22.5128;
19.2139;
26.4313;
24.3315;
15.3333;
22.0348;
27.3635;
19.7766;
26.9406;
22.5585;
25.3249;
26.2427;
26.3659;
20.8336;
21.5246;
22.9385;
23.2055;
20.3129;
19.6788;
10.6115;
16.0504;
26.5778;
24.2731;
19.9017;
20.3429;
8.41217;
25.8343;
18.6765;
19.5006;
29.425;
17.4657;
18.8817;
21.7924;
16.5196;
16.771;
21.3462;
22.9957;
25.8938;
9.91739;
14.9754;
14.8574;
21.7232;
34.7844;
11.7184;
22.6215;
13.682;
12.1839;
18.7502;
20.4346;
14.8034;
20.7793;
17.709;
21.4819;
17.1518;
14.9567;
20.5404;
15.2792;
25.4626;
14.6377;
23.4041;
25.42;
24.4938;
17.4711;
20.2278;
18.0292;
16.2241;
19.6626;
20.1798;
18.4894;
8.99602;
13.1469;
19.4901;
17.9053;
20.9346;
18.2505;
27.5369;
21.0879;
20.4486;
22.7139;
13.1557;
11.2725;
23.6655;
12.3128;
22.0234;
22.2925;
19.2987;
20.3582;
23.1716;
14.5872;
17.0294;
21.3142;
23.4391;
15.8724;
31.9466;
25.3833;
14.0359;
21.8918;
24.074;
21.7015;
22.7421;
23.0912;
21.0073;
24.1295;
21.0287;
16.6374;
16.6913;
16.6061;
21.5336;
18.0674;
18.8323;
20.4701;
21.1272;
26.5766;
22.0791;
24.2527;
27.5085;
22.0516;
16.2831;
20.8861;
22.9762;
18.9924;
18.8317;
22.711;
18.5086;
17.3187;
21.6572;
19.4872;
18.5957;
17.6888;
22.5103;
18.3499;
28.5191;
11.5594;
18.6882;
17.864;
23.1514;
21.6647;
14.122;
18.355;
21.9719;
22.1507;
20.8046;
22.7315;
16.9667;
18.5336;
12.5297;
24.1147;
10.9297;
18.6794;
20.6923;
20.6936;
18.1391;
19.6428;
21.0708;
25.9515;
21.441;
23.7272;
21.2886;
22.9561;
20.7069;
21.1991;
26.3725;
17.4499;
25.8144;
23.645;
11.6069;
12.0395;
22.4564;
11.0649;
19.3897;
22.8512;
18.9375;
12.9284;
13.7743;
24.2712;
26.1821;
17.7486;
28.5003;
16.84;
23.782;
19.0355;
19.4349;
14.7119;
15.8328;
14.8747;
12.1138;
19.2431;
24.5421;
23.525;
17.2548;
17.9016;
28.9701;
27.1765;
28.6734;
20.3792;
18.3559;
18.2738;
18.5508;
14.3847;
17.7464;
19.5369;
26.7523;
21.8039;
26.8872;
17.0378;
22.4556;
25.2805;
19.1173;
23.0947;
29.0877;
18.646;
20.9314;
15.3614;
24.6377;
20.0697;
15.4581;
19.6263;
18.9578;
25.1498;
21.0969;
21.7376;
22.5974;
22.206;
23.1299;
26.196;
22.1951;
15.4631;
21.2778;
19.7629;
29.0574;
20.5457;
21.8238;
18.22;
22.6763;
20.6783;
21.5488;
15.3317;
9.12217;
23.1538;
20.8097;
16.9967;
23.4086;
16.1761;
20.2349;
31.3702;
22.9513;
19.7091;
31.0554;
16.7362;
16.8924;
19.4623;
26.084;
20.0743;
14.4415;
22.9492;
23.2384;
20.8496;
19.649;
28.0568;
22.1151;
21.6096;
24.593;
24.8752;
10.4435;
26.8067;
14.6066;
18.0396;
17.5014;
21.1598;
26.3974;
15.4183;
13.9088;
18.5755;
26.6281;
13.0051;
14.8332;
21.6203;
22.4811;
15.005;
11.4048;
22.341;
18.9983;
18.8998;
20.2477;
28.3465;
21.4677;
12.8168;
21.6645;
16.9355;
22.2046;
25.3162;
20.2924;
21.9711;
26.1996;
24.1448;
23.8154;
20.6337;
17.5179;
25.5874;
16.4707;
22.1138;
33.5206;
16.5416;
22.063;
20.406;
18.8505;
14.613;
22.5169;
21.804;
16.8699;
22.1685;
12.2411;
25.8314;
27.3972;
22.444;
23.9797;
15.8265;
21.1103;
19.2313;
18.8597;
20.7428;
20.4474;
19.4815;
12.7014;
9.94975;
25.8041;
14.0822;
14.7291;
11.2755;
17.4684;
19.6998;
18.907;
19.828;
16.3266;
22.1035;
20.7474;
21.9453;
20.3202;
21.9753;
26.0114;
24.6825;
13.5583;
14.7665;
16.7363;
14.6495;
27.7633;
27.9079;
22.4883;
25.2209;
10.8535;
16.2094;
18.4504;
17.0125;
22.1414;
21.7641;
17.8872;
25.1996;
27.5481;
13.321;
18.2731;
21.7615;
25.4073;
23.3287;
17.6931;
26.8606;
15.5586;
20.241;
22.1023;
23.5281;
21.9265;
16.5169;
19.8139;
15.193;
18.4092;
22.5414;
23.9251;
20.2191;
19.9978;
13.1498;
23.9859;
13.0816;
24.3302;
19.0952;
25.1774;
16.1766;
17.646;
18.7067;
17.9959;
22.0782;
22.7095;
21.4323;
13.5443;
20.7484;
24.4071;
11.4286;
18.3054;
20.0376;
16.9478;
13.9132;
24.0648;
19.5869;
17.201;
14.1752;
22.0455;
12.3133;
21.6966;
12.127;
21.2575;
19.6283;
21.6792;
18.8848;
21.1761;
15.1004;
20.3318;
11.7688;
13.2385;
20.02;
17.454;
17.697;
25.7228;
18.4894;
28.6065;
16.9733;
23.7806;
9.95271;
14.1384;
18.2054;
24.324;
19.1998;
25.6745;
14.6498;
26.3458;
16.2737;
18.9565;
17.2717;
23.045;
21.7368;
14.2147;
26.5047;
25.1113;
18.4131;
20.2836;
15.2161;
12.8897;
22.9873;
19.0688;
13.7874;
18.852;
14.5422;
24.4196;
22.4709;
23.7258;
19.5292;
26.8154;
20.518;
16.899;
10.9182;
16.2201;
19.4722;
22.3689;
21.4609;
23.8603;
17.3254;
16.544;
24.947;
20.7752;
12.1453;
21.762;
14.1062;
10.7942;
17.2075;
17.6415;
19.8699;
20.4649;
20.9529;
20.974;
23.8791;
19.6484;
29.8655;
15.567;
24.2132;
14.2844;
23.2135;
17.8651;
19.3236;
14.1325;
25.829;
24.2782;
19.9171;
20.8482;
19.1549;
21.4575;
25.6814;
21.2402;
24.6607;
21.5671;
25.4236;
19.6529;
17.9134;
22.9702;
18.6768;
19.5889;
19.7672;
27.8471;
23.9224;
21.1719;
19.9074;
24.5203;
21.7102;
16.986;
28.0816;
18.3253;
18.5728;
12.7016;
22.1135;
21.4263;
15.0148;
20.8204;
18.751;
15.2032;
21.4898;
15.6843;
13.5814;
13.2312;
11.9186;
15.0762;
15.4551;
11.1679;
17.092;
15.2706;
21.829;
21.5035;
25.0616;
12.8026;
23.0527;
18.9184;
13.9103;
17.8838;
19.1076;
22.2805;
14.3094;
16.6875;
15.3676;
23.7764;
19.7018;
21.5515;
22.175;
20.1366;
20.245;
17.7705;
23.0036;
25.5864;
20.5894;
20.8239;
18.9457;
14.1628;
12.9033;
23.0683;
17.0176;
13.2877;
21.1362;
12.4187;
22.9975;
28.8332;
25.3365;
21.6416;
11.1226;
24.7344;
19.3554;
17.9248;
23.9207;
16.6744;
14.3492;
25.4113;
20.9274;
18.5746;
22.1496;
19.2049;
23.8251;
17.7443;
22.6651;
18.1706;
18.6136;
22.5186;
20.6807;
10.5838;
22.0293;
25.4112;
16.0965;
20.2165;
19.8525;
23.9761;
26.3243;
14.1123;
11.322;
16.2538;
22.32;
17.21;
15.6435;
23.3013;
24.711;
16.4674;
17.9592;
21.9451;
20.7719;
23.7332;
17.5097;
17.6309;
17.9569;
15.7383;
22.3929;
14.6424;
26.9048;
14.7245;
17.0937;
12.3524;
12.0545;
22.5109;
20.9133;
19.0108;
17.8914;
22.0219;
14.8269;
17.9693;
18.2567;
18.9081;
16.1543;
15.4849;
18.5672;
12.9782;
18.9523;
19.1476;
20.2817;
15.2952;
17.122;
23.0359;
18.7302;
19.4988;
22.0033;
17.7725;
18.3317;
22.5645;
24.3254;
24.1351;
17.7557;
23.0717;
21.7662;
17.6804;
23.3757;
22.0386;
17.429;
21.4668;
22.6189;
11.5419;
16.4196;
20.4936;
16.2966;
22.4802;
17.9651;
15.9225;
17.8672;
17.7168;
11.5439;
16.4907;
18.7695;
16.3641;
20.5156;
18.1806;
19.4249;
19.8348;
17.7513;
25.576;
18.8659;
22.2812;
12.2248;
14.5733;
24.5179;
15.7921;
14.4469;
25.5796;
20.5952;
11.7515;
20.5731;
19.7451;
18.8857;
20.8809;
23.7417;
22.4804;
12.1377;
13.1263;
12.81;
23.006;
21.8582;
19.7569;
20.1105;
25.6131;
21.3774;
21.5984;
21.3906;
13.3129;
20.332;
21.9921;
22.9259;
15.054;
24.3705;
20.332;
19.4161;
24.4754;
19.0888;
16.0823;
10.6948;
16.285;
19.5387;
19.1901;
20.0285;
16.5319;
16.6583;
23.8147;
16.4741;
19.8484;
19.9998;
16.5079;
22.133;
19.2277;
13.6926;
19.6039;
18.0373;
24.486;
18.9516;
21.2074;
16.1519;
17.8116;
21.6943;
14.1843;
21.6171;
19.6161;
14.4206;
22.5396;
13.5042;
14.6426;
15.9675;
15.6807;
11.0723;
16.3751;
16.3504;
18.8069;
15.7119;
15.7814;
17.6275;
12.6391;
20.4552;
17.8704;
17.7978;
12.4386;
15.1054;
17.4463;
10.8264;
19.8519;
18.6665;
20.3458;
21.2359;
19.6444;
18.1715;
22.0373;
18.6198;
27.0936;
14.5679;
15.6668;
14.4366;
20.0861;
21.3889;
20.014;
17.9224;
26.0312;
17.8701;
17.1106;
16.9145;
13.9102;
17.5759;
11.9332;
20.2874;
22.6928;
9.6839;
13.9719;
16.0185;
17.8734;
16.4278;
21.7679;
14.5093;
27.1223;
27.6842;
21.3952;
16.5856;
22.5768;
19.5398;
23.2387;
26.995;
17.9682;
22.2333;
10.5009;
20.1438;
20.9017;
12.9671;
18.3517;
13.4752;
17.3291;
18.0927;
20.9503;
11.0245;
23.0685;
20.3716;
19.8042;
23.1768;
24.657;
15.4831;
18.9358;
15.5736;
17.4495;
18.1373;
21.6511;
12.0763;
17.4987;
19.421;
12.2253;
20.4556;
17.8936;
15.733;
23.706;
18.0371;
17.5415;
22.8536;
19.0196;
15.8742;
21.6931;
23.5896;
12.1024;
17.0801;
14.2088;
25.62;
20.4763;
12.1721;
14.1862;
23.2782;
14.0357;
21.2407;
20.6752;
15.525;
14.592;
26.6477;
14.4275;
15.977;
18.6185;
23.9154;
21.5721;
22.0764;
23.7745;
23.046;
16.4528;
13.0696;
13.7577;
16.5132;
22.8806;
11.615;
14.3697;
20.5546;
18.5358;
15.5609;
16.4596;
15.4009;
18.4774;
12.747;
21.7806;
22.318;
19.9561;
28.8981;
15.7669;
21.7239;
18.6899;
28.9019;
17.7194;
16.8394;
21.543;
14.5159;
17.3711;
23.7815;
13.3128;
20.3325;
20.4892;
22.2411;
14.0796;
20.4071;
17.7056;
18.8438;
16.6215;
20.2288;
22.3961;
19.641;
17.6192;
16.2176;
16.5466;
19.256;
24.0696;
17.7808;
22.0138;
17.2494;
11.0439;
12.2608;
16.5187;
17.5056;
23.0851;
23.1535;
28.8456;
22.8737;
15.6761;
22.702;
17.3611;
18.2677;
15.4711;
23.2241;
14.8142;
19.3809;
18.2063;
21.475;
21.7959;
16.9746;
19.317;
23.2091;
14.1908;
9.38096;
22.2098;
17.4169;
17.9189;
24.4166;
16.2222;
17.4718;
15.6706;
21.2876;
17.2086;
20.9262;
22.9964;
21.0386;
25.3346;
22.2919;
19.0335;
10.6025;
22.2913;
15.0595;
15.0485;
17.0261;
16.9061;
17.0834;
12.7675;
21.2988;
14.0239;
22.7503;
23.8798;
16.8607;
24.2482;
18.5065;
15.9292;
16.4525;
29.5933;
14.3906;
19.8796;
19.0877;
19.612;
17.022;
15.2216;
17.8717;
25.5766;
13.1497;
14.8762;
12.8418;
11.36;
27.2509;
17.8486;
17.5979;
18.5591;
19.3219;
13.0521;
15.6263;
23.6077;
17.05;
26.4246;
18.8438;
12.9077;
21.0003;
21.1347;
11.6697;
14.406;
22.6249;
13.6743;
17.7096;
16.8904;
14.7907;
16.3472;
18.4265;
20.4442;
22.7307;
13.5023;
17.755;
20.1649;
22.4847;
26.9357;
17.5733;
17.6652;
19.92;
18.7599;
24.376;
20.3544;
15.3043;
17.9866;
21.6532;
12.1046;
15.8504;
13.547;
18.5638;
20.094;
16.3385;
15.2144;
20.2646;
17.1487;
17.1157;
18.0076;
17.8789;
18.2204;
21.4196;
17.3311;
17.9387;
23.198;
18.0551;
10.7765;
18.7741;
15.2398;
13.0181;
20.7018;
24.43;
16.2225;
18.7197;
17.9076;
14.1842;
12.9634;
18.781;
11.3917;
17.7757;
18.0632;
18.803;
14.8688;
13.0026;
16.1256;
19.504;
20.1567;
19.2937;
19.0839;
17.1037;
19.602;
10.4128;
16.5751;
21.2354;
17.7914;
17.7962;
19.4056;
25.1858;
22.6299;
21.5613;
14.249;
18.1029;
17.9535;
10.7964;
15.3356;
11.7747;
20.5203;
11.2785;
22.205;
23.6548;
19.5796;
17.5071;
21.7296;
14.1354;
18.0042;
15.2999;
17.0504;
15.3807;
24.073;
16.3021;
14.7796;
19.2672;
19.0566;
17.7476;
15.7513;
18.0829;
21.9721;
21.2968;
16.0517;
14.9119;
19.6833;
17.0542;
14.097;
15.4832;
14.7064;
21.6104;
15.5839;
13.8444;
19.6327;
20.8268;
19.9167;
19.7693;
18.2232;
23.0443;
23.0357;
14.0139;
23.1408;
24.696;
17.2479;
16.9257;
18.7004;
14.0167;
20.5162;
13.2215;
17.5205;
22.8978;
22.5377;
20.0897;
16.1076;
16.1124;
17.0256;
17.0705;
17.4607;
18.3428;
14.3212;
24.5099;
25.7753;
19.6799;
17.2724;
21.7952;
11.9917;
16.5095;
15.4809;
18.1313;
23.1626;
14.6987;
16.3823;
19.37;
24.2812;
19.7207;
22.1032;
24.966;
14.6644;
16.914;
24.3575;
17.7024;
24.4664;
20.1628;
21.5019;
18.3994;
15.3136;
17.757;
16.4775;
18.9297;
14.4602;
23.3139;
12.6415;
17.4961;
17.0934;
15.9518;
27.7594;
16.9343;
13.3001;
18.2513;
16.6282;
22.4727;
19.0841;
22.7548;
12.2141;
19.0282;
19.8884;
20.4221;
25.2813;
16.2057;
20.2595;
16.0823;
20.6197;
13.353;
17.3019;
17.6978;
16.5714;
12.8401;
19.8638;
15.6549;
23.0261;
12.5537;
20.0983;
15.0331;
18.5235;
13.9954;
18.8615;
17.1234;
22.382;
20.2895;
18.5924;
15.1364;
21.9566;
16.3106;
11.799;
16.8707;
25.4557;
17.892;
12.8839;
20.1507;
18.3542;
26.2003;
20.5665;
20.7875;
18.1125;
11.5157;
14.9148;
16.2419;
18.5853;
19.0987;
12.2609;
21.7511;
15.389;
15.5039;
12.1838;
16.8281;
15.3927;
16.0141;
25.5508;
14.2334;
18.7245;
18.2012;
17.5329;
17.5994;
15.7588;
22.5912;
14.1866;
20.1217;
22.7529;
14.1531;
18.8029;
14.2835;
12.7053;
14.5778;
18.6147;
10.824;
14.1479;
20.0891;
20.3161;
16.9418;
20.113;
20.9779;
13.3012;
11.2453;
18.1303;
13.3264;
21.8135;
19.9631;
21.8899;
20.969;
14.2551;
17.7328;
12.7001;
15.2116;
16.5488;
13.4458;
18.917;
17.6106;
13.4028;
13.3457;
14.6993;
15.6748;
15.153;
29.1637;
18.389;
18.3864;
14.014;
10.8207;
17.4682;
15.3783;
22.8195;
15.3119;
14.8071;
21.0802;
19.4163;
21.1112;
15.1468;
18.2332;
19.97;
12.6759;
12.2097;
16.7967;
15.2341;
21.6501;
17.2268;
28.4407;
22.5165;
18.3473;
19.3721;
24.3819;
15.8293;
16.2479;
19.3106;
14.3776;
10.3336;
21.7878;
17.1112;
17.3778;
18.9425;
20.3618;
22.6523;
20.4268;
15.3966;
11.3765;
11.7566;
15.9827;
16.8307;
19.8628;
12.2911;
20.0776;
14.8512;
14.6528;
24.3002;
16.3495;
20.6534;
19.2955;
17.5705;
25.1069;
17.2194;
12.3576;
18.7822;
22.1462;
18.784;
18.0114;
17.4724;
13.5305;
15.416;
23.0666;
18.372;
16.8257;
15.1146;
16.4694;
18.6805;
11.4732;
19.4154;
12.7283;
21.4331;
16.0136;
26.4479;
18.0473;
18.1995;
11.5578;
16.0175;
14.4096;
18.7915;
19.6524;
16.0026;
13.107;
10.7479;
12.874;
20.5176;
16.2613;
18.6754;
23.8023;
19.9162;
14.1859;
13.7461;
15.7879;
25.9707;
18.8031;
17.3117;
17.905;
14.1769;
20.5036;
15.2177;
18.7055;
13.8868;
13.8385;
18.8767;
15.0844;
18.5436;
14.9467;
17.8177;
21.4198;
15.6824;
24.7825;
21.2142;
22.7008;
12.0143;
14.2781;
27.3957;
18.4679;
13.025;
18.2019;
19.5785;
14.1193;
17.6145;
10.9406;
21.1757;
16.8545;
15.4698;
25.185;
11.9284;
14.2388;
22.0242;
14.2771;
13.8202;
27.5065;
15.151;
14.6055;
18.1942;
24.3532;
10.5899;
15.9762;
16.5195;
16.3935;
13.25;
14.366;
24.2676;
14.321;
19.645;
18.1549;
13.8446;
18.2179;
13.9482;
15.2489;
18.1919;
16.2002;
18.8535;
13.1813;
12.4628;
19.3009;
14.1285;
14.9607;
11.0832;
21.6909;
18.2717;
15.1978;
16.8404;
23.1778;
25.0357;
20.4277;
22.8512;
21.7154;
17.7377;
15.8493;
20.8844;
21.6477;
11.261;
14.6357;
16.591;
12.696;
16.5496;
16.737;
17.9693;
14.1842;
23.6272;
23.4174;
16.1659;
23.3752;
19.4469;
19.4722;
11.1701;
21.6343;
18.3863;
20.7766;
23.6398;
17.2835;
16.2509;
17.0649;
25.7679;
19.1982;
19.0058;
20.8684;
13.866;
10.2218;
14.6124;
17.6664;
14.3824;
14.9631;
17.4099;
16.8292;
12.3227;
12.2992;
19.324;
12.9003;
16.1433;
18.7884;
19.7956;
16.0827;
14.1953;
16.5764;
17.75;
16.9128;
17.2421;
17.2181;
17.8832;
18.6058;
19.1571;
16.4257;
9.9929;
23.5667;
12.466;
15.6195;
16.943;
12.8511;
14.0733;
16.6114;
17.0392;
17.6928;
13.1594;
19.5169;
14.8587;
17.5588;
11.6737;
13.9932;
10.9371;
16.3458;
12.3724;
14.289;
14.6398;
19.9615;
20.378;
21.0011;
19.8323;
20.778;
13.5067;
16.4653;
12.9151;
15.1413;
14.557;
21.1407;
15.1359;
15.2574;
18.708;
20.5495;
19.9926;
15.5297;
14.3008;
18.6002;
16.0128;
12.3131;
24.8395;
13.9025;
18.5475;
14.5317;
16.3266;
16.3146;
16.1217;
16.9619;
21.8463;
17.5496;
19.3816;
18.3693;
13.4741;
14.9292;
19.9876;
16.891;
14.2797;
17.7133;
16.0534;
16.7109;
15.6589;
16.0633;
20.1629;
24.4088;
18.9302;
21.3968;
16.8991;
17.6887;
22.9053;
13.4857;
23.5083;
20.4392;
20.293;
17.0772;
18.4916;
16.652;
16.0976;
16.3541;
23.0813;
11.9849;
14.6271;
22.8828;
16.6932;
14.3423;
17.7182;
14.8474;
16.4311;
21.2505;
15.0888;
17.9476;
15.5073;
22.0174;
21.9769;
13.3585;
21.9768;
20.4973;
16.7027;
15.9294;
13.7823;
19.4194;
12.6794;
18.3685;
12.3312;
18.087;
17.2207;
8.31573;
19.1442;
14.3056;
20.4555;
13.1371;
13.353;
15.1109;
16.6995;
16.0146;
14.9061;
18.1261;
14.2129;
13.0176;
19.0786;
16.4736;
14.9742;
22.2582;
11.6324;
11.2978;
15.8638;
12.5997;
12.9654;
15.6977;
19.5002;
15.6776;
22.5333;
13.5446;
18.4861;
15.306;
19.6947;
14.1899;
20.9727;
20.6569;
20.1046;
16.2758;
17.0941;
20.1297;
12.6666;
17.2404;
13.9647;
21.7743;
19.9108;
11.4852;
15.7319;
12.1896;
20.183;
16.8124;
14.2204;
19.6095;
22.6998;
17.3337;
13.7796;
18.2267;
15.1666;
17.3779;
12.0299;
16.6482;
14.2241;
13.3886;
22.0376;
18.893;
21.1938;
24.7992;
20.4829;
16.6369;
15.815;
20.0007;
15.5191;
12.4219;
18.7028;
14.9185;
14.0166;
12.4536;
22.5627;
14.7631;
20.1138;
17.0234;
20.1356;
13.2444;
14.9921;
13.6647;
16.0966;
16.9259;
14.9932;
17.7535;
11.3677;
13.3807;
12.3268;
18.1081;
17.0413;
15.2858;
12.7501;
15.4156;
13.2236;
15.7005;
13.1129;
15.2824;
15.8739;
24.3591;
18.0812;
20.9311;
22.8061;
18.9378;
13.1598;
12.8233;
19.6039;
12.303;
19.834;
11.9379;
13.7626;
17.2534;
22.1455;
22.1735;
20.007;
11.9172;
14.1874;
21.4263;
12.4151;
18.6351;
12.5401;
15.2917;
18.8007;
17.9808;
19.5476;
15.1597;
21.0663;
18.257;
28.0513;
12.9087;
13.0831;
16.0287;
17.4634;
14.9561;
15.9609;
15.9042;
15.5498;
15.7033;
15.7746;
21.2532;
16.4549;
12.9836;
16.8622;
14.8882;
15.9662;
18.567;
17.4091;
16.2289;
16.1019;
17.239;
22.382;
18.3831;
20.6658;
12.989;
16.2098;
12.6552;
20.1166;
25.4576;
19.0337;
13.8673;
14.3508;
22.9631;
13.5905;
15.1097;
15.2222;
23.5341;
22.6503;
21.2232;
20.2518;
19.44;
13.7381;
21.9157;
18.3742;
14.1241;
25.24;
15.1437;
19.7354;
16.3948;
14.106;
16.6855;
11.6451;
14.5139;
23.423;
17.4767;
19.8198;
17.5229;
13.4047;
10.1341;
20.8093;
11.2185;
18.0019;
18.4441;
16.7912;
22.1398;
13.0324;
15.7022;
15.5509;
16.6998;
17.1712;
17.8973;
14.955;
14.8904;
16.2856;
15.721;
18.433;
12.4125;
16.0064;
16.1507;
16.916;
14.0369;
20.1114;
17.3538;
21.1341;
13.1359;
11.5477;
16.544;
17.6163;
19.3898;
16.7445;
11.6493;
10.3145;
18.9846;
16.7278;
17.8113;
14.5692;
15.6777;
17.2154;
12.3008;
15.4139;
16.1018;
18.6703;
13.5022;
21.2024;
20.4737;
17.2002;
12.906;
20.4575;
18.7283;
23.5367;
19.4066;
12.9517;
13.7696;
19.2075;
12.8432;
21.1359;
15.9265;
20.5599;
15.5484;
13.7636;
20.8089;
15.0358;
12.3819;
12.646;
18.6153;
14.1424;
15.1921;
18.339;
15.3041;
13.2347;
12.0304;
10.6208;
16.0858;
14.6467;
16.0545;
15.5943;
15.0678;
16.007;
24.3205;
19.1624;
12.7324;
13.9724;
11.0454;
12.4163;
19.4516;
19.3349;
13.5207;
13.4982;
14.6416;
20.575;
12.6441;
17.8336;
16.4288;
17.9643;
12.7469;
17.4155;
15.8978;
12.4877;
13.0966;
13.9094;
15.1177;
12.9319;
15.8138;
15.9012;
20.6062;
14.2128;
19.2054;
23.1327;
16.4673;
18.0075;
16.7106;
15.5647;
18.8042;
12.0035;
15.2002;
16.6147;
14.678;
20.7876;
22.4204;
20.2068;
17.7023;
12.8749;
17.8067;
16.7859;
16.4989;
12.2407;
10.0456;
18.7822;
19.8179;
15.8861;
14.0947;
15.2608;
16.5144;
17.3911;
12.5887;
14.6346;
17.551;
14.0124;
11.4342;
14.5279;
13.3446;
13.3939;
21.3112;
21.457;
23.8556;
17.2676;
13.289;
16.6726;
12.4122;
13.7342;
18.6641;
17.5815;
16.0063;
9.22614;
19.0189;
18.6487;
14.9551;
12.7328;
14.6525;
25.5565;
15.9387;
15.9435;
16.8772;
8.2086;
19.1769;
17.1683;
22.6701;
14.6625;
16.3836;
19.5354;
14.0361;
9.78353;
11.3132;
19.9689;
14.9311;
15.4089;
11.3661;
16.5382;
11.672;
19.768;
15.4209;
16.2469;
15.9792;
14.9874;
18.4919;
16.0858;
16.3732;
19.136;
18.2463;
16.6809;
15.239;
11.7507;
15.3995;
17.6074;
14.9599;
14.4537;
12.7129;
16.2143;
21.7598;
26.1188;
13.9247;
13.7232;
17.9027;
11.8186;
13.248;
17.5055;
15.1843;
13.6642;
11.2175;
17.4663;
10.6473;
13.2421;
18.7314;
13.2791;
21.451;
18.8703;
15.1788;
18.6842;
16.1176;
16.3804;
15.3674;
12.0885;
13.7565;
13.6876;
15.5667;
15.1389;
13.4717;
18.7504;
11.9638;
15.5676;
19.4243;
17.2803;
12.8907;
18.5595;
16.8486;
13.1635;
14.8714;
20.7075;
16.3051;
18.4937;
11.4698;
16.708;
12.8252;
18.6453;
20.0559;
17.2764;
14.5765;
15.2645;
15.5128;
15.7302;
18.1264;
13.1977;
24.6673;
8.63941;
22.1195;
16.4177;
11.196;
14.433;
13.5897;
19.3126;
20.9276;
21.7009;
17.3201;
14.4387;
20.3582;
18.7843;
20.2012;
15.8473;
20.9658;
15.9527;
14.0951;
13.8302;
14.9907;
13.548;
15.8994;
13.8908;
13.7032;
15.8251;
13.0357;
13.9684;
13.4994;
20.2393;
17.8041;
13.3516;
15.6585;
17.619;
12.2704;
13.4799;
16.5946;
14.3193;
12.8046;
20.1289;
21.0358;
11.3572;
16.2652;
16.7529;
17.0064;
13.7846;
15.9197;
16.0335;
9.36801;
15.0912;
16.9366;
20.0953;
12.7761;
17.4449;
14.6506;
19.2455;
13.2139;
12.3056;
15.5814;
15.1469;
15.9958;
14.2001;
21.8084;
17.9823;
13.1953;
17.3226;
10.8753;
14.3837;
10.8957;
24.9407;
12.2251;
23.5185;
13.1964;
15.952;
13.4315;
9.6112;
11.3061;
12.8276;
12.2489;
13.6195;
13.2837;
14.0007;
17.924;
14.1239;
13.999;
12.2475;
13.6603;
18.3952;
9.51719;
13.9566;
23.8807;
15.4489;
15.4749;
13.8118;
17.0664;
14.3547;
14.0517;
14.3854;
16.4219;
23.4933;
18.0929;
21.9037;
12.2081;
7.92009;
16.8361;
11.218;
12.1216;
13.1122;
17.2588;
26.9983;
16.9843;
14.8859;
19.5631;
19.7221;
16.0949;
9.48486;
15.1535;
14.2095;
9.42171;
22.2355;
14.7685;
15.1824;
16.992;
16.0204;
13.1022;
12.8223;
12.6581;
17.6565;
19.3422;
20.2715;
22.2568;
13.0909;
25.7805;
18.1015;
14.0832;
13.9833;
14.3041;
12.053;
20.805;
11.7459;
20.0235;
14.9615;
16.1599;
11.1951;
18.5161;
15.5957;
13.5497;
13.1216;
16.6945;
22.1055;
14.9266;
12.8493;
13.4995;
16.913;
16.0176;
22.3041;
15.5494;
17.8036;
12.9719;
10.3123;
23.6139;
13.1004;
12.4792;
13.5866;
16.5222;
23.4711;
13.9321;
14.141;
13.3342;
14.0129;
13.172;
16.9694;
20.2785;
17.0986;
11.9356;
21.6881;
18.3628;
12.9067;
13.0618;
10.7365;
14.7477;
12.6155;
17.2956;
16.1497;
19.7045;
24.6332;
14.5273;
20.7711;
16.2295;
24.4379;
16.6631;
17.3221;
19.1645;
11.5208;
14.3684;
17.7548;
19.6249;
16.6734;
20.4475;
18.3554;
14.891;
12.1598;
20.7052;
14.4106;
18.1786;
19.4759;
15.5265;
12.4673;
14.4365;
16.8121;
12.9104;
19.5438;
12.4989;
16.5536;
10.5547;
12.7801;
14.0904;
16.2377;
16.7278;
17.5846;
13.0964;
16.2042;
17.243;
16.7428;
18.0721;
16.8531;
15.4698;
13.2801;
21.327;
17.5319;
13.7733;
15.6882;
14.7308;
15.0485;
17.157;
17.4578;
19.8947;
15.2277;
18.6313;
14.8628;
16.4046;
10.0308;
16.3265;
15.7224;
16.4;
14.7831;
20.2617;
16.0542;
17.6895;
22.1643;
18.9236;
11.6982;
18.0979;
15.1075;
13.705;
8.74946;
11.1;
14.2696;
13.5049;
14.1246;
11.9026;
20.3983;
13.3725;
16.3449;
10.7743;
15.482;
11.6626;
19.3496;
13.941;
11.7984;
16.6855;
17.832;
17.2954;
18.3185;
20.7772;
16.5895;
12.352;
11.476;
16.8223;
14.0788;
11.6332;
13.2437;
14.5977;
12.0112;
18.2945;
19.0541;
18.2596;
13.5295;
14.3627;
14.4095;
11.3586;
18.5785;
15.0816;
16.4246;
16.5585;
12.5172;
14.1005;
14.3193;
11.8356;
15.3292;
12.6782;
17.5514;
9.54999;
12.6045;
14.4328;
19.3143;
12.1849;
13.195;
18.2032;
15.1892;
13.7076;
10.2296;
16.522;
13.9148;
13.4689;
16.6553;
14.2859;
17.2175;
13.0349;
14.6212;
13.8996;
13.531;
14.014;
17.8196;
17.9091;
17.1641;
18.8044;
12.8728;
12.4897;
13.7244;
11.989;
17.7372;
15.5836;
24.1211;
12.3341;
17.1817;
15.0535;
19.2537;
12.6556;
15.1908;
18.8622;
18.8482;
15.4199;
15.5031;
15.9468;
13.012;
14.1464;
13.415;
15.8756;
15.4829;
17.4036;
9.9963;
12.3817;
13.1323;
11.4674;
16.1573;
15.7897;
13.5273;
20.5177;
14.7936;
11.1384;
17.518;
15.4562;
17.9603;
12.2823;
16.1148;
14.6531;
13.6796;
17.5285;
18.9864;
12.9761;
11.3659;
18.051;
16.5437;
9.03865;
15.2361;
13.3191;
14.0831;
15.1805;
13.5385;
16.0984;
11.6953;
14.9691;
19.1545;
16.3628;
16.2788;
21.0085;
12.3611;
7.10506;
12.1448;
11.962;
17.4795;
12.6586;
15.7078;
18.1156;
12.2446;
16.0542;
9.74559;
15.8692;
14.4627;
21.1835;
16.2386;
17.3144;
12.5588;
11.7731;
16.9759;
15.5862;
13.968;
18.5116;
17.8614;
14.9895;
15.1471;
12.6654;
16.7406;
18.1493;
17.1566;
18.868;
16.0994;
11.81;
12.8209;
16.3774;
15.0302;
11.5429;
12.8525;
14.3;
19.4841;
16.3287;
16.8513;
15.552;
10.3877;
15.5886;
16.2771;
12.969;
13.942;
11.0536;
12.412;
17.0493;
18.3675;
14.0525;
14.7158;
15.1061;
14.9812;
13.7661;
17.2453;
20.6186;
15.9996;
13.1325;
16.4928;
14.4742;
14.3737;
16.8185;
9.4275;
16.8264;
11.4217;
14.5535;
16.3085;
13.4947;
10.2274;
9.90892;
17.7572;
13.2084;
11.5971;
14.8894;
12.7549;
15.7862;
15.9526;
12.6249;
15.9179;
14.4737;
14.8431;
13.4497;
14.119;
15.3984;
19.893;
15.871;
26.167;
6.22678;
15.1972;
19.2712;
15.5848;
15.997;
13.0024;
11.8312;
17.6853;
18.3837;
16.5332;
13.0027;
18.1969;
17.0171;
11.8913;
12.9963;
13.7195;
17.6968;
16.5939;
13.9022;
15.4584;
12.5084;
12.811;
12.668;
12.4845;
12.2647;
13.4057;
9.32313;
15.3794;
18.1565;
16.2449;
10.8332;
10.9102;
15.9048;
17.4006;
13.3851;
16.1059;
20.3795;
16.8655;
13.612;
12.5677;
12.9153;
13.9518;
15.1963;
14.9857;
20.0778;
13.3896;
14.6154;
13.2756;
16.0401;
13.043;
14.3255;
12.3149;
11.3534;
10.7518;
13.3821;
17.8763;
18.6229;
12.0482;
10.4234;
13.6314;
21.6721;
8.99897;
8.90028;
14.0912;
14.2553;
12.9963;
18.2971;
19.264;
14.6059;
15.3811;
18.1928;
14.6669;
14.0477;
14.3333;
13.7545;
15.2003;
11.8583;
15.245;
9.64019;
15.0743;
19.7942;
14.7976;
17.6952;
15.0837;
11.2835;
15.8318;
13.0382;
13.2814;
13.3049;
12.8055;
12.3601;
9.00144;
11.4351;
10.3514;
19.4418;
11.8511;
16.2561;
13.8997;
13.1117;
18.2933;
17.3891;
14.4491;
17.6692;
15.3349;
13.3052;
19.0223;
7.99538;
10.8713;
11.719;
16.786;
11.135;
12.3339;
9.99604;
11.3774;
18.4216;
18.752;
13.5912;
14.7991;
11.1353;
21.5637;
11.9191;
9.58009;
15.0631;
14.963;
24.2078;
17.3063;
15.7852;
10.3304;
16.2602;
14.5582;
12.2119;
11.1268;
11.5656;
12.8167;
13.6514;
12.8958;
13.1812;
19.6157;
14.2954;
15.9794;
13.2223;
19.3529;
15.4094;
14.3207;
12.0989;
20.0684;
12.783;
12.4645;
14.2284;
10.3548;
13.4881;
18.765;
10.7172;
15.0538;
8.57232;
15.3068;
15.539;
12.8694;
16.5012;
14.0397;
13.754;
14.2426;
13.424;
18.7409;
13.9164;
11.0637;
12.5414;
13.0927;
15.1852;
13.4739;
12.7332;
12.1605;
14.2549;
12.8846;
17.5785;
9.29838;
10.4107;
13.3583;
10.3681;
8.3168;
19.5778;
13.8159;
16.6467;
11.0757;
16.5681;
14.0127;
19.8153;
12.4977;
10.9629;
16.0461;
19.6825;
16.4517;
9.9348;
14.2166;
13.0794;
10.0999;
9.98109;
17.9711;
13.154;
12.6466;
13.2735;
9.13181;
11.5784;
17.7519;
14.3324;
8.52876;
15.5706;
12.8222;
14.5606;
10.3886;
11.162;
17.0832;
11.7596;
11.0776;
17.8151;
15.9525;
12.4302;
15.3965;
14.0952;
15.0875;
14.6977;
19.2345;
12.7377;
14.9255;
12.3296;
13.7939;
15.0567;
10.7746;
15.0246;
11.7006;
20.4032;
21.8059;
11.6312;
16.6755;
16.1244;
13.2019;
8.78517;
15.3093;
15.4548;
21.426;
12.8549;
12.1111;
11.2805;
13.1789;
13.9258;
11.4611;
16.3982;
8.71213;
8.42361;
11.6386;
16.2498;
14.9282;
12.5842;
22.3105;
16.3348;
9.43613;
12.0564;
15.7829;
11.7844;
16.4321;
15.4527;
8.77703;
12.5825;
10.9289;
14.7092;
14.6961;
11.6937;
11.4466;
17.899;
12.1093;
9.90053;
13.0952;
12.2069;
19.6083;
10.5807;
14.1061;
15.8457;
7.07364;
11.389;
17.1199;
14.9113;
13.6551;
12.4019;
13.3214;
15.1935;
12.1182;
8.87121;
13.7875;
10.2151;
13.2037;
8.27719;
12.157;
10.0615;
11.6894;
13.351;
12.3798;
11.2569;
14.2197;
21.8377;
17.0964;
13.0433;
10.5631;
11.9914;
10.2569;
13.6109;
8.28284;
9.7836;
14.3092;
9.10575;
7.86391;
11.3736;
13.7964;
11.799;
6.27153;
15.0989;
13.2993;
13.8756;
11.9687;
10.4257;
14.773;
13.9082;
10.8181;
9.41021;
8.57267;
12.9647;
10.9425;
13.0221;
16.0573;
12.8169;
10.7621;
14.3745;
14.6946;
7.8331;
11.9286;
11.9355;
13.4414;
13.9471;
11.4388;
13.7227;
13.2499;
12.4574;
14.3629;
14.6856;
12.7819;
9.33726;
9.96821;
9.73358;
15.1719;
17.0683;
11.6017;
14.4;
14.1898;
13.7568;
13.8424;
15.6209;
9.53238;
13.9232;
11.2932;
13.3383;
12.9405;
12.2026;
11.9534;
10.1138;
13.2961;
14.1707;
7.88179;
13.834;
11.6972;
12.1645;
16.1413;
6.31419;
13.1286;
11.0348;
14.0722;
10.5902;
11.9461;
14.8096;
13.9395;
19.2951;
12.1019;
8.26948;
14.8485;
8.88723;
13.7735;
11.4081;
10.3094;
10.8826;
11.1963;
18.0349;
10.7731;
12.9409;
9.22828;
12.3371;
13.1312;
10.2583;
10.2091;
14.5679;
11.9075;
9.89417;
10.3259;
13.3974;
11.6377;
12.7211;
14.7266;
14.4299;
10.6016;
8.83999;
14.7141;
17.7467;
11.8838;
10.8005;
14.1969;
9.4804;
12.6099;
8.86109;
14.4826;
11.6334;
8.5296;
12.8437;
16.2658;
14.2568;
16.1371;
11.8636;
14.4054;
11.1687;
8.34507;
12.1121;
13.6931;
13.6932;
10.1657;
11.6026;
13.3644;
7.9698;
12.3148;
17.0697;
16.5034;
15.1424;
10.5167;
14.7634;
8.63834;
13.9862;
16.1714;
10.5664;
11.5415;
11.6828;
7.38204;
10.9448;
11.3698;
11.4146;
16.5236;
12.3877;
15.0589;
15.3751;
11.7031;
11.7206;
15.7522;
11.2812;
11.117;
12.9994;
11.9313;
15.9751;
17.5555;
9.42756;
13.163;
15.5078;
16.3973;
13.1772;
14.0341;
14.9325;
12.915;
12.8109;
12.8973;
15.1521;
16.7689;
13.5011;
11.0096;
15.0116;
12.6052;
9.27701;
10.9335;
10.3312;
7.5687;
11.8401;
15.1862;
11.9626;
12.9235;
8.72711;
10.3828;
17.7523;
10.5181;
11.3963;
11.3648;
16.852;
8.48653;
9.10228;
11.9963;
11.2078;
10.3269;
13.8069;
15.9577;
13.0675;
12.2193;
11.7386;
14.8399;
15.0571;
17.4109;
15.2648;
16.4056;
12.5292;
14.0824;
13.4068;
11.9136;
14.2546;
13.7555;
12.5926;
13.3045;
12.1778;
10.0241;
9.77797;
13.2592;
15.8196;
7.96542;
9.21249;
12.5966;
13.2555;
10.715;
11.3586;
11.643;
9.24127;
7.98906;
12.3219;
9.21412;
12.4295;
11.2928;
13.0403;
7.41195;
10.0178;
16.7238;
11.3057;
8.60051;
13.9889;
17.6784;
13.6681;
7.7875;
13.1826;
11.6804;
14.1161;
10.6235;
9.45037;
10.818;
15.1008;
10.5564;
15.0237;
19.4181;
14.344;
12.9223;
11.3031;
14.7496;
10.8006;
10.3081;
8.78103;
15.1695;
12.5401;
14.1854;
15.1548;
14.2827;
10.071;
11.2383;
13.7536;
12.0499;
16.3882;
15.7092;
22.7839;
8.56723;
10.0313;
7.48467;
8.07562;
10.5906;
13.0497;
10.8942;
15.4945;
12.3816;
8.93456;
11.1853;
9.02843;
14.6344;
14.2445;
14.8368;
13.5763;
13.8917;
13.4826;
6.16481;
16.5201;
13.9518;
9.97605;
13.2569;
14.401;
10.513;
9.35404;
13.0572;
15.2915;
11.9511;
13.7104;
14.1723;
9.78708;
10.7103;
12.5568;
7.74102;
10.5917;
10.7885;
9.90223;
14.8172;
8.25124;
10.6433;
18.8218;
11.3787;
13.6264;
11.7634;
17.0028;
16.1416;
11.7978;
9.84359;
12.1972;
12.3072;
10.8291;
7.61971;
14.5974;
13.0619;
15.1844;
9.97059;
13.8927;
11.028;
9.88121;
7.4381;
14.161;
13.1975;
10.3255;
8.50913;
12.6055;
13.0427;
9.50843;
11.9868;
12.8833;
8.55615;
8.20794;
15.8786;
10.9935;
10.5772;
14.4368;
14.7166;
18.7175;
12.066;
12.1454;
11.2375;
9.36283;
12.776;
11.0341;
14.7538;
15.3233;
14.863;
14.3887;
9.66633;
8.90707;
11.3161;
16.0219;
16.4659;
11.1925;
14.8355;
9.20008;
7.1066;
12.8839;
10.755;
10.5954;
12.7334;
10.1775;
15.8038;
14.3163;
17.1586;
12.3258;
16.8191;
10.9668;
17.6036;
12.3916;
11.7738;
13.3206;
11.9116;
14.0374;
9.48863;
6.05494;
14.8699;
11.5322;
10.8715;
14.9907;
14.7158;
14.8575;
12.7945;
11.578;
9.20051;
13.0402;
9.65236;
11.2364;
20.5653;
13.2612;
15.2049;
9.25299;
12.4731;
12.2952;
13.5177;
14.7653;
8.2545;
12.1932;
12.1253;
13.3821;
12.5604;
13.7203;
16.3748;
8.92566;
11.5702;
13.6587;
10.7653;
10.0905;
14.2734;
15.6265;
11.852;
13.7956;
16.979;
14.8763;
6.93555;
14.8442;
14.2574;
10.8623;
16.2173;
10.7285;
8.60105;
14.0774;
12.9395;
10.2644;
11.8644;
11.5463;
10.6998;
7.62622;
11.0238;
13.7605;
9.88119;
12.2066;
15.8709;
10.2688;
14.0042;
9.35842;
10.8946;
9.30173;
9.24721;
9.48898;
9.52245;
8.80592;
13.5075;
12.3523;
11.1699;
14.0713;
8.77069;
12.5983;
15.9836;
13.214;
9.70152;
9.06613;
15.2497;
6.24653;
12.3373;
14.195;
12.5609;
10.4034;
9.24611;
8.96946;
8.89707;
8.11826;
17.0797;
8.43308;
12.0086;
8.40069;
11.4705;
13.5337;
11.4393;
12.2019;
9.24774;
10.1709;
16.1628;
13.6074;
11.8538;
12.1124;
14.1116;
11.517;
19.6618;
14.3037;
15.7977;
12.2665;
8.4919;
11.9225;
8.77149;
12.0755;
11.9606;
19.1944;
15.6976;
16.8186;
12.9789;
10.7317;
9.03761;
15.6953;
12.5007;
11.2573;
9.02347;
20.0376;
12.1328;
16.3852;
12.9108;
13.8377;
17.8879;
12.1617;
11.2633;
14.2743;
11.8862;
13.2809;
10.7434;
9.65857;
13.6287;
6.249;
18.1947;
12.7482;
14.6821;
16.5574;
9.22161;
12.7092;
8.90999;
15.8315;
9.91897;
13.2945;
10.7792;
11.4382;
11.6865;
9.58115;
9.22527;
9.69698;
11.2341;
12.9473;
11.7357;
10.2262;
14.1597;
10.4776;
11.959;
19.0555;
9.99421;
10.5082;
9.42326;
12.0526;
10.9396;
9.83996;
9.49178;
16.2301;
16.9832;
11.9221;
10.9287;
9.10859;
10.6873;
12.8875;
11.3076;
11.8081;
12.615;
12.7947;
9.58709;
7.85801;
11.3542;
13.0055;
6.46188;
12.7095;
14.1293;
9.80536;
9.94598;
8.88756;
11.6125;
8.67217;
9.65997;
10.1843;
12.1565;
9.33074;
17.7142;
9.80739;
13.3793;
9.02549;
11.2619;
10.8542;
16.9689;
11.945;
10.3872;
7.13306;
13.2896;
8.18478;
9.81683;
14.3982;
10.0488;
9.47975;
9.31113;
9.05365;
16.4338;
11.2731;
9.51373;
11.5848;
7.32255;
7.65202;
17.3554;
13.1196;
13.0279;
10.8394;
8.0063;
11.475;
15.0234;
6.78411;
6.1349;
13.8759;
10.9062;
15.1248;
7.6764;
13.1927;
12.1861;
11.6445;
6.31148;
8.85354;
9.62167;
11.2669;
14.8262;
10.8091;
9.37118;
10.1992;
9.15344;
12.5628;
6.16021;
10.6383;
7.98449;
13.1565;
18.7074;
12.3662;
5.89416;
12.9202;
14.8588;
5.75673;
10.5969;
9.50288;
9.03472;
9.43464;
12.5395;
11.2806;
15.3886;
11.5994;
10.1945;
12.0595;
9.6505;
11.2462;
11.7627;
10.0614;
12.5128;
9.80319;
10.1783;
13.8014;
14.7306;
8.47793;
13.5092;
15.2211;
8.61476;
19.1172;
10.5078;
13.0294;
11.3096;
8.39151;
8.04508;
14.3355;
10.0665;
10.2537;
12.7601;
10.9862;
7.18151;
10.2201;
12.1043;
9.43208;
13.6536;
6.64951;
8.32732;
10.9191;
11.5063;
17.4226;
11.8751;
10.6589;
9.59734;
9.45313;
12.0176;
9.42566;
9.9959;
11.696;
8.15592;
11.6931;
12.0853;
9.36261;
10.7281;
12.5724;
12.4378;
16.1757;
10.7176;
6.26458;
8.84958;
9.84956;
13.5553;
14.218;
10.7376;
11.4767;
9.75049;
15.8125;
12.4103;
17.6356;
8.65171;
8.61037;
7.63514;
8.5976;
9.59756;
10.259;
10.5886;
11.9807;
8.13809;
11.8886;
14.7008;
12.4941;
12.4622;
12.7452;
11.101;
7.30913;
10.5484;
14.7947;
14.9721;
12.1681;
14.7631;
10.7134;
7.03061;
12.1407;
13.5113;
8.58785;
7.94271;
10.4311;
12.6019;
9.20327;
12.454;
13.0753;
7.12842;
12.8853;
6.56556;
8.41133;
12.5678;
14.73;
11.7435;
12.1444;
11.7866;
8.58793;
9.36777;
16.5548;
11.8079;
5.7039;
13.597;
7.43998;
14.2019;
13.94;
8.26641;
12.5904;
6.9984;
8.88071;
10.1259;
16.2608;
10.7245;
15.7314;
14.5659;
7.60389;
16.5929;
12.8486;
6.83938;
16.1842;
8.78945;
6.55596;
15.0132;
12.9195;
12.7356;
13.7066;
14.1696;
18.7405;
5.69351;
12.3392;
9.37959;
10.223;
8.01479;
9.5242;
14.4711;
8.51353;
9.16407;
13.6899;
8.76753;
17.2374;
14.5153;
15.0066;
12.5078;
10.8993;
9.29164;
14.6854;
11.2227;
9.70321;
10.0574;
11.5028;
10.5195;
9.37373;
8.47223;
9.00091;
12.9793;
10.9422;
13.0591;
7.0914;
14.7884;
14.7601;
5.78038;
13.2606;
12.4725;
6.20742;
8.67751;
11.5689;
8.96213;
11.6366;
13.0922;
11.6949;
16.077;
11.3472;
17.7007;
9.24594;
13.0019;
12.6837;
15.3686;
8.85494;
10.0848;
12.3544;
16.7982;
7.83948;
12.7998;
14.9659;
9.43518;
10.6149;
7.19199;
15.5808;
15.6373;
9.39883;
9.81996;
5.36897;
9.76048;
17.6997;
13.4907;
10.1672;
6.97764;
13.5033;
10.8549;
8.23315;
9.93503;
13.4266;
8.88014;
8.61986;
11.1703;
7.81631;
10.3896;
8.50891;
11.8577;
8.5096;
7.71144;
9.11787;
9.23497;
10.3111;
12.6765;
15.0719;
11.4425;
12.6835;
8.5732;
11.807;
10.6636;
13.8928;
6.07948;
11.8855;
17.4871;
9.9384;
9.35384;
9.82211;
10.7982;
14.6768;
9.73214;
8.75197;
13.7819;
10.3952;
12.1016;
11.5413;
12.5822;
10.4028;
10.1938;
14.3815;
11.5453;
9.51466;
17.0259;
10.489;
13.3532;
10.5988;
13.8885;
12.246;
8.64784;
13.4304;
8.44017;
9.40171;
11.6989;
9.82741;
9.62227;
14.6748;
11.5022;
11.3321;
13.6351;
8.88054;
11.2298;
11.4189;
12.0232;
11.5681;
8.62087;
12.574;
12.4871;
11.3589;
12.7582;
9.10987;
17.584;
13.5899;
10.792;
10.0342;
7.39998;
11.5084;
14.3471;
7.08185;
11.0942;
12.0581;
10.5884;
12.6954;
8.52115;
17.0833;
13.1901;
6.71368;
12.3046;
11.3859;
9.36576;
7.54694;
11.1803;
10.6777;
7.70754;
7.13401;
11.5024;
8.57428;
8.0473;
11.3022;
10.4491;
12.579;
15.7198;
7.83906;
15.4892;
10.3235;
8.55832;
7.48219;
6.94332;
9.69225;
9.12234;
10.3859;
9.66671;
11.9679;
11.8747;
13.3018;
13.579;
12.6464;
8.97229;
8.63138;
9.57331;
8.62763;
7.97085;
13.7728;
13.5465;
13.4746;
10.4004;
14.9195;
7.08419;
9.62714;
14.8097;
10.549;
13.8886;
11.0387;
13.4439;
10.4918;
13.786;
11.6005;
9.92436;
8.14111;
5.27554;
13.2735;
11.3591;
5.43665;
10.9472;
8.76496;
11.7902;
12.7377;
6.96247;
10.8971;
16.7271;
11.2368;
9.55037;
10.5342;
9.95498;
11.8575;
16.3153;
8.62549;
12.5312;
20.6156;
9.5301;
11.1272;
12.6848;
11.9426;
13.2978;
11.4091;
9.73242;
11.0583;
13.4514;
12.8751;
11.4386;
8.43826;
10.7625;
10.6181;
12.1737;
10.9124;
10.7169;
13.7005;
12.3306;
14.9792;
6.92987;
11.9864;
12.7888;
6.93598;
7.25913;
15.7404;
8.20575;
9.62205;
8.48841;
13.0351;
6.67774;
8.98733;
9.76221;
12.2436;
8.10147;
11.7468;
8.63913;
17.3853;
8.11918;
7.46806;
9.52825;
10.3055;
11.5708;
15.0167;
10.0033;
9.86881;
9.3636;
10.4589;
8.73381;
10.1178;
8.19177;
15.4483;
9.98335;
10.8122;
14.5472;
9.87524;
10.9732;
11.5218;
9.54356;
11.462;
8.12039;
10.2306;
10.4253;
12.6086;
9.54606;
12.5774;
16.1495;
6.79031;
10.0961;
10.1751;
9.78555;
17.7552;
12.4861;
6.28099;
10.1002;
9.93864;
8.37352;
16.5768;
10.2351;
11.8303;
11.6986;
12.1711;
6.61919;
9.84634;
7.13099;
9.20629;
12.918;
13.3583;
12.7139;
9.38881;
9.39046;
11.7237;
10.5647;
12.3572;
8.20938;
11.5603;
17.7274;
9.48456;
12.0827;
6.79413;
11.2251;
13.0381;
9.26488;
12.6034;
10.5084;
9.10397;
8.03586;
10.056;
12.2392;
7.97814;
12.2802;
10.9675;
15.0677;
7.59166;
9.80659;
8.89418;
9.96471;
12.6185;
9.57575;
6.71204;
11.5289;
13.0037;
7.29756;
11.2401;
9.99793;
11.641;
9.70016;
14.3219;
15.8922;
10.9801;
9.52047;
6.70469;
9.25272;
10.5406;
9.51021;
7.41437;
14.8729;
8.62861;
11.4483;
8.64051;
12.8693;
6.23608;
10.5507;
9.23934;
13.3362;
8.53298;
12.3952;
10.8393;
9.7864;
12.2247;
6.69685;
11.2918;
11.3016;
6.51935;
7.00095;
9.94002;
7.79566;
11.2369;
12.0232;
7.57413;
8.63259;
11.9947;
5.94748;
11.9416;
6.41903;
8.10301;
14.1355;
10.9131;
11.3262;
7.76945;
10.2446;
4.68207;
9.56556;
8.99227;
10.323;
6.7095;
11.7784;
6.78707;
11.4921;
14.9997;
10.7342;
10.1663;
9.64681;
11.4821;
8.36325;
14.9598;
15.1593;
11.0124;
12.4617;
10.7573;
9.56895;
5.38354;
11.0152;
15.486;
8.57436;
7.69604;
7.87122;
9.94415;
9.88526;
9.65639;
6.10112;
8.88086;
11.4836;
6.06184;
8.22177;
7.496;
9.90717;
10.6178;
8.97122;
11.109;
10.3566;
15.678;
8.0217;
18.5678;
13.5079;
7.59027;
11.8795;
9.84659;
10.078;
11.7335;
7.98479;
7.68366;
16.6022;
14.9474;
8.68852;
6.75684;
9.28408;
11.0235;
12.1743;
9.84168;
6.00006;
9.56656;
13.552;
10.1561;
13.6105;
9.16494;
8.40954;
9.34856;
7.64301;
15.0727;
12.2988;
11.2734;
12.1868;
11.3185;
10.0635;
12.3895;
14.6744;
7.91683;
6.66259;
9.84835;
12.2805;
12.5346;
11.7467;
7.52928;
9.49455;
9.35539;
10.7844;
8.46282;
6.413;
7.9328;
7.54051;
6.30802;
12.0452;
10.3265;
8.74295;
7.54096;
10.3945;
9.64033;
6.23313;
10.1635;
8.30169;
15.0854;
6.89983;
11.897;
11.7585;
10.9055;
12.9518;
7.7776;
8.78555;
8.64752;
12.2093;
9.10416;
9.69551;
10.439;
7.67084;
15.2585;
7.83112;
10.7995;
8.93944;
8.78516;
6.51103;
9.21224;
8.55692;
9.64801;
11.5418;
13.3833;
13.1162;
6.46461;
12.4396;
11.4129;
9.07449;
12.0402;
6.7152;
11.1577;
8.9052;
13.9906;
7.72082;
12.5358;
8.81973;
7.25781;
6.6199;
13.0471;
12.4307;
12.4039;
9.51432;
8.88429;
8.91716;
7.5882;
8.45437;
7.3419;
16.0646;
5.14325;
3.58022;
12.4901;
10.2086;
12.1347;
11.6354;
5.57823;
9.50678;
8.82403;
5.91761;
7.48815;
12.6941;
13.4453;
11.2215;
6.6166;
9.66079;
8.46352;
9.62716;
14.4566;
9.95339;
8.11106;
3.0782;
6.26949;
7.99155;
7.25287;
10.0594;
7.25822;
10.165;
8.01886;
9.05827;
12.9632;
8.42061;
13.3802;
8.54515;
9.85272;
7.1659;
4.99327;
8.71275;
10.0057;
9.16675;
9.09027;
12.594;
8.46381;
7.96759;
11.5734;
10.9164;
12.893;
7.32446;
11.6453;
8.90226;
10.6559;
10.8721;
7.08445;
6.83964;
7.45049;
13.2272;
12.8253;
7.24597;
14.9779;
7.86718;
6.86978;
9.46183;
8.6275;
7.32666;
8.5025;
7.98475;
7.31907;
7.86175;
11.8361;
13.8672;
6.402;
9.9158;
9.5571;
12.2185;
6.30952;
6.00203;
9.37522;
10.5889;
7.12279;
11.5557;
9.01069;
7.54768;
11.2196;
8.21442;
8.93658;
9.72381;
6.38709;
6.03936;
6.94198;
7.20803;
9.31702;
9.34956;
9.44538;
9.13781;
9.08933;
6.75016;
4.24273;
7.69129;
8.28823;
6.51773;
10.8042;
13.4994;
8.45913;
8.75043;
10.1796;
12.0183;
3.68655;
10.2955;
9.4333;
8.93238;
8.50691;
11.4191;
10.5645;
14.4268;
6.45819;
11.1481;
8.98415;
8.47011;
13.7809;
8.26868;
7.04575;
8.03653;
8.72936;
10.5927;
10.1034;
11.2998;
15.5659;
6.01929;
9.9765;
7.63949;
14.411;
14.7327;
13.12;
6.09374;
8.2799;
7.56779;
9.07105;
8.92883;
14.1573;
4.68041;
11.4636;
9.02353;
12.2371;
9.63541;
6.58895;
7.26926;
7.91211;
10.3718;
15.2537;
8.02971;
9.24772;
8.96111;
7.29125;
9.86247;
13.1116;
10.7373;
9.96644;
8.45869;
5.97043;
9.44304;
7.22874;
7.82359;
14.5698;
8.82374;
13.3212;
12.3387;
7.18767;
14.2443;
8.02801;
6.65139;
13.7417;
12.6097;
19.1605;
6.13246;
8.52141;
6.60999;
12.5923;
8.68159;
7.67389;
11.4624;
7.52498;
5.44372;
13.9538;
7.60762;
12.33;
12.2868;
6.44569;
8.67218;
13.6984;
10.2973;
7.86351;
12.0581;
7.24781;
3.92944;
11.515;
8.64157;
10.7055;
10.2833;
10.4184;
13.7769;
10.8613;
12.7422;
10.1071;
11.9333;
6.72603;
6.49264;
10.5734;
7.57012;
12.2733;
5.93833;
13.2654;
5.34543;
13.198;
13.5905;
4.83398;
7.43156;
7.03518;
10.0241;
8.84385;
8.54798;
6.49228;
12.5779;
7.4816;
13.6779;
11.446;
6.18229;
7.77883;
6.51669;
9.78548;
6.35398;
16.6857;
5.54914;
12.1843;
9.42687;
9.06825;
5.80072;
9.9936;
9.56563;
12.3651;
10.1858;
13.6136;
8.72593;
4.9359;
8.27962;
7.62863;
14.0631;
9.3444;
10.2963;
7.76394;
5.4835;
6.70655;
6.40376;
6.9761;
6.59586;
7.45686;
8.44623;
9.56375;
12.3626;
11.5307;
12.5797;
6.88401;
12.4846;
5.70349;
8.15491;
7.46633;
8.69309;
11.8406;
10.5617;
16.5111;
4.68741;
14.9226;
7.76337;
10.2816;
8.20043;
7.41611;
13.8271;
12.1216;
13.3779;
7.66405;
7.41091;
15.0464;
10.604;
9.41187;
10.6971;
7.02639;
8.50982;
5.89004;
5.53461;
7.60517;
6.77967;
7.894;
6.8774;
9.70474;
7.82531;
15.2368;
13.7866;
6.23228;
8.07012;
9.22027;
8.85683;
8.24114;
8.77756;
3.1789;
8.63767;
6.20907;
11.2454;
7.08613;
8.7057;
6.57894;
7.09807;
8.44131;
11.2038;
14.0869;
15.0981;
8.78942;
6.37857;
8.18233;
5.25013;
5.87468;
8.33144;
15.5094;
4.09379;
7.18265;
8.07983;
7.94434;
12.0423;
7.03279;
12.6967;
3.60068;
11.3955;
7.69121;
8.30351;
9.59248;
9.60993;
13.9135;
7.77395;
9.84675;
9.21142;
5.49696;
10.0024;
4.90038;
12.6014;
6.43276;
9.55476;
6.71233;
9.83568;
13.8802;
6.84602;
9.92845;
10.3065;
15.4943;
6.19306;
7.6067;
6.60492;
6.02198;
19.0138;
6.15798;
8.86489;
10.2281;
6.55513;
7.88246;
6.72789;
11.0463;
7.06885;
10.8351;
10.7759;
7.16543;
12.9473;
5.45604;
9.3131;
8.86914;
7.10211;
8.11511;
8.52107;
6.54867;
8.00257;
12.1723;
6.51972;
9.68015;
10.0991;
8.27963;
8.27848;
6.45387;
10.132;
2.95523;
8.04178;
5.86397;
4.68512;
6.22598;
7.92351;
19.2155;
8.15156;
10.6861;
7.84868;
5.88473;
8.68666;
6.88952;
6.78857;
10.2327;
11.3396;
10.7004;
9.68059;
13.6433;
7.07497;
6.21786;
10.0203;
7.12513;
7.62621;
8.53383;
11.9346;
6.19899;
11.2078;
12.4368;
11.4352;
13.4448;
3.78684;
8.57757;
8.08458;
7.90444;
10.4175;
9.7291;
15.7452;
7.87664;
6.94889;
7.7337;
10.0431;
9.02816;
11.5993;
6.29387;
7.56592;
7.95798;
7.67936;
5.96142;
13.1212;
8.35395;
3.66326;
15.6521;
7.48125;
10.0441;
14.488;
6.88898;
10.0786;
5.91833;
10.6952;
10.7363;
11.2915;
10.4812;
8.41682;
7.67287;
12.9808;
9.84919;
8.45733;
15.6123;
11.3009;
10.7769;
6.031;
8.5356;
7.30866;
6.07423;
9.23182;
18.8269;
9.44101;
9.29769;
7.53748;
9.00366;
6.12782;
4.72106;
9.34244;
6.80196;
4.50001;
10.1494;
9.41513;
11.5609;
5.86501;
9.05297;
9.92355;
7.92611;
11.1187;
9.43946;
7.8386;
9.21492;
6.16222;
5.52338;
10.9421;
7.91945;
10.7645;
7.07889;
6.61801;
7.71448;
6.09793;
7.93457;
7.15516;
7.29554;
7.50947;
8.32128;
5.98521;
7.9711;
8.86912;
9.98342;
8.33426;
17.258;
5.43258;
12.2646;
6.87897;
5.2581;
5.77505;
6.49101;
8.11688;
5.28774;
7.9187;
5.08518;
16.9498;
5.17771;
6.35805;
11.8924;
10.1535;
9.22754;
7.40082;
9.52672;
8.25039;
3.95399;
6.78035;
6.61129;
11.4619;
7.01999;
6.00286;
10.2323;
9.05792;
13.906;
8.25483;
6.53388;
6.53722;
5.42829;
7.47915;
7.59189;
9.54824;
7.59578;
9.01762;
6.12555;
8.49128;
12.7234;
5.2743;
7.39952;
4.55056;
4.59261;
8.06206;
6.15566;
12.4224;
7.23368;
6.42468;
13.8825;
4.84676;
6.18177;
7.64474;
8.94868;
8.68608;
3.11646;
8.74109;
9.13028;
5.9536;
15.4945;
6.30754;
8.11929;
4.38043;
5.40846;
7.25489;
4.24727;
6.25379;
12.2418;
16.132;
8.94971;
10.8273;
7.16807;
6.36831;
16.4706;
6.33639;
8.4661;
7.15135;
6.99764;
15.1311;
9.20576;
9.55946;
9.09209;
8.73169;
12.2006;
10.4512;
10.9257;
6.86222;
13.0362;
9.45296;
11.332;
6.25653;
6.44859;
7.37501;
6.96004;
4.63139;
9.97057;
13.0906;
14.6213;
5.31433;
12.9028;
8.13567;
8.87346;
8.43116;
11.7082;
5.5651;
7.53435;
10.1927;
9.23848;
5.30904;
9.37325;
10.0055;
12.006;
6.97856;
9.56344;
9.4885;
9.46411;
8.31464;
5.02678;
5.55982;
19.5445;
9.25125;
8.44448;
12.3089;
19.1938;
8.74016;
8.08405;
8.88333;
5.08415;
7.57797;
5.99728;
8.6256;
5.55984;
16.116;
5.5533;
6.57427;
6.94147;
5.22211;
11.9864;
8.1526;
6.56042;
7.41575;
7.47229;
10.6821;
9.94969;
6.63813;
6.38626;
9.28043;
9.5703;
6.16742;
11.0999;
7.6561;
17.5783;
6.37847;
7.43743;
4.14885;
5.21433;
8.90534;
7.5344;
6.31428;
6.21326;
8.62835;
12.369;
5.60926;
7.81655;
12.8977;
11.3897;
5.88841;
9.51001;
7.881;
7.00991;
8.67706;
5.5327;
10.6104;
15.3025;
18.202;
9.90607;
7.4508;
8.9204;
10.8721;
7.45723;
7.96567;
13.6857;
9.49397;
6.46164;
7.14193;
9.19142;
5.01175;
5.22224;
7.0934;
14.7964;
9.88462;
9.18043;
6.0148;
9.01271;
12.2486;
10.9028;
6.40805;
4.82633;
7.83297;
8.8417;
12.8708;
9.31714;
5.83533;
8.31343;
6.23589;
8.83243;
9.06606;
6.4931;
5.44522;
7.73441;
12.9709;
7.65902;
4.69569;
6.75546;
11.3214;
6.91878;
8.22748;
7.69691;
7.82133;
6.7458;
11.8871;
9.65762;
16.5935;
7.14083;
7.42826;
10.4445;
7.63672;
9.07673;
7.14905;
15.1066;
12.2953;
6.41669;
10.3925;
12.9966;
7.96434;
5.79245;
5.99041;
7.2265;
6.61526;
8.60222;
5.8144;
12.8771;
6.37724;
7.08452;
7.33989;
8.98385;
7.86563;
7.76988;
8.62404;
13.7989;
5.57516;
3.72982;
11.8574;
6.37911;
10.4246;
7.54854;
6.33273;
7.63299;
5.00059;
7.48059;
6.18432;
8.10885;
5.69849;
18.2533;
7.08225;
8.6699;
10.1477;
7.69235;
6.17341;
7.26517;
7.39841;
5.92286;
8.25544;
5.63234;
14.059;
6.20969;
6.58067;
9.99615;
8.00619;
8.9083;
4.3599;
8.33679;
2.92725;
14.0395;
9.53043;
7.09199;
9.03075;
6.43301;
5.04745;
6.63965;
7.32639;
12.9052;
6.81375;
8.08249;
5.59332;
5.59024;
5.24011;
6.9304;
9.27773;
6.12182;
6.64679;
5.30962;
4.28872;
13.6695;
9.4216;
9.22497;
4.05456;
8.43409;
5.13658;
6.28525;
8.72515;
6.95599;
6.11362;
18.464;
8.17848;
8.08063;
6.73618;
5.7599;
9.66796;
9.00707;
8.16032;
8.84299;
6.99479;
12.6277;
6.76979;
14.164;
11.1755;
7.53331;
3.01684;
4.38636;
7.75937;
5.22404;
7.71738;
7.72871;
19.6549;
5.56199;
9.85421;
6.62071;
7.94687;
5.22013;
7.43821;
5.01968;
10.4956;
6.17036;
5.37107;
9.50432;
5.30511;
9.90815;
9.79998;
7.23104;
7.7843;
4.72339;
5.89217;
5.41699;
5.25067;
3.5965;
6.02105;
1.62096;
14.5056;
7.58093;
5.88364;
4.66537;
6.64456;
8.44794;
5.50111;
12.0407;
6.73145;
7.23927;
10.6023;
4.52316;
7.21266;
4.13714;
4.89599;
7.21343;
11.7591;
8.14495;
4.82081;
6.11947;
9.19075;
8.3735;
6.04732;
8.612;
7.05654;
8.02834;
12.3456;
3.8576;
5.07589;
6.08073;
6.44187;
4.86254;
6.26182;
9.73016;
9.81407;
6.32033;
6.98643;
15.4477;
5.53478;
6.39866;
6.12467;
10.1775;
5.84149;
6.03064;
6.85605;
10.9438;
6.0468;
5.73823;
6.74606;
11.6621;
5.46894;
7.43095;
6.73816;
9.88635;
12.6169;
5.97373;
6.76167;
4.92647;
12.1201;
5.71923;
7.2541;
6.42884;
5.32115;
3.54867;
5.61658;
9.13415;
9.44553;
6.33811;
9.49054;
4.33915;
8.67677;
6.30134;
7.36944;
7.78061;
5.51852;
7.40703;
6.07437;
12.2478;
6.93221;
6.78572;
9.31073;
5.66082;
7.33543;
6.55773;
11.6474;
7.31202;
6.96185;
9.21485;
11.4408;
3.92205;
6.95822;
6.38611;
6.12967;
6.12601;
7.97422;
7.13946;
11.0877;
3.99266;
5.4889;
5.58347;
10.1939;
6.13612;
5.43657;
7.37659;
10.1076;
6.59981;
12.1963;
8.05453;
5.33296;
6.89839;
10.4286;
9.11063;
5.58866;
7.66317;
14.3446;
5.64233;
15.9722;
6.26469;
6.68294;
8.30146;
7.85812;
5.7305;
10.7832;
10.1237;
5.63991;
5.39855;
8.43936;
3.41382;
9.5859;
10.8788;
9.96529;
7.41021;
8.03282;
7.72192;
8.46409;
7.11208;
8.16491;
12.3644;
7.23584;
6.57514;
5.05291;
7.02233;
6.13662;
5.83892;
6.15213;
8.8931;
6.94797;
10.2082;
12.885;
6.86152;
5.07264;
3.71483;
6.7799;
6.16616;
8.15328;
5.41553;
12.1719;
6.60864;
7.6786;
7.13393;
6.57332;
6.23857;
6.70708;
10.238;
7.21297;
12.8211;
12.9638;
6.73392;
9.37516;
8.34361;
4.41272;
6.76672;
7.87295;
5.98354;
10.0854;
4.58709;
7.51142;
5.5996;
5.64302;
7.69522;
13.9341;
9.38003;
6.81157;
6.47387;
3.93291;
5.66198;
7.64889;
6.93876;
5.28043;
5.68631;
6.98362;
9.96419;
16.7393;
7.7312;
7.76164;
10.7624;
6.38648;
11.8945;
7.76466;
6.3976;
7.18827;
8.41248;
9.84454;
5.92856;
7.94214;
6.3924;
7.80961;
9.75997;
15.6799;
12.769;
5.79183;
6.31213;
7.11769;
5.18351;
7.23318;
7.56021;
16.0872;
8.77719;
4.35113;
7.78218;
5.53751;
6.1704;
12.2367;
15.4612;
6.0586;
7.48461;
7.81809;
6.33257;
7.49117;
11.4809;
10.773;
5.0618;
6.99907;
10.4584;
11.4306;
5.57144;
6.4548;
12.9577;
6.33748;
6.24269;
4.61911;
5.30533;
2.69823;
8.01209;
15.1026;
5.37822;
11.7188;
3.34345;
4.6117;
9.57124;
10.3331;
9.55848;
9.29848;
14.4806;
5.12029;
5.89483;
4.24615;
4.85639;
4.73989;
4.90382;
7.43669;
7.07032;
12.6112;
4.54577;
4.78417;
3.28964;
6.10302;
6.14094;
7.56933;
7.16267;
4.82857;
9.38023;
6.47908;
6.40794;
4.93857;
12.0338;
7.05224;
7.71781;
7.24436;
6.00056;
7.95314;
7.21963;
16.3381;
7.57374;
7.59459;
6.71871;
6.59149;
6.6553;
14.142;
9.74056;
6.90825;
5.31511;
8.25116;
6.89977;
6.84523;
6.81834;
12.3579;
4.34347;
5.60058;
6.64547;
6.72127;
4.5611;
7.07624;
12.5934;
6.94084;
8.24848;
7.57589;
7.39982;
7.18591;
6.10347;
9.96082;
9.26546;
7.09894;
4.93069;
8.02462;
5.56645;
7.21157;
14.3385;
5.86381;
14.9584;
3.65385;
4.40608;
8.54723;
9.207;
5.12399;
5.946;
10.5151;
3.70563;
5.95533;
6.37329;
10.3211;
7.58663;
5.41285;
13.6851;
3.03059;
4.98531;
7.62499;
4.0412;
7.79411;
13.967;
7.3739;
7.38306;
15.0089;
6.38319;
8.91141;
6.66671;
6.68063;
6.30029;
9.71398;
9.78977;
5.97367;
3.46906;
4.42399;
11.138;
7.04246;
4.95004;
5.26384;
7.39319;
4.08345;
13.9864;
13.7549;
5.95121;
6.36501;
5.14306;
2.25199;
5.40064;
3.30674;
15.4223;
12.7214;
3.61901;
5.193;
4.03138;
5.40477;
6.79918;
8.7393;
5.52465;
8.6014;
12.0124;
12.0404;
5.62357;
5.99021;
6.13407;
11.4069;
9.21028;
7.76857;
7.06955;
8.60718;
9.72641;
5.30924;
11.6745;
7.36115;
6.11351;
9.10198;
9.13253;
8.24912;
6.50962;
4.49117;
6.60629;
16.7456;
7.93094;
5.30165;
4.47454;
6.91513;
10.8749;
9.44372;
4.85686;
9.73292;
14.0942;
4.66971;
8.73691;
6.97944;
5.58351;
8.86411;
4.81782;
10.8157;
10.1135;
7.30708;
8.5218;
6.18472;
8.37352;
6.50934;
14.6225;
14.2513;
4.52819;
4.2075;
7.30563;
5.49987;
9.30229;
4.22734;
14.5936;
4.77346;
5.88;
10.4259;
10.9939;
7.39673;
4.60658;
5.67181;
6.58422;
8.87718;
7.35313;
13.4149;
3.94463;
8.20523;
3.82061;
5.79402;
8.944;
5.01074;
10.2751;
8.69542;
11.0766;
5.31249;
8.98921;
7.6102;
6.79925;
4.245;
7.46575;
3.42262;
6.68005;
12.5604;
5.14548;
6.69428;
8.02862;
6.82763;
4.63007;
4.48091;
5.66115;
6.40902;
12.8618;
7.14558;
6.44138;
7.1987;
5.37607;
7.31137;
4.96919;
5.6891;
8.29085;
18.9453;
4.59394;
6.09858;
3.58133;
7.87213;
8.16882;
3.89969;
5.44266;
12.5784;
6.28753;
8.0175;
3.50874;
7.2783;
5.60539;
4.31972;
13.8796;
4.95086;
8.00243;
4.37951;
10.9409;
5.20475;
9.40754;
10.1353;
5.19742;
12.1025;
9.31015;
10.992;
5.19865;
6.08966;
3.58625;
5.17331;
5.4623;
2.88727;
8.45597;
4.34597;
6.30856;
5.19298;
9.48216;
14.2071;
6.81947;
5.6443;
11.0985;
5.07743;
7.31096;
5.13336;
5.08529;
17.389;
16.8383;
3.65019;
3.06788;
5.55291;
5.55645;
4.98043;
3.82424;
8.66636;
4.97262;
6.1601;
7.27341;
8.98671;
11.516;
6.28835;
7.61774;
4.28699;
7.01221;
5.23483;
6.2749;
6.29417;
4.01257;
8.14252;
6.37691;
11.2118;
5.27831;
3.5483;
4.05752;
5.35091;
5.38362;
4.30934;
8.80303;
15.0536;
3.00559;
5.07035;
4.59588;
3.10751;
12.4827;
7.59307;
7.95378;
4.07523;
7.18206;
6.65816;
6.03803;
7.69617;
6.14673;
5.12281;
3.83043;
3.09389;
8.39669;
14.7313;
6.44462;
3.56276;
8.4693;
5.03328;
5.47883;
6.40071;
5.47147;
5.23167;
7.28858;
3.83966;
4.27039;
16.7342;
4.70323;
9.329;
5.10672;
6.92619;
5.97997;
7.63499;
8.8119;
9.66567;
11.7857;
9.87589;
6.60196;
3.95332;
5.42446;
8.96759;
5.64291;
3.75896;
8.11243;
14.0588;
7.71458;
9.04603;
6.49015;
7.53971;
3.97386;
11.6028;
4.52882;
6.25498;
5.76629;
4.77413;
4.28229;
6.29918;
10.1597;
11.7555;
5.17453;
6.46992;
3.93992;
5.7;
4.64709;
5.09809;
4.06714;
7.84275;
6.22483;
4.94823;
13.0803;
8.37876;
6.22146;
9.69956;
7.11998;
5.61475;
4.25929;
5.71535;
6.30196;
6.95614;
12.2258;
6.63125;
5.99315;
7.41995;
5.69431;
3.31424;
5.71391;
8.01632;
4.81287;
3.57283;
7.73646;
12.3197;
10.0958;
2.41583;
3.87163;
8.49551;
7.84566;
2.08695;
5.6129;
7.0881;
4.19474;
5.93292;
9.8949;
4.10695;
6.84819;
5.24978;
11.0224;
1.97294;
7.7452;
14.0923;
3.65936;
5.43378;
8.31913;
13.1625;
6.50741;
3.77683;
7.52606;
5.0259;
4.01301;
3.2506;
6.66804;
5.91689;
12.414;
9.95883;
4.9491;
6.70083;
6.48548;
5.06816;
7.10508;
5.63344;
5.1972;
4.916;
5.83107;
11.3537;
6.62659;
3.56502;
4.60259;
9.58686;
4.51535;
4.95478;
11.7245;
3.78838;
6.92014;
6.10173;
3.07442;
4.74638;
6.02164;
6.1902;
10.1725;
4.22566;
7.42751;
4.90199;
10.4004;
5.37933;
8.65722;
7.57445;
8.2756;
12.0928;
7.63639;
7.77031;
3.92516;
3.5544;
2.92114;
7.81262;
7.24864;
7.62328;
6.50316;
17.8101;
4.25998;
7.52771;
6.27869;
9.9291;
5.37869;
13.0708;
6.15395;
5.84601;
5.959;
9.55403;
17.0179;
4.66786;
5.35497;
7.14237;
7.15578;
6.23426;
3.59365;
13.6604;
4.65442;
7.31246;
8.07806;
7.61101;
5.11168;
10.2954;
7.89201;
7.62101;
11.2874;
4.65424;
9.39585;
8.21308;
7.97661;
4.6687;
6.10215;
9.40983;
7.02839;
4.81109;
7.30583;
12.7639;
1.83395;
6.44027;
8.43092;
7.67074;
9.56584;
4.71397;
4.3791;
11.6224;
6.66315;
5.48623;
4.64986;
6.33368;
3.78142;
3.60356;
4.54142;
4.51405;
4.81533;
6.77319;
15.6678;
4.80378;
5.93484;
4.68831;
11.3675;
6.8581;
8.55842;
4.97015;
6.19741;
5.04675;
5.3938;
4.70542;
7.33802;
9.96956;
4.557;
5.12922;
3.89025;
7.32449;
5.95292;
7.18838;
15.3053;
5.21221;
4.63455;
5.36246;
6.53355;
7.39907;
7.22592;
6.43658;
4.43754;
4.17824;
5.60016;
18.0307;
4.42288;
9.04785;
5.43903;
6.38393;
8.92072;
6.5663;
4.55625;
12.4161;
3.19624;
8.27646;
5.619;
11.0414;
7.6291;
6.48181;
8.10039;
4.69257;
14.672;
7.94603;
3.76985;
5.37481;
7.90513;
7.2586;
6.17402;
3.23667;
2.31552;
9.6414;
4.25014;
9.30456;
4.88618;
5.90448;
3.74187;
3.79324;
8.99713;
3.9298;
12.3958;
4.36911;
6.74505;
9.0332;
5.57502;
4.71936;
7.85912;
10.9722;
4.35352;
6.31596;
4.66671;
5.45893;
8.20818;
8.11586;
11.7509;
4.69713;
12.8545;
2.87674;
2.67091;
9.01966;
4.27996;
4.55838;
3.9479;
13.6146;
5.41492;
13.8694;
6.91095;
4.91648;
5.54954;
3.0349;
6.81811;
5.58814;
5.06103;
5.10446;
9.90726;
4.26115;
4.71128;
5.19068;
7.77001;
7.81578;
6.01555;
2.75363;
12.5798;
4.28344;
7.48939;
7.1391;
3.79472;
5.92643;
5.4112;
12.0484;
5.73159;
4.99186;
8.07884;
5.31468;
4.23374;
5.89915;
14.2968;
7.5934;
4.38101;
6.39662;
7.8668;
5.11252;
5.20926;
12.539;
7.59148;
2.61625;
5.03603;
5.79542;
4.17592;
4.75792;
16.6962;
6.14687;
11.1569;
6.65738;
5.33807;
3.54703;
2.37233;
4.34287;
9.36794;
3.13073;
7.28104;
3.5652;
3.06379;
13.1803;
6.6637;
5.79008;
4.56575;
5.07126;
4.29614;
7.24176;
6.07113;
10.9394;
3.21961;
2.05755;
6.83731;
4.24841;
4.34131;
5.28094;
4.68116;
6.85061;
4.56704;
5.66143;
3.53931;
13.7116;
3.45824;
3.85822;
5.59457;
4.89945;
4.97442;
6.95367;
7.10427;
3.39492;
4.64717;
6.76822;
16.811;
7.15201;
7.30959;
5.32687;
4.88122;
5.48397;
6.21628;
6.94397;
6.04969;
13.3832;
3.08424;
9.566;
5.30351;
7.02834;
4.49829;
18.0276;
5.32133;
5.31866;
5.66214;
5.65173;
5.57051;
12.4614;
3.70527;
4.35786;
5.83546;
7.25676;
3.76265;
6.67161;
6.95998;
11.3713;
6.08368;
14.772;
12.6989;
5.77989;
6.27245;
3.50204;
5.80155;
4.23164;
4.60353;
3.5182;
10.8663;
5.10211;
2.76377;
4.19322;
3.37827;
2.7666;
6.47577;
13.1975;
5.41586;
3.08286;
6.97326;
7.4612;
6.37522;
8.60269;
13.3243;
3.62409;
5.48494;
5.90264;
5.61469;
8.31332;
5.90603;
11.8317;
8.29013;
5.92943;
5.31972;
7.14981;
7.96957;
3.02937;
9.50859;
2.396;
4.0039;
6.4874;
1.8988;
4.7007;
5.76744;
4.86254;
7.68456;
5.44836;
10.8887;
7.08474;
7.79872;
6.86282;
5.57435;
15.9918;
3.73138;
4.32688;
6.90788;
7.57823;
5.77552;
4.92412;
8.99107;
5.97469;
6.17956;
6.65814;
5.7814;
4.95838;
5.56076;
2.8186;
5.24709;
3.0838;
5.00912;
3.04856;
12.9555;
5.97303;
4.87079;
7.52737;
4.73761;
4.46014;
4.90843;
4.872;
7.15468;
12.2955;
4.93887;
3.88204;
5.39345;
6.07563;
8.64168;
4.84958;
14.0804;
2.50059;
8.27398;
3.83583;
5.15726;
5.98156;
3.89214;
10.2427;
3.75763;
4.76895;
10.8744;
5.27654;
14.0828;
8.142;
3.44579;
3.28896;
9.21893;
2.85446;
8.52744;
3.74024;
3.01312;
9.11011;
3.38925;
2.91699;
6.28658;
1.81863;
6.50175;
16.243;
2.97009;
3.3781;
3.98506;
5.21887;
4.49444;
4.18351;
7.29011;
7.23049;
2.35744;
5.35253;
13.1717;
5.51476;
2.87843;
6.42883;
7.007;
5.60919;
5.92783;
14.8189;
5.00297;
5.32881;
4.97656;
4.72772;
6.14023;
4.86743;
4.25699;
5.75471;
3.06658;
13.6255;
3.90891;
6.49932;
2.67728;
4.14053;
4.57217;
5.54252;
10.4015;
4.34479;
5.16661;
6.99076;
4.85322;
4.11374;
4.1299;
4.84447;
11.6173;
3.57557;
5.61513;
5.4447;
6.1613;
4.83227;
6.03955;
1.62639;
6.97917;
6.88585;
4.45331;
11.6198;
5.43926;
3.94944;
3.911;
7.81963;
1.74321;
5.6101;
5.43775;
13.2208;
5.13311;
4.78181;
4.55588;
4.31854;
7.20304;
4.43067;
11.5;
4.03046;
5.31163;
11.0058;
5.63111;
5.76964;
6.82256;
4.99232;
3.62995;
5.93939;
14.8986;
3.39323;
3.48609;
4.20788;
3.78973;
6.85205;
4.87224;
10.9591;
6.31512;
3.82817;
15.2735;
7.38729;
5.17634;
4.00548;
5.0429;
5.73804;
4.48887;
13.8615;
7.44835;
5.30378;
5.99259;
6.7855;
5.52578;
7.03393;
12.7856;
3.84458;
4.59771;
5.94343;
5.43702;
6.13401;
4.29228;
12.3697;
8.52353;
3.25738;
4.75577;
4.29861;
14.6484;
14.4342;
3.452;
8.20888;
4.83358;
4.93368;
4.70197;
4.87881;
12.0732;
3.46659;
5.6648;
4.70036;
2.42567;
5.01894;
5.3516;
12.6444;
2.30339;
3.42382;
6.906;
15.5216;
4.41612;
5.43854;
6.06494;
4.91133;
4.3691;
6.50482;
15.5908;
3.66707;
4.63852;
5.32947;
6.5167;
4.71379;
7.2804;
10.5253;
7.86115;
2.41247;
3.47812;
2.83549;
3.57666;
5.90825;
11.5679;
2.93014;
4.72447;
5.16204;
3.59825;
4.97791;
6.83606;
7.01159;
5.99104;
14.2604;
12.6919;
4.91508;
5.64509;
5.46469;
6.20052;
3.71938;
4.14589;
5.21922;
4.20007;
12.5258;
3.65871;
3.38343;
5.252;
11.5469;
2.19212;
5.83508;
4.6985;
1.97364;
5.6467;
3.16742;
13.6736;
5.7593;
6.48573;
8.45384;
5.57905;
6.77;
6.49592;
3.4452;
3.70353;
4.23587;
6.01863;
4.18181;
3.40526;
2.96727;
13.2024;
5.22673;
2.12592;
4.39998;
2.71022;
5.00191;
2.69691;
4.08053;
2.76116;
11.4356;
3.72284;
3.25136;
7.3146;
5.5548;
3.86601;
7.0556;
13.5901;
5.26702;
4.8133;
5.34338;
3.40113;
3.0514;
5.84104;
3.24989;
8.59613;
2.75829;
4.84207;
5.6623;
3.8205;
5.34335;
8.08108;
9.09954;
6.38138;
6.75253;
3.21994;
3.70818;
6.4743;
3.69719;
11.5918;
5.86614;
4.74345;
5.02826;
5.3403;
3.74475;
4.23395;
13.0814;
6.13327;
4.92474;
6.09217;
5.04811;
4.62524;
3.60986;
4.90815;
5.82225;
11.4562;
3.10305;
5.62747;
5.86044;
5.98817;
4.89673;
7.15743;
11.6031;
9.21163;
5.15759;
6.90191;
5.58118;
13.7721;
8.18107;
4.4274;
4.34174;
6.21451;
6.92854;
2.4298;
4.63155;
4.66725;
5.73163;
11.2935;
6.46479;
7.07167;
9.42229;
4.81722;
3.58472;
4.77788;
13.3218;
5.39807;
4.47464;
2.88241;
8.64791;
4.01246;
4.16702;
10.9724;
10.7228;
4.96379;
5.41335;
2.28705;
4.7587;
4.14229;
4.22381;
4.71987;
14.3644;
7.6459;
2.30726;
5.28373;
7.35637;
3.30296;
5.97483;
8.87151;
7.27467;
5.62664;
20.2031;
4.78593;
4.638;
2.19165;
4.29853;
5.69454;
5.20176;
4.3006;
8.05658;
15.6376;
5.42867;
4.96773;
6.58561;
7.23483;
5.47438;
4.66172;
9.25507;
11.2187;
6.21791;
1.77702;
5.86883;
4.85882;
3.44747;
5.48109;
3.23554;
2.09946;
11.9346;
3.27639;
4.33961;
5.60301;
2.6383;
4.23681;
4.06699;
15.4484;
4.98095;
7.70013;
4.47864;
2.84785;
6.57311;
4.89831;
6.48977;
8.88541;
10.8941;
5.48494;
3.48148;
3.73342;
6.09367;
4.0161;
2.76046;
2.87878;
7.22611;
13.2868;
1.58664;
4.52667;
4.95548;
2.10119;
11.1976;
6.3678;
4.60548;
6.0764;
2.45043;
4.15629;
4.51636;
19.0301;
3.5445;
4.59081;
3.73679;
7.09137;
4.39739;
3.30187;
16.8589;
6.47554;
5.23811;
5.10792;
5.75396;
4.25987;
6.38165;
4.7124;
2.09702;
8.49519;
3.9156;
4.12814;
3.56704;
4.59725;
5.46943;
3.91048;
11.0288;
5.60127;
5.4967;
7.47395;
4.74564;
4.19738;
4.09083;
6.75733;
11.6623;
5.40456;
5.25029;
2.77411;
3.44764;
4.25239;
4.59679;
4.84975;
12.2405;
3.71197;
1.26474;
7.28269;
4.75111;
11.8227;
6.13313;
5.96819;
6.06002;
5.31527;
3.58757;
3.88575;
10.5125;
4.86921;
6.70313;
4.56607;
3.67328;
6.32021;
7.53206;
16.0059;
5.92092;
1.83975;
4.61988;
5.75056;
5.27892;
5.23109;
11.25;
4.56953;
4.50591;
6.6288;
4.30386;
4.73304;
4.00618;
9.54401;
4.55707;
5.02763;
6.2677;
2.67233;
4.10764;
4.16425;
4.68108;
4.09919;
13.3847;
2.45499;
10.7669;
5.9087;
3.1725;
3.29957;
3.62304;
13.5447;
5.42296;
4.50469;
3.6681;
4.58326;
3.92662;
0.971795;
10.4861;
4.37376;
3.52701;
3.99233;
4.66775;
4.8251;
4.25114;
12.9328;
2.45837;
3.58563;
2.33044;
11.3131;
8.87392;
4.54781;
4.51145;
4.62759;
3.99739;
3.49462;
6.63056;
4.4957;
16.2591;
3.46831;
4.55323;
4.73484;
4.09019;
3.44904;
4.90825;
5.46877;
5.62715;
5.06426;
8.94563;
11.6254;
4.7605;
4.94183;
4.91777;
1.99024;
4.6884;
4.42814;
4.24127;
15.0122;
9.17184;
4.48952;
4.7328;
5.84679;
12.1565;
4.08883;
5.9672;
3.05783;
4.93296;
3.97254;
4.7734;
10.2815;
5.74692;
5.92394;
3.40507;
5.14841;
6.18851;
4.98808;
10.9249;
7.03843;
2.7156;
5.23821;
6.1404;
5.62445;
6.73052;
11.7505;
7.11841;
8.19953;
5.62993;
5.10177;
6.49182;
3.60586;
8.7766;
4.39471;
5.14594;
2.708;
6.29238;
3.94889;
4.94699;
6.75036;
3.28507;
14.2347;
1.85759;
3.21488;
5.47395;
2.58224;
5.32174;
4.64343;
5.93611;
1.94583;
12.8049;
