9.2709;
14.8557;
17.5669;
12.9854;
14.5038;
12.1877;
12.5777;
13.4157;
14.6777;
15.0498;
11.4174;
16.5086;
16.6684;
9.77984;
14.5785;
13.6456;
16.257;
14.9901;
13.7975;
15.7797;
18.453;
12.5995;
12.862;
14.5808;
19.7313;
12.273;
17.1996;
15.0578;
21.9112;
12.9527;
20.2144;
13.3534;
15.3302;
16.7207;
11.9619;
10.8852;
16.4662;
13.9968;
8.3437;
13.5057;
13.6603;
10.568;
10.158;
8.562;
15.1968;
11.4574;
14.8217;
14.3891;
10.7045;
9.99045;
9.35976;
11.7075;
13.2354;
12.4323;
17.6212;
10.2843;
10.9965;
12.8415;
12.1632;
16.2663;
21.3485;
11.6583;
13.6443;
9.47004;
19.5144;
11.8062;
15.4551;
15.2958;
13.2432;
17.8627;
16.3278;
13.6764;
12.1436;
11.0939;
11.4987;
10.1232;
15.3087;
19.2778;
18.7968;
11.7675;
14.1657;
9.72445;
14.0244;
14.2697;
8.88392;
14.3892;
15.6172;
12.7543;
14.8765;
13.176;
14.4503;
11.4714;
12.7941;
13.6463;
13.5254;
14.3127;
16.7983;
9.1444;
11.9491;
12.3308;
14.397;
11.1676;
19.2145;
19.4784;
12.9618;
14.5628;
17.2242;
16.7368;
13.7092;
14.7303;
14.87;
13.52;
9.98152;
16.5145;
17.7613;
10.9313;
14.4871;
15.9807;
7.57911;
11.6619;
11.3688;
9.54142;
12.3987;
13.5924;
13.324;
12.9725;
10.0148;
13.8207;
10.9806;
11.0243;
12.3662;
10.7796;
13.4627;
9.73296;
13.0285;
19.5734;
14.4851;
13.6335;
12.2625;
11.187;
10.4468;
10.9079;
9.33994;
9.99586;
17.1171;
13.7169;
10.9226;
11.8504;
14.5442;
13.2522;
14.3078;
20.1388;
13.959;
10.5828;
11.1167;
12.5938;
16.2387;
11.8828;
14.6652;
14.711;
12.3789;
10.0577;
12.0887;
14.4618;
8.36048;
16.7431;
14.549;
13.0171;
13.5158;
12.5399;
10.3036;
10.036;
9.66509;
12.9291;
17.8457;
13.9241;
9.50537;
12.1885;
12.6383;
14.185;
15.7475;
12.4029;
7.435;
20.0405;
15.7737;
12.0536;
11.849;
17.4228;
9.69564;
10.4125;
15.7951;
13.5502;
15.6373;
10.259;
14.3592;
13.7885;
14.5985;
15.8616;
16.5305;
10.6754;
11.4147;
18.2447;
8.56119;
14.0589;
12.192;
13.8801;
9.06059;
16.8201;
15.148;
10.2096;
17.0978;
16.6391;
12.9712;
13.5489;
11.0598;
19.2139;
14.9822;
10.4937;
14.0871;
15.6064;
11.2909;
14.2241;
17.1699;
14.8441;
9.49839;
13.7869;
11.474;
12.395;
16.1838;
13.4126;
8.66101;
11.9653;
9.69158;
14.8289;
12.7555;
16.6807;
11.9744;
19.1311;
14.0628;
14.1372;
12.3682;
11.7596;
14.9418;
13.1363;
9.46936;
13.0822;
18.1265;
9.6957;
11.8476;
9.05866;
11.4504;
10.9024;
8.63768;
12.329;
13.9361;
13.1616;
14.7993;
9.97438;
15.4636;
12.2614;
13.0678;
13.4997;
10.9527;
9.49973;
12.7967;
13.2178;
11.0434;
14.0354;
14.8521;
11.3144;
17.3055;
12.7242;
10.6962;
15.1223;
12.7928;
12.4209;
11.5766;
11.9495;
14.849;
12.053;
8.99616;
18.3388;
12.0979;
18.7698;
14.4071;
17.1683;
10.4859;
14.7366;
10.6332;
10.3951;
11.716;
13.2042;
15.1357;
13.9662;
11.6154;
10.6015;
8.09979;
12.414;
16.6052;
9.10844;
10.35;
11.6948;
11.2215;
10.459;
11.1905;
8.60942;
14.3202;
13.7688;
12.779;
13.6095;
14.572;
12.1597;
12.639;
17.8341;
7.83528;
10.3125;
14.6095;
15.3987;
11.8215;
16.443;
14.8416;
10.8634;
10.9482;
15.5213;
9.8568;
12.915;
12.0177;
14.2882;
9.89637;
10.1286;
13.6474;
11.9972;
10.5752;
9.0835;
9.19065;
18.9554;
17.1331;
13.6153;
9.17671;
15.5749;
11.874;
8.67249;
10.9925;
15.4967;
10.4666;
12.6648;
17.0383;
9.27665;
11.8807;
11.7867;
9.62126;
14.7184;
12.4719;
12.9441;
11.668;
11.8982;
9.65649;
12.0605;
9.88214;
14.8319;
10.013;
14.8303;
10.3909;
10.332;
7.33414;
12.8287;
13.2999;
13.6782;
8.83842;
8.97764;
11.7136;
13.6415;
12.1724;
14.1322;
14.9237;
9.42552;
18.0854;
9.39584;
10.6865;
12.9452;
11.9771;
7.82103;
11.5543;
14.5538;
10.6893;
9.47426;
15.5081;
10.1673;
15.1458;
5.93537;
14.9729;
8.48495;
12.0885;
7.234;
12.5782;
9.91726;
16.662;
13.4789;
12.4193;
9.21842;
8.3815;
10.1439;
15.1585;
12.342;
9.64844;
13.3692;
14.4826;
11.2893;
11.1405;
13.5864;
9.86994;
10.2078;
10.0883;
18.4733;
9.46334;
9.25784;
13.4785;
9.93576;
8.2792;
11.7037;
12.6922;
12.0342;
10.1454;
9.20843;
8.16372;
11.153;
7.89463;
6.49437;
13.6594;
12.0333;
11.1802;
10.2841;
8.15479;
11.2467;
10.9685;
7.6887;
11.6343;
9.06308;
17.3182;
12.8442;
11.7352;
12.7498;
12.2741;
11.1496;
9.24079;
14.8415;
10.2051;
12.8738;
14.2125;
17.7449;
14.6208;
12.7866;
12.2941;
12.6398;
12.9529;
13.8658;
10.6577;
15.645;
10.3045;
7.19489;
17.4584;
11.0322;
10.5095;
14.9608;
8.4327;
13.4663;
9.29089;
10.4352;
12.7599;
12.837;
8.16706;
9.75046;
9.55205;
11.6444;
9.8704;
14.7528;
12.5537;
12.3886;
11.1237;
8.65193;
10.0374;
13.8569;
7.32905;
9.44872;
8.56171;
13.794;
7.27611;
8.92276;
10.4523;
12.2933;
10.9854;
9.75496;
13.4236;
14.9437;
9.47732;
9.52312;
13.6812;
11.5326;
10.6154;
10.3679;
13.192;
13.6184;
9.46959;
8.90106;
11.3106;
12.1588;
10.4618;
9.27058;
11.9431;
13.6831;
11.2285;
12.6528;
9.32854;
7.90301;
12.6331;
16.1523;
12.8343;
11.5771;
10.4988;
12.0838;
9.80487;
7.77561;
12.5982;
12.347;
13.7471;
11.4869;
8.12541;
6.68598;
9.41219;
10.5061;
11.104;
10.6374;
12.3745;
7.21674;
16.264;
10.9111;
11.1099;
12.8182;
8.30312;
8.0187;
10.4001;
14.8427;
10.5817;
18.138;
15.4389;
9.03284;
14.3267;
11.2213;
10.7609;
8.67423;
9.39112;
11.9469;
8.91195;
9.80696;
10.6731;
11.325;
9.26316;
9.30167;
13.3793;
12.0688;
13.5037;
11.9377;
12.7011;
12.8367;
11.7876;
9.54191;
10.9321;
12.5183;
16.5013;
9.73163;
6.38364;
12.9104;
7.50864;
17.028;
13.1576;
17.3498;
13.742;
9.24194;
12.3219;
9.30288;
11.3367;
9.48287;
10.0911;
9.63451;
10.7485;
11.013;
12.6582;
14.3771;
12.2057;
6.61778;
9.06328;
14.1324;
7.50908;
8.61523;
12.1318;
14.0908;
11.8142;
10.4939;
12.8075;
14.0372;
10.8564;
11.3416;
11.3504;
7.45896;
12.659;
9.34977;
10.3895;
7.33117;
8.12479;
8.73854;
15.3026;
11.549;
10.462;
8.71826;
8.16955;
9.01124;
9.57978;
16.1757;
10.8562;
8.09023;
9.51204;
14.7148;
9.28252;
8.80564;
12.0675;
10.343;
11.9896;
10.9451;
10.1205;
14.8777;
14.0422;
11.9558;
12.08;
13.0003;
10.4408;
10.4752;
13.8525;
9.95511;
13.3999;
7.54935;
9.11862;
8.91762;
7.43519;
11.317;
10.4636;
13.2004;
8.94508;
12.6038;
14.9549;
11.274;
15.1195;
8.48159;
12.9617;
12.2948;
8.71427;
11.7346;
9.92303;
9.02012;
11.5368;
9.68586;
8.27498;
10.2531;
12.4821;
11.9921;
12.1091;
16.2075;
13.3965;
11.4364;
14.6632;
11.1822;
12.2687;
17.0239;
14.1732;
11.1768;
11.09;
10.9353;
12.2416;
8.59379;
10.6623;
10.1377;
9.38853;
12.8302;
14.8961;
11.029;
7.88096;
13.2258;
11.5055;
11.0424;
11.7096;
16.0875;
11.0675;
12.5139;
12.38;
11.0751;
12.4635;
11.0302;
11.4008;
9.27771;
10.231;
11.8779;
11.5839;
11.9077;
7.62369;
13.3645;
10.7837;
12.5047;
11.2167;
9.64305;
10.2364;
10.1575;
13.5315;
10.1607;
8.89714;
9.72001;
14.5509;
11.6314;
14.2463;
9.4885;
12.0512;
8.54562;
8.53811;
12.793;
12.4149;
11.7546;
10.1513;
10.3727;
14.7802;
10.939;
12.1632;
9.15886;
11.0288;
10.0785;
7.93768;
10.064;
8.19389;
9.01471;
10.644;
11.266;
10.0611;
9.5939;
9.57162;
13.6524;
10.3987;
12.0093;
14.8818;
11.7747;
10.9446;
9.57302;
8.83421;
10.9074;
9.72629;
12.4859;
8.08302;
11.328;
10.4464;
7.04648;
9.90338;
9.82176;
7.57971;
14.8258;
10.1116;
9.14271;
8.00724;
10.7215;
11.575;
10.8051;
13.104;
5.85482;
7.75282;
7.66761;
12.5406;
10.4596;
11.6634;
5.64383;
10.4462;
10.7611;
9.84872;
14.5081;
12.397;
10.8417;
12.2628;
8.50874;
8.65891;
11.943;
7.79488;
10.7117;
5.64771;
7.90234;
12.5473;
9.56459;
7.85684;
7.76057;
12.9236;
7.73336;
12.5582;
10.3662;
11.7757;
17.9156;
8.36675;
11.9348;
9.45757;
8.55425;
6.90651;
8.31828;
11.2319;
10.7402;
12.6379;
6.96354;
9.98269;
11.0415;
7.97028;
8.59543;
6.64306;
10.4969;
9.09878;
8.47928;
13.2653;
9.93634;
13.7851;
10.1042;
10.0683;
6.97612;
9.05495;
8.14335;
7.85459;
7.58882;
9.87231;
9.3941;
9.42079;
14.4868;
10.3879;
10.2056;
9.76728;
10.2207;
11.7407;
10.1362;
8.85842;
10.4774;
9.00592;
12.3411;
9.70346;
9.36136;
6.99267;
6.90107;
9.23218;
13.6368;
9.36173;
10.6673;
12.0516;
8.50622;
12.5209;
7.63091;
8.98817;
10.1875;
7.23146;
10.9789;
8.60972;
6.66128;
9.53749;
9.1326;
11.6635;
14.5806;
11.1116;
10.5336;
9.14958;
9.06333;
6.45833;
9.94293;
9.12746;
8.82844;
8.2047;
12.1942;
8.38075;
7.99487;
8.30999;
7.99732;
7.06738;
6.53126;
8.24188;
13.8732;
7.81644;
6.76807;
11.4517;
9.81801;
8.50676;
9.53537;
12.0335;
10.6524;
9.28995;
8.36995;
13.1753;
5.58433;
9.47694;
14.0309;
11.7755;
10.9865;
7.30494;
13.6915;
8.21601;
6.43104;
8.89527;
10.4025;
10.855;
4.42197;
12.8199;
9.58957;
8.02042;
14.0234;
9.34145;
9.56987;
7.20978;
8.03831;
14.3478;
7.66487;
11.2522;
9.48008;
9.77752;
10.2466;
13.3534;
9.25274;
10.1953;
9.97234;
6.72132;
14.8435;
13.9742;
8.49608;
12.3516;
10.0632;
10.1634;
9.76762;
6.28071;
8.82166;
11.8932;
10.449;
9.76408;
9.2632;
11.543;
12.4949;
8.73365;
12.1805;
8.38152;
7.99324;
7.25595;
10.6009;
10.801;
7.22513;
11.963;
9.42388;
10.9052;
8.89639;
5.86729;
13.0242;
10.6806;
8.57762;
13.6341;
7.32945;
14.9714;
11.147;
9.53799;
7.68911;
10.2142;
7.05998;
9.64022;
7.68394;
7.14763;
10.3662;
6.07704;
6.07127;
8.67911;
10.9468;
11.9071;
12.6221;
6.05658;
9.4761;
13.6199;
12.5638;
9.46725;
6.89786;
10.9328;
13.0555;
11.1848;
10.4247;
8.00567;
15.0657;
6.13021;
7.97439;
10.6498;
8.12197;
12.906;
8.69513;
10.2428;
14.214;
6.13477;
8.50709;
7.71755;
9.69556;
6.39474;
9.65582;
10.8275;
7.77219;
10.8581;
7.94736;
9.5138;
11.7331;
7.29905;
8.4296;
10.6628;
7.81258;
9.5501;
6.09388;
8.23378;
9.40636;
10.2871;
11.6805;
10.9991;
10.818;
11.2409;
8.12568;
9.12935;
14.3902;
8.6133;
10.8602;
10.2538;
16.2918;
9.80109;
8.87682;
7.20477;
9.48488;
10.1147;
7.69713;
12.3928;
14.3165;
11.729;
11.8875;
12.537;
8.80313;
9.37362;
6.49195;
8.80604;
9.3742;
12.5353;
9.51775;
10.7827;
9.96922;
5.88319;
8.33673;
8.11067;
10.1272;
9.39142;
8.01088;
5.8346;
10.6672;
9.28984;
14.735;
9.30463;
7.30451;
11.5623;
7.58608;
9.0849;
10.5064;
7.20267;
7.77978;
13.1257;
11.2519;
11.0423;
11.3731;
8.35412;
9.9353;
10.0746;
8.84744;
8.05466;
10.5807;
10.7868;
11.4477;
6.91512;
5.26318;
11.5777;
13.2977;
5.50703;
6.91478;
8.33158;
8.75877;
7.94394;
10.6873;
5.87443;
9.71769;
8.59208;
8.61741;
7.60994;
6.02407;
11.8354;
6.38511;
8.32725;
11.8681;
13.7821;
11.2147;
9.84666;
7.11636;
7.48376;
9.98634;
10.4181;
10.006;
14.6872;
12.5713;
11.1315;
9.25831;
7.96415;
10.4912;
7.61373;
5.97608;
7.36478;
8.33378;
15.8142;
5.03355;
6.95767;
8.34692;
11.4908;
7.98865;
7.44701;
11.0248;
11.2384;
9.548;
10.2844;
7.80414;
12.2397;
8.82487;
8.83883;
9.04909;
10.246;
8.27773;
7.66685;
8.94478;
14.4206;
8.44227;
7.78054;
6.30888;
10.2583;
6.47287;
6.37934;
6.21015;
8.38021;
6.29041;
14.5649;
7.76441;
9.29902;
8.76235;
10.4488;
9.43416;
12.1947;
6.04848;
9.40822;
6.0572;
11.1685;
7.69411;
9.41655;
4.76715;
8.94483;
8.2948;
9.43067;
9.18637;
8.68328;
7.38795;
7.30558;
7.93315;
8.18687;
10.4608;
12.6012;
9.14258;
7.76684;
6.65094;
11.9101;
9.30522;
12.3169;
8.5658;
11.6735;
7.59315;
8.66498;
15.2704;
10.0007;
6.99309;
6.92512;
6.16359;
6.17246;
7.19741;
8.53385;
9.78496;
6.66704;
9.19232;
7.69076;
7.52743;
14.083;
8.79976;
7.37463;
8.64975;
10.1712;
9.03311;
6.45779;
10.5543;
9.29105;
7.49362;
7.29669;
6.35543;
7.34031;
9.43538;
7.21485;
8.70585;
5.93294;
8.40853;
8.16746;
8.47863;
9.63602;
6.88252;
8.46474;
7.90341;
10.3925;
5.92681;
7.64079;
10.0866;
10.8842;
6.3354;
8.59348;
9.24714;
7.46908;
5.48855;
6.77067;
8.01915;
9.02568;
8.93215;
7.79024;
7.25555;
8.54847;
10.5339;
11.8301;
7.47986;
8.12755;
9.73374;
9.48203;
7.23286;
9.37813;
10.2719;
8.23133;
6.47603;
8.38505;
9.97364;
13.4243;
8.60497;
7.4525;
9.5384;
7.30385;
7.74127;
13.9101;
9.3355;
6.37798;
7.89583;
12.4901;
11.2166;
9.24368;
7.29295;
8.29715;
10.7439;
10.3879;
10.9609;
8.00297;
13.1169;
9.5617;
7.45554;
8.48075;
7.56224;
11.0153;
9.53847;
10.3198;
6.5208;
10.4733;
9.67081;
9.8428;
5.68376;
10.6658;
9.61979;
6.18106;
9.23238;
4.79184;
9.44989;
5.8393;
10.9927;
11.8074;
7.846;
7.90162;
8.42902;
7.86036;
10.5532;
7.82838;
8.5439;
13.1847;
7.13082;
14.802;
8.90867;
11.0402;
9.43621;
9.8048;
10.2828;
9.52443;
10.9632;
9.15673;
9.08226;
8.05733;
8.16636;
7.68745;
6.91761;
9.98435;
8.19952;
9.80221;
7.80845;
6.88379;
8.92858;
8.57161;
8.84755;
9.81754;
6.69076;
9.27651;
8.85223;
12.1667;
7.47499;
8.78309;
5.69985;
9.53871;
6.54074;
7.47171;
10.3191;
6.50274;
10.0382;
8.26572;
9.0715;
9.68786;
8.02597;
11.1991;
10.386;
10.2965;
8.19217;
8.95783;
8.74648;
6.60117;
7.81931;
8.99298;
9.30554;
9.33349;
8.61478;
10.4229;
5.51612;
7.85846;
7.28338;
3.94499;
11.8314;
4.80689;
5.51087;
9.17703;
7.80654;
5.97579;
6.97544;
11.3395;
11.8862;
8.35879;
7.0479;
9.17306;
7.67079;
6.86904;
5.81586;
7.84766;
9.5124;
8.01231;
9.0315;
6.93231;
9.62607;
7.36892;
10.5691;
8.11724;
12.7291;
11.3636;
6.39878;
8.50684;
7.7215;
6.78606;
8.62906;
7.80145;
10.8909;
7.02419;
8.09911;
4.30455;
9.51747;
9.38382;
11.1083;
9.00932;
6.29657;
8.97502;
8.66659;
6.18982;
6.99059;
9.67795;
9.64579;
7.37894;
12.751;
8.64419;
8.60697;
8.47849;
10.844;
6.28876;
5.62505;
6.53178;
6.26412;
6.15047;
6.95565;
5.19454;
11.1212;
8.31153;
7.11832;
7.69272;
7.05685;
7.26383;
9.04184;
7.91081;
7.76996;
9.67151;
9.89188;
7.23656;
8.14281;
4.49957;
7.69015;
8.37462;
6.43176;
12.2039;
5.73507;
8.94107;
6.28896;
11.1268;
4.61314;
5.09454;
7.85628;
11.2286;
4.04574;
10.7067;
3.74895;
7.91463;
8.68532;
7.47751;
5.71746;
7.37978;
6.98367;
6.65714;
8.29174;
7.85739;
7.60808;
9.45725;
7.14945;
11.8897;
11.6709;
9.87934;
9.31476;
7.1463;
13.8018;
6.47439;
12.84;
10.024;
10.8516;
7.48346;
7.18268;
7.33269;
5.57113;
7.08397;
7.81994;
8.64324;
4.30933;
6.90764;
11.5155;
9.21538;
4.99384;
10.4857;
9.27214;
4.5466;
8.46826;
8.51643;
8.65667;
8.50323;
11.3287;
8.76895;
9.13812;
10.6229;
8.85448;
8.08428;
5.72776;
8.53028;
7.20279;
8.88613;
7.9795;
7.05339;
6.5849;
14.476;
10.4936;
8.17169;
6.86497;
9.00591;
6.51329;
5.69748;
6.76352;
6.74996;
6.26643;
7.49038;
7.34577;
8.89404;
5.61928;
6.98185;
9.90645;
6.78917;
10.4627;
6.12876;
9.07407;
8.20187;
4.8806;
7.16703;
12.1784;
6.46772;
5.79436;
13.3605;
9.63978;
6.82315;
5.04881;
4.2249;
9.20855;
5.72063;
5.76789;
7.27332;
10.139;
6.81563;
8.30879;
9.6648;
8.1954;
11.0883;
8.36098;
5.52205;
7.06662;
4.50791;
7.34719;
6.47119;
8.36877;
5.97105;
7.16324;
6.28138;
5.19754;
6.03594;
5.6075;
6.98496;
7.26186;
8.98393;
6.55702;
10.9706;
8.19707;
4.78901;
4.88327;
8.1082;
8.07803;
13.1232;
10.2921;
7.36613;
8.44033;
7.23335;
6.29237;
9.20574;
4.73802;
5.69227;
8.16414;
11.2776;
6.76796;
5.1885;
5.60849;
10.4021;
6.33399;
6.91762;
8.66009;
6.4113;
8.49714;
6.18642;
8.68797;
6.61289;
7.48342;
6.47837;
5.96053;
12.9581;
9.70088;
6.92846;
7.18344;
9.67325;
8.36355;
10.0063;
6.89305;
5.66251;
7.75825;
5.64656;
6.60281;
6.99313;
11.717;
9.71495;
14.4945;
12.8888;
6.12275;
6.32644;
6.78693;
7.41062;
5.05074;
8.70572;
5.78669;
9.40788;
7.07238;
6.74115;
7.23478;
4.93699;
10.9675;
5.93762;
5.12573;
7.65015;
6.80999;
9.07071;
8.25283;
7.61025;
6.7972;
9.40057;
5.6834;
5.09729;
4.96469;
8.55646;
6.87473;
8.43019;
4.94866;
8.13331;
6.54486;
6.21632;
8.60699;
7.03484;
9.81282;
8.87682;
8.06197;
5.8354;
8.4696;
7.47709;
11.9611;
9.36808;
8.5999;
11.4531;
2.77507;
6.47132;
6.16854;
5.44919;
5.24664;
12.0237;
6.39261;
7.20374;
4.89605;
5.94389;
4.69246;
10.7023;
7.87916;
7.56603;
6.86922;
6.63919;
7.44015;
11.2546;
9.51265;
5.84744;
8.92092;
7.78279;
10.8263;
12.9057;
9.40675;
5.78439;
6.56725;
6.87736;
9.50358;
8.15288;
3.05274;
4.88719;
10.9283;
5.47003;
5.66189;
11.0337;
6.40411;
8.03353;
4.9885;
6.67645;
6.22263;
8.71527;
7.95882;
5.62014;
12.2844;
8.18976;
5.16961;
8.15671;
5.39267;
6.66862;
8.18108;
7.02164;
7.48359;
8.00653;
8.528;
7.11879;
9.93143;
7.02128;
6.10833;
5.95139;
8.12195;
7.87226;
7.01305;
8.02327;
11.4562;
13.2608;
14.0691;
6.61698;
14.8986;
5.82774;
5.57177;
8.43602;
7.7024;
8.65847;
5.24164;
10.3332;
7.78699;
7.72313;
6.4673;
10.0387;
7.71275;
5.30667;
3.00509;
6.08291;
7.03946;
4.26726;
6.06072;
6.08972;
8.80767;
5.62374;
7.34817;
5.85284;
17.8737;
8.94381;
7.08991;
8.94267;
6.05459;
6.84078;
9.7296;
4.73178;
6.66274;
6.47317;
6.21785;
11.5649;
7.39171;
8.73457;
8.10474;
7.20852;
7.46424;
6.68867;
4.8597;
3.97438;
8.40381;
8.41074;
4.96052;
8.111;
10.1363;
6.90009;
6.73188;
5.98556;
8.01261;
7.61795;
7.84488;
7.9747;
10.0423;
13.4733;
4.49748;
6.24727;
9.082;
8.32376;
8.75861;
11.6552;
8.39147;
5.27087;
6.66521;
9.55045;
5.17468;
8.99303;
7.28581;
8.66007;
9.91748;
5.27911;
8.24138;
12.2132;
5.99809;
6.52402;
8.00124;
5.54145;
5.08667;
7.61286;
8.13045;
6.4255;
5.93397;
6.72406;
8.28357;
5.93548;
6.56408;
8.41448;
9.83019;
8.47526;
4.9716;
5.56554;
9.85057;
8.12393;
8.7568;
4.01113;
7.33948;
7.53377;
9.76223;
9.01558;
8.0198;
9.37617;
9.04213;
9.18434;
7.84321;
5.56593;
5.87816;
9.45052;
9.10188;
10.2326;
6.72727;
8.77927;
8.47468;
7.33722;
6.30852;
5.20695;
6.44392;
7.38252;
8.29536;
7.52086;
6.44632;
10.9968;
8.53758;
6.44789;
5.3891;
6.41355;
5.53061;
7.27426;
9.33666;
6.25688;
5.74085;
6.95193;
8.87181;
9.00335;
5.84685;
5.72022;
7.61673;
10.7043;
8.98943;
7.64606;
7.70658;
6.50007;
6.22305;
8.64859;
6.61354;
7.40081;
7.72256;
7.37727;
12.4332;
5.05446;
7.15512;
3.61002;
5.99208;
7.45838;
5.52576;
7.37892;
8.83159;
7.66564;
7.13104;
10.367;
5.91291;
8.71981;
5.33899;
4.74502;
6.91229;
8.30826;
6.15665;
5.3426;
7.84516;
11.9205;
7.25333;
5.89147;
8.23593;
5.94662;
7.24427;
6.65838;
8.92811;
10.3755;
8.69012;
8.27411;
5.80499;
11.8007;
5.54572;
4.71021;
6.77217;
4.24067;
6.93612;
9.49512;
8.26793;
9.61235;
7.46177;
9.03903;
8.17297;
7.0989;
9.95514;
8.12064;
9.40179;
7.05559;
4.04374;
8.74482;
5.53457;
6.83504;
9.66512;
8.23181;
9.75323;
8.23464;
8.67701;
6.51188;
9.85403;
6.20242;
6.41944;
6.20693;
6.7532;
4.51483;
11.4788;
6.84281;
6.56394;
4.73416;
8.99981;
6.83958;
6.80676;
6.01446;
4.44867;
7.71435;
8.94135;
9.93063;
6.53359;
7.96633;
7.44099;
6.34008;
7.81675;
7.74688;
5.05506;
9.36012;
13.4322;
7.6979;
3.81883;
8.86723;
6.33352;
7.84143;
9.46094;
5.98447;
8.37133;
6.97496;
6.17352;
8.24462;
7.45224;
6.74989;
8.93909;
9.8516;
7.94383;
13.4243;
8.41025;
7.61337;
5.67177;
6.25269;
10.4381;
8.46433;
7.08439;
7.94047;
7.26787;
7.33944;
5.67507;
9.31016;
7.37042;
7.73145;
7.05043;
5.39914;
8.54212;
5.6956;
6.75496;
9.8211;
10.7849;
8.28007;
9.23432;
8.18373;
5.21563;
8.2136;
4.42706;
4.98644;
5.57708;
7.22611;
7.6715;
8.99002;
7.75179;
9.4844;
8.31584;
7.38747;
5.46208;
5.32351;
8.64505;
6.88367;
7.50551;
7.32133;
7.08936;
7.07926;
7.01079;
6.68947;
5.70561;
6.18455;
5.75875;
6.27822;
6.36479;
7.94005;
9.43159;
7.50523;
6.52652;
4.53476;
7.34108;
6.67874;
5.07307;
10.8204;
7.08381;
7.3236;
7.49272;
7.42139;
7.49219;
4.84989;
4.8995;
7.58445;
7.18692;
6.0169;
8.74941;
5.58089;
5.95631;
7.99266;
6.12875;
4.43393;
7.14306;
11.3827;
5.2787;
10.2851;
6.94219;
9.71779;
5.96544;
6.68369;
5.67789;
7.17198;
6.68879;
6.51028;
9.47807;
8.1722;
7.29767;
4.95026;
9.61443;
6.98777;
3.59178;
9.1259;
7.08713;
7.83724;
8.88837;
4.44406;
4.61086;
5.53014;
7.46728;
5.03367;
5.18946;
5.70559;
6.44928;
6.4584;
5.64961;
7.8432;
6.77069;
7.38196;
6.84458;
9.59991;
7.57706;
6.5611;
8.67554;
9.77374;
10.3476;
8.04834;
7.93436;
7.5233;
6.41854;
5.31884;
10.0914;
9.22579;
7.8021;
8.45321;
5.77449;
3.65135;
6.89415;
7.05123;
9.01383;
7.80385;
6.11733;
4.93971;
6.27044;
6.9568;
6.80428;
5.3182;
6.60675;
10.7585;
6.49143;
9.72835;
4.17945;
4.01225;
6.77701;
4.75773;
9.0003;
9.01579;
7.55289;
9.20731;
9.91554;
6.13165;
6.77701;
6.06838;
6.89099;
6.14915;
5.42973;
6.43516;
5.29174;
4.91179;
5.43326;
7.93808;
5.52216;
8.38952;
8.05481;
7.86644;
7.13473;
7.47093;
10.0566;
3.73492;
4.80861;
5.58376;
3.75114;
6.03866;
9.7358;
7.57616;
4.79812;
4.55516;
5.86092;
8.94727;
6.61903;
5.89199;
5.72647;
9.87802;
7.51323;
9.48515;
6.63582;
6.2069;
8.74393;
5.26014;
7.77825;
5.45474;
6.10768;
5.91725;
3.43363;
5.79766;
9.3104;
5.60315;
7.82051;
8.17055;
7.17297;
6.40347;
5.41916;
8.70947;
5.22757;
5.89611;
5.28557;
6.37199;
8.53999;
7.27879;
4.21142;
5.87076;
6.85838;
4.92998;
6.39381;
8.78635;
4.8809;
3.87154;
6.55426;
6.47032;
7.42053;
5.95285;
5.87897;
8.02781;
6.04452;
5.32363;
6.3734;
2.73018;
6.00555;
8.39414;
6.44869;
6.32735;
9.79173;
5.25856;
5.81157;
10.0341;
4.08825;
3.9461;
6.48132;
9.97218;
7.70142;
7.59549;
8.31449;
5.04794;
8.86906;
7.84538;
4.63649;
8.48897;
3.97564;
8.41717;
10.7339;
3.9295;
7.87276;
8.9872;
6.20846;
4.65239;
7.84089;
6.75966;
5.85471;
6.33703;
7.98989;
10.1891;
8.68151;
7.50228;
5.81453;
6.20628;
5.15256;
3.83547;
7.38411;
7.40729;
9.66751;
7.17738;
6.09914;
8.67138;
6.04616;
5.69828;
6.44245;
8.60716;
6.94025;
6.5916;
5.47069;
4.53616;
5.34714;
4.86438;
5.71714;
3.7397;
5.89178;
8.22944;
5.80125;
8.07306;
7.22022;
5.61835;
6.2799;
8.66514;
8.21386;
6.4627;
10.5418;
6.27091;
5.32178;
7.94192;
7.87466;
5.57069;
5.91961;
6.13379;
9.4747;
5.59727;
6.61149;
5.35211;
4.86452;
6.38562;
4.42732;
4.77333;
4.3435;
8.53685;
8.14041;
8.3865;
6.44508;
7.15112;
7.13442;
10.0079;
6.21292;
5.87682;
6.90298;
5.62838;
6.69822;
5.83515;
4.90581;
7.66984;
7.45866;
7.12247;
5.70523;
6.2326;
4.94579;
4.09461;
5.30982;
10.2012;
5.65543;
7.1364;
3.82738;
7.90257;
6.65132;
8.92161;
5.61522;
3.29478;
7.08675;
6.62026;
8.32678;
9.99753;
5.93379;
5.05766;
7.9554;
6.9995;
4.73286;
4.94635;
5.28234;
5.71729;
8.38511;
6.67325;
4.58631;
7.25761;
8.27171;
6.45702;
4.97537;
5.29554;
4.45248;
6.36849;
3.69115;
5.53962;
7.31953;
4.94764;
3.81894;
5.62239;
8.20057;
4.59233;
4.89944;
6.24075;
6.00566;
5.09967;
4.52389;
7.47497;
6.07152;
7.4502;
6.50154;
4.89979;
7.27204;
3.04444;
5.36422;
11.2632;
5.97679;
17.0717;
6.46645;
7.2628;
6.26567;
5.03693;
6.69788;
6.12623;
4.55139;
6.03423;
6.38084;
5.09457;
6.19121;
6.61412;
3.9471;
6.30351;
5.5456;
5.17254;
6.94941;
4.41111;
5.35404;
5.94889;
6.28992;
4.33753;
7.65849;
6.82598;
9.3163;
6.26666;
7.88061;
8.38331;
9.7043;
5.88836;
6.50085;
5.07859;
5.70995;
4.27703;
5.47564;
3.88635;
4.64572;
11.2626;
5.99503;
6.97733;
5.30676;
8.66499;
5.60431;
6.47487;
4.96207;
6.28564;
7.0922;
5.37689;
3.10734;
6.49694;
8.29107;
5.31107;
7.03934;
3.64506;
4.15127;
8.24487;
4.84513;
6.08355;
5.01339;
4.4913;
7.958;
8.98078;
4.9811;
6.26357;
8.44289;
5.51178;
6.81977;
5.37934;
5.24029;
3.81296;
9.6802;
5.25802;
6.90381;
5.45151;
5.60136;
5.19149;
8.59833;
5.72371;
6.23446;
4.18776;
5.0377;
8.13381;
6.28968;
7.16368;
5.11171;
4.58627;
4.43533;
4.07074;
6.56175;
6.98587;
9.75764;
6.82718;
7.90757;
3.08526;
5.44555;
6.40491;
3.96885;
4.91153;
8.67787;
5.9038;
7.20829;
5.42982;
4.4093;
7.91704;
7.84381;
4.95761;
7.04;
5.5765;
2.87332;
6.14808;
4.88043;
6.14132;
5.03056;
6.24342;
8.4031;
5.9086;
6.48841;
9.3978;
3.92178;
5.44254;
8.14313;
6.33147;
5.43468;
7.35217;
6.02968;
8.98303;
4.66775;
7.14419;
6.51569;
7.20671;
3.67149;
10.1261;
6.66722;
4.25137;
5.34758;
3.92559;
4.4975;
5.76405;
6.62098;
4.28976;
10.0476;
8.50749;
4.24797;
4.7946;
7.62457;
4.84656;
8.64449;
6.26923;
3.95904;
4.12905;
4.29633;
6.67728;
5.51876;
5.05071;
5.24537;
6.36248;
5.64807;
7.06352;
6.56568;
7.92886;
6.68926;
5.20958;
4.3594;
7.05342;
5.43836;
5.92241;
6.66028;
5.92397;
8.89826;
4.36769;
6.905;
9.28782;
4.67037;
6.55082;
4.63756;
7.07468;
6.94454;
6.94546;
6.20844;
4.33916;
5.0162;
7.00443;
11.1934;
5.8727;
5.46981;
6.56444;
7.41621;
4.56199;
9.43391;
8.0489;
8.07097;
6.19783;
3.27753;
6.65814;
7.80615;
4.27456;
6.20062;
6.62688;
5.57868;
3.81849;
6.61691;
7.45433;
6.21062;
8.01681;
6.23417;
8.6118;
5.94422;
6.46151;
3.66272;
6.71484;
6.19767;
6.13411;
6.51286;
6.6435;
4.95668;
6.67244;
4.23664;
4.08233;
7.48751;
5.00332;
6.95871;
4.837;
7.50608;
9.82369;
6.5852;
5.46113;
5.78883;
6.28556;
4.60009;
5.00418;
8.57563;
4.20116;
5.5523;
4.21731;
6.49551;
3.95583;
4.10793;
5.0549;
5.09686;
8.3982;
5.17206;
5.96978;
4.55975;
10.3965;
4.14396;
2.98194;
6.46292;
4.13102;
5.37767;
6.17945;
6.28098;
5.06444;
4.92797;
5.10235;
5.32125;
5.98733;
8.93059;
2.51913;
4.39791;
5.88503;
4.68262;
9.52973;
4.91166;
5.05174;
5.10921;
6.09857;
6.7716;
5.8344;
5.70617;
8.45478;
4.83148;
5.95766;
8.049;
7.90889;
4.15143;
6.53882;
7.28579;
6.26947;
3.70819;
6.95362;
4.76206;
6.9185;
2.75494;
5.66052;
5.37756;
5.31968;
5.54369;
5.50611;
4.59028;
4.77976;
5.19833;
6.18339;
4.81901;
6.6096;
5.95938;
6.18452;
5.51023;
4.84098;
6.27467;
6.48492;
5.56059;
3.99487;
5.36251;
6.19227;
5.9575;
6.6923;
4.20454;
3.88604;
6.78217;
5.14381;
7.27439;
5.10854;
2.91775;
7.31287;
4.97076;
3.79818;
7.29718;
9.47798;
4.08327;
5.73689;
3.36948;
5.26515;
5.85544;
5.93742;
7.37305;
4.35382;
5.88903;
5.80218;
6.31355;
5.6279;
7.07904;
4.58893;
6.39895;
4.78358;
4.47482;
4.80176;
6.308;
7.56988;
11.9684;
6.62893;
4.98521;
7.60106;
4.16754;
7.53145;
6.30242;
5.97699;
4.47341;
3.31365;
3.26664;
9.04426;
5.54587;
3.88461;
6.22043;
3.10513;
5.38;
4.69903;
7.39888;
6.78145;
6.03295;
5.09789;
4.25958;
5.02699;
5.20499;
6.73231;
3.92797;
4.19814;
4.37832;
7.08731;
5.56588;
6.73703;
2.86408;
4.79614;
5.6497;
8.69936;
6.33516;
6.47239;
7.10425;
5.98898;
5.15016;
3.19972;
6.48605;
4.9915;
5.00626;
6.6864;
5.117;
10.7148;
6.07789;
4.41249;
6.86587;
6.34177;
7.09246;
6.2372;
9.54949;
4.9759;
5.51458;
5.31131;
6.5636;
5.27777;
4.00999;
6.70094;
4.78849;
6.77492;
5.75764;
3.90047;
6.50263;
3.59273;
6.48868;
4.85444;
3.64791;
6.06065;
7.40797;
4.9587;
6.8112;
3.27684;
5.8158;
8.63283;
5.10001;
7.01045;
4.72325;
3.98142;
5.4878;
5.41934;
4.08862;
3.29208;
4.09644;
6.19796;
3.38676;
5.57057;
4.33123;
6.81016;
3.97558;
4.33564;
7.04124;
7.64641;
7.52021;
6.05983;
6.07015;
2.79039;
4.97422;
3.13396;
4.29925;
5.77099;
7.56263;
5.12445;
4.0473;
7.141;
6.894;
5.17822;
5.08243;
5.15962;
7.27106;
4.2716;
4.92149;
7.57013;
4.52123;
4.51251;
3.99759;
3.92193;
4.08345;
4.64402;
6.18977;
5.25551;
3.11345;
5.74118;
2.9547;
4.09892;
5.61056;
4.41979;
5.25813;
6.79281;
5.09899;
6.11884;
5.33742;
4.96084;
3.47757;
6.86257;
5.39514;
4.26059;
4.76455;
5.98098;
7.77556;
5.12918;
5.48129;
5.17121;
2.96855;
7.14267;
6.23523;
4.79364;
7.29301;
4.1987;
5.90643;
7.67199;
6.73221;
5.84422;
4.4841;
5.11147;
3.10211;
6.39423;
4.45778;
5.65811;
4.2902;
3.45628;
4.85714;
5.99434;
5.62181;
5.09479;
5.71824;
4.52621;
6.18931;
4.90697;
4.34906;
4.83286;
6.71394;
5.49372;
3.75921;
3.42247;
5.31185;
5.16068;
6.01362;
6.1448;
4.59548;
5.47526;
5.3799;
7.26747;
7.30095;
4.3248;
5.13543;
3.54184;
6.37208;
6.69451;
6.99058;
5.68517;
7.45524;
5.7622;
5.91341;
4.53136;
6.80634;
4.63683;
6.28814;
5.43893;
5.17886;
8.40758;
1.58563;
2.90306;
8.23381;
2.7715;
7.9291;
6.41544;
5.07371;
6.10866;
5.11876;
3.5621;
2.75274;
4.90315;
5.1298;
5.80864;
3.49528;
5.09026;
4.43154;
9.5473;
4.32956;
5.16311;
7.16143;
5.27719;
4.92985;
7.72306;
5.98228;
7.5455;
3.76249;
2.31118;
6.95651;
5.55438;
6.65749;
5.71205;
3.21854;
6.19432;
3.02557;
6.16667;
4.1059;
4.90371;
2.17616;
5.665;
6.41722;
4.48374;
7.83297;
6.58118;
4.72762;
5.60792;
3.48834;
4.18615;
5.02782;
2.8075;
6.13277;
3.97924;
9.82424;
5.25927;
5.71888;
3.99834;
6.86531;
4.44492;
5.56274;
3.16734;
5.59472;
9.09372;
5.82872;
5.44133;
4.56464;
7.1778;
3.71438;
6.60175;
9.12981;
5.72342;
5.78446;
3.59246;
4.4942;
4.97624;
4.28421;
9.2964;
5.75826;
6.03559;
6.14287;
5.36571;
5.59418;
8.29859;
6.13795;
3.05268;
5.16318;
6.66696;
5.37578;
5.66772;
5.18901;
5.57279;
5.67305;
7.21617;
5.74606;
5.81705;
5.16483;
7.18212;
5.4567;
5.98368;
4.21263;
6.0913;
3.58918;
5.71919;
4.4963;
3.85538;
1.88938;
4.41359;
6.82201;
3.63925;
6.25066;
3.45936;
5.6593;
3.51435;
6.86147;
3.98978;
5.47647;
4.48813;
5.54;
5.34365;
5.82352;
6.47403;
3.29643;
4.15894;
3.62714;
7.37288;
4.68195;
4.00053;
5.47641;
6.17107;
4.84656;
3.22062;
4.2142;
6.22758;
5.64196;
3.41515;
2.50714;
3.87079;
5.82121;
2.27851;
5.63663;
4.92802;
5.0468;
5.50499;
5.57238;
5.64598;
4.71026;
2.48853;
5.92611;
5.09198;
4.10889;
4.49419;
6.73596;
5.11104;
5.65643;
4.42636;
7.00381;
7.58954;
3.29666;
4.94565;
6.26474;
5.01632;
5.75049;
5.59235;
4.63819;
4.50495;
4.68778;
6.02607;
5.49486;
4.06972;
7.07602;
3.78316;
8.13317;
5.51357;
5.50227;
3.71558;
5.55034;
7.10968;
7.45136;
5.57764;
7.65866;
5.76568;
5.75045;
4.2989;
5.92362;
3.73401;
6.91823;
5.17186;
3.71555;
6.88055;
3.57916;
5.06087;
4.66806;
4.13983;
5.51351;
6.24215;
5.19739;
7.05122;
5.62973;
4.97821;
5.03128;
8.55412;
5.71163;
6.16566;
2.95186;
5.37158;
5.46256;
5.65104;
5.06531;
4.89694;
3.84153;
3.64495;
6.16254;
9.11555;
7.83643;
5.1153;
6.88714;
3.56978;
9.32409;
4.40845;
4.04374;
6.10808;
4.6625;
5.28145;
6.66679;
5.54332;
6.35994;
3.86772;
4.1393;
6.11073;
3.4749;
5.61592;
5.62903;
4.68849;
3.92797;
4.01448;
4.9779;
4.60233;
5.23057;
3.62022;
4.62754;
5.87024;
4.8496;
3.3655;
5.05954;
6.76789;
4.20685;
4.00661;
6.16721;
6.2054;
5.31884;
6.28457;
4.64222;
5.81434;
6.79111;
5.76064;
5.02269;
7.20745;
5.7839;
4.06427;
6.24909;
5.59957;
3.4927;
9.14818;
4.13633;
7.02042;
4.78247;
5.29212;
5.18484;
5.47522;
6.72555;
4.33427;
4.35095;
4.34022;
6.16092;
6.06368;
3.42107;
4.16063;
4.92648;
5.80421;
5.27865;
6.08889;
5.72309;
4.78956;
4.04768;
4.93285;
4.56055;
7.72009;
6.87884;
6.09524;
3.78357;
5.60324;
3.58108;
7.97587;
9.61006;
5.39299;
6.70991;
3.21482;
6.27955;
3.62427;
2.99131;
3.97767;
7.75936;
3.51819;
2.8395;
2.68242;
6.27468;
6.14336;
4.14315;
2.89675;
4.1053;
6.32646;
2.28769;
7.45348;
3.51968;
5.3259;
3.66698;
5.09297;
4.16042;
7.07739;
4.60342;
7.38147;
7.39657;
3.95844;
4.59572;
5.34317;
6.3552;
5.8967;
5.54864;
5.0946;
3.37448;
5.3367;
6.11789;
5.5874;
6.27351;
4.69465;
4.71668;
7.39941;
5.52975;
5.81801;
7.41488;
3.18519;
3.46151;
4.84221;
6.01003;
4.56284;
3.13901;
3.28306;
4.32371;
3.1182;
4.11705;
5.9673;
3.13588;
8.00916;
4.73963;
4.01237;
3.91038;
6.0641;
4.80687;
4.27691;
2.54712;
7.02675;
2.27556;
4.5731;
3.04035;
7.39071;
3.35657;
5.44054;
4.19225;
5.44998;
4.44023;
6.84895;
5.92412;
3.31863;
2.21689;
4.82731;
4.18465;
5.8177;
7.30547;
4.69741;
4.0308;
5.0829;
5.80617;
5.88682;
4.7733;
2.77808;
3.43892;
5.5321;
3.56407;
3.64976;
3.54977;
4.43825;
2.13983;
4.45443;
5.31084;
3.00352;
5.82976;
5.75954;
4.79278;
3.38523;
3.87817;
3.59892;
4.15536;
3.76275;
2.27985;
4.26376;
4.31745;
4.537;
4.66427;
6.47162;
3.83186;
3.72357;
5.11889;
4.26677;
4.71584;
3.99672;
3.81118;
4.92798;
7.46836;
3.48958;
2.27055;
6.5488;
4.56037;
5.1991;
5.24484;
8.87184;
4.49831;
3.20849;
2.67371;
5.57212;
4.32569;
2.53951;
5.30462;
4.71922;
3.55425;
3.39156;
3.25489;
4.55944;
5.2571;
2.54281;
8.33296;
2.92304;
9.63285;
4.94747;
6.38578;
4.95797;
4.31323;
4.94438;
3.82816;
6.5752;
4.92763;
9.02578;
6.95986;
5.82112;
4.57339;
3.21914;
6.21006;
5.78661;
4.69053;
5.69336;
3.60065;
3.86569;
4.9054;
2.93501;
5.07134;
2.33708;
4.59756;
4.73382;
3.76773;
4.45647;
2.84566;
5.35563;
2.73344;
3.04866;
3.18873;
3.3657;
4.62011;
6.7056;
3.99766;
2.94867;
4.2365;
3.66816;
3.5555;
6.24809;
5.65461;
2.28701;
4.59951;
6.69641;
3.70381;
6.54543;
3.80304;
5.4996;
6.1107;
5.97905;
6.56564;
5.08081;
3.67706;
8.88694;
6.38933;
3.78353;
4.00453;
4.78924;
4.84917;
5.49436;
2.32704;
6.24051;
3.8844;
3.44058;
3.84928;
5.5405;
4.61588;
5.073;
4.2813;
6.03911;
5.47399;
3.38137;
3.72464;
5.52067;
2.28617;
4.53521;
4.309;
5.16765;
5.40475;
2.90868;
5.43055;
5.91499;
4.18121;
3.27182;
6.71354;
7.52573;
4.08941;
3.43635;
5.68991;
4.81939;
4.49309;
3.24444;
6.15883;
3.01152;
4.64092;
5.5668;
3.68212;
3.5994;
4.02154;
5.46887;
4.80035;
4.12558;
6.48929;
4.02557;
5.89642;
5.86955;
4.02648;
5.92045;
5.01007;
2.61661;
4.06646;
3.665;
5.30498;
3.64029;
4.60299;
5.67508;
6.15157;
4.30012;
3.0173;
5.88872;
5.15486;
5.89116;
6.00625;
2.9686;
3.67633;
4.99982;
8.30085;
4.97025;
2.71325;
3.54892;
5.88162;
3.78127;
3.98432;
5.05875;
4.71216;
6.00861;
4.81183;
3.5626;
5.86465;
4.45164;
7.12551;
1.72709;
2.28344;
2.47182;
4.91062;
6.3111;
5.55017;
2.35488;
6.00799;
5.98078;
2.83181;
2.54073;
5.26135;
5.635;
4.25118;
2.5478;
3.10138;
4.39537;
3.63596;
5.45934;
7.45541;
3.48263;
4.29219;
4.70745;
5.10521;
4.43978;
5.27065;
6.99184;
4.84308;
3.81531;
7.0759;
3.67797;
6.48095;
5.00019;
5.14004;
5.30728;
3.79404;
5.05421;
6.19851;
4.41004;
4.43555;
7.96669;
5.00442;
3.14918;
1.42651;
3.19826;
4.20815;
6.66721;
5.23672;
5.32967;
2.97863;
3.81465;
4.53084;
5.20108;
3.99518;
7.76746;
3.68986;
7.6012;
3.66561;
5.4445;
5.91609;
3.52115;
4.21813;
2.66783;
3.96266;
4.04617;
3.10961;
8.46715;
6.42214;
4.45898;
3.91535;
4.55236;
3.6729;
5.16821;
3.69042;
4.60411;
3.05056;
3.63087;
5.11015;
2.91848;
2.58383;
7.318;
4.44482;
3.04117;
8.12056;
5.26472;
4.90663;
2.9761;
3.5107;
3.88641;
3.07618;
5.76153;
3.94501;
4.28208;
2.98576;
1.7946;
3.47182;
3.70453;
3.77624;
4.37327;
2.17837;
4.44121;
4.39961;
5.67292;
3.51132;
4.94448;
5.1027;
5.02667;
3.1495;
4.72543;
4.18263;
3.94812;
5.48791;
5.03435;
2.65567;
5.29414;
5.37573;
2.88852;
4.49826;
3.13015;
5.23579;
2.9509;
3.12331;
8.2246;
4.60528;
6.78134;
4.30236;
4.69217;
5.56333;
2.78646;
6.29649;
3.73724;
4.77633;
5.30583;
6.05223;
2.55255;
6.62002;
2.53839;
4.15558;
3.11691;
5.16998;
2.58084;
3.49377;
4.18168;
6.27143;
3.27958;
5.08854;
4.9845;
4.84189;
3.01798;
4.97495;
6.3273;
4.29288;
6.71123;
6.5165;
2.216;
4.3612;
5.98058;
2.93458;
5.01959;
3.51753;
5.5965;
3.52179;
2.59546;
6.0765;
3.5462;
4.70184;
4.47467;
7.66123;
5.8011;
1.67093;
5.98356;
7.05849;
4.39587;
4.26818;
6.34753;
3.78367;
7.07695;
4.15751;
5.27202;
4.04319;
5.34083;
4.31579;
5.3642;
6.03757;
3.86423;
2.91033;
3.32276;
8.1558;
3.39019;
3.41989;
3.05996;
4.87887;
2.79534;
2.9091;
3.02596;
4.71828;
4.34089;
2.82879;
7.52039;
4.9899;
3.47933;
2.78242;
4.63885;
5.20238;
2.37684;
4.05924;
3.83936;
4.47818;
1.98567;
3.03419;
2.74741;
4.55271;
4.29788;
3.12022;
4.22789;
3.52646;
2.66711;
4.00194;
2.58961;
4.58434;
5.33741;
5.82709;
2.32112;
4.534;
7.35386;
3.92749;
5.28327;
4.57866;
5.1606;
2.48241;
6.30067;
5.30196;
6.95096;
5.09961;
4.33536;
5.65882;
5.65542;
4.92171;
5.23236;
6.40402;
3.09759;
3.69622;
6.56576;
2.92119;
5.19737;
3.68693;
3.82399;
4.00501;
3.97167;
3.07114;
7.65451;
3.33508;
3.50551;
4.9004;
4.64111;
8.46462;
4.10722;
3.54946;
3.99097;
3.15239;
5.45195;
4.67715;
4.34018;
4.38086;
2.90637;
5.80709;
3.12636;
2.42251;
5.01266;
3.45786;
3.31764;
3.64329;
4.27219;
4.9936;
6.33184;
6.20188;
5.44892;
4.1787;
3.68676;
7.5617;
4.77258;
3.70021;
3.69605;
2.75339;
3.33537;
4.0231;
3.39923;
4.61504;
4.55928;
3.73017;
3.40432;
7.07828;
4.48689;
4.4654;
5.10295;
3.99817;
3.38933;
4.85977;
3.98614;
3.4556;
2.36297;
8.22804;
3.62662;
5.08908;
1.97314;
2.60914;
3.99305;
4.42703;
3.06321;
7.83861;
2.00492;
6.8225;
5.50197;
3.60138;
6.07482;
3.37412;
4.67562;
4.41093;
6.62597;
3.96947;
3.72803;
4.92244;
4.73091;
3.76841;
4.95183;
3.45749;
4.19648;
4.45979;
4.93387;
3.00118;
1.26735;
3.31926;
4.41978;
3.3517;
2.74805;
4.88181;
3.28453;
4.74066;
4.4236;
4.2257;
2.84318;
4.56513;
6.01196;
3.79501;
5.12485;
4.47689;
4.21222;
1.52223;
2.72704;
3.44285;
3.9836;
3.40999;
6.14575;
3.73457;
2.06966;
3.16377;
5.37072;
4.77661;
4.1427;
3.61982;
7.85842;
4.73935;
4.85231;
4.05882;
4.85669;
6.36085;
5.89947;
4.22035;
4.65088;
6.51027;
2.57319;
5.15945;
3.44186;
2.85991;
7.66784;
4.13511;
2.86627;
2.87935;
4.23508;
7.01747;
2.56276;
7.30166;
2.13426;
4.79999;
2.77004;
3.10201;
3.05217;
4.56852;
7.73073;
5.61053;
4.20546;
4.3874;
3.92428;
3.99363;
3.96299;
5.27247;
3.33248;
5.54812;
8.02917;
6.51463;
4.56657;
2.61342;
3.64396;
5.80823;
4.53183;
2.69424;
2.24428;
3.11892;
5.52081;
2.50199;
3.44684;
4.67775;
5.65235;
3.05489;
5.28771;
4.06767;
7.32328;
4.24157;
4.52278;
3.41793;
4.5931;
6.32626;
3.1378;
2.30161;
2.97;
4.49114;
3.60375;
4.33785;
3.97216;
3.84018;
4.52256;
5.70086;
4.71656;
3.27583;
7.42373;
2.82399;
6.22404;
5.26066;
5.2827;
6.48165;
3.84392;
2.58061;
2.33984;
1.92019;
3.63109;
3.50751;
7.23546;
1.70451;
2.59201;
3.39999;
4.58898;
4.9777;
7.81506;
1.23992;
3.49449;
2.43036;
3.98262;
4.65184;
4.89671;
4.11695;
4.63115;
2.38128;
4.80006;
3.98786;
2.70945;
4.30407;
1.77149;
5.49696;
3.36849;
2.97171;
4.93316;
7.60932;
4.22112;
4.44307;
4.65894;
1.83507;
2.32059;
4.59668;
6.35736;
3.96234;
3.94351;
2.48032;
3.93378;
6.63686;
2.61968;
3.32263;
6.95629;
5.64748;
4.39766;
2.80992;
2.42195;
5.87274;
3.00094;
7.21706;
4.55669;
3.2561;
2.63289;
2.24395;
2.67778;
3.7879;
4.37217;
4.13475;
4.547;
3.82995;
4.9642;
1.69295;
5.1778;
3.15282;
4.95671;
2.55617;
3.18937;
4.30852;
5.61626;
4.88618;
5.54702;
1.9548;
1.77012;
3.3984;
4.87905;
2.87966;
3.38281;
4.78071;
2.53968;
6.73132;
3.31601;
2.53241;
4.36393;
3.58106;
1.75787;
4.22539;
3.10255;
5.79284;
4.59048;
1.84411;
3.26712;
3.99961;
4.72079;
3.72768;
3.01889;
6.82883;
5.98028;
4.54786;
4.30428;
4.67379;
3.50612;
3.55262;
5.87188;
2.48872;
3.84636;
2.75621;
3.10008;
3.52896;
3.077;
2.50441;
4.14722;
2.22824;
8.28288;
4.14973;
3.70429;
2.66669;
4.0232;
4.46559;
4.85629;
6.4788;
4.58064;
5.2083;
3.95166;
3.28563;
2.10963;
5.79683;
2.03084;
5.1095;
4.32131;
6.49231;
4.54918;
7.66513;
3.57841;
2.41153;
3.47622;
3.56194;
4.31465;
2.81708;
3.1815;
4.53091;
3.55263;
4.78231;
3.70529;
3.44579;
4.01689;
5.59967;
3.60689;
4.89273;
7.74575;
4.86522;
3.22131;
4.45755;
3.70828;
2.99557;
4.44178;
5.08868;
3.51769;
3.9511;
3.54116;
3.73807;
4.78166;
4.37929;
2.37171;
2.93366;
3.30846;
4.02129;
2.9489;
5.72263;
3.79103;
6.81917;
3.16663;
4.33923;
3.17329;
3.69585;
5.27393;
3.16839;
2.41365;
3.77632;
4.05735;
3.00491;
4.93842;
6.80499;
3.6155;
4.521;
3.61354;
3.33141;
3.10204;
4.10404;
5.38837;
3.66399;
3.29559;
4.18035;
3.05249;
3.21411;
3.68033;
1.35341;
5.50329;
4.05007;
3.14673;
4.29659;
6.01082;
3.11855;
5.78849;
2.67901;
1.60402;
4.95065;
3.17626;
2.01778;
4.55302;
5.8867;
5.05762;
2.19133;
4.50918;
4.93277;
2.80487;
3.68843;
7.76423;
6.10769;
3.63409;
3.60972;
1.89745;
4.3123;
3.53172;
3.08323;
3.93126;
4.71063;
3.57654;
3.56799;
4.17001;
6.83832;
3.3654;
3.33669;
4.42129;
5.05016;
3.30314;
3.91743;
3.03238;
3.65126;
2.14483;
3.98259;
3.05061;
5.21397;
2.30764;
2.69806;
3.37227;
2.62121;
4.04069;
3.42956;
3.96897;
3.41523;
3.05066;
3.86563;
2.45467;
3.75261;
2.98243;
1.4518;
4.96011;
4.87071;
2.18968;
1.85138;
4.41208;
3.6237;
3.74103;
2.25496;
5.57133;
2.93751;
3.90137;
2.97817;
5.5572;
3.10336;
3.77919;
4.0527;
3.03637;
2.9477;
5.27503;
2.90912;
4.14523;
3.78974;
2.02715;
3.93634;
2.04609;
3.69497;
2.26621;
3.95505;
3.14542;
2.12794;
5.64307;
4.31404;
4.27265;
6.77796;
4.43302;
2.29051;
4.94809;
3.03306;
2.76867;
6.21951;
2.03885;
2.75793;
2.50283;
4.44497;
2.37703;
4.69228;
2.51756;
3.28572;
4.55896;
3.79394;
4.47809;
5.14893;
2.80987;
4.70434;
5.38842;
2.86018;
1.35833;
7.38826;
3.5344;
7.09008;
3.05978;
4.23236;
4.73835;
3.12813;
2.61109;
4.40853;
2.65031;
2.58801;
3.94763;
3.4834;
3.85179;
3.24588;
2.69629;
5.78477;
4.18075;
1.85261;
4.63171;
4.40184;
3.14294;
3.76099;
5.42212;
1.25035;
2.71494;
1.61847;
4.75082;
3.97605;
4.62498;
1.91682;
6.01871;
5.01304;
3.40324;
3.23496;
2.79309;
2.92275;
4.06085;
2.51129;
2.88159;
4.81981;
3.27984;
5.00812;
4.44045;
3.08323;
3.91077;
3.96385;
2.25772;
5.67654;
3.44645;
4.46906;
4.07193;
3.66474;
4.00554;
3.18762;
3.70872;
4.06081;
4.7145;
3.51398;
2.95079;
3.28401;
2.0364;
4.16563;
1.79577;
2.28899;
2.49254;
4.0308;
2.62373;
5.38748;
2.76965;
4.06038;
2.32071;
4.65472;
3.47136;
4.86471;
2.88333;
3.88387;
3.36707;
4.46611;
5.70195;
4.09122;
4.07427;
7.13062;
4.32986;
3.837;
4.2412;
6.36611;
1.99532;
2.60026;
4.18971;
2.83859;
4.69155;
3.77307;
4.7411;
2.95716;
3.82914;
4.32011;
2.96527;
5.59296;
2.28682;
5.8995;
3.05335;
3.36602;
3.08321;
1.71152;
2.89159;
2.43182;
5.47148;
3.97209;
4.25439;
2.84908;
4.38474;
4.15391;
3.64495;
4.06001;
3.18354;
6.6327;
5.52247;
4.49537;
1.85529;
3.44916;
6.34933;
2.90648;
3.99015;
4.85498;
2.81515;
3.97091;
3.81471;
3.91324;
3.13071;
3.41642;
3.99686;
2.47119;
3.39791;
4.64128;
3.53605;
3.52622;
3.31273;
2.30138;
3.21867;
3.79185;
4.71861;
2.03377;
3.07094;
4.0035;
4.34812;
3.60322;
5.21742;
4.42874;
5.10116;
2.06194;
4.18374;
3.49049;
3.01201;
3.57575;
2.63833;
3.00383;
4.56567;
4.84394;
5.87486;
5.4205;
4.90277;
3.56119;
2.38263;
3.52591;
3.1861;
3.55402;
2.13292;
6.9437;
2.70747;
2.57979;
4.11442;
1.48667;
4.54768;
4.46072;
4.33059;
2.87206;
5.41334;
3.24183;
4.701;
7.52484;
4.00516;
1.40597;
3.47158;
4.20152;
4.57917;
5.71279;
6.74475;
2.75996;
2.8228;
2.9417;
2.63757;
2.14372;
1.6603;
3.18365;
5.557;
4.58366;
2.90596;
2.3805;
4.20042;
3.89757;
4.1336;
5.04616;
2.1283;
2.5162;
5.06289;
5.82311;
3.48897;
4.09863;
3.3746;
2.35793;
4.88189;
5.17212;
5.08392;
3.47675;
4.43418;
4.86936;
3.33588;
4.81768;
1.41521;
2.83989;
2.72226;
2.44964;
4.39321;
2.97502;
3.70466;
4.69205;
2.74071;
3.98116;
6.07162;
1.42095;
3.52512;
4.71758;
5.75364;
2.18097;
4.38162;
5.40584;
4.691;
2.26407;
3.73665;
2.40617;
4.73789;
5.00956;
4.03374;
4.70005;
1.73395;
2.87006;
1.98567;
3.21463;
2.44837;
4.7013;
7.61367;
3.35436;
3.31467;
3.21585;
3.19175;
9.06756;
2.92328;
5.6397;
2.00304;
3.26822;
1.56657;
4.84265;
3.42164;
4.97644;
4.64038;
2.14292;
3.47492;
2.60955;
2.23432;
4.67221;
5.80172;
2.40468;
2.93752;
3.61437;
4.08998;
3.70371;
5.2505;
4.54185;
3.75814;
4.00513;
6.84503;
3.19445;
3.22137;
3.51188;
4.35863;
3.49745;
3.769;
6.10776;
4.84365;
3.32381;
3.08905;
4.14772;
3.69884;
3.0956;
5.06146;
3.67796;
2.34062;
1.85749;
2.52151;
4.07941;
3.71597;
4.09742;
2.25667;
2.19473;
4.16918;
3.64209;
3.61748;
3.48962;
3.09887;
2.81519;
3.22704;
4.2777;
1.85632;
2.98373;
2.04249;
2.43805;
6.67936;
3.47337;
5.95691;
3.66875;
2.70148;
6.43867;
2.37753;
3.47166;
3.12146;
5.16124;
3.94143;
4.45178;
4.61743;
4.80112;
2.93529;
4.13917;
3.11165;
3.90438;
4.52244;
5.26525;
3.30235;
2.76783;
4.59634;
4.01382;
3.14109;
3.02211;
4.00122;
2.97897;
3.62176;
3.95709;
1.96506;
3.60148;
4.57227;
5.43638;
2.18262;
2.80973;
6.60025;
3.79752;
5.75;
2.63079;
3.21626;
2.13988;
3.90734;
2.45859;
3.06639;
2.59877;
3.19736;
5.16913;
4.68706;
3.26417;
8.17436;
5.81884;
5.7446;
2.74822;
4.0271;
4.01695;
2.7647;
3.96219;
5.09762;
3.51367;
4.39488;
3.9177;
4.91083;
4.13763;
4.06675;
3.60868;
4.26785;
5.38901;
2.99089;
4.16909;
3.75116;
1.54993;
2.20464;
4.59588;
6.86549;
3.50963;
2.0056;
3.66954;
1.88288;
2.4741;
3.9253;
3.4826;
5.0055;
2.89318;
4.91288;
2.55508;
4.14424;
4.97176;
6.59671;
1.80349;
4.93758;
3.16608;
3.32258;
4.57958;
7.64543;
3.91868;
4.26728;
3.43877;
4.6028;
3.30358;
2.1478;
3.27718;
3.83537;
2.66663;
0.717178;
3.04606;
3.19876;
3.90557;
4.08408;
2.77938;
3.88728;
4.53892;
5.047;
3.1205;
3.34094;
2.50129;
2.57369;
2.61228;
2.24423;
3.36086;
3.06698;
3.145;
3.13933;
5.2694;
1.85685;
3.80228;
3.81702;
2.20534;
4.19748;
3.23969;
4.28566;
4.01742;
2.9851;
2.53972;
3.06052;
1.92147;
3.3122;
3.9816;
4.58999;
2.33133;
4.62109;
3.84104;
1.8116;
2.70794;
2.54945;
1.73255;
3.60305;
3.47174;
3.58106;
4.43062;
4.86945;
2.23604;
4.47842;
5.23827;
2.76696;
5.12137;
1.87767;
3.60237;
2.0644;
4.96207;
3.07085;
3.98853;
4.52115;
4.6646;
5.06632;
3.82042;
4.8159;
2.58031;
2.75843;
2.63987;
3.19982;
2.63257;
5.05699;
3.8195;
4.40658;
4.63899;
3.42632;
3.32056;
4.13577;
3.25618;
6.69359;
3.34995;
3.19514;
4.27676;
4.23334;
3.20796;
3.607;
5.2627;
4.55677;
5.87453;
3.7882;
6.81496;
2.67483;
3.1723;
1.85464;
4.15159;
2.78942;
3.91334;
3.60236;
4.31344;
4.75101;
3.73532;
4.21657;
2.22815;
4.62833;
2.4189;
2.60521;
5.62002;
3.24888;
4.61557;
2.88773;
3.80677;
3.47162;
3.9187;
4.35771;
2.86235;
3.34169;
3.89456;
4.54955;
3.49964;
3.63726;
2.04394;
3.08707;
7.40506;
5.39201;
4.91855;
4.49404;
1.93125;
2.66317;
3.42985;
5.83809;
4.90738;
4.02335;
2.73934;
4.4812;
2.92819;
3.43456;
4.22613;
3.13959;
3.81082;
3.44025;
3.80115;
2.63533;
2.61971;
3.93547;
3.778;
2.67752;
4.11626;
3.47246;
3.72075;
2.71403;
3.23856;
4.26241;
4.67019;
4.22974;
3.55043;
1.81297;
4.09601;
4.7344;
3.49866;
5.18525;
2.62814;
3.93521;
5.79206;
4.44028;
4.35748;
3.52338;
3.35581;
5.15105;
4.47635;
1.9791;
2.3785;
3.41382;
3.811;
3.6751;
4.80644;
2.65248;
2.48533;
1.90719;
4.08976;
5.41706;
4.99238;
1.71041;
2.82524;
5.39623;
3.25915;
4.11852;
5.42347;
3.58387;
2.60512;
3.169;
2.45771;
5.51524;
3.96601;
2.3202;
4.16956;
5.46895;
2.49099;
3.76143;
6.18637;
3.72241;
2.60937;
3.05763;
4.20137;
4.83337;
2.02498;
3.87303;
6.35953;
4.26351;
3.34645;
2.73102;
3.62652;
3.64376;
3.33876;
1.56835;
4.23634;
4.65742;
3.68427;
3.29249;
3.59127;
3.28872;
3.44451;
4.93052;
3.55657;
5.35685;
4.33587;
2.57023;
3.57401;
3.67238;
2.00287;
5.78826;
3.74872;
2.58783;
2.92713;
3.62442;
3.28204;
2.76658;
3.08578;
2.84238;
2.47697;
2.34897;
2.73965;
3.11054;
2.05117;
2.79127;
2.79071;
2.84396;
4.53483;
5.91615;
4.92327;
5.3837;
3.77598;
4.04077;
1.42992;
5.45001;
2.70059;
2.92848;
4.27489;
6.09535;
4.36987;
2.66782;
3.60238;
2.75799;
2.94266;
3.63037;
3.39636;
2.92978;
1.87764;
2.29893;
3.34609;
4.20715;
4.93821;
1.72147;
4.51848;
3.5783;
3.57323;
3.92871;
3.63625;
0.640587;
2.34124;
2.44482;
2.5247;
2.6693;
2.45521;
4.93118;
4.16181;
1.59134;
4.49544;
3.14023;
3.7474;
0.844653;
1.91762;
3.39939;
2.94092;
4.99116;
3.85581;
1.55888;
2.86046;
2.81845;
4.92761;
2.53041;
2.47664;
5.33501;
3.04685;
4.70098;
3.12576;
4.62815;
4.07366;
2.59649;
2.67902;
2.23751;
7.58057;
3.52322;
1.69134;
3.02896;
3.15471;
4.77779;
2.1754;
5.01852;
0.590615;
2.51956;
2.40545;
3.58724;
3.86018;
1.92548;
3.30787;
3.08862;
6.15512;
2.716;
4.65956;
4.11459;
2.77506;
2.20383;
3.14764;
4.7835;
2.49487;
5.81576;
3.83224;
5.49206;
3.39482;
1.57454;
4.07463;
2.62092;
1.53524;
4.03303;
3.35623;
3.08934;
5.7922;
5.34941;
2.78511;
2.61705;
2.27054;
2.45701;
2.6428;
2.98675;
4.63153;
2.00435;
5.05255;
5.42539;
5.83845;
2.11232;
1.76775;
4.08424;
2.1079;
3.34823;
1.60755;
3.10805;
6.31483;
3.26148;
4.78202;
2.24042;
3.50892;
6.90029;
4.45327;
3.60269;
1.5344;
3.41863;
1.96014;
2.7306;
3.14652;
2.48298;
2.50388;
3.06473;
3.57947;
1.7874;
5.82991;
2.30917;
1.15485;
4.70325;
4.13334;
2.23642;
5.15325;
5.42532;
2.95076;
3.72863;
4.42517;
2.70922;
4.96418;
3.26659;
2.06115;
4.82257;
5.54484;
2.95516;
3.26137;
2.79786;
2.33347;
3.77853;
2.66675;
2.97009;
1.97113;
4.77633;
2.92569;
1.58534;
2.97807;
2.39975;
2.84855;
3.80697;
4.01721;
2.01359;
1.89314;
5.34597;
4.70959;
3.52137;
1.28249;
3.98672;
3.65987;
4.51282;
2.78455;
1.6093;
5.1661;
3.41927;
3.42075;
3.34026;
3.57633;
4.31452;
3.28213;
2.30231;
3.49539;
2.16729;
2.95982;
2.7085;
6.59133;
6.03686;
4.84857;
3.21056;
3.53785;
3.25722;
4.72208;
3.16023;
2.20214;
2.69556;
1.86949;
2.26546;
3.72551;
3.72478;
2.10797;
3.94803;
2.90633;
2.3732;
3.59043;
3.33554;
4.1857;
1.51402;
2.07128;
2.37627;
1.6027;
4.48997;
4.02547;
2.0813;
2.66511;
3.0311;
4.34913;
5.44334;
3.56712;
6.42398;
2.95817;
2.64692;
1.09336;
2.8126;
1.45274;
1.71261;
4.42319;
3.09075;
3.2424;
5.13749;
3.19965;
5.54798;
2.51788;
3.68304;
5.09073;
2.89708;
3.7241;
3.52983;
3.32225;
3.63634;
3.87919;
1.51315;
3.56035;
2.60375;
2.50765;
2.84221;
4.53592;
4.02128;
3.72293;
2.82089;
3.97055;
2.00002;
2.07583;
3.16669;
4.59764;
3.63194;
4.23217;
2.59264;
5.1529;
4.24824;
1.75758;
4.72557;
2.54857;
3.34865;
1.38774;
4.35325;
2.53574;
5.04347;
3.33702;
4.8341;
3.32543;
5.02855;
2.65671;
2.99242;
2.89682;
3.46108;
3.8824;
1.21911;
3.15684;
2.62547;
3.18374;
4.63437;
3.73152;
3.88486;
3.09034;
2.82311;
2.95181;
1.80569;
3.77524;
3.18794;
2.55818;
4.28092;
6.03117;
4.07316;
3.54397;
4.75002;
1.77312;
1.56079;
3.3061;
3.00649;
3.76555;
0.86979;
3.51212;
2.73633;
4.55849;
4.15496;
3.35598;
3.30897;
1.92568;
3.49026;
1.53474;
1.13961;
4.06553;
3.33884;
2.23995;
2.24819;
1.89447;
2.84;
3.53146;
1.88368;
2.54717;
1.94158;
1.70598;
3.05462;
3.28362;
1.10128;
3.45626;
4.71249;
3.63649;
2.99323;
3.70939;
2.20522;
3.03259;
3.16251;
2.87577;
3.96133;
3.87504;
2.03637;
3.93655;
3.8601;
1.3147;
2.06347;
3.82006;
1.65835;
4.26844;
5.40521;
3.93605;
2.54464;
1.89183;
3.73976;
4.75682;
4.25926;
2.43024;
2.36916;
2.3526;
2.1016;
3.90625;
1.74282;
3.21788;
3.83465;
0.99539;
2.81273;
2.22579;
3.87602;
4.62745;
2.54962;
1.64288;
2.54989;
4.36;
4.30335;
3.06543;
4.9121;
2.26179;
2.61944;
1.72968;
3.6668;
3.88964;
2.22707;
4.05074;
2.9927;
2.69392;
4.84593;
1.41882;
3.02057;
1.69061;
3.59596;
4.61139;
3.48016;
2.609;
3.69249;
4.49297;
2.79002;
3.09705;
2.75667;
3.90075;
2.52145;
2.97918;
2.27945;
2.27209;
3.29723;
4.54612;
3.05767;
3.13907;
1.81578;
3.56591;
2.42937;
2.13258;
4.6189;
4.03152;
6.20084;
2.38091;
4.12679;
4.40016;
3.91998;
4.266;
3.34127;
4.07061;
3.30362;
2.67059;
4.8248;
0.68728;
4.34652;
3.25057;
4.00843;
3.43787;
2.10377;
4.4639;
4.17007;
4.16442;
3.95136;
5.14805;
1.18131;
2.64872;
1.42354;
2.4821;
5.23086;
2.91068;
3.69701;
0.988809;
3.32847;
2.84432;
3.49882;
4.21556;
2.77294;
1.22962;
3.53956;
4.51165;
1.70266;
2.26017;
1.42834;
2.71332;
4.30307;
2.06691;
2.98047;
3.06118;
2.91539;
5.32875;
3.7007;
2.51987;
5.24408;
3.01991;
3.90049;
2.27364;
2.55818;
1.5027;
3.66661;
1.38348;
2.33094;
5.86188;
3.75515;
3.38543;
2.30765;
1.94667;
2.46927;
2.96563;
5.43253;
3.80324;
4.26378;
2.29283;
4.73878;
3.6357;
1.26769;
1.97705;
3.17318;
2.83552;
3.31705;
2.30209;
3.08469;
2.20709;
1.79122;
4.25156;
5.62882;
2.8835;
3.14763;
4.16475;
2.79064;
3.52572;
1.34772;
2.29712;
2.2032;
0.912519;
4.00804;
1.73853;
2.15683;
3.22543;
4.32659;
2.15286;
3.32959;
1.89447;
1.4648;
2.46743;
1.23763;
2.14186;
5.20827;
3.91238;
4.33654;
1.4774;
4.06406;
1.25744;
1.2563;
3.3161;
2.38905;
2.23586;
1.19981;
4.94203;
3.05633;
3.44332;
4.97737;
0.960073;
2.31584;
4.05552;
3.23464;
2.64634;
2.16354;
2.58835;
3.23494;
3.95588;
3.10566;
3.88688;
2.03785;
5.0612;
3.47748;
2.72994;
1.88199;
2.81414;
3.95878;
2.39219;
2.90477;
2.8683;
3.23216;
0.697282;
4.1732;
1.78128;
2.8802;
2.48579;
4.10428;
4.25022;
1.60861;
5.14209;
2.575;
4.06296;
4.52646;
3.5763;
3.08772;
5.88085;
2.45313;
3.52935;
2.32067;
1.5318;
2.16107;
1.72806;
1.32634;
3.22966;
2.68123;
4.56069;
2.73011;
1.65927;
4.12235;
2.5625;
2.59415;
2.53792;
5.26761;
2.42621;
3.26913;
3.37638;
3.79007;
3.79428;
2.02233;
1.88175;
1.80592;
2.5074;
3.2658;
3.31569;
1.98042;
2.97661;
4.53382;
2.63268;
2.22873;
2.26699;
5.12916;
2.4236;
2.71589;
2.63025;
5.13247;
2.35401;
2.98242;
4.34556;
4.26805;
3.36003;
1.62152;
3.33948;
3.58906;
2.36902;
2.99456;
2.2524;
2.45711;
5.73294;
2.55043;
4.87556;
1.87859;
4.2012;
2.61875;
3.52354;
1.18177;
2.5098;
3.46212;
2.45517;
1.99006;
2.93173;
1.12349;
4.01534;
2.86301;
4.52023;
3.49931;
3.40119;
0.997193;
3.48888;
2.83804;
4.00285;
2.20306;
4.79105;
2.95687;
3.63523;
3.50984;
5.02254;
5.21158;
3.69933;
1.3387;
2.72218;
2.57017;
2.13402;
1.95573;
1.92831;
2.98505;
4.29802;
2.70202;
1.38794;
3.18429;
2.13624;
3.46667;
4.754;
2.90028;
3.55399;
3.36414;
4.47859;
1.69512;
2.14301;
4.56596;
4.78373;
2.75782;
2.34071;
2.72127;
2.53862;
2.44065;
2.42299;
3.2859;
3.18267;
1.32071;
3.46366;
2.01817;
3.73513;
4.92157;
3.57004;
1.63948;
2.94705;
2.98085;
1.48927;
3.09713;
1.12328;
3.29261;
2.83897;
3.35421;
3.01755;
4.60712;
4.62715;
2.28626;
4.21425;
2.61031;
3.34055;
1.94746;
5.04403;
3.89739;
4.50159;
3.33232;
3.49118;
4.63361;
3.96082;
1.562;
4.29291;
3.95566;
2.82933;
1.36163;
1.79379;
6.69703;
3.66557;
3.75163;
1.7124;
2.27966;
2.76392;
3.70235;
2.86062;
3.99588;
3.52393;
1.95641;
3.8259;
2.78197;
3.45823;
2.70333;
3.14382;
2.58911;
3.69734;
3.56223;
3.90758;
4.80462;
4.09679;
1.66575;
2.64945;
2.29663;
3.49879;
0.901378;
5.66971;
2.32971;
3.00657;
3.02607;
4.73273;
2.93479;
4.86061;
3.48778;
3.52291;
3.60415;
1.88378;
1.12809;
3.93765;
2.18495;
4.11866;
2.3183;
3.89499;
4.0923;
5.0585;
4.46963;
3.71467;
4.09595;
2.45526;
1.94612;
2.88381;
2.58807;
4.21708;
5.42727;
3.48365;
1.56475;
3.68356;
4.10137;
3.67781;
2.53501;
1.77492;
3.32006;
2.32844;
5.07794;
2.31688;
1.34475;
4.27562;
3.46957;
3.46643;
3.41932;
1.36036;
3.30739;
5.80346;
3.0088;
3.70829;
3.17554;
2.20784;
2.49302;
1.4751;
2.08342;
3.07966;
0.944216;
2.19032;
3.49896;
4.10336;
0.283806;
3.11388;
1.69013;
3.06424;
3.14541;
1.78348;
1.6341;
3.9615;
2.26469;
2.20808;
1.83926;
4.67627;
3.0168;
2.1783;
2.90233;
5.36216;
1.4839;
3.94529;
2.31973;
3.5837;
2.98861;
2.03553;
1.63662;
3.28771;
4.56385;
3.2038;
3.13017;
3.0329;
2.80437;
3.79561;
3.83934;
2.41332;
1.39057;
2.11008;
2.54471;
4.23878;
4.1453;
3.9722;
2.06835;
5.33512;
2.69941;
3.65985;
3.2593;
3.32378;
2.94816;
2.60071;
2.13521;
2.10119;
2.18497;
2.71236;
3.75074;
2.7324;
3.27642;
3.24088;
1.89626;
1.2587;
2.19482;
4.85611;
0.933195;
5.04462;
1.74398;
2.36566;
4.2224;
3.72799;
3.70505;
2.02587;
1.66718;
0.213672;
1.32284;
1.78039;
3.2861;
3.23268;
3.33896;
3.33908;
4.01971;
3.32884;
5.42522;
4.26663;
3.64753;
3.86617;
3.51553;
1.69119;
2.37454;
4.5809;
5.69841;
3.20119;
3.34375;
3.00323;
1.8873;
5.41579;
2.9998;
4.03484;
5.65102;
2.2643;
3.28261;
3.82753;
5.16006;
2.44787;
3.33263;
2.23636;
1.61891;
2.64018;
3.36594;
2.48511;
3.76673;
2.86013;
5.29623;
1.92693;
2.7071;
2.24919;
4.30745;
5.01115;
2.5328;
4.65445;
3.82073;
5.63919;
2.55577;
2.92765;
3.40179;
1.08004;
3.90063;
2.56029;
3.00936;
3.08909;
3.10457;
2.23006;
3.24904;
2.58596;
3.35929;
4.40421;
2.30511;
3.30025;
4.40356;
3.46761;
1.6743;
3.01735;
1.99247;
4.05499;
2.747;
3.39804;
3.48268;
2.11282;
3.38464;
3.88067;
1.07988;
4.19227;
1.91057;
2.42101;
3.25457;
5.52177;
3.17188;
4.65797;
1.45654;
1.42718;
1.99409;
2.99283;
3.68754;
5.28571;
1.96034;
2.58888;
2.76982;
2.65768;
2.56621;
2.62382;
2.18259;
3.84646;
2.66481;
1.69244;
2.16975;
2.37819;
1.84694;
3.44775;
5.49885;
3.3775;
4.1966;
2.43495;
2.49904;
4.41092;
3.38951;
1.47401;
2.74609;
4.30598;
1.94177;
2.6668;
0.824253;
3.82913;
2.47813;
2.0756;
3.00122;
3.96995;
1.83208;
2.36563;
3.04836;
3.69264;
2.50524;
4.85561;
2.26027;
2.63868;
2.1258;
3.40776;
3.07809;
2.8229;
2.64546;
3.46897;
4.0077;
4.98962;
2.94457;
3.89088;
1.3473;
2.82317;
5.37366;
2.99845;
2.78518;
3.4655;
1.73979;
3.06737;
2.95463;
2.11934;
1.95638;
3.61447;
2.3201;
2.39516;
3.91982;
3.06677;
4.53022;
3.86056;
2.82294;
1.9595;
2.27475;
3.37897;
3.23856;
2.7358;
2.97572;
1.81501;
3.85477;
2.57743;
2.3936;
2.45331;
3.50668;
5.06835;
4.20251;
3.23768;
3.8355;
1.98337;
0.201368;
4.06312;
1.4497;
3.04177;
4.39796;
2.75971;
3.52983;
2.084;
2.94426;
3.44831;
1.95446;
1.48097;
4.29969;
4.71896;
2.31147;
4.06682;
2.61768;
2.79404;
3.66075;
3.97032;
2.6447;
2.74235;
4.00017;
4.95535;
3.62663;
1.71192;
3.59353;
3.45145;
2.2407;
4.45398;
2.48782;
3.25917;
4.16882;
3.65712;
3.30782;
2.75923;
2.48529;
2.99495;
1.94075;
4.23817;
4.765;
2.03297;
4.70958;
3.06974;
2.07491;
1.47682;
2.60369;
4.88857;
3.74666;
3.72874;
3.28394;
1.03248;
3.64334;
3.8282;
3.64605;
2.63311;
1.52008;
1.58769;
2.56242;
3.75168;
2.73411;
2.3012;
4.04877;
4.89176;
3.37121;
3.86554;
3.9948;
1.64876;
3.31239;
4.24546;
2.95827;
2.87532;
4.82889;
3.11366;
4.63513;
2.00534;
2.0609;
3.95906;
2.85982;
2.6086;
3.23698;
3.96247;
3.44661;
2.52774;
4.81899;
5.40892;
2.00439;
3.67212;
3.4667;
5.29916;
3.82499;
3.73607;
2.94217;
1.98731;
3.01497;
3.75107;
2.97992;
3.81672;
2.69622;
1.92626;
4.13638;
3.45989;
4.00229;
2.36749;
1.72267;
2.62183;
2.93314;
2.04036;
2.63661;
2.91266;
6.39598;
2.26881;
1.34268;
4.64179;
4.89269;
2.4609;
1.92779;
3.34324;
5.50548;
5.56876;
4.23153;
2.90838;
1.64664;
3.28233;
4.29539;
3.35635;
5.28504;
4.14292;
5.77654;
3.31038;
3.25672;
1.26061;
1.78041;
3.64901;
3.91811;
1.6451;
3.52176;
4.43586;
2.30869;
2.37713;
4.67723;
2.84323;
3.03748;
2.67475;
2.32975;
4.29201;
1.16719;
4.2405;
3.63373;
1.68067;
3.32542;
4.06878;
3.79722;
3.56936;
3.83977;
2.17081;
3.79092;
1.52452;
2.83944;
2.33822;
2.45569;
2.29918;
1.58025;
3.0698;
3.4488;
3.21289;
3.3953;
2.71036;
3.12116;
5.16799;
2.97939;
2.30135;
5.25203;
2.98013;
4.36838;
4.1395;
2.17945;
2.70965;
1.95686;
2.83833;
3.1028;
2.22595;
1.8347;
5.78989;
2.46454;
1.72001;
2.0316;
2.30411;
1.24691;
3.54899;
1.95335;
1.81574;
4.87667;
2.60161;
2.63706;
5.03663;
1.77396;
4.07191;
3.17587;
4.65329;
3.5385;
1.21766;
2.41594;
2.1443;
1.99906;
1.45387;
2.91378;
1.8468;
2.33666;
4.04337;
2.32461;
2.57794;
2.47334;
4.44966;
3.90022;
2.84558;
3.69726;
1.90819;
1.02012;
2.09856;
3.9484;
5.06482;
3.71906;
3.26779;
3.61598;
4.33314;
4.08221;
3.53449;
3.42069;
5.70012;
2.01494;
5.31445;
4.24325;
5.25392;
3.11354;
1.81323;
2.52229;
2.84447;
1.68043;
5.14854;
2.42194;
2.37826;
3.99735;
2.60682;
4.13485;
3.24495;
2.60937;
1.78563;
3.73694;
1.06064;
1.61369;
3.08027;
2.46801;
2.28718;
3.63974;
2.76985;
3.11735;
1.93633;
4.38695;
4.82462;
1.88246;
2.68173;
0.910335;
3.92364;
3.56083;
6.14185;
3.53741;
3.90233;
3.33757;
3.4982;
0.906207;
2.82707;
2.9055;
2.36816;
2.32956;
3.5399;
3.35349;
5.33999;
2.85829;
2.96559;
3.42346;
0.668003;
2.63846;
1.55729;
2.78721;
1.78192;
2.9052;
2.31033;
2.505;
2.15838;
2.48587;
1.82546;
1.40492;
2.75533;
4.03566;
3.82225;
4.44656;
2.5525;
3.50709;
3.03303;
2.27467;
2.23111;
0.78275;
3.00386;
2.94973;
4.19444;
3.41753;
4.45739;
4.70627;
2.19007;
2.34862;
2.63629;
3.53184;
3.81832;
1.41073;
2.79285;
1.6093;
4.10853;
2.50143;
1.73784;
2.40194;
3.70851;
3.11321;
4.06486;
1.55284;
2.6067;
3.05243;
2.59227;
2.54867;
3.8643;
2.45325;
1.82406;
4.082;
4.48127;
2.73004;
3.80516;
3.76491;
2.96427;
3.54667;
1.3494;
3.59067;
3.29623;
1.1562;
4.45384;
4.4454;
4.06459;
2.16436;
2.89348;
1.74239;
3.84699;
2.60246;
1.91496;
4.52495;
5.62015;
2.85835;
2.11264;
2.43782;
2.33221;
2.15638;
1.96068;
1.79418;
3.60075;
5.52989;
3.41915;
3.93428;
1.44115;
4.21364;
2.9678;
3.74023;
3.18255;
4.01323;
3.30878;
3.17463;
3.1318;
4.1452;
3.89644;
3.1041;
3.9242;
1.68567;
2.20335;
2.94812;
4.0413;
2.08737;
3.82043;
4.48798;
2.79464;
2.05415;
0.924798;
4.6813;
4.05487;
4.76213;
2.8024;
1.27742;
1.08099;
2.61469;
2.64437;
4.12224;
3.45545;
4.54202;
3.31474;
1.83781;
4.16953;
2.44283;
2.46325;
1.64573;
1.60537;
2.74468;
3.34384;
3.22337;
4.83636;
3.09369;
2.16497;
5.25393;
3.32104;
2.3544;
2.66435;
2.92855;
2.90735;
1.63896;
3.57091;
3.40574;
6.31139;
4.3046;
5.33464;
1.3797;
2.72115;
3.47852;
4.09826;
4.43187;
2.30992;
3.71477;
2.16704;
2.88839;
1.55393;
4.02003;
3.7835;
3.36602;
1.84482;
3.2682;
3.76917;
1.80729;
2.60889;
2.58028;
1.41402;
2.74412;
2.41919;
1.21975;
3.17206;
3.37671;
3.60152;
1.20924;
3.11381;
2.87835;
3.87036;
3.70654;
4.78438;
4.68676;
3.16321;
3.69322;
1.36324;
3.36021;
2.79672;
1.85248;
2.78207;
3.61954;
3.71945;
3.96022;
2.37797;
1.46945;
4.00135;
1.29912;
4.38237;
4.17444;
2.20364;
2.90176;
3.00676;
4.29031;
2.97495;
1.9047;
1.33901;
2.36955;
4.26425;
2.48062;
1.98907;
2.7541;
5.06298;
1.97805;
3.53355;
3.38075;
4.73167;
3.54092;
5.58404;
1.34549;
2.91039;
3.48107;
2.48974;
4.07421;
3.67404;
3.03557;
1.52207;
3.86079;
4.17854;
3.40664;
4.83293;
4.06987;
3.52166;
2.55312;
3.40996;
3.20931;
2.05521;
5.44556;
3.62817;
2.89064;
1.03202;
2.49151;
3.04507;
3.90956;
3.50337;
3.70603;
3.90464;
3.19678;
3.19957;
1.57593;
4.58591;
5.06369;
3.92523;
4.91284;
2.03185;
2.47263;
2.34187;
1.73669;
2.09576;
2.75163;
2.83392;
3.87156;
1.82846;
1.92732;
4.2273;
3.26662;
3.12941;
1.85295;
1.9354;
4.08046;
6.26929;
3.16465;
3.37019;
4.02006;
4.39565;
4.91305;
4.49233;
2.8616;
2.43613;
1.5852;
3.74663;
2.79777;
3.51932;
1.9404;
2.73791;
4.30636;
3.08069;
3.33919;
3.48219;
3.51805;
3.40733;
1.62398;
1.47654;
2.39143;
4.51343;
2.51495;
1.25013;
3.67272;
2.54144;
2.7697;
1.15689;
3.08652;
3.83855;
2.20929;
1.16751;
2.18623;
1.15433;
3.73284;
3.97935;
2.45096;
3.01958;
3.43743;
3.40874;
2.13078;
3.69875;
1.71258;
4.22709;
3.77621;
4.01696;
4.97372;
1.12085;
1.1923;
3.62855;
3.91918;
2.79099;
4.97436;
2.60723;
2.52035;
3.47298;
2.12315;
1.99877;
3.7107;
2.99972;
3.97709;
2.98367;
5.06382;
3.35596;
3.44515;
2.31234;
1.20737;
3.17841;
2.38424;
4.13188;
1.62474;
1.66222;
3.71336;
2.66437;
2.39304;
3.27483;
4.00838;
1.77979;
4.14499;
2.94044;
2.61315;
1.08459;
1.94548;
3.91715;
3.42468;
2.07557;
3.45554;
2.99735;
2.70449;
1.26131;
2.98445;
3.35362;
2.69991;
2.32359;
2.47214;
2.99705;
2.06114;
2.47878;
4.16028;
3.68491;
2.85934;
3.38847;
3.50585;
2.70857;
2.91958;
3.38247;
4.05411;
2.03083;
4.52324;
1.12362;
1.54785;
2.24416;
3.74535;
2.37844;
1.09675;
2.44431;
2.36719;
2.74184;
3.26776;
2.37758;
2.3077;
2.38199;
2.26956;
1.77204;
4.90934;
3.77234;
1.61137;
3.72609;
2.79297;
4.48128;
3.07491;
2.18218;
3.97244;
2.07271;
3.40168;
2.82262;
3.12036;
2.74881;
4.58662;
1.35952;
4.60472;
2.55179;
1.67939;
2.92691;
2.22664;
1.99943;
5.1865;
3.25637;
2.86337;
3.62686;
3.10253;
2.54494;
3.46485;
3.68042;
3.65991;
1.67586;
1.92343;
4.33855;
1.53653;
2.23207;
2.37221;
1.8602;
5.54144;
1.24667;
2.71498;
1.92088;
4.1327;
2.3378;
2.40214;
3.15237;
3.81023;
2.74433;
5.43993;
3.02602;
2.7463;
3.11544;
0.834074;
2.43033;
3.40663;
3.58267;
3.16452;
3.25344;
1.22492;
2.66334;
2.94529;
4.45747;
3.70435;
2.64017;
2.85068;
1.35034;
1.38891;
1.84669;
3.30494;
3.39567;
3.11275;
0.90061;
4.07481;
3.2604;
3.78955;
2.24389;
2.80046;
3.08262;
2.54856;
2.10188;
2.4692;
1.58293;
3.27946;
1.21285;
4.02734;
2.91616;
4.02106;
1.92424;
1.1936;
2.86927;
1.42889;
1.77171;
2.65518;
2.38118;
1.82275;
5.71387;
2.9196;
2.89372;
2.34396;
1.88447;
1.56542;
2.57026;
3.96029;
2.37179;
1.79574;
1.5731;
3.1308;
3.06722;
1.38128;
3.14437;
1.79914;
2.49338;
1.21105;
2.10832;
3.81821;
3.48044;
3.07575;
2.92136;
1.56362;
2.62306;
1.98495;
2.09764;
1.85121;
2.27551;
4.13923;
3.08323;
2.91555;
3.32891;
2.25836;
2.83713;
2.2057;
2.5389;
2.49543;
2.37715;
4.86343;
0.880269;
2.57394;
2.38876;
3.80868;
1.52534;
2.02038;
2.40986;
4.59707;
2.01506;
4.59304;
2.92795;
2.54762;
2.49002;
3.09259;
3.19087;
1.54311;
0.812402;
2.28585;
1.87944;
1.20501;
1.48701;
2.14472;
2.82035;
0.939592;
3.11794;
2.25182;
2.36048;
0.981964;
2.83041;
4.51337;
1.32723;
2.6081;
0.554835;
4.13829;
3.36164;
3.03325;
1.05706;
4.19956;
2.25449;
3.06441;
4.38669;
0.879334;
0.900683;
1.11597;
3.81079;
5.21963;
1.92079;
3.43726;
1.97405;
2.02311;
1.36896;
1.82994;
1.98069;
0.988552;
0.916302;
1.3449;
1.90731;
2.54822;
1.12229;
0.981367;
4.45238;
4.16468;
2.30891;
3.77184;
4.61071;
2.1512;
2.29131;
1.68046;
3.11184;
2.03935;
1.40909;
2.92722;
2.04469;
0.482859;
2.7228;
3.52968;
1.1631;
3.27014;
2.52286;
3.34885;
3.02062;
2.31345;
3.70425;
1.81735;
2.89624;
2.64503;
2.30107;
3.45834;
4.82508;
3.33648;
2.8372;
2.10427;
4.1693;
3.57453;
2.10626;
1.26357;
1.73531;
3.35356;
3.44685;
1.6646;
1.44396;
2.653;
1.27153;
1.05082;
1.45116;
0.523622;
3.24232;
1.78979;
3.66067;
2.54432;
3.51355;
1.72211;
2.76576;
2.77968;
3.27113;
1.64033;
3.71623;
0.856041;
3.74722;
3.46056;
0.128443;
2.49663;
3.85912;
1.58781;
2.02788;
2.56403;
1.82502;
2.46161;
1.56982;
3.60117;
0.913559;
4.60426;
2.48396;
3.8328;
3.06253;
2.57139;
2.7359;
2.7475;
4.09924;
0.90905;
1.71858;
3.62142;
2.14632;
1.3586;
1.54119;
2.33918;
3.60491;
1.56451;
2.17963;
1.95226;
2.91152;
3.20513;
1.6605;
2.65434;
1.67324;
3.36622;
2.08997;
2.58301;
2.47637;
2.70152;
2.53507;
4.03112;
1.34715;
3.71028;
2.28085;
2.12911;
1.31827;
3.52282;
3.71177;
3.35295;
2.3211;
4.1128;
3.41256;
2.25853;
2.00604;
1.38063;
4.13817;
3.74467;
0.817518;
4.49076;
2.36579;
2.88659;
1.98942;
1.27862;
2.1017;
2.58951;
3.6968;
2.50437;
3.40872;
1.57548;
0.964413;
0.57645;
2.65427;
4.64302;
3.2031;
2.58718;
2.39862;
2.82502;
3.07263;
1.97517;
3.53669;
4.00669;
2.96486;
2.55089;
2.22598;
2.02315;
1.51533;
1.88234;
2.54666;
4.45992;
4.05092;
1.61826;
1.69763;
2.60994;
2.44434;
1.90814;
2.42278;
0.997325;
2.65908;
4.13778;
1.75363;
4.13501;
3.07097;
1.38096;
4.70763;
2.47412;
1.61267;
1.08495;
2.3016;
2.45276;
1.57337;
3.00354;
3.75262;
1.74091;
0.997488;
2.66175;
2.08561;
1.80915;
1.81928;
2.24984;
3.51551;
4.46171;
2.82829;
2.34465;
4.25412;
3.2962;
1.55553;
2.50504;
3.26734;
1.40285;
1.66559;
1.61984;
1.69902;
1.37466;
3.45053;
2.03639;
3.11362;
2.47684;
3.26153;
2.38248;
2.66153;
2.98797;
0.55516;
0.902293;
0.408926;
1.53834;
0.898659;
1.84127;
1.96313;
2.42137;
2.38416;
0.867642;
1.31698;
1.49973;
2.75075;
0.952635;
1.06428;
2.25668;
2.04262;
1.42085;
2.52083;
1.54898;
4.13552;
3.00244;
0.129152;
1.70588;
2.36983;
3.10693;
0.906667;
2.12166;
2.70868;
2.83054;
1.6878;
2.65733;
3.44241;
3.54886;
2.38599;
3.721;
1.60497;
2.94517;
1.45177;
2.06655;
2.90692;
3.33255;
1.65054;
0.713845;
1.83468;
1.65386;
1.58333;
3.26988;
0.763122;
1.13216;
2.1457;
3.47269;
1.52484;
3.65388;
1.59723;
3.35648;
2.59453;
1.78938;
3.05707;
3.02016;
1.51399;
3.18467;
2.87508;
3.63336;
1.6853;
1.93988;
1.86921;
2.03361;
2.65519;
4.23862;
2.06016;
1.6798;
1.83785;
2.14979;
4.70459;
2.01062;
2.22711;
1.89785;
2.49642;
1.82289;
2.56648;
2.6194;
0.913435;
3.16687;
1.88429;
2.69833;
3.45181;
2.88942;
1.31858;
2.49404;
2.3767;
1.15035;
2.5227;
3.12974;
2.3392;
1.18233;
3.98447;
3.29287;
2.96441;
2.00189;
2.87925;
2.37756;
1.37069;
1.45653;
2.00508;
2.46486;
1.68745;
1.85449;
2.64063;
3.05399;
4.18381;
0.599906;
2.57587;
2.73404;
2.13537;
2.3005;
3.64799;
0.420241;
2.56582;
2.62487;
4.42106;
2.00486;
1.43192;
1.78558;
2.01966;
1.60368;
3.58899;
2.52035;
2.19846;
3.14863;
3.26822;
3.34887;
1.83885;
2.79991;
3.19457;
1.48319;
0.984708;
2.38584;
2.37659;
2.07902;
1.82432;
3.43803;
4.48285;
1.91758;
3.38932;
1.76433;
2.22676;
1.76599;
2.57882;
3.47801;
2.60173;
1.18041;
2.54619;
2.48853;
1.82575;
1.97477;
2.14024;
4.07749;
1.92944;
1.14384;
2.96112;
2.88088;
3.20435;
1.89846;
1.05172;
2.53226;
0.355955;
3.48639;
1.69644;
2.87317;
3.3621;
1.64821;
3.04104;
1.3621;
2.34081;
2.52435;
1.29891;
1.25645;
1.93106;
1.91498;
2.54218;
0.863589;
1.97268;
2.32618;
1.71932;
3.10064;
2.19377;
2.12426;
3.38225;
1.74715;
2.42014;
2.5927;
2.46122;
0.940152;
3.92596;
2.75458;
0.790471;
2.02345;
3.06024;
3.12898;
2.54313;
2.32448;
1.37415;
1.69178;
3.33737;
2.5729;
2.65613;
1.17983;
2.39157;
1.59486;
1.57989;
1.67592;
2.28163;
4.80622;
1.65036;
1.67337;
3.41142;
1.93104;
3.76335;
1.61406;
3.23266;
3.39009;
2.27274;
1.41893;
0.0735598;
3.086;
2.59555;
2.90553;
1.28895;
1.018;
2.26154;
1.3855;
1.61741;
3.18258;
2.18928;
3.17676;
2.89173;
1.00623;
1.36164;
2.14173;
3.95763;
2.70218;
2.20683;
1.45575;
3.31052;
2.0865;
1.34003;
2.20024;
2.83265;
4.22259;
1.01541;
1.88453;
1.65306;
1.9453;
1.96705;
4.77759;
2.01817;
1.48707;
1.84904;
1.11034;
3.36083;
2.02465;
3.66918;
3.30829;
2.94118;
0.996857;
3.97678;
3.55781;
1.36266;
1.25904;
1.49506;
1.89217;
1.51215;
1.52011;
2.2952;
1.36024;
2.5182;
1.38309;
1.85624;
1.60577;
2.5834;
2.38321;
3.08401;
3.41176;
3.05197;
2.53532;
1.75206;
1.53201;
1.75262;
3.19418;
2.83586;
2.18594;
0.885446;
3.49042;
2.16015;
1.19348;
2.55321;
2.19247;
1.81228;
2.30017;
2.82256;
4.4747;
3.22188;
2.36119;
3.90207;
0.583873;
3.5281;
2.81461;
3.16816;
1.93629;
3.10859;
4.42602;
2.98404;
3.01213;
1.66407;
1.01085;
2.79715;
4.36484;
2.69137;
2.13324;
1.11848;
3.11897;
2.88724;
0.861425;
0.671334;
0.937771;
2.54543;
1.30395;
1.5134;
2.84067;
1.89892;
2.90832;
2.89012;
1.93246;
0.917905;
2.38241;
1.02193;
1.5294;
0.554371;
4.51012;
1.22104;
3.29356;
2.62761;
0.628384;
0.638983;
1.39096;
2.47028;
1.87163;
2.71413;
0.952335;
1.97914;
2.30049;
2.32835;
2.17787;
1.55965;
2.18624;
2.24981;
2.14939;
1.79871;
1.08919;
1.01873;
0.465393;
1.33445;
2.31317;
1.34775;
3.2308;
1.82561;
3.32892;
2.42968;
0.845545;
2.95692;
1.15109;
1.38026;
2.68166;
4.83374;
1.86959;
2.76672;
0.866056;
2.41894;
0.929908;
1.37744;
2.09056;
1.60461;
1.47935;
2.83649;
2.82166;
2.35561;
1.57055;
1.81754;
2.57678;
1.67834;
2.04823;
3.24109;
0.394704;
3.85685;
1.08095;
2.92704;
2.04469;
1.61175;
2.13034;
2.87058;
1.20116;
2.40439;
0.616841;
1.59579;
0.850886;
1.1427;
2.35707;
2.23529;
2.14235;
2.99073;
1.7986;
2.01635;
0.568592;
2.12804;
2.41906;
1.80814;
1.71439;
1.41116;
1.70596;
0.934716;
0.839948;
1.13614;
1.42161;
1.18648;
1.30513;
1.71361;
2.90786;
2.69417;
0.948626;
1.56665;
1.99048;
3.10461;
0.578251;
3.80207;
0.850851;
2.75594;
0.103158;
1.22671;
0.0925929;
2.08305;
2.96022;
1.73249;
2.85232;
2.33578;
1.73937;
0.625561;
3.08799;
1.91887;
1.4991;
1.8604;
2.71922;
1.14898;
0.994366;
1.94941;
2.15763;
3.42744;
3.00746;
2.99154;
3.37349;
3.38686;
3.32665;
1.43959;
2.08355;
1.76944;
2.61083;
1.02843;
1.35445;
0.382239;
2.89809;
2.28954;
1.92142;
1.57272;
1.85866;
2.86917;
1.78398;
0.844985;
1.79356;
2.32503;
1.15605;
0.996635;
3.01498;
2.59256;
0.613301;
2.06447;
2.83621;
1.99866;
1.98919;
1.79596;
1.36396;
0.625938;
1.39574;
4.47785;
0.969097;
3.16837;
1.39397;
1.69455;
2.2219;
2.05043;
2.50214;
1.9169;
1.49492;
1.8213;
2.31194;
2.61694;
2.00813;
1.5498;
3.30786;
1.65537;
1.36184;
2.83728;
1.51723;
1.9444;
1.32361;
3.18284;
2.44438;
1.40574;
1.9347;
2.46601;
0.876465;
1.57716;
1.30545;
3.07995;
2.51877;
2.1892;
2.02941;
1.99564;
1.97598;
2.33379;
2.23285;
0.968164;
3.30374;
1.2124;
1.04625;
1.94669;
2.4083;
2.11617;
1.7696;
1.43501;
3.00961;
0.878856;
3.00447;
1.63219;
1.68542;
0.812277;
1.16282;
2.09804;
1.56371;
2.07601;
2.60851;
3.02499;
0.85988;
0.894775;
1.81229;
4.11439;
2.37502;
2.85121;
1.31417;
1.85697;
1.07275;
1.95069;
3.09226;
1.69748;
2.01244;
2.29402;
2.13449;
2.8877;
2.21876;
2.40616;
1.70329;
1.91087;
1.57463;
0.375696;
2.29297;
3.25405;
2.33324;
4.62756;
0.958829;
2.43729;
0.891895;
1.0064;
2.62138;
2.78513;
1.57972;
1.47968;
1.75213;
2.85662;
1.54224;
2.04616;
2.31956;
0.782001;
1.75783;
1.64515;
1.04039;
4.07207;
1.50543;
3.1591;
1.05083;
2.12372;
4.69657;
1.90082;
2.20245;
3.36522;
1.65588;
1.86338;
2.24694;
1.61524;
1.60498;
1.52305;
2.53619;
3.32933;
1.11856;
2.13169;
1.52026;
1.92494;
0.878047;
0.733224;
1.56954;
2.4206;
1.93997;
0.848342;
1.18388;
1.55214;
2.03431;
2.96953;
0.680526;
1.08144;
2.094;
1.46886;
1.16899;
0.474591;
3.44785;
2.12389;
2.99079;
1.54959;
2.10822;
1.37045;
1.97821;
1.50524;
2.11279;
2.34991;
1.60055;
2.49732;
1.7674;
2.13995;
0.56516;
2.28477;
0.586981;
1.26664;
2.95393;
0.407012;
1.26928;
2.89596;
2.16782;
0.840824;
1.23492;
1.25706;
1.133;
1.55999;
0.658314;
1.34107;
2.5229;
1.69378;
1.54344;
1.79336;
1.55017;
1.88208;
1.85181;
2.19627;
1.64894;
2.22427;
3.51026;
2.31462;
0.506713;
3.00555;
3.18336;
1.80445;
1.71722;
1.3151;
2.46444;
2.6842;
1.51806;
2.52173;
1.15074;
1.36629;
1.53671;
1.86148;
2.24273;
1.07095;
1.82338;
2.61224;
3.49339;
3.31598;
1.95969;
1.51704;
2.64327;
0.784822;
1.89596;
2.55164;
4.06181;
1.58896;
3.13132;
2.74638;
1.36678;
1.93011;
1.47781;
1.0641;
1.53874;
2.40286;
0.924903;
1.31183;
0.716545;
1.78845;
0.542502;
1.87518;
0.3992;
1.55396;
2.96102;
1.41526;
2.36852;
2.03666;
0.949836;
2.38011;
1.95731;
1.89528;
2.94177;
2.99211;
1.73605;
1.65246;
1.46052;
2.40097;
2.26964;
1.09298;
1.13947;
3.58654;
1.76251;
1.20233;
1.24848;
1.55695;
1.54796;
2.48559;
1.36621;
2.33359;
2.69205;
2.3514;
0.353285;
2.75007;
1.67772;
1.594;
0.349345;
1.26977;
2.56975;
2.5262;
2.05158;
1.78173;
2.52743;
3.71476;
2.86257;
2.84424;
1.51867;
1.14551;
1.35386;
1.1153;
1.88001;
2.34756;
1.37093;
2.17745;
2.83737;
5.21019;
0.870617;
1.71293;
3.2667;
4.14157;
1.70053;
1.5473;
1.21578;
0.874868;
2.2991;
3.05682;
1.91692;
2.16364;
2.89076;
1.37091;
3.86502;
0.361473;
1.03735;
2.04626;
2.82915;
0.999711;
1.1129;
1.57788;
1.71044;
0.0892088;
1.16045;
0.594174;
3.23406;
2.50447;
1.76476;
0.813379;
1.58437;
1.51649;
0.899165;
3.24856;
2.30099;
1.9192;
1.94427;
1.87838;
1.63257;
1.12609;
1.75505;
2.9534;
1.48489;
2.73429;
2.3754;
1.3951;
1.12977;
1.32811;
2.23854;
0.570702;
2.18608;
0.35656;
2.0699;
0.782057;
2.72497;
1.50161;
1.57011;
2.40225;
2.09801;
2.72776;
1.96916;
1.89048;
0.680887;
1.45706;
0.863916;
4.83997;
0.368062;
0.862083;
1.90034;
2.93536;
3.5387;
1.33332;
1.56281;
2.27443;
1.17481;
1.9264;
0.701389;
1.7903;
1.89928;
1.05766;
0.892047;
1.75681;
1.66039;
2.60537;
2.67247;
1.74663;
2.65594;
1.38296;
2.41011;
0.98372;
0.952541;
1.80515;
1.7211;
2.18009;
0.85583;
3.17527;
1.24827;
0.931796;
1.06146;
1.62009;
0.649581;
1.82439;
3.10286;
1.6749;
2.11147;
1.43311;
2.49236;
3.18679;
1.01431;
0.865493;
0.490751;
2.80436;
3.36148;
1.98982;
1.00211;
2.47995;
1.31891;
1.94652;
0.961781;
1.82637;
2.11446;
1.0807;
0.863723;
1.60057;
1.10556;
0.945427;
1.425;
2.12958;
1.91161;
0.988912;
3.5865;
1.51342;
1.96026;
1.27931;
0.726125;
2.70492;
0.543888;
3.16842;
2.5415;
0.582604;
2.32604;
2.7863;
3.05606;
1.78858;
2.56699;
2.47663;
0.704897;
3.29701;
2.57832;
1.92435;
1.64164;
2.97809;
0.657736;
4.89975;
0.937624;
1.5365;
2.11007;
0.544205;
2.61931;
1.06116;
1.00222;
1.21844;
0.576565;
1.10376;
2.65289;
2.57618;
1.58624;
1.95362;
1.69834;
1.93773;
0.494249;
1.87372;
1.28312;
2.18489;
2.02094;
1.07899;
2.01384;
1.41743;
1.21471;
1.10159;
1.93799;
0.633372;
1.92511;
2.74952;
1.66396;
0.58278;
0.612055;
1.45621;
1.32837;
2.91975;
2.18178;
1.75193;
2.74222;
0.920167;
2.4658;
2.97484;
2.54798;
0.357425;
0.403827;
1.51499;
2.08954;
3.21671;
2.82317;
2.15829;
0.410951;
2.27504;
1.96425;
2.12576;
0.854673;
1.85017;
2.15004;
2.40704;
0.931217;
1.09628;
2.01706;
2.27989;
2.6579;
1.15089;
2.00523;
2.08125;
3.62822;
2.38114;
0.842475;
0.6978;
2.49816;
3.27074;
1.56574;
1.17664;
2.26107;
1.49225;
0.897624;
2.01205;
1.8848;
2.044;
1.53759;
1.96528;
1.4113;
0.660542;
1.63877;
1.93634;
0.691077;
1.24831;
1.11227;
3.02897;
1.76913;
1.00134;
1.41559;
1.50272;
3.00935;
2.6515;
1.05895;
0.775565;
2.1678;
2.43086;
1.42919;
1.44206;
1.53639;
2.05848;
1.00335;
1.53232;
3.47797;
1.77406;
2.12242;
1.71616;
2.56326;
1.44718;
0.547747;
0.821924;
0.95348;
1.66228;
3.14586;
1.9751;
2.16486;
0.0962354;
2.53428;
2.09586;
1.87189;
1.05508;
1.48177;
1.99805;
1.1253;
2.78796;
0.427419;
2.36006;
0.363702;
2.08106;
2.36011;
1.44872;
2.08991;
1.69825;
1.8932;
1.85804;
0.933226;
1.29466;
1.8869;
0.638932;
1.85871;
2.02417;
2.47398;
1.83744;
0.562127;
0.813853;
2.46597;
2.00094;
2.20418;
2.12288;
1.58826;
1.1451;
0.090388;
0.946112;
1.7227;
2.65052;
0.630819;
1.52609;
2.2711;
0.89972;
2.74055;
1.02719;
2.8205;
1.88883;
2.89762;
3.46066;
2.6295;
0.0642104;
1.96955;
1.95114;
2.57444;
1.35007;
2.58056;
1.40061;
2.88394;
2.36192;
0.938247;
1.33311;
1.66981;
1.32122;
0.856514;
1.7389;
2.84253;
2.18797;
1.94551;
2.44844;
2.0016;
1.33531;
2.47878;
2.88102;
1.38625;
2.47246;
1.784;
1.06946;
3.60476;
1.03796;
1.43101;
2.09013;
1.92716;
2.02009;
1.24201;
2.27708;
1.63906;
2.6747;
1.43468;
2.55564;
2.91975;
0.934913;
1.86438;
0.796714;
1.71003;
1.29174;
2.07196;
0.649226;
2.7099;
1.57285;
1.20793;
1.13214;
1.72438;
1.35791;
1.37656;
1.83048;
1.32342;
1.00527;
2.6223;
1.04483;
1.53445;
1.8508;
1.41354;
2.6736;
1.83487;
2.92277;
2.95727;
3.20265;
0.870518;
1.29051;
0.855963;
1.2519;
0.273324;
2.02688;
1.07789;
0.473607;
2.25032;
0.676961;
0.848444;
2.33331;
2.87907;
2.61172;
1.41258;
3.2378;
0.83632;
3.17146;
1.80998;
2.1469;
1.63848;
2.66482;
2.59815;
3.10902;
2.08982;
2.05511;
2.01274;
3.57214;
2.19554;
1.4045;
2.04174;
1.47783;
1.74799;
0.851676;
2.00732;
1.95533;
0.822702;
1.76938;
1.86242;
2.6066;
1.31499;
1.80369;
2.13077;
1.63232;
2.58305;
3.55294;
1.31293;
1.98186;
3.38745;
0.541135;
1.00487;
1.14455;
3.22248;
2.5192;
1.63483;
1.7012;
1.11808;
2.13925;
1.29657;
1.71637;
4.05772;
2.15722;
1.12105;
2.94691;
2.02447;
2.06331;
3.19312;
1.35926;
3.21515;
1.1537;
1.54913;
0.566646;
2.59714;
1.63363;
3.59573;
1.96747;
0.38345;
0.578931;
3.31245;
1.37499;
2.15188;
1.75289;
3.05726;
0.650483;
1.88174;
1.57511;
3.60249;
1.86796;
2.61657;
2.72303;
1.77322;
1.4183;
3.0569;
3.53188;
2.32379;
1.92303;
1.59204;
3.50021;
1.44229;
2.0125;
2.18643;
2.15348;
2.75394;
1.90989;
1.79402;
2.09899;
1.89411;
2.26529;
2.91614;
1.26611;
1.59663;
1.97687;
2.31905;
0.735075;
1.33436;
1.96819;
2.98316;
2.4013;
2.97268;
0.499716;
3.37755;
0.93752;
1.87353;
2.44896;
2.03222;
0.705611;
3.42224;
1.92821;
2.47116;
2.85534;
3.25759;
1.04054;
0.740207;
2.68616;
4.9947;
0.922202;
2.40933;
1.23555;
2.74396;
2.90335;
2.69865;
1.9051;
2.03987;
1.99734;
1.43224;
3.52793;
2.61604;
1.6763;
3.26557;
3.34049;
0.840546;
2.75711;
1.0832;
3.25695;
1.45644;
1.80814;
2.27391;
2.55403;
1.6524;
1.74225;
3.46221;
3.36013;
1.62352;
1.08167;
1.00876;
2.8576;
3.60736;
3.27799;
0.900533;
2.02183;
2.86171;
2.69255;
1.56244;
2.96697;
2.32918;
4.04213;
1.77692;
3.69991;
2.99367;
2.73669;
1.38442;
5.06651;
2.38476;
2.59907;
3.36275;
1.29581;
0.987194;
2.90424;
2.70174;
2.56399;
2.6256;
1.22693;
1.14704;
3.44324;
2.16887;
3.96242;
0.660132;
2.22546;
3.20556;
2.03552;
1.72456;
2.11536;
1.93284;
1.37079;
2.67045;
2.87285;
0.962165;
1.30698;
1.84291;
2.02602;
2.7775;
1.96698;
2.1301;
2.59118;
2.65278;
4.74405;
2.06103;
1.56528;
2.58569;
0.527449;
3.97804;
1.98554;
1.48545;
1.97052;
2.39968;
2.40738;
0.962015;
3.01759;
3.39516;
2.42597;
2.12812;
0.947074;
2.03397;
2.3698;
4.853;
1.52943;
3.90165;
1.51996;
2.44779;
4.32586;
2.1843;
2.16839;
1.58256;
2.86583;
1.73751;
1.42268;
0.80425;
1.36124;
3.58759;
2.09435;
2.96846;
3.66604;
1.43796;
2.62221;
3.39658;
3.31771;
0.827231;
2.01429;
2.34641;
3.4778;
1.41965;
2.26315;
3.83878;
1.00697;
0.657016;
2.03682;
1.48024;
1.78884;
2.63304;
2.01503;
2.27089;
2.44381;
2.00239;
2.28019;
0.971681;
2.25935;
4.80363;
2.06713;
2.98779;
3.50956;
2.36792;
2.2164;
2.45112;
1.50382;
2.02608;
1.94838;
2.65587;
2.79614;
2.84157;
2.09806;
1.48474;
2.02654;
1.54826;
1.55182;
1.38897;
2.11704;
3.11728;
2.53978;
0.782962;
1.66168;
1.51676;
4.53321;
1.77087;
1.34918;
2.41565;
3.43183;
2.73769;
2.21827;
3.82004;
1.76119;
3.4015;
1.82057;
4.61586;
0.544437;
2.42958;
1.58404;
1.02123;
2.58747;
3.24817;
2.26078;
2.01957;
1.05243;
2.35619;
2.42357;
1.6794;
2.7519;
1.42828;
2.45654;
2.26435;
1.46602;
1.18312;
1.27605;
2.45256;
2.8275;
2.71064;
1.54677;
2.15211;
3.96506;
2.1208;
0.856111;
2.93049;
1.97951;
1.773;
2.56465;
1.46888;
2.00966;
1.48373;
2.78285;
1.92378;
1.73439;
2.85661;
2.33643;
1.77516;
3.12859;
2.03857;
2.68886;
2.37531;
1.93994;
1.13151;
3.60162;
3.02851;
1.98736;
3.55467;
1.00059;
2.11239;
1.47168;
3.4799;
1.34789;
1.74292;
1.76846;
1.89422;
2.00688;
3.69885;
2.85602;
4.25331;
1.70456;
1.16942;
