49.9518;
44.7236;
41.7485;
37.8895;
25.9692;
43.2395;
51.0992;
48.5201;
47.6749;
25.0776;
27.5042;
26.0333;
50.3648;
50.2646;
43.9667;
26.7825;
37.813;
27.9515;
41.8667;
47.3321;
43.9975;
26.5414;
49.8054;
46.8759;
51.178;
25.8825;
25.6255;
52.6512;
44.7786;
23.6439;
45.9375;
42.4861;
44.4753;
51.2091;
46.9754;
44.6448;
51.7427;
44.5276;
43.451;
46.1166;
41.7583;
54.6147;
47.8651;
41.3705;
37.5811;
26.3673;
51.3292;
48.1175;
37.1124;
44.1037;
45.6958;
44.3194;
43.7215;
52.9723;
39.4218;
47.8634;
48.9306;
39.6101;
47.8333;
45.4193;
52.1016;
46.4606;
41.1107;
44.4229;
23.1745;
48.5343;
36.7706;
44.2568;
44.1805;
42.7406;
41.4144;
38.1359;
44.2792;
40.1497;
46.1211;
36.1111;
28.9921;
23.6234;
45.381;
35.8633;
50.0513;
44.8108;
46.505;
43.0742;
40.7613;
42.3264;
34.5466;
42.9522;
49.0484;
41.6404;
39.6868;
35.3566;
33.2014;
34.3797;
49.3247;
27.8312;
25.6842;
43.1539;
27.4076;
40.1046;
50.0748;
43.2657;
51.4375;
38.9068;
35.3797;
49.9842;
39.4683;
44.8396;
23.4744;
47.2667;
48.9898;
39.6981;
46.5872;
43.0461;
43.6482;
33.8744;
41.4744;
46.594;
47.9411;
36.9145;
50.5442;
41.8225;
45.4144;
39.5242;
39.9241;
43.9826;
45.3721;
40.7303;
25.4573;
21.9787;
43.9421;
40.9026;
48.0308;
43.0299;
53.3354;
44.3957;
45.0559;
44.4882;
44.3779;
38.3773;
43.2081;
42.9962;
42.0728;
40.9118;
41.5628;
47.9296;
45.8789;
44.0662;
21.0447;
25.1638;
37.3569;
42.2585;
51.6168;
43.7284;
42.58;
43.8822;
30.626;
49.2477;
46.0321;
38.7314;
21.8604;
46.774;
38.3358;
47.107;
25.3049;
44.7348;
34.2963;
37.9321;
48.1506;
25.9248;
45.2861;
41.7654;
50.8378;
39.0525;
45.4745;
41.6056;
25.9025;
20.2018;
21.2547;
22.6491;
46.5414;
40.7119;
43.0945;
23.6726;
25.7521;
22.6069;
44.5823;
39.7559;
46.8401;
24.6339;
49.0243;
38.3171;
44.9995;
49.9807;
41.9037;
23.5071;
35.5773;
49.6128;
38.7086;
43.5644;
46.5868;
45.8096;
26.1531;
40.6477;
39.7499;
30.5308;
41.7543;
46.2823;
44.2365;
35.9125;
40.5894;
41.3485;
40.7575;
44.8331;
19.7922;
45.5091;
51.4169;
19.3437;
43.328;
39.9408;
36.8576;
39.8913;
42.1122;
48.6045;
35.8247;
42.4511;
22.191;
38.7626;
43.7806;
41.0098;
48.2735;
36.8409;
43.0237;
38.7296;
40.4024;
46.5279;
43.1955;
36.2314;
39.651;
24.0139;
44.684;
21.5278;
43.0947;
43.6392;
39.4247;
39.3312;
36.6366;
40.1286;
22.2392;
37.0683;
39.2983;
37.0671;
38.2407;
46.1411;
39.5061;
44.4993;
40.9602;
40.6207;
41.5528;
37.3032;
34.6151;
36.7854;
41.9321;
23.4121;
38.7275;
35.4256;
46.1931;
38.4457;
41.5753;
32.9947;
44.2388;
41.9536;
38.6649;
40.2486;
50.5103;
38.8542;
46.8491;
43.3256;
38.4164;
33.5424;
20.8024;
42.8586;
43.3607;
40.1776;
37.1237;
35.7631;
44.5217;
32.3135;
35.8835;
44.6167;
40.7209;
33.1316;
30.7004;
37.406;
37.3495;
33.4993;
39.536;
44.8653;
40.1093;
37.9324;
43.6887;
39.033;
41.3115;
41.3476;
38.4221;
44.1881;
23.0204;
21.9574;
34.7945;
22.2285;
41.64;
23.0442;
20.6432;
36.6444;
25.073;
43.0391;
44.5316;
35.7966;
39.9234;
39.9959;
51.1396;
47.7016;
39.4783;
41.3405;
38.8928;
36.3561;
33.9537;
35.6407;
37.3052;
38.4161;
42.0272;
45.1941;
21.3884;
34.5992;
17.9466;
43.5148;
39.0243;
43.2316;
44.4656;
29.4072;
34.3221;
46.1009;
36.5766;
35.5568;
40.2222;
35.0956;
34.6548;
37.6636;
41.2747;
41.1478;
33.94;
35.2662;
35.9906;
30.6361;
34.7094;
35.5516;
41.4083;
36.6665;
43.1906;
41.6365;
36.4221;
20.461;
22.0175;
34.6071;
35.9611;
37.357;
34.2405;
38.3522;
34.3421;
41.2196;
35.2271;
35.9201;
42.6823;
33.5342;
30.7569;
40.662;
38.43;
37.9832;
39.7763;
35.4473;
33.3467;
36.2378;
44.8345;
40.2117;
43.8458;
42.6352;
42.6323;
44.3425;
40.2519;
39.9085;
43.3205;
39.4295;
24.5118;
35.0468;
37.7897;
40.5974;
35.8614;
40.7845;
36.4998;
19.7361;
37.5045;
38.6317;
38.5882;
20.493;
37.5253;
33.8954;
35.5601;
40.314;
38.5073;
38.1332;
32.4494;
27.2875;
38.1382;
34.5031;
43.7147;
47.1157;
44.9791;
41.6162;
38.0744;
41.8297;
37.923;
42.1431;
36.496;
37.5111;
33.832;
30.4542;
36.037;
34.888;
38.5463;
33.9006;
38.354;
41.1703;
39.6839;
39.3713;
37.0717;
35.6198;
33.8548;
35.0927;
31.0543;
29.8886;
40.3454;
38.8557;
41.593;
39.9791;
29.3477;
27.1316;
30.8555;
37.6146;
36.4214;
36.7493;
25.4228;
37.743;
33.5386;
33.0068;
36.3824;
38.6817;
42.9538;
36.5566;
34.2704;
42.0562;
41.1431;
33.9324;
37.9877;
37.8802;
43.0494;
39.6531;
36.3948;
35.8388;
33.8376;
19.5735;
27.19;
34.6596;
38.0588;
27.6939;
39.2719;
41.1204;
39.2458;
36.8334;
24.0715;
44.7968;
35.232;
37.803;
32.7147;
36.4108;
36.234;
31.1242;
37.209;
33.3693;
35.1299;
39.2491;
39.8646;
37.2032;
36.2;
34.3537;
36.6309;
36.3186;
43.4025;
37.2063;
38.1608;
29.2717;
33.5648;
36.1782;
31.3139;
42.2325;
31.1943;
28.7902;
35.112;
34.5846;
42.1952;
34.2841;
46.2118;
35.3586;
27.8408;
39.0911;
31.4521;
46.128;
19.5253;
40.5738;
33.969;
33.443;
42.7965;
36.8051;
36.0499;
37.838;
36.4503;
31.9913;
40.9794;
35.6507;
35.9206;
31.442;
35.8922;
27.0779;
37.8603;
36.1347;
34.3071;
17.3789;
36.8756;
40.3347;
19.1619;
37.5114;
38.8181;
29.9891;
19.7919;
17.8921;
36.1201;
32.3566;
35.2712;
34.1126;
34.1006;
37.0201;
35.7342;
20.7443;
33.2202;
37.0453;
42.2865;
30.2085;
32.8503;
18.8073;
23.6389;
24.9591;
40.2314;
36.5014;
18.9113;
20.901;
31.8896;
36.9495;
38.2692;
33.1817;
19.434;
23.1302;
44.4708;
31.5432;
36.1353;
33.9416;
29.5006;
34.807;
37.6986;
36.3093;
42.0955;
33.6855;
40.9181;
17.8422;
32.1197;
19.3824;
18.2831;
35.592;
27.5364;
18.5813;
40.9479;
29.7862;
18.9666;
33.9836;
33.4373;
37.8889;
37.3661;
34.9443;
31.5556;
31.7142;
33.4835;
38.2645;
35.5156;
36.2923;
35.9242;
26.278;
32.0873;
38.5035;
30.335;
39.8857;
34.3198;
34.2273;
20.1779;
28.5967;
35.3256;
40.2731;
18.3494;
37.0518;
33.0754;
37.1604;
31.7397;
35.7436;
34.4346;
33.9325;
31.4896;
36.5713;
34.9382;
37.4024;
27.5919;
33.3805;
31.3013;
28.0206;
31.1685;
32.1423;
24.5257;
33.8631;
31.693;
30.7316;
29.0208;
40.2929;
32.7565;
28.689;
37.5844;
37.7282;
38.1403;
29.4268;
33.201;
35.5198;
32.7538;
17.5829;
41.2542;
35.7643;
34.0957;
40.5255;
16.5842;
35.4652;
40.4519;
32.722;
23.0388;
18.0272;
31.1595;
20.5174;
34.1467;
16.5254;
37.9686;
40.2514;
30.9845;
20.5336;
32.777;
33.6701;
32.3389;
18.5345;
34.374;
34.9787;
34.9995;
28.8354;
31.7561;
18.987;
22.7787;
38.4543;
38.7506;
28.3857;
37.9973;
16.475;
32.2277;
29.4352;
41.6155;
28.927;
32.5033;
36.1862;
35.8383;
33.0945;
33.4988;
35.1612;
26.1775;
36.1445;
31.4528;
31.3896;
33.5866;
36.4657;
31.6876;
32.7929;
19.3954;
28.4411;
18.5963;
26.9645;
19.1045;
33.4832;
36.7398;
17.3476;
22.3052;
38.5598;
31.5474;
37.7389;
33.6686;
28.4965;
29.6165;
34.6628;
34.5709;
32.6008;
27.452;
33.5582;
33.3681;
38.0522;
37.0499;
29.6604;
33.9293;
32.0193;
31.0392;
36.4997;
34.6429;
30.848;
29.5689;
34.3619;
29.1374;
36.8801;
30.4457;
31.4455;
33.4955;
28.8306;
32.1223;
30.3537;
23.2625;
29.849;
36.9746;
27.4712;
25.9161;
26.2032;
32.7153;
35.0296;
36.2668;
34.8473;
28.3301;
26.6468;
28.7388;
33.7659;
34.1769;
34.4271;
33.4836;
30.5405;
37.9872;
31.1273;
29.0361;
27.5005;
30.3072;
34.9656;
35.8348;
15.3652;
36.5113;
32.5805;
29.5002;
25.6117;
31.9011;
27.8538;
38.0523;
32.256;
34.2539;
30.9962;
37.5638;
32.028;
24.5331;
31.9315;
29.9252;
29.0131;
29.1056;
32.8562;
23.5897;
30.2941;
36.4657;
35.1576;
33.8478;
23.1937;
20.2396;
18.8028;
34.9431;
28.797;
16.82;
31.7332;
31.6148;
32.396;
29.7869;
27.9201;
31.4749;
36.0941;
31.5614;
32.2025;
30.7687;
29.6872;
35.8678;
25.9603;
29.8141;
24.7343;
32.1314;
16.6733;
32.2468;
30.8364;
18.3075;
33.8469;
19.6403;
28.5405;
29.0999;
27.4538;
29.244;
28.9252;
32.3342;
31.666;
31.3514;
31.9511;
28.5066;
38.3378;
30.4548;
39.1278;
35.0511;
29.5571;
33.8882;
31.8077;
31.6923;
33.8878;
30.9025;
37.4907;
37.0113;
33.3729;
39.2648;
22.5676;
33.6227;
25.4553;
33.4021;
29.6007;
36.8433;
21.326;
16.4164;
33.7073;
26.2184;
28.0875;
28.7451;
30.9227;
16.5484;
28.5932;
27.4068;
35.064;
32.9389;
23.8481;
16.6475;
36.9668;
31.415;
17.8689;
31.5134;
32.5287;
16.4768;
25.1382;
26.7542;
37.2895;
13.9232;
28.3689;
33.3065;
31.8855;
28.9436;
15.0265;
30.8333;
30.3543;
28.9886;
22.896;
32.5671;
16.2431;
26.1897;
28.9306;
29.3038;
27.672;
26.4278;
25.9807;
16.9225;
27.4451;
27.8354;
23.5301;
32.1488;
18.5155;
32.3616;
15.0647;
28.0185;
32.0801;
28.5645;
15.6271;
30.6961;
18.3611;
31.7388;
34.4968;
23.1361;
26.8515;
24.7731;
35.3577;
27.7895;
31.2645;
35.2373;
27.4815;
30.7243;
31.5943;
35.2449;
32.3304;
27.5117;
27.4505;
26.5097;
31.3234;
32.8434;
15.5706;
18.0369;
30.3438;
28.6172;
28.6991;
34.874;
27.0423;
25.5874;
27.6897;
30.7699;
31.4191;
26.4619;
29.571;
33.3906;
29.1674;
25.2243;
36.1088;
25.7794;
30.9122;
28.3035;
33.3195;
33.0567;
33.1197;
28.2024;
30.1244;
30.6597;
27.9778;
31.811;
28.8534;
30.8818;
29.7921;
28.655;
34.7898;
27.1151;
31.5595;
30.8079;
28.5221;
27.7742;
29.7424;
22.9496;
28.7632;
29.033;
31.2006;
24.202;
12.8935;
32.8193;
31.5648;
24.3509;
26.6492;
25.3173;
31.5035;
30.8747;
33.0711;
27.067;
14.0697;
22.7493;
26.2615;
30.9249;
26.4933;
28.4574;
26.118;
30.8047;
28.4188;
28.0927;
29.3667;
24.414;
27.0603;
31.8402;
17.0686;
23.4561;
13.6032;
27.673;
31.5845;
28.769;
25.5119;
31.9693;
28.99;
31.7974;
37.6486;
30.175;
29.3646;
33.8165;
14.1318;
27.2151;
14.0176;
27.1351;
25.9267;
29.2411;
36.7243;
29.3107;
27.9832;
26.8862;
32.8646;
35.029;
27.6449;
28.2604;
24.4641;
28.7288;
26.4946;
25.2018;
26.5417;
33.4561;
31.2984;
26.8987;
31.9445;
14.1875;
28.3109;
24.076;
30.043;
26.234;
29.6723;
29.7315;
23.9753;
26.2472;
29.0979;
20.884;
29.9211;
25.7714;
23.0303;
28.016;
31.7497;
35.9589;
31.1694;
25.1259;
13.7366;
16.7547;
28.2133;
30.6318;
28.9321;
25.1475;
16.0761;
27.5637;
33.7078;
27.6006;
18.1995;
28.2581;
28.4054;
16.3978;
29.5874;
17.7754;
12.3844;
14.4146;
23.296;
24.2877;
12.2022;
16.7766;
26.1257;
24.1718;
25.1985;
24.0204;
31.5926;
27.0282;
27.4031;
30.866;
30.6745;
28.5168;
26.0624;
25.9349;
28.6047;
23.9693;
29.4026;
35.2909;
23.4315;
28.173;
30.9186;
25.1011;
27.5052;
31.5395;
29.7519;
30.7195;
30.709;
28.8575;
34.1078;
21.397;
31.6985;
35.9377;
22.2237;
25.5087;
26.336;
27.3495;
23.6529;
29.0349;
27.6541;
25.612;
29.1653;
27.3612;
14.2844;
22.2454;
15.6279;
31.9196;
12.1482;
23.5567;
27.6932;
31.9951;
16.5524;
18.3062;
18.1796;
23.0867;
34.3481;
27.2684;
26.5008;
19.9329;
27.9787;
24.0688;
26.5333;
26.5232;
14.13;
29.4459;
17.8103;
13.0473;
28.9292;
27.1518;
30.5645;
31.3815;
18.2137;
29.7656;
25.7257;
19.1875;
25.4835;
26.0647;
24.7089;
24.831;
26.703;
25.6897;
24.8374;
32.9147;
29.7071;
23.18;
21.1984;
14.6983;
28.7589;
21.8367;
20.7864;
30.446;
21.3264;
28.784;
23.6748;
29.3604;
26.6707;
26.5119;
20.683;
32.2828;
23.6578;
27.2598;
16.0386;
32.0389;
28.8779;
25.9832;
13.7039;
24.2636;
25.3455;
31.6828;
31.0693;
31.2734;
32.7729;
31.7021;
29.3858;
25.6495;
27.8248;
22.3111;
28.2397;
27.9965;
29.6179;
13.7118;
29.2964;
24.6873;
22.1974;
26.3919;
27.1637;
17.577;
27.6196;
27.7797;
22.2546;
27.9446;
27.3192;
25.4;
23.2043;
26.4737;
24.6994;
23.9487;
26.6641;
28.4194;
26.3368;
30.2358;
26.8755;
28.17;
29.428;
25.9938;
22.2748;
24.73;
31.0444;
26.4192;
33.5977;
30.9846;
24.9408;
23.8446;
22.8327;
14.168;
28.8137;
20.8029;
29.3721;
28.7904;
17.2746;
25.0996;
25.0274;
21.1177;
21.6021;
28.6637;
32.7179;
23.6546;
30.0261;
29.3057;
30.643;
26.6682;
28.1097;
27.849;
29.5538;
14.1027;
30.409;
17.112;
26.3159;
27.6991;
26.68;
29.0184;
29.2284;
26.3065;
28.0083;
29.843;
30.1247;
28.9803;
15.8342;
15.0907;
25.8185;
15.0174;
25.545;
12.7723;
24.0013;
14.1141;
28.7984;
17.6139;
22.8775;
24.075;
26.8158;
23.5318;
31.8045;
28.6072;
24.2585;
27.5385;
29.8265;
26.2527;
24.6698;
30.8082;
25.2938;
24.1302;
26.2257;
26.1995;
27.3368;
32.4492;
26.9121;
24.4848;
30.5362;
24.6249;
32.7365;
25.6417;
22.282;
26.96;
24.3165;
24.381;
28.2117;
19.7011;
20.138;
27.3339;
27.7902;
28.004;
19.8879;
29.8699;
28.3741;
31.996;
24.3102;
28.9464;
12.9455;
27.793;
21.8366;
21.9741;
25.8551;
25.8247;
23.1188;
26.0329;
11.9593;
25.338;
20.5411;
28.852;
14.97;
22.705;
26.3586;
20.8743;
29.9927;
19.3228;
26.0451;
21.81;
27.2278;
33.8948;
27.7781;
23.7503;
31.6901;
21.2103;
26.4755;
21.199;
27.9234;
21.1834;
25.2293;
22.3769;
30.6517;
23.6863;
26.8854;
14.5517;
26.4515;
25.6264;
27.0705;
13.6042;
23.9135;
25.6239;
26.764;
23.2567;
31.3149;
24.8344;
20.929;
26.9945;
14.6715;
13.4035;
27.1444;
25.6949;
13.5188;
24.4612;
25.0811;
25.3423;
23.4999;
27.2886;
14.4249;
20.3397;
13.3145;
28.4956;
24.0245;
27.5853;
26.5799;
12.4601;
15.2799;
22.1222;
25.3551;
25.9623;
24.9805;
13.0547;
27.3708;
24.1479;
23.3512;
16.0145;
23.0249;
24.5485;
27.0223;
12.3037;
29.1878;
23.9531;
24.6386;
25.7765;
24.4995;
24.4114;
25.7491;
26.071;
25.5765;
26.292;
23.1836;
26.0311;
26.7321;
26.8507;
25.8234;
22.1641;
24.3515;
26.0077;
23.8617;
27.3905;
26.3345;
22.994;
27.264;
22.0463;
21.8255;
20.5435;
12.2814;
20.8654;
26.3598;
21.4623;
27.8441;
24.1738;
27.3223;
16.127;
24.2615;
24.6096;
21.6638;
23.8402;
20.3407;
24.4082;
16.7859;
25.9993;
23.5859;
22.5061;
24.1687;
24.2195;
27.3984;
25.9675;
27.2381;
26.1928;
22.3926;
28.9682;
21.101;
12.6176;
19.1563;
20.5261;
15.8214;
26.0396;
24.3047;
22.6258;
30.7585;
11.3342;
20.9777;
17.7196;
24.8101;
23.0167;
22.2696;
21.87;
22.4936;
24.4636;
22.6322;
20.8207;
21.0613;
22.1066;
27.0326;
16.5544;
22.627;
14.1553;
13.8193;
22.4571;
25.6087;
20.8714;
20.3761;
25.5124;
20.714;
26.1568;
19.6814;
26.8834;
26.9991;
25.0298;
21.8017;
24.9391;
15.4489;
12.1857;
24.8098;
22.0449;
26.2653;
13.6537;
29.0039;
14.2048;
26.4976;
26.2634;
25.5497;
22.1081;
22.6361;
22.0323;
22.3961;
26.8044;
25.7779;
21.0382;
11.772;
20.2489;
21.0544;
24.9971;
29.5352;
25.737;
25.172;
22.6376;
20.6568;
27.0455;
24.3254;
16.7109;
17.1688;
26.9461;
24.4002;
26.512;
24.6555;
25.9247;
24.2844;
20.4813;
10.3498;
20.8891;
24.5247;
27.7607;
12.2244;
24.1073;
13.6037;
23.2812;
22.2734;
24.4406;
24.2726;
22.9271;
13.5941;
23.2575;
11.163;
25.92;
32.3549;
13.5758;
22.3066;
18.349;
28.7436;
28.2957;
24.3255;
22.2507;
22.3981;
19.5276;
22.0251;
22.8348;
18.433;
23.5424;
20.5444;
21.3038;
25.3896;
24.3325;
24.652;
17.1318;
18.9514;
20.1144;
20.5141;
20.8182;
20.2615;
26.1923;
19.4338;
21.7219;
25.2744;
25.1326;
14.7494;
25.8558;
23.6109;
23.2975;
21.296;
21.2091;
12.3916;
19.8335;
19.8799;
27.038;
22.6423;
25.8245;
10.5803;
29.4053;
25.3109;
25.6085;
21.6727;
21.8207;
23.5949;
18.2322;
26.616;
16.8227;
22.6998;
24.0065;
28.0192;
24.903;
21.3286;
27.0762;
19.9317;
22.7728;
27.8242;
23.7908;
22.6359;
22.7457;
22.9213;
25.0186;
26.5233;
16.1803;
20.3397;
26.0599;
29.1951;
13.3096;
23.5397;
22.0887;
17.3338;
22.7914;
13.024;
29.1142;
22.3786;
22.2205;
18.25;
24.2399;
23.2126;
26.3023;
26.403;
14.072;
23.2936;
23.2528;
29.9732;
24.5294;
26.3322;
24.2741;
14.8341;
24.7626;
26.1139;
21.4005;
31.1927;
24.0986;
11.9559;
18.6875;
24.7109;
27.3002;
21.0384;
19.5008;
22.1543;
20.3463;
26.9206;
12.3093;
27.8751;
24.9987;
20.8324;
18.5982;
11.8746;
26.4063;
25.6953;
20.9886;
24.8916;
17.753;
23.8742;
25.0837;
24.5083;
22.2857;
21.2217;
20.6897;
12.8282;
13.0526;
29.5475;
22.7406;
13.2992;
25.6206;
25.1991;
24.9421;
21.9337;
13.2879;
23.2905;
12.8188;
12.6921;
22.1573;
12.2891;
21.2711;
21.2667;
24.6226;
23.9426;
12.6454;
11.4755;
11.2561;
20.4815;
18.8386;
20.5398;
17.6796;
21.2501;
23.9358;
26.8907;
22.788;
19.189;
17.9292;
24.3813;
18.1437;
22.9773;
15.9636;
19.4507;
20.7524;
22.5324;
18.406;
21.5376;
21.1675;
17.4612;
25.9542;
25.0781;
24.9525;
25.3049;
27.0344;
9.4312;
22.3759;
21.2048;
20.8148;
11.7004;
11.3635;
15.7543;
20.5618;
17.5051;
18.8064;
22.3448;
20.3873;
22.9025;
25.4369;
21.3691;
22.6635;
19.3007;
25.3788;
26.1553;
17.2571;
26.0134;
19.4248;
21.6276;
19.0854;
22.0355;
18.0219;
22.0236;
23.7058;
20.973;
19.4418;
20.7648;
20.3225;
19.2182;
14.9414;
11.7524;
22.2673;
18.5932;
12.4486;
17.6563;
18.8827;
11.8437;
22.3611;
25.6026;
21.923;
20.8297;
24.9292;
25.9751;
24.2064;
21.6487;
23.0922;
20.2653;
21.213;
10.9297;
22.3523;
24.2101;
25.4604;
18.4756;
18.881;
18.0568;
21.0641;
21.6079;
20.3017;
18.2791;
17.0918;
21.2486;
24.6012;
15.8178;
23.2286;
18.4698;
14.6849;
22.029;
13.6108;
18.2181;
11.0409;
12.2869;
20.3642;
11.7572;
23.1604;
13.4821;
17.238;
23.1037;
12.6416;
23.1929;
20.7015;
22.7107;
20.66;
20.5569;
14.7972;
18.4424;
16.4933;
23.9767;
18.822;
23.1797;
18.0856;
23.2434;
19.9418;
22.4667;
21.6306;
20.49;
17.7019;
10.8136;
12.5399;
12.2408;
21.2282;
19.7868;
21.0263;
19.3155;
16.9091;
22.0404;
18.729;
19.8958;
17.9011;
11.579;
22.7108;
21.4436;
21.8162;
18.5296;
17.6011;
24.4476;
22.0715;
18.5877;
20.0439;
23.796;
17.9757;
22.9804;
22.3459;
18.0862;
25.3138;
27.725;
22.8731;
20.4827;
18.9248;
13.8557;
22.5604;
23.7738;
23.9362;
21.5332;
8.79496;
21.3835;
19.8286;
26.9292;
9.46869;
20.3754;
18.6438;
23.3757;
20.043;
18.8828;
23.4822;
26.9505;
15.4661;
22.6124;
22.37;
17.0159;
21.8558;
21.59;
18.3278;
21.4191;
8.56929;
8.8217;
21.3663;
21.1223;
22.5493;
23.7979;
15.7451;
20.8997;
20.0009;
22.4257;
19.9512;
24.1101;
18.9414;
19.6768;
13.149;
21.0536;
24.1316;
14.4455;
23.5144;
21.7881;
14.1348;
18.01;
20.5729;
21.5322;
17.4261;
18.0329;
19.6966;
16.4345;
19.3916;
20.7525;
21.8035;
12.2888;
16.8028;
20.0458;
13.4168;
12.2778;
21.2467;
16.5182;
17.4945;
21.1315;
16.2799;
22.1398;
20.0634;
24.6233;
24.8191;
11.0593;
9.92643;
21.4781;
23.2609;
12.6258;
20.9245;
19.1103;
23.0858;
20.6524;
17.2397;
25.3274;
22.8708;
20.6341;
20.6758;
23.6319;
27.6739;
20.5703;
22.7098;
21.1132;
20.7489;
23.3005;
22.6971;
22.0822;
20.4509;
20.959;
24.1836;
22.8884;
15.365;
21.7164;
21.2845;
22.7079;
19.4003;
21.0053;
19.2934;
17.6476;
24.3106;
20.0681;
17.8658;
20.1899;
20.486;
20.3595;
15.7561;
21.3298;
22.167;
25.6685;
18.0574;
19.4254;
22.1187;
10.7637;
21.2275;
17.3926;
19.0556;
24.5634;
25.633;
19.5083;
15.0614;
20.3034;
15.4743;
22.366;
9.50539;
20.5948;
19.8292;
14.8621;
17.3546;
22.1108;
17.5356;
12.6166;
13.2387;
23.1322;
12.366;
12.5289;
11.2585;
10.7526;
19.7198;
10.083;
25.2608;
19.6091;
19.7669;
18.0434;
21.8486;
18.4296;
21.7369;
19.2236;
26.0552;
18.1296;
14.5065;
9.03921;
21.1332;
17.8913;
18.5592;
18.6677;
16.8594;
17.1756;
17.1081;
24.8107;
17.9405;
19.4608;
18.8322;
17.5937;
17.9359;
18.9028;
16.3421;
14.8057;
18.376;
20.0058;
21.5654;
23.5112;
17.4235;
19.6182;
18.4473;
23.5797;
8.36342;
16.3342;
12.9005;
21.6548;
19.8234;
18.5153;
11.3367;
17.6839;
21.6632;
21.4503;
21.558;
19.8472;
16.5027;
17.4041;
18.0098;
19.9857;
17.6002;
9.42396;
22.3052;
18.1047;
15.7008;
21.0754;
16.6666;
16.8116;
16.3533;
22.1445;
14.0795;
23.1543;
20.2099;
20.1559;
21.4296;
13.6609;
24.9253;
15.8979;
20.28;
16.4339;
19.769;
9.22076;
17.1789;
19.4362;
18.1168;
23.183;
17.605;
21.4939;
19.084;
16.5094;
13.5327;
19.6089;
21.4058;
22.0721;
22.2048;
16.5749;
19.7244;
22.9259;
27.2952;
12.5144;
15.3834;
21.2186;
25.1679;
16.6789;
16.8492;
22.866;
18.1259;
17.0871;
20.2207;
16.6017;
14.9529;
21.0639;
19.5078;
21.0448;
23.2257;
19.4878;
15.9143;
21.7632;
22.637;
14.7204;
20.256;
16.3342;
17.2015;
12.0703;
16.8958;
10.5641;
21.5282;
19.2379;
21.1206;
17.4488;
11.8011;
20.3901;
21.1947;
18.1025;
27.3577;
20.7267;
20.8893;
17.9421;
17.0099;
20.9471;
15.7982;
18.2338;
17.9994;
16.0523;
17.2843;
20.1408;
18.4581;
15.8099;
13.4933;
20.6864;
19.32;
17.3954;
9.60133;
15.0544;
15.763;
20.1506;
16.866;
21.0872;
18.7937;
7.34788;
18.2016;
20.3288;
18.5221;
16.6639;
12.5117;
11.2371;
19.7291;
16.6643;
18.3496;
18.3633;
17.1331;
10.9014;
15.376;
20.2034;
8.63319;
16.9145;
7.43215;
15.6172;
15.9411;
19.9816;
21.2846;
15.0064;
14.9383;
15.5609;
16.9172;
9.63781;
21.6787;
13.2972;
13.2518;
24.6259;
16.2432;
17.7797;
20.5509;
18.7354;
20.1612;
17.431;
23.8516;
20.4143;
15.3604;
14.3755;
22.7622;
13.3847;
21.7121;
19.6157;
14.1643;
14.8162;
19.0926;
17.7001;
15.248;
15.7822;
16.2257;
16.6906;
13.7845;
18.5406;
13.0975;
9.91094;
14.8971;
17.2871;
21.0104;
18.2443;
24.9752;
17.506;
13.0895;
16.6169;
19.2889;
20.7774;
15.2677;
17.773;
14.2327;
19.5199;
19.7526;
17.1012;
9.30465;
16.9254;
15.7669;
18.2054;
17.8871;
11.6222;
14.8145;
10.5627;
19.7815;
18.005;
14.8162;
20.5157;
8.96167;
19.3849;
16.7763;
14.4835;
16.8006;
18.7663;
17.247;
14.8881;
19.0146;
16.4069;
15.3286;
17.8805;
20.6557;
13.7055;
13.9819;
17.1093;
13.1917;
14.1646;
9.7495;
19.4782;
8.25407;
18.623;
18.5749;
18.546;
22.3503;
19.8125;
14.9748;
14.9702;
17.0525;
15.1332;
19.0795;
9.55847;
16.0054;
15.9589;
8.52922;
17.7268;
20.6511;
15.5837;
22.6961;
18.558;
15.903;
21.0611;
16.0615;
9.4701;
20.4371;
8.21235;
10.0775;
18.1893;
10.8756;
16.5818;
15.8622;
18.099;
14.3816;
13.8751;
14.3143;
18.264;
21.2264;
18.172;
17.3482;
14.5077;
18.2983;
18.0498;
21.6979;
20.2838;
13.2879;
12.3925;
20.0023;
9.38348;
10.1819;
17.8498;
7.54974;
19.3961;
16.3387;
8.20524;
9.18153;
20.2106;
21.0574;
18.601;
9.33919;
18.464;
15.6565;
14.6858;
7.79579;
19.8117;
9.44848;
17.7723;
7.98535;
10.6456;
18.1945;
19.4026;
16.7986;
13.0217;
15.8968;
13.8716;
16.3295;
16.4802;
19.6205;
20.3516;
16.7896;
15.1144;
14.4908;
8.62155;
17.9189;
17.4552;
13.0341;
18.655;
16.1616;
8.12147;
16.3272;
9.54001;
19.2973;
15.831;
17.629;
19.4676;
17.1239;
16.7959;
16.6032;
16.3009;
18.1499;
14.6384;
15.6106;
18.6686;
11.776;
12.361;
21.5939;
8.94043;
17.8273;
14.2401;
21.452;
14.9788;
18.3718;
18.4151;
14.0782;
14.9629;
13.1502;
10.3527;
15.3068;
17.8577;
9.22295;
7.7802;
10.5501;
10.0506;
12.9058;
13.6689;
20.3751;
15.7703;
13.4909;
11.7931;
19.2904;
16.4467;
19.501;
8.26554;
17.5627;
8.7853;
15.1407;
16.7006;
21.5131;
14.1134;
14.5691;
9.41937;
15.9704;
15.5567;
17.3139;
17.8633;
17.4235;
16.7425;
16.955;
15.59;
12.0457;
13.2861;
14.8694;
19.1132;
16.8467;
18.1454;
16.7605;
14.1489;
12.7672;
12.7086;
13.6949;
20.7681;
15.007;
15.6019;
15.2877;
8.91399;
9.05375;
13.2009;
9.56459;
15.0144;
12.5339;
16.9939;
13.7013;
15.9114;
17.5804;
14.3293;
17.3411;
16.168;
17.3458;
18.9226;
19.7925;
13.5571;
17.413;
20.3286;
14.5134;
14.2433;
12.6587;
17.8102;
13.1807;
10.4072;
13.5632;
12.7294;
14.3242;
13.6115;
6.44546;
10.9392;
15.2075;
9.5494;
16.3555;
10.7352;
10.6498;
13.9608;
14.2668;
21.9324;
11.1308;
14.4026;
12.1796;
13.049;
19.3584;
16.6775;
16.1564;
13.2416;
16.3486;
19.5294;
8.27614;
17.9921;
15.2984;
8.46601;
12.8451;
15.27;
16.9657;
8.43751;
17.1462;
20.4135;
15.9106;
13.2293;
18.2079;
12.3577;
17.4183;
18.9635;
17.3012;
9.35061;
9.39801;
16.5136;
14.9178;
14.5123;
16.0164;
16.1305;
14.08;
17.3;
15.2377;
15.9035;
16.3812;
15.908;
15.899;
14.6437;
16.7624;
16.4442;
12.1029;
16.6269;
13.5498;
15.064;
11.7572;
12.3561;
11.4505;
16.7893;
10.0503;
12.4951;
15.7407;
13.9695;
15.5799;
15.4779;
12.127;
16.7662;
13.7562;
17.8496;
15.7686;
16.3329;
15.7545;
16.2884;
16.7425;
19.413;
20.8281;
14.0985;
16.2244;
15.3974;
15.5993;
17.9589;
15.9182;
8.61409;
14.8257;
12.6367;
6.55603;
17.4144;
19.2873;
15.2994;
11.2936;
15.8537;
14.6047;
19.6703;
13.6687;
16.2129;
16.5368;
14.1653;
11.9167;
17.9391;
14.4552;
14.5391;
15.7878;
10.4507;
16.2189;
11.6589;
16.0551;
17.4167;
16.3685;
13.0754;
15.7023;
19.2433;
18.7253;
17.1724;
17.6363;
17.7837;
18.6471;
16.1019;
17.2703;
14.3134;
21.0863;
16.1084;
14.0479;
10.7593;
13.0718;
17.3381;
12.9607;
12.4013;
13.2218;
13.1833;
18.7829;
12.6596;
14.2744;
16.6939;
11.8848;
16.8441;
11.5787;
19.0536;
17.6283;
7.5225;
17.7219;
8.93077;
13.5036;
17.3869;
16.1712;
15.939;
11.7853;
15.886;
16.1365;
12.59;
18.8372;
21.5169;
16.5521;
15.7601;
16.2094;
12.6871;
13.7402;
16.6216;
13.6071;
16.1888;
14.2997;
16.3419;
16.8342;
18.7799;
14.1779;
12.5551;
14.3495;
16.7093;
13.7826;
14.2721;
17.37;
13.8656;
18.7121;
12.0362;
14.2767;
15.7136;
14.3729;
13.8896;
18.6954;
16.0618;
9.65752;
20.4124;
14.06;
14.9342;
9.91651;
16.0017;
12.2581;
17.0725;
15.7794;
13.9503;
14.7575;
12.2653;
16.5142;
18.066;
16.3812;
11.262;
11.1597;
7.66031;
15.7994;
9.77779;
14.8227;
14.2875;
14.4158;
14.5742;
15.6635;
11.6795;
12.5758;
13.0776;
14.4054;
14.5484;
17.3271;
15.7777;
11.6531;
8.04772;
15.3475;
16.4345;
15.174;
15.8956;
11.4306;
11.9073;
14.5001;
14.6859;
16.364;
11.4081;
14.8605;
14.3653;
14.0272;
15.9201;
18.0198;
14.9506;
15.5592;
11.5352;
16.146;
18.4529;
14.3153;
14.8111;
16.1365;
8.91388;
15.5752;
14.3593;
12.1052;
13.6798;
15.8258;
14.0301;
15.5056;
14.9745;
15.8375;
13.8945;
15.9096;
16.7684;
13.9844;
15.0743;
16.5066;
22.5522;
14.4747;
13.2218;
8.30181;
15.3028;
14.9759;
14.0734;
15.3338;
11.4218;
15.4305;
16.7041;
14.3169;
8.49979;
16.1531;
17.7857;
8.2711;
11.4834;
18.7969;
13.2211;
16.4246;
15.3824;
15.5424;
15.833;
13.1296;
15.3965;
13.4427;
10.3347;
15.9095;
12.793;
12.4928;
17.7539;
13.5682;
14.6252;
17.2096;
15.331;
9.71158;
17.0191;
19.5965;
15.5355;
13.2892;
17.6237;
15.783;
7.87919;
13.3682;
11.599;
15.415;
14.7089;
15.5235;
8.87574;
8.82748;
13.0633;
16.9595;
19.1646;
11.7239;
14.2602;
13.4534;
14.7931;
12.2718;
15.4457;
15.9573;
6.32198;
8.42367;
12.8079;
13.7596;
17.6241;
16.9489;
14.1001;
12.8961;
10.9471;
14.2777;
13.5644;
18.8512;
12.0097;
13.4459;
10.3562;
13.9388;
18.0388;
14.8543;
13.9054;
12.918;
14.2884;
13.1799;
12.114;
10.6772;
16.1449;
14.991;
13.9603;
15.9639;
13.1271;
13.5658;
9.2681;
13.0933;
13.6109;
14.0001;
14.9682;
15.1792;
18.8369;
14.8584;
10.8488;
16.3487;
13.3303;
14.3918;
15.1814;
14.162;
14.3103;
9.66061;
18.0852;
13.9945;
14.4694;
16.1816;
15.872;
14.7741;
17.9027;
16.5999;
14.7454;
14.0671;
10.435;
14.5529;
13.883;
16.9031;
6.85509;
16.6043;
9.07473;
13.5654;
16.1405;
17.3578;
14.9645;
17.3027;
16.248;
13.4873;
12.0179;
15.5763;
16.3462;
16.8761;
11.7468;
12.7409;
10.2006;
15.0585;
13.2133;
16.1225;
17.5381;
14.6553;
18.7414;
12.6773;
17.7823;
14.5834;
15.543;
15.109;
13.2095;
16.8528;
15.9214;
15.0673;
18.0911;
17.7326;
13.2478;
16.6235;
13.0052;
17.52;
12.2279;
14.5473;
15.8163;
12.3151;
13.4498;
12.6133;
12.9836;
13.4185;
16.5215;
10.8183;
17.1649;
11.4535;
17.5432;
7.63147;
16.982;
15.5207;
10.5976;
9.94479;
17.6581;
13.0954;
8.17329;
16.003;
12.4566;
14.951;
11.5447;
15.4228;
15.7019;
10.4764;
12.1223;
15.6669;
18.2205;
13.7506;
13.3904;
14.9634;
11.1781;
13.1903;
10.4842;
12.3906;
10.1624;
9.15939;
10.1937;
11.2932;
15.3688;
14.3538;
16.6551;
14.7569;
11.3958;
10.9688;
9.67122;
13.7388;
8.86195;
11.4444;
12.2371;
16.2239;
16.6397;
15.9801;
20.1307;
16.4204;
9.03072;
14.312;
14.6108;
11.7595;
13.8954;
12.0779;
11.3802;
11.2584;
13.7644;
15.59;
12.6528;
9.79961;
15.8774;
8.25401;
7.51604;
14.9957;
16.5616;
15.3457;
14.2917;
15.88;
13.1722;
12.2885;
13.7698;
15.4314;
15.455;
15.7914;
8.78613;
9.75406;
19.4538;
7.33849;
13.6699;
14.5446;
10.9884;
8.26993;
7.33112;
15.7817;
14.7122;
13.9306;
13.7357;
16.3503;
13.1681;
14.6858;
11.3241;
18.1746;
15.4915;
13.8804;
11.9968;
15.4663;
12.3117;
10.6042;
15.7235;
14.7398;
14.8153;
13.2845;
14.6452;
12.9801;
10.2114;
12.4987;
14.2919;
7.72014;
13.7273;
11.9278;
7.20471;
19.9478;
9.56378;
16.9475;
14.8518;
15.437;
15.3895;
12.3333;
8.97248;
15.1524;
13.0967;
15.6407;
16.4531;
13.8522;
10.2633;
11.055;
15.3592;
14.8647;
14.5865;
10.6964;
11.8068;
7.61993;
7.17771;
12.287;
12.8647;
16.0062;
13.3188;
11.935;
13.6275;
11.26;
10.8901;
14.0809;
11.2037;
12.9796;
12.7044;
8.08854;
9.104;
8.79079;
9.38781;
13.5533;
12.0919;
14.1831;
15.1363;
14.7949;
13.3306;
12.4076;
14.5819;
13.6472;
10.1971;
14.7184;
12.3781;
9.91731;
13.5233;
10.3414;
13.6177;
6.60076;
14.7075;
12.012;
13.697;
15.8682;
15.5004;
10.5975;
9.69763;
12.6916;
13.1145;
15.4206;
7.45592;
16.3113;
7.36135;
12.5912;
14.2994;
11.593;
12.3037;
10.1732;
10.9167;
12.6831;
12.0208;
9.55159;
15.127;
13.9336;
11.4146;
10.3696;
16.7561;
17.5389;
14.9756;
11.3778;
14.5994;
15.3502;
12.6707;
11.2596;
12.9292;
6.96033;
12.5853;
10.007;
13.5911;
11.3296;
17.9305;
12.2152;
14.2399;
13.7404;
13.0746;
9.58363;
15.7516;
12.0563;
16.7837;
12.6295;
15.5479;
10.7816;
11.3218;
9.26404;
14.942;
15.051;
15.6106;
9.62899;
10.5294;
16.5428;
8.97088;
11.027;
11.1602;
8.12384;
14.7106;
12.4571;
13.5212;
14.4609;
18.4543;
14.0939;
13.6661;
15.4577;
15.0999;
13.8233;
9.8551;
12.8602;
12.4281;
18.6396;
14.4607;
13.6434;
11.2132;
15.235;
12.3106;
15.7541;
14.1203;
10.5423;
11.1587;
8.29341;
10.9378;
11.9023;
13.8934;
12.1416;
13.9466;
13.7916;
13.8155;
13.1176;
8.16448;
12.95;
9.37464;
12.8239;
13.8963;
14.1851;
11.7054;
11.4084;
10.6934;
11.0773;
11.4215;
14.9389;
13.5557;
12.7457;
12.2012;
8.63188;
13.2186;
13.5584;
9.92403;
12.987;
12.4852;
8.96023;
13.607;
11.1624;
12.3089;
8.8187;
13.1933;
13.4366;
9.78357;
11.6378;
11.5828;
15.5171;
14.2649;
5.9866;
10.804;
13.6688;
10.7453;
7.35518;
8.32146;
12.238;
16.6756;
11.2854;
8.29827;
12.3994;
11.4657;
14.0675;
16.6442;
11.8842;
11.4443;
9.34341;
13.3576;
10.9067;
12.7353;
12.6238;
11.006;
11.0184;
12.7201;
10.5156;
12.9831;
14.6711;
13.1133;
9.02856;
16.6531;
11.9275;
14.7464;
8.74911;
16.269;
14.0172;
11.4946;
13.3463;
12.1026;
10.8189;
19.6598;
16.6557;
12.8586;
18.6752;
15.7342;
10.2995;
14.3977;
12.9153;
12.3883;
12.7578;
13.8279;
11.0465;
12.2376;
14.0807;
8.32617;
11.8866;
11.7138;
11.6081;
12.4233;
12.1246;
14.296;
6.82139;
11.6007;
9.11664;
12.8677;
9.79733;
12.9933;
13.6601;
7.43239;
14.1606;
9.88039;
9.08741;
12.8043;
10.2669;
11.8546;
13.9743;
6.38806;
12.3795;
14.2425;
11.6655;
13.8551;
13.1701;
9.55163;
10.7198;
12.888;
14.3262;
13.9522;
11.7921;
11.4587;
10.3737;
14.8706;
14.2076;
13.6498;
10.8967;
15.0855;
13.4013;
11.6391;
12.3302;
15.7007;
12.1841;
12.8257;
14.0106;
15.1321;
6.49711;
11.897;
12.6203;
11.6142;
10.5967;
12.1669;
10.7333;
13.7983;
15.5226;
13.3258;
13.5635;
13.8577;
13.0143;
13.8329;
15.1616;
8.78731;
7.22855;
11.0422;
9.86811;
10.2325;
6.73645;
11.6353;
14.4822;
5.71468;
11.2823;
11.8274;
11.3785;
13.1395;
8.68157;
11.5004;
13.3512;
11.1818;
10.8113;
11.0926;
12.9869;
7.51823;
10.8424;
11.7304;
6.90899;
13.249;
11.5639;
13.0823;
12.6801;
6.07066;
12.8032;
11.5797;
14.9839;
13.7583;
11.7749;
15.503;
13.7294;
8.91492;
10.0686;
7.87208;
14.7812;
10.2932;
10.596;
12.2739;
14.9313;
10.1632;
10.4271;
10.768;
16.238;
12.1597;
13.671;
10.755;
12.5873;
15.308;
11.7667;
12.8902;
12.5117;
12.6481;
12.3605;
12.0309;
10.6454;
9.83759;
8.45084;
9.41469;
8.12589;
12.1383;
10.9947;
14.6344;
10.5735;
7.66739;
12.2721;
14.1797;
12.4284;
6.56897;
14.3222;
11.9162;
12.0248;
14.9252;
11.8988;
12.822;
10.4397;
9.76585;
8.32668;
16.9136;
10.7138;
8.69867;
8.16564;
18.0364;
7.91629;
12.2668;
12.6875;
14.2351;
9.96278;
9.05921;
10.489;
6.89286;
9.9543;
12.5445;
12.7006;
8.35211;
10.1264;
11.1137;
11.1769;
11.7312;
9.20751;
11.539;
10.6689;
15.6346;
10.2413;
13.0071;
12.5311;
10.1053;
13.2373;
11.7098;
10.8621;
16.9284;
10.6184;
12.6621;
11.9139;
7.58853;
12.9507;
14.6253;
10.982;
12.5525;
14.8143;
6.28561;
5.63984;
8.46199;
11.7466;
13.3193;
9.25767;
10.6857;
12.446;
13.5138;
8.68848;
10.1937;
13.4055;
16.804;
10.8624;
11.7383;
11.5433;
11.9713;
11.5476;
11.0012;
12.8461;
13.1434;
5.86759;
7.63225;
14.3323;
13.0783;
12.8577;
12.6599;
13.7454;
10.9843;
13.6553;
10.9366;
12.0461;
7.83384;
9.59524;
12.2583;
10.768;
13.5595;
11.2885;
11.0017;
9.85468;
12.7494;
9.14897;
12.5667;
6.73014;
13.4977;
9.90053;
9.26822;
13.1446;
11.7461;
11.6374;
7.84728;
11.303;
13.3486;
14.1583;
9.44189;
10.9938;
11.0085;
13.5023;
11.3723;
13.1057;
8.82445;
11.3292;
10.7792;
11.2263;
11.7857;
14.4837;
11.5045;
12.1307;
13.6935;
10.5179;
9.17882;
6.88618;
14.22;
14.6728;
10.2174;
12.3861;
9.05912;
9.76481;
9.52396;
7.89694;
7.72512;
8.88746;
10.0806;
9.21402;
8.98698;
11.9931;
11.2458;
9.28064;
12.7821;
11.1517;
11.0896;
14.1112;
11.9602;
12.4682;
12.8907;
11.7398;
12.2298;
12.7334;
10.057;
8.11424;
13.082;
13.4847;
14.2988;
13.4333;
10.8894;
5.2889;
12.9863;
6.65761;
14.8616;
11.221;
8.99121;
13.1812;
15.9117;
12.245;
11.4979;
9.03551;
12.0834;
10.5549;
11.1907;
10.776;
10.6297;
10.388;
13.0709;
13.4329;
11.1829;
10.7482;
10.8459;
10.3601;
10.6939;
11.4794;
10.107;
10.3276;
11.0856;
5.65377;
9.16547;
11.3684;
11.5681;
7.19144;
10.7939;
10.3528;
13.0271;
11.8568;
9.1991;
12.0166;
13.5257;
13.3727;
10.3163;
8.81315;
12.1793;
6.77563;
6.63335;
12.2381;
10.5261;
14.1399;
13.526;
10.5934;
10.3655;
12.0219;
10.555;
7.85536;
9.4268;
13.1973;
10.7194;
9.47145;
11.9495;
11.3208;
12.7255;
13.0175;
10.6635;
11.6672;
12.0605;
14.7038;
11.9617;
11.3562;
9.29444;
12.8141;
5.68486;
14.2913;
12.3911;
12.0803;
9.5744;
10.3149;
13.4315;
11.6442;
12.326;
11.5398;
14.2753;
11.632;
15.2332;
10.8246;
13.9274;
8.37171;
14.3891;
12.3128;
13.0588;
10.7808;
7.80507;
13.7946;
10.4656;
10.2343;
11.2531;
15.3031;
12.0992;
7.31944;
8.8481;
13.4016;
7.84641;
8.88108;
13.2582;
8.37781;
10.3989;
11.7174;
7.93634;
12.416;
10.6614;
9.35188;
12.1042;
10.3224;
10.8624;
12.7855;
10.4802;
10.6739;
8.04508;
11.9539;
8.96691;
13.3597;
11.6959;
13.0887;
11.0111;
10.1281;
9.13186;
8.57109;
9.87607;
12.4432;
11.7378;
8.76986;
8.71965;
12.1842;
10.2396;
11.2472;
10.6785;
8.27758;
7.08453;
8.46953;
7.00213;
9.54494;
12.3128;
11.535;
12.1957;
10.1578;
13.0976;
13.4026;
13.8657;
8.64291;
11.3171;
12.774;
11.4254;
9.68148;
11.8165;
12.4675;
9.68152;
9.38508;
10.3247;
9.36596;
12.0567;
13.7083;
8.13785;
13.8383;
12.4073;
10.0501;
12.477;
9.86841;
11.4203;
11.9371;
5.64622;
7.00511;
12.7537;
8.79798;
12.3676;
10.9792;
10.2612;
11.8532;
11.1911;
14.7458;
13.8948;
11.7774;
9.43294;
9.902;
10.9065;
12.4054;
9.83304;
14.4925;
9.86522;
10.6003;
12.7505;
10.8809;
9.88628;
8.65074;
6.82856;
9.99403;
11.2894;
7.64627;
6.2993;
10.1423;
10.0461;
11.2087;
10.3537;
11.5219;
9.84639;
12.5055;
11.294;
11.7188;
9.82333;
8.88376;
9.91496;
11.2545;
11.3733;
11.7147;
6.88133;
12.2211;
10.5526;
10.4834;
9.80139;
10.6201;
12.2385;
9.92283;
10.7828;
9.23495;
8.0455;
8.6166;
10.7609;
8.92037;
14.105;
12.2794;
12.6654;
12.5729;
10.0239;
10.6936;
9.80088;
10.7005;
12.4449;
12.154;
12.4934;
11.9757;
9.57323;
7.80015;
10.0796;
8.96782;
11.7958;
11.1496;
8.48542;
8.08529;
10.8519;
9.84035;
12.711;
11.4464;
12.0663;
7.45884;
8.67036;
9.60971;
10.7348;
10.6448;
6.01648;
10.5944;
9.42814;
7.89497;
10.11;
10.9345;
8.55621;
9.72317;
12.4834;
12.2578;
11.5317;
10.8118;
11.0136;
13.2559;
9.44723;
10.6028;
9.57348;
11.3132;
11.6775;
9.78935;
11.6986;
12.4501;
8.83322;
9.88667;
10.9346;
8.44899;
13.2491;
11.2587;
9.21594;
7.42208;
10.1418;
10.4731;
12.8966;
11.7407;
7.65587;
14.2971;
9.1507;
7.43102;
7.38203;
9.59636;
5.21815;
8.70871;
6.29531;
12.6992;
5.99945;
8.98048;
9.53844;
9.66596;
10.3649;
10.1282;
12.3062;
12.6355;
8.18952;
12.5009;
11.4975;
8.00746;
11.353;
9.94328;
8.77307;
10.4729;
10.5156;
9.48208;
10.2436;
8.45255;
8.06614;
10.6486;
11.0248;
12.3303;
9.71631;
11.1166;
9.39656;
10.2011;
10.8906;
7.90982;
8.7923;
9.57896;
7.38326;
9.12145;
10.1792;
7.7398;
10.4456;
10.1184;
11.3925;
9.60703;
10.8431;
8.99938;
12.2646;
9.51575;
9.03731;
8.01105;
12.5611;
6.4052;
8.67012;
10.5046;
11.9258;
11.3716;
12.1333;
7.50101;
12.8764;
7.28931;
9.08399;
13.1471;
9.4063;
8.03689;
11.2732;
11.2062;
7.1543;
11.8629;
9.14095;
5.62185;
9.42039;
10.9421;
9.91909;
12.3712;
11.7756;
9.31974;
8.8186;
12.0079;
8.86343;
9.07529;
8.63796;
12.4888;
10.9475;
11.5876;
10.2492;
7.70566;
7.68038;
11.1136;
10.14;
9.87926;
10.7757;
11.181;
8.38399;
10.2629;
10.9025;
13.33;
11.868;
8.01451;
8.38304;
10.4162;
11.166;
11.5935;
5.94556;
8.79503;
8.79497;
8.54317;
8.73746;
9.58484;
9.14304;
10.6648;
10.4498;
10.3981;
6.01365;
14.0227;
11.5853;
9.92954;
8.0797;
8.96665;
11.158;
7.98765;
6.53257;
8.06314;
9.97951;
11.4083;
10.2377;
6.52391;
6.39165;
8.01063;
9.73875;
7.09024;
8.94411;
8.88842;
10.8246;
9.44586;
12.6379;
10.7557;
12.9947;
9.37447;
7.82717;
6.94678;
8.50605;
11.1392;
9.70055;
7.36462;
12.2452;
8.5699;
8.09657;
8.61362;
10.5631;
10.6022;
7.80551;
7.13454;
10.7411;
8.30407;
7.29769;
9.59367;
11.4743;
10.1262;
8.70858;
9.09196;
11.2652;
8.15709;
7.92961;
10.5306;
8.48054;
8.27762;
11.8511;
7.66562;
12.0419;
8.24263;
10.1817;
9.90027;
11.6837;
9.12982;
10.6784;
13.1292;
8.92198;
8.44452;
9.48046;
10.1671;
10.9849;
9.95053;
11.6941;
7.64434;
11.6443;
11.0254;
6.46394;
8.58047;
5.77531;
8.34884;
7.32596;
7.25564;
8.81894;
8.93279;
7.89288;
8.5087;
10.0839;
12.2166;
12.6728;
11.2869;
12.4899;
10.1364;
8.11549;
11.8633;
9.52328;
6.10234;
9.64777;
9.09604;
7.5662;
6.92449;
9.3892;
9.24196;
8.58537;
8.45652;
8.99841;
7.95221;
8.25002;
9.21269;
9.07289;
7.48509;
7.63292;
9.38559;
6.45649;
7.39352;
12.2429;
7.28179;
9.62657;
12.2993;
4.64268;
9.62208;
8.96599;
6.10682;
9.4173;
12.3562;
12.5879;
5.33306;
8.79844;
12.2723;
10.773;
8.45802;
10.7059;
7.29805;
10.0704;
11.1516;
6.58719;
10.4791;
10.4536;
9.38523;
10.498;
10.8605;
8.87609;
8.77983;
9.48282;
7.87495;
12.068;
8.88433;
11.3265;
10.6882;
10.265;
12.4911;
7.03739;
9.44607;
10.0681;
10.3215;
14.1731;
10.5765;
9.0023;
10.2481;
12.5047;
10.3263;
7.93647;
6.5767;
9.55424;
11.8561;
5.98214;
6.08501;
10.3839;
5.39728;
11.2835;
9.98164;
14.3097;
9.06292;
9.33317;
12.1366;
6.93519;
7.64903;
12.4771;
11.0297;
8.8365;
10.0877;
8.3775;
9.20355;
8.98538;
7.46902;
12.508;
13.4036;
7.24364;
10.4429;
8.85561;
5.60391;
8.99195;
7.37222;
4.94252;
6.19683;
6.16354;
9.85336;
9.73992;
10.3113;
9.37977;
10.0228;
11.9037;
7.1133;
8.03009;
8.43088;
6.20035;
10.7861;
9.51975;
13.3223;
8.8123;
7.81417;
8.13237;
8.71846;
10.7544;
3.80962;
12.3465;
9.29338;
7.12347;
8.13307;
9.58129;
10.432;
10.0175;
7.59036;
9.95524;
10.151;
8.18894;
5.72176;
10.153;
6.52522;
5.22409;
9.86733;
9.88433;
5.69079;
6.82813;
12.1971;
9.77713;
11.6605;
9.80726;
8.93086;
9.59499;
9.71587;
8.72899;
6.22786;
7.95221;
8.96586;
8.80314;
6.00267;
10.3708;
9.58984;
7.90696;
8.54501;
5.79345;
9.12957;
9.35282;
8.07319;
10.3855;
6.00391;
9.49929;
10.5054;
10.0063;
6.91935;
8.62078;
6.59667;
9.79746;
7.73209;
11.5239;
7.40945;
7.74248;
10.1519;
6.815;
9.59477;
11.2098;
9.47639;
7.52507;
5.94816;
7.07203;
8.35338;
10.7045;
6.19281;
8.59789;
10.3566;
4.77278;
9.21486;
8.26264;
9.53954;
8.74127;
9.36058;
4.29983;
8.13277;
7.22194;
7.60009;
6.70233;
9.00859;
8.5334;
7.21438;
6.28837;
8.57193;
8.7838;
7.95653;
7.27316;
9.77896;
7.57119;
7.58959;
10.7977;
7.31803;
8.8765;
10.2186;
5.66189;
4.83146;
6.01376;
5.40797;
9.01974;
7.15161;
8.7442;
9.91981;
8.74652;
7.56307;
9.78841;
7.47858;
6.39693;
8.23686;
11.1449;
8.37287;
10.9621;
8.66513;
6.03972;
10.364;
9.50712;
9.3227;
6.87277;
9.3337;
6.0747;
11.1391;
8.59323;
9.76836;
9.85288;
5.88321;
3.90045;
6.17402;
11.1945;
6.74498;
10.5465;
8.35211;
6.24232;
9.52947;
7.35167;
9.11296;
8.17452;
6.66825;
7.89312;
7.10622;
7.59241;
6.96897;
6.92598;
5.35216;
9.08273;
5.30292;
8.66191;
6.19098;
8.49627;
10.1314;
9.03902;
7.08874;
4.61965;
5.86375;
7.42111;
11.8348;
8.35611;
11.3314;
10.6015;
8.0678;
6.32488;
9.24175;
6.61278;
9.38345;
5.48238;
9.41767;
9.68946;
8.68148;
7.77229;
6.80487;
7.74045;
7.32148;
9.19503;
5.78163;
8.45973;
8.91123;
8.04282;
8.13095;
11.3033;
9.74068;
9.17575;
10.1995;
7.54234;
9.86207;
9.58007;
8.87433;
10.7415;
6.67795;
9.81085;
6.48615;
8.75588;
6.77217;
9.19577;
7.09018;
11.057;
7.38265;
9.01264;
8.99858;
5.29734;
7.69989;
12.2138;
5.9744;
10.7895;
6.94359;
7.89032;
8.78321;
7.86165;
7.71345;
8.86319;
11.1074;
9.77996;
4.91775;
7.99475;
8.32185;
10.2108;
8.21896;
6.63067;
5.51527;
9.01107;
7.95943;
7.27057;
8.35122;
8.58297;
6.9271;
7.30908;
9.6846;
7.87656;
9.53369;
10.775;
8.40102;
7.15779;
10.5804;
7.22799;
6.92585;
6.14703;
6.45192;
10.1099;
7.24357;
10.1411;
6.21157;
8.40548;
7.26454;
9.68838;
7.55065;
7.66006;
6.90249;
8.71364;
8.92227;
10.3254;
6.06078;
9.37552;
6.43574;
8.1074;
5.74972;
7.52543;
11.0938;
9.2359;
5.33819;
7.7877;
7.20877;
6.96562;
7.71154;
7.7273;
10.2643;
7.77113;
8.84368;
6.16947;
8.49916;
8.30525;
6.17476;
5.76016;
10.4387;
6.66019;
6.29917;
5.91075;
5.95127;
10.0941;
8.34193;
5.02199;
7.32477;
8.47094;
5.2038;
6.94311;
5.80695;
6.1005;
9.06358;
7.3582;
5.50902;
8.24852;
6.14899;
7.90387;
7.70427;
6.47923;
9.19431;
6.56977;
10.4539;
7.00882;
7.14803;
8.64078;
9.97473;
8.71162;
8.30685;
4.67611;
9.35065;
7.76643;
10.0954;
11.0775;
7.97747;
8.35219;
6.72042;
9.47795;
6.62157;
9.31549;
12.4284;
7.01487;
7.4377;
7.45016;
8.87267;
7.6387;
8.40344;
5.44723;
7.43664;
8.75065;
6.49381;
7.72254;
6.33354;
7.67782;
6.97845;
5.06291;
8.65783;
8.86382;
8.89337;
11.1875;
5.616;
9.11491;
8.47614;
6.74154;
10.1019;
6.46319;
9.6283;
6.98196;
10.5951;
8.03783;
8.58399;
5.72538;
7.1917;
8.4903;
8.45747;
8.02561;
7.54538;
5.13268;
5.52019;
8.00618;
6.45517;
9.03996;
8.71195;
8.80512;
9.56553;
5.69876;
7.91061;
4.46012;
7.07648;
8.99569;
10.9337;
6.89104;
9.16125;
9.25942;
6.31347;
7.337;
7.79236;
11.5959;
13.2617;
9.14595;
7.99109;
8.70148;
9.56429;
7.74121;
7.4073;
9.58899;
9.11051;
6.47716;
9.6272;
5.02847;
6.9229;
8.9345;
6.351;
7.88353;
7.47942;
7.94758;
5.17186;
7.20255;
6.91234;
7.86313;
8.61509;
8.25981;
7.82053;
7.47566;
7.04428;
7.96435;
8.0683;
6.55993;
7.75708;
9.64949;
7.85761;
8.14271;
9.48381;
8.96007;
6.02678;
5.93287;
5.18029;
8.03155;
9.35971;
9.6871;
7.46386;
7.98732;
6.51132;
7.29378;
7.53833;
7.54762;
8.95669;
7.86588;
7.08558;
10.1974;
5.83043;
6.27432;
6.39424;
8.86026;
4.27865;
9.08165;
8.75952;
8.94346;
8.92052;
8.37445;
9.27514;
7.22388;
5.56436;
6.48037;
8.16279;
8.88566;
6.05111;
5.004;
8.85524;
8.4749;
4.96691;
8.12182;
7.42227;
7.93529;
8.60908;
9.42915;
7.30183;
8.24504;
7.76967;
8.00448;
9.21611;
5.9308;
9.20428;
6.54915;
4.54139;
5.38278;
6.06424;
8.37373;
7.90151;
6.70922;
6.8444;
8.61445;
7.97009;
9.79421;
12.0632;
4.95171;
8.88991;
8.59966;
6.19761;
7.17571;
8.10411;
8.50131;
8.76013;
6.37599;
8.57261;
9.03883;
8.18701;
6.62877;
7.24596;
8.29376;
7.17309;
8.55238;
7.54861;
6.72959;
7.80879;
8.04754;
7.0428;
5.49553;
11.0728;
7.37901;
5.7;
6.89618;
7.81933;
6.73037;
7.15976;
7.6452;
6.6507;
8.22327;
8.31613;
8.43645;
7.797;
8.51605;
7.50405;
9.24087;
8.20278;
5.21887;
9.72293;
4.79659;
6.89494;
9.27823;
9.52485;
6.2182;
7.58942;
6.41726;
7.66563;
8.27956;
7.08372;
7.30786;
9.41203;
7.87875;
5.10011;
5.41553;
7.64507;
8.28765;
7.35612;
9.38779;
8.81758;
7.4821;
9.69945;
4.6622;
5.12557;
4.36311;
5.23387;
7.48791;
7.45779;
4.41358;
9.38192;
7.31135;
8.36274;
8.81154;
8.61372;
9.33902;
6.27353;
6.83959;
6.81692;
6.93118;
9.93293;
9.76709;
6.55928;
5.51088;
6.12799;
6.27916;
7.19675;
5.70192;
6.04274;
6.8564;
8.91836;
6.99723;
8.60703;
6.36514;
4.44462;
7.78324;
11.4949;
7.50224;
9.10412;
5.47426;
7.73571;
7.78267;
7.30928;
6.98532;
7.46993;
7.85144;
4.33983;
9.00207;
7.14999;
6.86023;
5.22453;
7.38132;
8.62487;
4.4929;
7.0869;
5.16943;
8.95271;
7.5125;
6.88766;
5.64979;
8.2595;
6.1552;
7.44437;
6.32839;
7.09777;
7.84183;
7.8501;
7.093;
8.42629;
8.25631;
6.51576;
8.59784;
6.83018;
8.61836;
7.47816;
6.49228;
8.49806;
7.89148;
5.26671;
6.93843;
4.85733;
7.61047;
11.3209;
8.09913;
5.51805;
10.1172;
7.97877;
6.47107;
7.03876;
7.62093;
5.1715;
7.00198;
8.96809;
6.16001;
7.13487;
5.0518;
9.51931;
6.6457;
6.94086;
7.24257;
8.16126;
4.70455;
6.98786;
9.41808;
8.24785;
7.12043;
7.29865;
6.61035;
9.57114;
7.11455;
7.48924;
6.90519;
5.43246;
9.16773;
7.12659;
8.8555;
7.44082;
4.04392;
6.13549;
5.59533;
7.82703;
10.3095;
7.97528;
7.81359;
4.85216;
7.73111;
5.37283;
9.47693;
7.10434;
5.88526;
10.0969;
7.49494;
4.64307;
5.53722;
5.75058;
9.46121;
8.62538;
5.89641;
6.90584;
3.97783;
6.40932;
5.8682;
6.8126;
8.89686;
5.52827;
9.41771;
5.71576;
6.12605;
7.92769;
5.61134;
6.10124;
6.17145;
5.28952;
7.82117;
7.87351;
6.13614;
7.30632;
9.87926;
7.26077;
6.83632;
7.73269;
7.95693;
7.76973;
8.4821;
8.09319;
7.84775;
6.75701;
3.7505;
7.89669;
8.36835;
3.8137;
9.64208;
7.67244;
10.1817;
5.38172;
3.62157;
4.90689;
3.60245;
6.83346;
6.56811;
6.12932;
7.43405;
6.22278;
6.07512;
8.50735;
9.52807;
4.28602;
5.36841;
7.21751;
3.53033;
7.95766;
6.33098;
9.30073;
6.42937;
5.98793;
8.76036;
6.47993;
5.98634;
5.61185;
5.82693;
9.67712;
8.52475;
5.73314;
6.74191;
9.08521;
4.16315;
6.10315;
5.60951;
8.66232;
5.32053;
5.89488;
6.80453;
5.33656;
6.72304;
5.15717;
5.76474;
10.5343;
4.96218;
6.10474;
7.04047;
4.3013;
7.62046;
8.49148;
6.43914;
5.94559;
8.06454;
4.65382;
6.48821;
4.92763;
4.75884;
7.8014;
5.80569;
5.62106;
6.98932;
7.15787;
7.95081;
6.10646;
6.05064;
6.0493;
7.73704;
10.0035;
5.22999;
5.97381;
5.41455;
5.22007;
7.83241;
5.47069;
5.17626;
4.80841;
7.32601;
6.40992;
7.45569;
9.4288;
6.8506;
5.54024;
8.07425;
8.28263;
8.05403;
5.25152;
6.0423;
4.56648;
5.47621;
6.68667;
7.17508;
7.0179;
6.6118;
4.58356;
5.52483;
6.60492;
6.5005;
6.57893;
5.96856;
6.28499;
4.95114;
6.99351;
4.25452;
5.72298;
7.20606;
5.32447;
7.00106;
6.11402;
6.54012;
6.35448;
5.35048;
8.71526;
6.48404;
8.36684;
5.75575;
5.36894;
4.61885;
8.39007;
7.89469;
6.01886;
8.8028;
7.85784;
7.6177;
6.23642;
8.07001;
6.5026;
6.57768;
8.47611;
8.30278;
4.54367;
8.61528;
6.38633;
6.28911;
6.8125;
8.40453;
5.31589;
4.00274;
5.51508;
6.81573;
6.73055;
4.6605;
5.20782;
8.53405;
7.48612;
7.88871;
6.2849;
5.50037;
8.03656;
6.24643;
7.25431;
6.58555;
3.50525;
6.58072;
7.65155;
6.0869;
5.87703;
9.14321;
7.13793;
6.92912;
8.78321;
9.25223;
8.10615;
5.68085;
4.04566;
6.88791;
7.21819;
6.87178;
5.0666;
7.29105;
4.29448;
3.64938;
7.22214;
6.04314;
4.47187;
8.35816;
7.47001;
6.23936;
7.57564;
7.99782;
4.53005;
6.56499;
8.17752;
5.20749;
3.93762;
7.19767;
7.92223;
6.655;
6.20963;
8.66345;
6.56779;
5.99558;
6.2476;
7.79581;
6.1643;
5.07259;
8.67476;
7.88504;
4.41893;
4.35474;
9.83976;
4.60491;
6.5337;
7.10679;
5.85852;
6.18863;
4.88253;
6.85585;
5.38549;
8.16121;
7.3539;
5.69273;
8.7822;
5.79952;
7.02004;
6.43712;
6.6825;
11.2227;
8.9645;
7.66715;
4.39137;
5.79457;
5.88786;
6.45518;
5.18165;
6.32725;
6.33958;
6.76483;
7.75116;
8.35077;
6.08662;
4.90038;
8.41956;
5.70449;
4.77777;
7.81155;
5.34482;
6.69081;
6.48188;
7.03895;
5.57286;
6.83314;
7.11106;
5.20502;
5.7925;
6.52848;
5.95495;
7.92079;
6.18912;
5.05456;
6.88517;
6.81432;
3.61197;
4.54923;
6.73523;
7.8417;
7.89019;
4.81411;
7.3398;
6.23;
7.01006;
7.45595;
5.33764;
8.21697;
6.0226;
5.78277;
7.1212;
6.20352;
7.07337;
5.57799;
7.91886;
5.72838;
7.05543;
9.20462;
6.33025;
8.52121;
8.96786;
6.61448;
7.07924;
6.70343;
7.54107;
6.04972;
9.87386;
6.49801;
9.0977;
7.81126;
5.49883;
6.59221;
5.59075;
5.76474;
5.84212;
8.43147;
7.09904;
5.45753;
6.12927;
6.71288;
6.78036;
4.43921;
6.51722;
6.41356;
7.61208;
3.0576;
8.06945;
5.6524;
6.2761;
6.59653;
6.41946;
7.42278;
5.39535;
8.51775;
5.89556;
7.5395;
6.59522;
6.68959;
7.08699;
9.62833;
7.1591;
5.74848;
4.45649;
6.13345;
6.97827;
6.41989;
6.18486;
6.57365;
6.4955;
4.81268;
7.42465;
6.18929;
5.8285;
5.90708;
5.34883;
6.87322;
5.46627;
5.98624;
5.10145;
8.12297;
5.68142;
6.86422;
7.74211;
6.36304;
6.37238;
7.53211;
5.98228;
6.07801;
4.44483;
9.74673;
5.76698;
6.73497;
7.54596;
5.69087;
8.41652;
6.71848;
8.6203;
7.6292;
6.00348;
6.30237;
5.95239;
5.45464;
7.16194;
3.99408;
5.17838;
6.23263;
5.74278;
6.03441;
5.78685;
9.08904;
7.10614;
6.19167;
6.88444;
5.59328;
5.55661;
6.89207;
4.64767;
5.91162;
4.56201;
5.50724;
7.31517;
7.74183;
6.92369;
7.83526;
6.96724;
5.65066;
6.49774;
8.16595;
4.29536;
5.39304;
6.95316;
7.79224;
9.43054;
6.50181;
7.14;
5.21401;
4.46657;
7.65886;
3.85695;
5.07321;
6.20853;
5.29634;
6.66703;
7.73741;
5.3846;
8.49734;
6.92397;
5.79053;
6.0696;
5.17083;
8.82625;
7.4731;
4.41505;
7.27174;
3.91416;
6.36235;
3.44361;
4.72849;
6.87012;
6.49888;
5.12986;
6.32005;
8.23162;
6.04502;
8.31002;
8.20176;
4.72804;
5.76235;
8.14434;
6.30612;
5.4656;
5.97238;
7.25506;
6.55723;
5.43141;
6.11026;
4.92143;
7.9248;
5.34032;
6.48881;
4.24166;
4.9452;
7.60834;
5.93674;
6.83247;
8.23289;
5.98555;
4.8497;
2.96455;
4.84348;
6.78963;
5.01656;
5.13965;
5.56403;
6.75761;
5.26921;
7.49014;
4.64225;
4.82541;
3.0588;
5.59503;
6.60412;
6.99604;
4.92067;
7.27699;
5.86724;
5.5926;
7.11818;
5.59131;
7.88352;
6.50542;
5.47273;
7.16228;
7.74345;
6.57596;
7.04118;
5.73691;
6.32551;
5.9048;
7.71093;
6.93788;
6.36331;
6.04362;
6.78542;
7.06774;
4.70303;
7.73121;
5.93973;
4.17711;
7.27322;
7.17382;
6.43763;
7.18571;
4.92845;
4.02322;
4.87001;
6.88865;
4.9551;
5.25336;
4.6672;
4.23062;
5.08457;
6.68281;
6.03945;
9.63881;
3.74198;
6.98741;
4.90698;
5.70725;
6.31651;
5.76736;
6.47181;
5.26636;
5.52877;
6.26755;
5.45198;
3.04598;
6.543;
4.10845;
4.84428;
7.84063;
6.74081;
5.17123;
5.60452;
5.35236;
3.90977;
6.54302;
5.56508;
5.95857;
4.61602;
6.15565;
5.65145;
8.93052;
6.20446;
6.6089;
6.99171;
6.7337;
7.73099;
5.07149;
5.82146;
5.82154;
6.30269;
4.4842;
6.23743;
6.21643;
3.46722;
6.12956;
6.64894;
7.28546;
4.45141;
5.7694;
3.45228;
10.4269;
5.70638;
6.37581;
8.71322;
5.13702;
6.8598;
5.89462;
8.12434;
5.41494;
3.98542;
7.4875;
7.37605;
5.39011;
5.3621;
6.50919;
7.12286;
3.89462;
6.4009;
5.67396;
11.3488;
6.93509;
4.73041;
6.03064;
5.19206;
5.90717;
8.71515;
4.56659;
7.49637;
5.55891;
5.73889;
6.3817;
6.04297;
5.22995;
5.61277;
9.15578;
3.52695;
4.71879;
5.68457;
4.419;
4.12251;
5.77308;
6.16155;
6.25632;
6.87655;
5.88683;
4.19497;
4.66397;
4.58583;
6.15739;
4.83413;
5.49886;
4.2765;
3.95719;
5.6214;
4.376;
5.59645;
6.03068;
3.90933;
5.65656;
4.6726;
5.91573;
5.46976;
6.03895;
5.23756;
5.2544;
5.66903;
5.87823;
5.29222;
4.6831;
6.53807;
3.37756;
5.25844;
5.72023;
5.91108;
4.24245;
5.07679;
5.08105;
4.22227;
6.34779;
6.79611;
4.9711;
5.58548;
4.06254;
5.84497;
5.69027;
4.81858;
7.64145;
6.41713;
6.85885;
4.9095;
4.33944;
6.57339;
5.14131;
5.8457;
6.58651;
6.3328;
5.57023;
5.08147;
6.09143;
5.79446;
6.09241;
5.37556;
5.05195;
4.81625;
6.45879;
5.42062;
7.77058;
5.29286;
6.62997;
5.70597;
6.63724;
5.73772;
7.48114;
6.444;
6.01001;
7.4174;
3.75066;
4.93799;
4.73708;
6.68197;
5.73497;
4.75346;
5.48519;
5.55122;
5.23935;
5.76223;
4.95507;
5.24043;
4.46939;
5.94028;
6.19641;
4.05244;
4.02636;
7.01419;
6.00749;
8.48052;
6.69409;
3.44068;
4.09288;
4.81714;
5.38272;
6.44217;
4.41882;
6.26521;
4.78524;
4.85625;
6.53744;
4.45216;
5.47882;
6.6379;
3.74236;
5.77404;
6.13546;
4.38541;
5.11889;
6.48023;
4.33767;
4.23536;
4.62963;
6.27302;
6.05068;
5.9046;
7.29817;
7.25148;
4.75964;
5.71228;
4.14287;
6.16283;
5.68157;
6.41377;
6.24649;
4.87;
4.43928;
4.60983;
5.30984;
4.44302;
6.01033;
4.38287;
5.09337;
7.03536;
6.51485;
6.26119;
5.01619;
5.02673;
5.36016;
7.15946;
4.83186;
6.39054;
5.69729;
3.63748;
4.36407;
4.64685;
4.37675;
5.73592;
4.25976;
6.00963;
6.70533;
4.8687;
3.91921;
7.44744;
5.88505;
4.65615;
6.81675;
4.7311;
5.65451;
6.19504;
5.83106;
4.09341;
5.41749;
6.61046;
5.10559;
6.31656;
6.07265;
3.61272;
5.31644;
5.20755;
6.07614;
4.42126;
4.92924;
6.42444;
5.80488;
4.05524;
4.75884;
5.72976;
5.22565;
4.43454;
4.79063;
4.88205;
3.86339;
4.08321;
3.90149;
6.71992;
4.54037;
4.0162;
4.42254;
5.08791;
3.98834;
5.8947;
6.32267;
2.6744;
8.40502;
5.70016;
5.2251;
3.68525;
6.94562;
4.21512;
4.63629;
6.03905;
6.20231;
6.04516;
3.88322;
3.76601;
4.07449;
5.39097;
5.81513;
4.60068;
5.68541;
4.78416;
4.30942;
6.5411;
4.61709;
4.42556;
4.62621;
4.43741;
4.74733;
4.65004;
5.6424;
5.63195;
4.75485;
5.38751;
5.68184;
5.97065;
3.36516;
4.38599;
4.9555;
6.0008;
4.90846;
5.76789;
5.73706;
5.42639;
4.57856;
5.5041;
4.76353;
5.31193;
4.41874;
4.46574;
5.84175;
3.27836;
5.92817;
6.15642;
5.83179;
6.7449;
2.79376;
5.92092;
3.13535;
5.69875;
4.37397;
5.5117;
4.84749;
4.40278;
3.86653;
5.17632;
6.19517;
5.19904;
5.08978;
2.26947;
3.48909;
5.05928;
6.82279;
4.60008;
3.25703;
6.0514;
3.44469;
4.25204;
4.09216;
3.4051;
4.57874;
4.6296;
5.67443;
5.32648;
4.82936;
5.32289;
6.8169;
6.86597;
5.4593;
4.11192;
3.0999;
3.25954;
3.68975;
5.62343;
4.00036;
6.60978;
4.39952;
3.57594;
5.6674;
3.78613;
5.86717;
6.68395;
4.59766;
3.86578;
3.56694;
4.88796;
5.54359;
5.24255;
3.75125;
3.59052;
4.77328;
4.89225;
5.64265;
4.15265;
6.22293;
4.16581;
6.54734;
5.68705;
3.74764;
5.28528;
4.09087;
3.26702;
4.31375;
5.74702;
5.73581;
4.95798;
4.49283;
8.33919;
4.08466;
3.67317;
7.18634;
4.70735;
3.05136;
5.69202;
4.65545;
3.78178;
4.80051;
4.5376;
4.15245;
4.89717;
6.08745;
5.83889;
5.83858;
4.75905;
3.40316;
4.83956;
5.12662;
6.54143;
4.04307;
4.11512;
6.14201;
5.1193;
5.00147;
4.63278;
5.1412;
4.03776;
5.94919;
4.95957;
4.93435;
3.13664;
3.89051;
4.79073;
3.84658;
4.90804;
6.77663;
5.10945;
5.00402;
4.08016;
7.07923;
5.98974;
3.7427;
6.16404;
3.95153;
4.40461;
3.91806;
5.04061;
4.42171;
4.25638;
4.2494;
4.84259;
5.13277;
4.09504;
5.32838;
6.01815;
5.63811;
5.48553;
6.0503;
3.97461;
4.48238;
3.64662;
4.83905;
4.76822;
5.37225;
3.40775;
5.78279;
5.83776;
5.77582;
4.287;
3.78369;
3.26514;
4.99954;
4.55833;
4.6796;
4.47368;
5.05361;
5.11257;
3.98584;
4.4962;
5.65007;
3.64146;
4.68991;
3.53643;
2.50936;
6.64744;
3.4188;
5.76774;
4.24273;
5.19361;
4.23245;
4.16006;
6.339;
6.3859;
4.18848;
5.18089;
5.23508;
3.88576;
3.68838;
6.14159;
6.59663;
6.07609;
3.23386;
6.29132;
6.50063;
5.92456;
7.69918;
4.19728;
6.19513;
5.39032;
3.70237;
2.39392;
3.33127;
4.82785;
5.51739;
5.3579;
5.45168;
5.5041;
6.5096;
5.18404;
2.6512;
5.52846;
4.65273;
3.28612;
4.04216;
5.43082;
5.4352;
4.45243;
4.06951;
4.43723;
7.0696;
3.70003;
5.78273;
4.46875;
3.44143;
4.46672;
5.01083;
5.31571;
5.12831;
4.0647;
3.59261;
4.06062;
3.89439;
5.07276;
2.93776;
5.028;
6.16154;
3.13122;
6.87139;
4.33094;
2.68852;
4.44617;
2.78722;
4.18478;
2.01344;
6.03805;
4.58931;
3.33424;
7.2718;
4.51026;
5.90278;
4.54403;
6.27131;
5.61604;
5.72809;
5.40094;
5.54633;
4.85342;
2.88157;
4.12459;
3.14099;
2.93681;
6.2975;
4.45905;
4.05065;
7.45741;
3.86633;
4.30133;
5.38744;
4.2048;
2.68675;
4.23784;
4.24386;
4.45007;
3.47152;
4.53235;
3.35954;
7.09669;
3.3122;
3.24565;
4.16129;
3.5874;
4.11666;
7.7261;
3.79181;
5.40763;
4.8177;
4.21553;
4.73811;
3.93751;
3.33923;
4.54421;
4.40625;
5.11268;
2.04053;
4.64809;
4.06928;
4.41814;
4.9705;
5.58219;
3.07777;
3.60538;
3.70121;
5.16318;
5.53211;
3.32217;
3.92605;
4.60434;
4.45049;
7.5691;
4.6663;
5.38159;
5.64159;
4.9121;
4.30757;
5.37178;
3.01064;
4.71242;
4.86211;
3.80289;
4.38382;
5.7312;
2.87318;
4.95566;
5.52365;
4.66569;
4.27264;
5.60706;
4.03381;
4.31736;
4.45748;
4.76981;
3.79483;
4.76051;
4.95106;
5.90803;
6.6756;
4.43478;
5.43932;
5.42041;
5.57061;
2.809;
3.46746;
4.45298;
4.7827;
4.07209;
4.39205;
3.71115;
3.53067;
4.18336;
4.29743;
4.14765;
6.67044;
4.01033;
6.18089;
3.27536;
4.52013;
2.94825;
4.67055;
4.15363;
5.29312;
4.37481;
5.12904;
3.18211;
4.8529;
3.37351;
4.65723;
4.9206;
4.57525;
5.72867;
4.93373;
4.89045;
6.85669;
3.34749;
3.9083;
7.09539;
4.09633;
3.66897;
4.69319;
4.21697;
4.72419;
3.38757;
5.57304;
3.95422;
2.57955;
3.55627;
4.43309;
4.98935;
4.51143;
3.45978;
3.26089;
4.26039;
5.91889;
4.73697;
3.20461;
2.54843;
2.66547;
3.68021;
4.68408;
6.43096;
3.83885;
4.25268;
3.71082;
2.9942;
4.87342;
5.6774;
3.40771;
4.83185;
3.66085;
5.37266;
5.84173;
2.44178;
5.68527;
4.75381;
6.75362;
4.10927;
5.15356;
5.19756;
5.75413;
5.23406;
4.39593;
5.87905;
5.83816;
5.24213;
5.99579;
3.63111;
6.07803;
5.27871;
4.54163;
3.95102;
4.03013;
6.57781;
3.73351;
4.89394;
5.53221;
2.44639;
3.82662;
3.38783;
4.32642;
2.741;
3.24907;
4.08568;
4.3628;
3.23467;
6.92649;
4.70288;
3.46569;
4.3205;
4.16874;
3.01032;
6.3089;
3.75804;
4.52502;
4.19908;
3.29504;
3.42125;
5.88223;
2.94376;
5.39414;
5.49263;
4.30824;
2.35645;
4.58244;
4.85971;
5.37583;
7.21905;
5.63308;
5.14223;
3.40261;
5.2299;
6.46598;
2.457;
2.51107;
2.97834;
4.35304;
6.03669;
5.19148;
4.54723;
3.78878;
3.64534;
2.18558;
5.98172;
4.4848;
4.34693;
3.89646;
3.93168;
3.37944;
2.72354;
4.92225;
3.91598;
2.98767;
3.92936;
5.1729;
3.26158;
2.57104;
4.18903;
5.90748;
3.27245;
4.33996;
3.08774;
4.5324;
5.56975;
2.39076;
2.7592;
3.56076;
3.94586;
4.22922;
2.65153;
2.50253;
4.8931;
3.17435;
2.93294;
2.94387;
4.16272;
2.90119;
5.30244;
4.32226;
4.12476;
5.99847;
4.5549;
4.30433;
5.18749;
3.15405;
4.42034;
4.27864;
4.81268;
4.56454;
3.692;
3.35073;
2.48374;
4.16675;
4.43149;
6.30323;
4.66091;
5.02033;
2.7856;
3.24734;
4.68962;
5.04443;
4.47324;
2.82794;
4.21355;
4.42654;
2.67734;
3.82671;
3.79372;
4.07308;
6.50778;
3.90062;
3.7306;
2.64411;
4.185;
3.33865;
1.99663;
3.95361;
6.27132;
3.10721;
5.06127;
4.23453;
2.98964;
4.62795;
4.11841;
2.03785;
2.27807;
3.38777;
5.12077;
3.401;
4.99852;
2.37603;
5.95376;
4.27324;
4.08143;
4.21937;
3.39735;
3.67828;
4.74639;
3.9767;
3.63826;
5.53255;
5.01827;
3.92037;
3.8342;
1.34454;
2.98467;
5.55304;
3.48439;
4.02642;
5.26911;
3.1386;
4.61125;
3.35904;
5.94202;
2.90175;
3.44377;
4.07235;
4.11737;
3.61416;
3.41438;
6.40957;
4.05847;
1.97133;
3.31544;
3.78726;
4.80097;
5.05502;
3.24537;
4.32988;
4.08582;
2.44057;
3.99029;
3.75366;
4.04734;
5.12997;
3.12454;
5.30477;
3.45606;
4.16579;
4.42778;
3.14361;
4.40895;
3.53567;
5.53064;
3.19505;
3.1486;
3.18904;
4.91376;
5.82866;
3.96867;
3.97373;
3.82414;
5.24657;
3.04366;
3.61868;
3.15411;
3.34825;
3.90761;
2.53742;
4.42315;
4.99453;
4.85434;
4.04942;
4.79;
2.50547;
3.39434;
3.10614;
2.85357;
4.0573;
3.75513;
4.67392;
4.68572;
3.63636;
3.78769;
3.69009;
4.10419;
6.12795;
3.70129;
2.11759;
4.22017;
3.68821;
2.24344;
3.37595;
3.80047;
3.24831;
4.23274;
4.22829;
4.54288;
2.3193;
4.58656;
5.46539;
5.90496;
1.78201;
4.05689;
3.43019;
2.89686;
3.93279;
4.23455;
7.14521;
4.05532;
3.68547;
3.77961;
4.24936;
2.65276;
6.21599;
3.17894;
2.29354;
3.66534;
3.74623;
5.3843;
5.24316;
4.88741;
2.6325;
2.512;
2.48453;
2.49758;
1.96513;
2.98835;
4.92292;
3.9118;
2.53745;
2.58293;
2.22898;
3.26949;
2.99834;
5.48439;
3.64033;
5.26998;
4.41485;
4.84187;
2.6138;
2.46342;
2.5894;
2.86188;
3.14821;
3.90617;
3.82942;
4.02587;
3.5477;
2.30523;
5.64135;
4.26362;
5.20342;
4.37368;
2.83481;
4.65399;
3.16259;
3.10477;
4.01515;
2.77024;
2.69766;
3.83727;
2.94718;
2.64621;
4.09614;
5.31526;
4.92108;
1.94869;
3.02808;
3.95376;
2.83544;
4.31102;
4.73565;
4.24724;
4.61665;
3.56766;
5.957;
3.88067;
4.33873;
4.53755;
4.0774;
3.76428;
4.2519;
3.79372;
5.1579;
5.42763;
2.36562;
2.67866;
4.00292;
4.28069;
3.69585;
3.68693;
2.58161;
2.93887;
3.28038;
5.26285;
5.05201;
3.87297;
4.42251;
2.78995;
4.45575;
4.11589;
3.70704;
2.79775;
3.83327;
1.90605;
3.1458;
1.22344;
4.3979;
2.99791;
3.34969;
3.28295;
3.69634;
2.75382;
3.7914;
2.82143;
3.7829;
5.31275;
3.66046;
3.40735;
5.1052;
1.65697;
4.98316;
4.81115;
3.19506;
3.67661;
6.32885;
2.20839;
4.40313;
2.00945;
3.60845;
4.5001;
3.3424;
2.94126;
3.15524;
2.80929;
2.48919;
3.85573;
4.47409;
2.80157;
2.79183;
2.7328;
3.46733;
5.15706;
4.35881;
2.34474;
4.05239;
4.00613;
3.64493;
3.71588;
4.46931;
3.71602;
3.74713;
2.78832;
3.33363;
3.95203;
2.95372;
4.04268;
3.49231;
2.94014;
2.31417;
2.93578;
3.68246;
3.96352;
4.35799;
5.47375;
4.27717;
3.04572;
2.48296;
2.99413;
4.29155;
2.44311;
2.29648;
2.57914;
3.44824;
4.99429;
2.46608;
4.06178;
3.48984;
4.9764;
4.59377;
3.5441;
3.1673;
2.39319;
2.67124;
5.41004;
2.81557;
5.03743;
3.84359;
2.26802;
3.71578;
4.51054;
4.3776;
3.55425;
4.05449;
3.76484;
4.49828;
3.88497;
2.46423;
5.06796;
1.67356;
2.20846;
1.4;
3.52342;
3.19063;
2.59125;
3.84622;
3.7705;
3.85852;
3.55259;
3.82794;
5.04252;
3.75258;
2.94676;
3.36633;
3.50433;
4.08862;
1.49683;
2.96369;
3.37709;
2.6345;
2.633;
3.44699;
4.65481;
3.24554;
4.03803;
2.99469;
4.02495;
2.62315;
2.56822;
3.96276;
3.40864;
4.90086;
3.89494;
2.11681;
2.57384;
4.12955;
3.51461;
4.67732;
4.06784;
3.2636;
2.86562;
4.22346;
4.89384;
4.4729;
3.39582;
3.41205;
5.03246;
3.23567;
2.81322;
3.82585;
3.23948;
3.62845;
2.5423;
3.34352;
2.61709;
3.4098;
3.93042;
4.8975;
2.91497;
3.93109;
4.0809;
2.74539;
4.62707;
3.27459;
4.77365;
2.09116;
3.69939;
3.08775;
3.33484;
3.29512;
2.85609;
2.66228;
3.51141;
2.89029;
3.37694;
3.20649;
3.31355;
2.23611;
3.24416;
3.50109;
3.56605;
3.8958;
3.55722;
3.96691;
3.57923;
2.69712;
4.87448;
3.73484;
3.06729;
1.67928;
2.51142;
3.34396;
3.24881;
2.29587;
3.01309;
2.1571;
1.5862;
3.64001;
3.53266;
3.2887;
3.97358;
3.54453;
4.64715;
3.48504;
2.68044;
2.85864;
3.802;
3.20165;
2.83271;
4.66217;
2.65664;
2.8912;
3.52205;
3.25074;
2.97603;
3.63059;
4.1637;
3.30948;
3.42171;
4.44504;
4.76536;
3.429;
4.70578;
3.30011;
3.05011;
2.32456;
3.43184;
3.19963;
3.91595;
2.95934;
3.87955;
2.95852;
3.49077;
2.31962;
2.25443;
2.55103;
3.11065;
4.39903;
3.08721;
3.52967;
4.89372;
4.67275;
5.091;
2.75643;
3.6271;
3.42025;
2.27377;
3.99264;
3.1134;
3.06971;
3.48834;
4.01677;
1.98511;
3.32581;
2.21058;
4.43653;
3.61691;
2.14051;
2.83692;
3.0242;
4.9028;
3.85445;
3.01373;
2.14393;
3.36301;
3.89646;
3.8675;
3.53611;
4.58215;
3.92869;
2.37447;
3.36571;
3.87634;
3.7415;
2.89969;
2.4465;
3.06306;
3.00605;
2.30973;
2.4069;
3.4063;
2.91076;
4.50951;
3.29637;
2.39217;
3.2356;
3.35545;
3.23822;
2.30784;
3.48153;
3.42079;
4.32259;
2.99562;
3.02892;
3.34178;
5.5236;
3.94861;
2.22185;
2.37102;
3.56685;
4.26706;
5.37631;
4.76665;
3.0288;
3.06385;
4.56868;
4.38681;
3.80305;
3.07976;
5.04435;
3.77815;
3.37034;
3.7923;
2.22016;
3.45225;
3.75872;
2.98074;
3.99365;
4.68768;
4.60607;
3.09702;
4.37907;
2.51007;
3.14016;
2.35634;
4.13564;
4.8946;
3.82416;
5.01158;
4.42504;
3.01415;
3.33775;
2.25202;
3.62838;
2.64022;
4.07267;
3.11052;
5.09993;
3.24221;
3.52591;
3.77622;
2.86814;
3.23185;
1.71552;
3.58717;
3.56998;
4.2403;
4.97995;
5.35193;
2.11367;
2.80254;
3.45127;
3.99448;
3.19232;
3.96037;
3.45811;
4.07325;
1.58165;
2.80375;
2.51916;
2.38628;
2.49115;
3.6736;
3.46705;
3.95906;
4.25602;
5.55916;
1.98564;
4.94459;
3.83503;
2.17102;
3.0732;
3.48876;
5.08652;
2.49906;
2.15381;
5.84133;
2.94643;
3.45476;
4.06657;
2.62749;
2.11079;
3.81086;
4.05415;
4.72667;
4.13868;
4.51218;
3.52814;
3.16913;
2.47694;
3.66202;
2.44717;
3.66403;
3.45567;
3.25862;
2.66528;
3.8964;
2.7701;
3.75378;
2.7921;
3.17539;
3.55254;
5.4431;
1.75382;
3.3689;
2.87386;
5.80165;
3.43362;
3.55327;
3.25575;
1.89786;
5.13104;
5.6613;
2.60054;
3.05864;
3.77833;
2.29847;
4.78764;
2.43062;
4.24166;
5.547;
3.29734;
4.00016;
5.27803;
2.25097;
4.93511;
5.78693;
2.28662;
3.94046;
3.96504;
1.90844;
3.92447;
3.9708;
3.22334;
4.8265;
2.57413;
2.42784;
3.00658;
2.17275;
6.44605;
1.99759;
3.01947;
3.4087;
2.70063;
4.45927;
4.43588;
4.60802;
2.22772;
4.82385;
1.92848;
2.89116;
2.65158;
3.80987;
2.4619;
4.21394;
3.85709;
3.97682;
3.11363;
4.26993;
4.05515;
2.10678;
3.0587;
4.16005;
4.46713;
3.77858;
4.69878;
1.89381;
2.82762;
4.01581;
3.03927;
4.10007;
4.00114;
3.48172;
3.31178;
2.83648;
4.66244;
3.34106;
3.18607;
4.43097;
3.31294;
4.22184;
3.66521;
3.12845;
3.24254;
2.02085;
3.2738;
2.94737;
4.14865;
3.6992;
2.97246;
4.2699;
3.38449;
3.32171;
4.18028;
2.57695;
2.08052;
3.44657;
1.48289;
3.43634;
4.10767;
2.24418;
3.83536;
4.0183;
3.66938;
2.00137;
4.00608;
3.41494;
2.49129;
2.06328;
2.73235;
4.32993;
4.4433;
4.54676;
3.01866;
4.49299;
3.61619;
3.37666;
3.03109;
2.27622;
2.9332;
3.42271;
2.51691;
2.87793;
2.92351;
3.9822;
3.13771;
3.16272;
2.86392;
3.36651;
4.00363;
2.71107;
2.39715;
3.57218;
2.70584;
2.23172;
1.38961;
3.83487;
4.0388;
3.10953;
3.58905;
1.81768;
3.46034;
2.61955;
2.02114;
2.2819;
2.07994;
3.24241;
3.56358;
2.75046;
2.81827;
3.59741;
4.13623;
2.79803;
2.66947;
3.81732;
2.3685;
2.31792;
1.70955;
2.7541;
3.41455;
3.29962;
1.6941;
3.24203;
1.26612;
3.71819;
2.60694;
4.14057;
2.03365;
4.08616;
3.10132;
2.81757;
1.99388;
1.89606;
3.58808;
4.13873;
4.48757;
5.04604;
1.32839;
1.89034;
1.78841;
2.4926;
2.64964;
4.31799;
2.71953;
2.23549;
2.10363;
4.02667;
2.71417;
2.82102;
2.78824;
3.29404;
4.17548;
2.29885;
5.71949;
3.11277;
4.18176;
2.36551;
2.83782;
1.75466;
4.51682;
3.30199;
2.34934;
1.89241;
2.58754;
2.43235;
1.54919;
2.87284;
2.519;
3.03924;
2.27549;
1.85883;
2.11443;
4.18072;
2.62755;
4.18714;
1.99196;
3.57515;
2.05517;
3.803;
1.60368;
3.37339;
1.82179;
3.20696;
2.41552;
2.8007;
4.28629;
6.28556;
3.42585;
2.97874;
2.79895;
1.54584;
1.72384;
4.54254;
3.00953;
2.54897;
4.36613;
3.12953;
2.48991;
4.4408;
2.96889;
4.16054;
4.40003;
2.34349;
2.10462;
3.5504;
3.58404;
4.22044;
2.85648;
3.10604;
3.62402;
2.84743;
1.37107;
2.66552;
3.26845;
2.27906;
2.23231;
3.54965;
1.5823;
2.87311;
1.69955;
3.9017;
2.96793;
2.71343;
2.86689;
3.55337;
2.05843;
2.15758;
1.86118;
2.72471;
4.83056;
2.35704;
2.52211;
3.6072;
3.47175;
3.8006;
2.70617;
2.56734;
3.56757;
3.00193;
2.42878;
3.42986;
2.57429;
3.23302;
2.09979;
2.79302;
4.25368;
3.50793;
4.01749;
6.71253;
1.83722;
3.19794;
2.49509;
3.61383;
4.15894;
3.32103;
4.96925;
4.02646;
4.95275;
2.72281;
3.36327;
3.0554;
1.74904;
3.46642;
1.11398;
3.69125;
1.39572;
3.17533;
3.33735;
4.56412;
4.15785;
3.92104;
3.33712;
3.38174;
2.29303;
3.84803;
4.34228;
3.38293;
2.29521;
4.12587;
1.76733;
2.69319;
2.14013;
5.31843;
4.50131;
5.1314;
4.23857;
2.74001;
2.09155;
2.51568;
4.42705;
3.35062;
1.54255;
4.47431;
2.59184;
1.92726;
3.71873;
2.73441;
4.00338;
4.47997;
4.28888;
1.88016;
1.89184;
1.80455;
3.41024;
3.48562;
3.03711;
2.83975;
3.25111;
2.41514;
3.54183;
6.35367;
4.1997;
3.58363;
2.18616;
4.55974;
1.79906;
2.62739;
3.19743;
4.58421;
3.38322;
5.08545;
3.2597;
2.02714;
1.55989;
2.84141;
5.68832;
3.96931;
2.90908;
3.50448;
2.18502;
3.22838;
4.39837;
2.64455;
3.87182;
2.42157;
3.91939;
3.34227;
2.90236;
3.8346;
3.40663;
4.19615;
3.81909;
3.10952;
4.52655;
4.70081;
4.21975;
4.12115;
3.7457;
2.50621;
3.43918;
2.80475;
3.11223;
3.675;
3.83922;
2.67272;
2.66758;
2.60161;
2.48349;
4.19268;
3.90055;
2.05418;
2.38677;
3.87431;
4.13178;
3.76532;
2.12223;
3.01675;
2.41338;
2.9854;
2.77412;
2.95973;
3.2402;
1.71757;
3.3436;
3.11621;
3.40084;
2.22228;
3.76199;
3.099;
3.88686;
2.85641;
4.74483;
2.45817;
3.83163;
3.49893;
1.42318;
3.38278;
3.38072;
4.35889;
2.08127;
1.54679;
2.17739;
1.89802;
1.92167;
2.51451;
2.20772;
0.954345;
2.43468;
2.17592;
1.32916;
2.59907;
6.3689;
1.98729;
4.19301;
4.10522;
3.61849;
3.17835;
3.44335;
1.90804;
3.1681;
2.70246;
6.28054;
4.91886;
2.48627;
2.53844;
3.75375;
2.55909;
3.0617;
2.9447;
2.16115;
2.94715;
4.69049;
4.65684;
3.25963;
3.2544;
2.46437;
4.57226;
4.35407;
2.30084;
2.1171;
4.49671;
2.5008;
2.84991;
2.76728;
2.60724;
3.2385;
3.23421;
2.15755;
2.49511;
2.62204;
3.75152;
2.97656;
1.27419;
4.10742;
3.21996;
2.06281;
3.6392;
3.02394;
2.66058;
3.59601;
2.476;
3.47789;
3.19003;
2.17714;
1.82991;
4.01195;
3.6908;
2.94905;
2.04659;
3.71751;
2.67173;
2.83586;
2.05015;
1.31503;
3.98755;
5.26157;
2.45689;
1.72693;
3.83888;
3.33098;
1.07619;
2.58914;
4.7342;
1.22614;
2.48178;
1.65144;
2.11331;
5.19676;
1.65945;
1.73212;
4.05566;
1.86934;
2.98374;
1.69428;
2.76046;
3.01269;
2.10524;
4.44271;
1.42985;
5.03792;
3.54346;
4.0401;
3.17404;
0.926721;
3.94776;
3.92284;
3.08455;
5.22089;
2.60466;
3.60107;
3.48709;
3.01577;
4.01967;
3.77184;
3.07312;
4.7958;
3.03234;
2.64342;
3.93996;
1.61048;
3.61402;
4.60939;
2.99272;
2.81402;
2.47321;
2.90403;
1.82439;
3.34224;
2.81812;
2.56788;
2.13821;
2.26475;
3.19083;
2.00375;
2.14229;
3.36373;
3.63917;
2.2454;
2.36613;
5.09556;
2.21786;
3.82444;
1.91917;
1.86665;
2.61445;
1.31749;
3.43228;
3.69901;
2.65445;
2.62856;
3.67683;
1.85748;
4.55622;
3.17833;
4.57159;
3.67336;
3.9073;
1.47268;
3.77;
2.63098;
3.65671;
3.94998;
2.869;
3.17115;
3.23224;
2.08134;
2.93994;
3.36812;
3.45802;
3.98422;
1.49433;
4.18706;
5.69131;
1.94777;
2.41731;
2.14765;
2.30066;
4.21;
2.30836;
4.13589;
1.03738;
1.55458;
2.89151;
2.40621;
1.55483;
1.79577;
2.87594;
3.37448;
1.93328;
2.91736;
3.82274;
2.38962;
2.98233;
3.92003;
2.44675;
2.86536;
2.84516;
1.35294;
2.42122;
2.17138;
3.15311;
5.6001;
2.66144;
2.99171;
1.84207;
4.74376;
1.22526;
1.81491;
3.04947;
3.3437;
3.39776;
2.98302;
2.76577;
4.29826;
2.83296;
3.27895;
3.26422;
3.07319;
1.83177;
3.24899;
1.26971;
1.97963;
2.5863;
4.11959;
3.57799;
4.60167;
3.56362;
5.72425;
3.78847;
2.87981;
2.98262;
4.0381;
2.46458;
2.53488;
2.00609;
3.33969;
3.69892;
3.22993;
2.46104;
2.85487;
4.67348;
4.59863;
3.63936;
4.3069;
3.07423;
2.32809;
4.21661;
4.01983;
2.7797;
4.27953;
3.24128;
5.49656;
2.35287;
2.8093;
2.97448;
3.25652;
4.52969;
3.25126;
1.72432;
2.508;
3.00219;
3.0436;
1.91725;
1.0889;
3.60997;
3.15318;
3.80979;
2.30078;
2.63371;
3.43683;
2.59734;
2.06716;
2.87055;
1.87484;
1.68073;
4.00786;
3.70366;
3.07062;
1.75854;
3.74253;
3.17389;
4.60178;
2.47021;
3.20062;
3.47886;
3.43466;
1.39223;
2.12476;
3.12516;
4.21034;
1.19968;
3.39629;
3.00438;
2.05464;
2.85382;
1.98206;
1.96927;
2.33411;
2.97968;
1.92561;
4.15462;
3.12571;
2.46123;
2.59028;
2.2542;
2.95601;
2.49716;
2.41109;
2.43802;
1.69965;
3.22105;
1.76283;
3.57817;
3.56732;
4.1531;
2.51019;
3.4239;
3.30444;
2.37309;
2.31475;
4.54998;
1.02811;
2.49372;
2.34179;
1.94743;
3.11293;
4.53522;
2.51901;
3.03332;
4.55303;
1.67841;
3.77488;
3.67006;
4.03782;
4.07141;
1.83734;
3.9893;
2.65112;
4.47208;
1.63791;
4.16765;
4.55083;
3.44959;
4.51396;
3.44623;
2.60208;
3.29394;
3.65119;
3.16927;
4.37409;
2.6888;
3.03277;
2.41296;
1.72038;
3.09988;
2.3474;
2.27216;
3.99831;
2.16246;
1.111;
3.18808;
2.01327;
3.17647;
2.61223;
1.70976;
2.30219;
3.84715;
1.98364;
2.54875;
2.45635;
1.67527;
2.73268;
2.98672;
3.53633;
2.45879;
1.75292;
4.07689;
2.37645;
4.50695;
3.70156;
2.4692;
1.82509;
4.84564;
3.09436;
5.55741;
3.59616;
2.29246;
1.70549;
3.03225;
2.01033;
4.08206;
2.60962;
1.45452;
3.69892;
3.45804;
5.0476;
2.41168;
1.39851;
1.49287;
2.00261;
2.86125;
3.08261;
2.723;
2.52704;
2.23733;
1.63564;
2.99513;
2.9214;
2.01762;
3.56539;
2.75043;
3.85095;
1.81843;
3.53944;
2.4869;
3.34161;
3.7245;
2.4365;
3.13528;
2.7548;
3.413;
4.45759;
5.07561;
2.8476;
3.1904;
3.79057;
3.50471;
1.12211;
2.08489;
2.99484;
2.14626;
2.4045;
3.80417;
2.09687;
2.51378;
1.44137;
2.3474;
2.28776;
1.97374;
3.51177;
4.33342;
2.26579;
3.2895;
2.96453;
3.45667;
3.73479;
1.75619;
2.12106;
3.85337;
2.31846;
2.184;
1.56455;
2.24495;
1.92351;
1.417;
3.40469;
1.41895;
2.47066;
2.73571;
4.01748;
2.46501;
4.82166;
2.09035;
1.9787;
1.80859;
2.96698;
4.39725;
4.31382;
1.91065;
3.15812;
1.65104;
2.77016;
3.21472;
2.84508;
2.34872;
2.41907;
3.29197;
2.88057;
2.16448;
2.88628;
2.08888;
2.35507;
2.62513;
2.91228;
4.69545;
1.10941;
3.55223;
1.97718;
4.44855;
2.90885;
2.0799;
4.15866;
4.59761;
1.20519;
3.09608;
2.83644;
3.68888;
2.99599;
4.20636;
3.42905;
1.90324;
1.77841;
2.49371;
2.01148;
2.21125;
2.94888;
2.43835;
5.40132;
2.82669;
3.34551;
2.79149;
2.81259;
0.765511;
3.00812;
3.76717;
2.91601;
2.14257;
3.10301;
3.21253;
4.18226;
3.31668;
4.91768;
3.21315;
3.39113;
1.60575;
2.37134;
2.7422;
4.25138;
2.30755;
1.19632;
2.50341;
4.13281;
2.51652;
2.97748;
1.23243;
2.48319;
3.19845;
1.72463;
1.7238;
2.83003;
3.63588;
1.54311;
1.25372;
3.6171;
3.19331;
4.17971;
2.81072;
1.79037;
1.13621;
2.84715;
1.21005;
3.4017;
3.72097;
4.70553;
1.8895;
2.87151;
3.89594;
1.57077;
2.914;
3.0013;
1.50412;
1.47454;
4.0861;
2.81374;
2.94392;
1.81096;
4.10092;
3.60833;
2.87151;
2.8999;
2.18918;
3.35316;
3.75286;
2.64348;
1.52934;
3.24659;
2.49354;
3.24721;
3.91379;
2.84734;
1.90337;
3.37884;
1.84096;
3.69881;
3.91865;
2.84778;
2.31485;
2.98845;
1.12479;
2.22217;
2.26853;
3.72457;
1.61373;
2.4707;
2.16183;
3.325;
2.86239;
3.51604;
2.03647;
1.86859;
2.72738;
2.50834;
4.37163;
2.48801;
3.69581;
3.62288;
5.91938;
4.93202;
2.87095;
3.70637;
1.92535;
2.15418;
2.48227;
1.67067;
4.55346;
0.919137;
2.39839;
4.36076;
1.603;
4.32438;
2.48827;
4.04956;
3.01373;
2.84445;
2.70371;
2.67555;
2.87629;
2.22165;
1.79109;
5.57748;
1.92471;
3.18191;
1.07049;
2.24143;
3.48791;
1.38946;
2.41222;
2.92501;
1.87168;
4.53578;
2.9453;
1.9005;
2.20394;
2.81166;
2.74964;
2.83235;
3.45725;
2.23536;
1.5082;
1.76238;
2.77085;
2.09239;
4.49708;
2.39545;
1.81916;
2.56941;
2.43933;
2.92048;
2.65092;
4.51248;
2.62932;
2.83112;
1.58372;
3.24916;
2.82171;
1.107;
1.70745;
3.03753;
2.03752;
2.5341;
2.31662;
2.02957;
2.36026;
2.75422;
1.87553;
3.08631;
3.19258;
1.13727;
2.67385;
1.61787;
2.66724;
4.24829;
2.98076;
2.26952;
2.28199;
2.84447;
3.82659;
2.46361;
3.88235;
2.77529;
3.29111;
2.96665;
2.38339;
1.62156;
2.22655;
2.74632;
1.54584;
1.93676;
3.22097;
2.88446;
2.29836;
1.53611;
3.54011;
2.66263;
3.08527;
3.66106;
5.01062;
2.73362;
2.04725;
2.35235;
1.15558;
3.02042;
3.35938;
2.76987;
3.58175;
1.2774;
3.4188;
1.47971;
3.34361;
3.72308;
3.0656;
2.26893;
3.21642;
2.6534;
3.25089;
3.17039;
3.09703;
2.56242;
2.95357;
3.2729;
3.35406;
2.44506;
0.814054;
2.88807;
2.7162;
2.82106;
4.23609;
1.14521;
2.5337;
1.84705;
4.16616;
2.42949;
2.41217;
2.525;
3.49114;
2.69213;
2.74235;
2.2167;
3.12887;
4.1655;
2.95229;
1.39779;
1.58725;
1.02105;
3.17219;
4.94096;
1.71023;
4.78572;
2.57679;
2.7717;
2.29733;
2.43993;
2.59459;
2.71066;
3.56596;
2.89649;
4.81655;
2.1358;
1.33099;
3.10226;
2.97164;
2.9324;
1.62061;
4.86244;
1.76877;
3.12048;
1.29571;
2.34334;
3.61353;
2.28884;
1.83073;
1.33447;
1.51296;
3.12144;
2.57131;
2.8829;
2.93464;
1.99687;
2.74391;
2.55121;
3.26975;
2.64599;
2.8824;
1.69845;
3.12434;
2.56279;
2.86695;
3.55702;
2.63985;
2.07296;
2.15267;
1.4358;
2.44295;
3.07099;
2.95925;
1.4475;
2.55111;
2.36822;
1.29494;
3.23174;
1.89661;
3.69014;
2.83038;
1.11975;
1.63583;
3.28549;
1.24221;
1.20396;
2.60967;
1.78241;
2.46187;
1.4406;
1.07111;
3.7362;
0.573759;
1.5452;
1.953;
3.93788;
2.94425;
1.17606;
2.67732;
2.60868;
3.24509;
1.9362;
1.89027;
0.76317;
2.0668;
3.19483;
3.05816;
2.04322;
3.38571;
3.06691;
2.49773;
1.78242;
1.72364;
2.85352;
2.24082;
3.7059;
4.09476;
0.921985;
2.23735;
3.51457;
2.0972;
1.13362;
1.41967;
3.59246;
3.37312;
2.26861;
1.20763;
3.71821;
3.81976;
2.06317;
2.85614;
2.03515;
2.84415;
2.69002;
2.12862;
1.54877;
1.57752;
3.01481;
3.02653;
2.8983;
2.91233;
2.31452;
2.30202;
3.13316;
1.80902;
3.28429;
1.61065;
2.55747;
3.34854;
3.72216;
2.75304;
2.63758;
1.40357;
0.98115;
3.53826;
2.36838;
3.667;
1.71607;
1.49642;
3.08801;
2.89245;
1.17283;
0.948743;
1.9917;
2.30065;
2.93991;
2.4195;
3.13848;
1.59914;
2.39032;
2.03505;
1.76658;
2.08977;
2.48391;
1.77735;
0.903421;
2.46809;
2.11055;
2.56925;
3.37149;
1.83281;
3.54789;
2.44434;
1.60575;
2.20783;
2.37164;
2.49932;
2.82385;
2.13048;
1.60783;
1.46498;
2.49623;
2.12158;
2.62086;
1.62925;
2.07753;
2.6222;
2.51767;
1.9669;
3.04055;
1.93528;
0.35353;
3.46018;
0.787546;
2.21413;
0.94828;
1.69504;
1.83988;
1.68623;
1.56863;
2.24636;
1.87442;
0.545221;
3.04581;
1.31075;
1.90694;
2.85887;
3.33641;
0.463935;
2.0187;
0.517176;
3.20467;
1.82184;
2.18486;
2.61472;
3.11341;
0.482063;
2.52095;
1.15681;
3.7996;
1.70995;
3.39209;
1.45433;
2.86337;
2.84295;
2.56716;
2.29622;
3.58606;
2.12644;
1.22882;
4.07163;
2.47285;
1.56587;
2.15657;
2.66712;
3.90762;
2.55298;
1.29678;
1.83131;
0.85659;
1.71696;
3.15708;
0.485678;
2.52614;
2.29359;
3.20811;
1.81881;
1.95337;
2.32103;
1.98162;
1.7864;
1.34857;
2.67779;
1.3059;
3.2186;
2.99151;
1.7824;
1.8209;
1.85734;
2.58541;
2.99219;
1.2779;
1.67418;
1.99541;
4.87133;
1.88225;
1.61276;
1.53487;
1.86038;
0.949546;
2.26544;
2.2556;
1.68805;
2.07386;
0.937402;
3.50958;
3.8355;
1.74866;
1.78984;
2.43637;
2.69633;
2.47613;
2.70718;
2.86869;
2.53;
1.88621;
2.71247;
2.52642;
1.56728;
2.78251;
1.61181;
1.73977;
3.45517;
1.33907;
2.72928;
2.22289;
1.37045;
2.02246;
2.0139;
2.74462;
2.13973;
2.54026;
2.4254;
2.46584;
2.52319;
1.66588;
1.39218;
1.93464;
3.26123;
1.94832;
2.57864;
3.03569;
1.98702;
1.49706;
1.41621;
1.64537;
1.11998;
2.80851;
1.22187;
2.234;
2.33676;
1.39143;
2.25677;
1.75693;
2.55899;
1.56454;
2.23236;
1.04056;
3.95727;
2.56621;
2.43905;
2.86455;
1.3119;
1.59431;
1.99571;
2.25506;
2.14882;
1.21745;
4.3649;
1.84654;
1.75365;
1.86216;
1.89373;
1.3529;
1.31613;
3.2027;
2.30725;
3.01845;
1.49523;
2.51075;
1.49422;
1.39034;
2.91696;
2.22257;
2.4081;
1.03283;
2.66028;
2.56166;
3.29099;
0.524374;
1.51566;
1.91135;
1.62872;
0.841386;
1.48533;
1.01941;
1.42083;
2.96807;
1.19245;
0.79901;
1.80626;
2.47751;
1.89716;
3.50713;
1.17009;
2.53895;
2.12167;
3.57418;
1.79285;
1.64901;
2.29111;
1.67305;
2.61317;
0.632312;
2.55444;
2.12335;
3.82587;
2.2343;
2.04336;
1.57565;
2.60747;
1.66215;
3.4366;
1.92346;
2.20952;
4.12096;
2.16145;
2.00513;
2.75034;
1.7441;
2.50835;
1.89989;
1.9853;
1.24332;
3.36821;
1.75214;
1.11551;
1.51825;
2.19863;
2.45606;
2.37169;
1.36597;
1.20802;
1.45708;
1.72564;
1.66211;
0.798118;
3.53393;
1.07045;
2.42791;
1.77479;
1.38438;
0.759489;
1.50628;
3.45895;
1.88255;
2.0083;
1.40169;
3.03081;
1.69454;
2.53605;
1.47941;
1.87103;
2.47259;
2.36059;
1.97666;
1.72908;
0.777253;
2.79096;
0.915348;
2.40933;
1.61523;
1.64034;
1.26036;
3.35146;
1.45452;
1.16798;
1.04808;
1.564;
0.641314;
3.17542;
2.3081;
1.35348;
1.81441;
1.14648;
2.22428;
2.12725;
0.867831;
0.929414;
1.40996;
2.67038;
3.54958;
2.17997;
2.28054;
1.27599;
2.03905;
1.08298;
2.80275;
1.72891;
1.43182;
1.52647;
1.79877;
0.945473;
1.97771;
2.17711;
4.20901;
1.79623;
3.00524;
1.72644;
2.38453;
2.48321;
1.00921;
1.42437;
1.83538;
3.7555;
1.66161;
2.69989;
2.44538;
2.987;
2.30818;
2.00553;
0.808712;
1.6257;
1.74906;
2.32849;
1.43052;
1.42749;
2.43638;
3.5188;
0.354782;
1.63942;
2.28366;
2.22759;
3.10762;
1.52651;
1.92342;
1.87505;
1.11664;
2.73826;
0.757454;
1.94167;
2.33042;
1.5045;
2.53209;
1.72527;
1.96951;
2.87394;
2.22304;
1.4627;
2.20066;
2.48701;
0.876574;
2.4851;
1.02694;
2.45872;
1.40548;
3.26426;
0.849198;
0.812005;
3.07469;
2.46883;
1.60664;
2.1748;
2.13391;
2.76634;
1.04996;
2.44193;
1.42862;
2.06333;
0.998798;
1.19909;
0.66108;
2.20523;
1.71308;
