3.25453;
3.46522;
4.48155;
2.68484;
3.83116;
1.09787;
4.42664;
2.50651;
4.30794;
5.3995;
5.12187;
1.68984;
6.13371;
3.41781;
3.73763;
3.83202;
2.52972;
2.61275;
6.17736;
3.17254;
2.24107;
4.29303;
7.97846;
1.47754;
3.29884;
5.04078;
2.53451;
3.70955;
4.25897;
4.68005;
2.11762;
4.27392;
2.4281;
4.1242;
3.27072;
4.47631;
6.15168;
7.64952;
2.73141;
2.56364;
6.00738;
4.21403;
2.54928;
4.79909;
2.17313;
3.88865;
4.2613;
3.14774;
5.80348;
4.45005;
4.16866;
4.76317;
2.78948;
6.98737;
4.50732;
4.60795;
5.92614;
5.67643;
8.03831;
6.4052;
5.71501;
3.88697;
3.70453;
3.97639;
4.61913;
4.18029;
2.32369;
6.44514;
8.24955;
4.12647;
5.60717;
7.16228;
7.92971;
6.34145;
2.72097;
5.88818;
5.51044;
5.01559;
5.25328;
4.04764;
7.20885;
5.78027;
3.3705;
5.46056;
7.01785;
5.41186;
2.39698;
3.60375;
5.38593;
3.55717;
7.44885;
6.75633;
6.15755;
5.49955;
4.70998;
3.66971;
3.75986;
5.67427;
6.4437;
5.31865;
8.08481;
5.95957;
3.52565;
6.58988;
5.46644;
5.7472;
3.26961;
4.75445;
4.42144;
3.85588;
4.68872;
2.2876;
6.4464;
4.08567;
4.37465;
6.02935;
4.91844;
4.19033;
6.33237;
6.22996;
4.80001;
2.46159;
5.91489;
2.31512;
4.34778;
4.86878;
5.39077;
8.11692;
4.88247;
5.32352;
3.88843;
3.04478;
7.03552;
6.24003;
1.66842;
3.17647;
2.00626;
1.47375;
2.49567;
7.9762;
1.67827;
5.51062;
3.02863;
8.20945;
4.87392;
3.77089;
5.25267;
5.38702;
5.55921;
3.33658;
4.794;
3.29773;
1.6486;
2.96679;
5.5216;
7.24388;
3.75874;
6.18172;
4.58045;
4.98537;
6.33104;
6.60485;
3.02161;
4.63699;
4.58444;
4.32124;
7.02014;
4.62567;
4.10711;
5.5;
6.13236;
4.72467;
6.64652;
4.36396;
7.69059;
3.34405;
4.99803;
1.57258;
4.86418;
6.84544;
5.80979;
2.66694;
5.02922;
6.45375;
5.27818;
7.544;
3.00516;
1.55977;
4.77341;
4.54526;
3.15771;
5.23284;
3.76994;
3.03027;
4.47432;
3.55;
4.69603;
7.70579;
4.48574;
4.05332;
6.99029;
5.02364;
7.06812;
5.91539;
7.10513;
8.38848;
6.31647;
4.1436;
5.90204;
4.03446;
9.79697;
7.61117;
6.20738;
4.72622;
9.44365;
4.03767;
7.62835;
5.65859;
8.97267;
5.09369;
2.49046;
2.56849;
4.15285;
2.83886;
4.93204;
2.41237;
5.30655;
3.96074;
2.72429;
2.09556;
3.85922;
2.99234;
8.29801;
3.43403;
5.8853;
2.76857;
7.4305;
3.41144;
6.50311;
3.80791;
3.80176;
5.06055;
7.07956;
7.91275;
7.48038;
2.72647;
4.6433;
4.56827;
5.99505;
4.30118;
5.93576;
9.10306;
6.58645;
6.66609;
3.67464;
4.74873;
6.29736;
6.88961;
4.6214;
6.36392;
6.59649;
4.89459;
5.5571;
6.30181;
2.5196;
7.36025;
6.44754;
3.07501;
4.62412;
5.81329;
1.45197;
6.0652;
4.05159;
7.34093;
6.21432;
4.17875;
4.06171;
3.36907;
6.38601;
4.26647;
4.58228;
5.58715;
3.27113;
6.04693;
4.75674;
4.09519;
5.44665;
5.14154;
5.8931;
6.89268;
6.75063;
7.62675;
5.16249;
5.3227;
1.06728;
5.28618;
5.5774;
6.04063;
1.11394;
9.1055;
7.0748;
5.77146;
5.18375;
4.52904;
8.19538;
6.64685;
6.62261;
2.64929;
3.8802;
5.31178;
3.64201;
5.41827;
4.64034;
0.667533;
5.23184;
7.03709;
2.04396;
6.83858;
7.15425;
3.9648;
6.12351;
5.7529;
8.71535;
8.62248;
5.72401;
8.30915;
9.41654;
3.92254;
4.78065;
5.88291;
3.20653;
5.82677;
7.55539;
5.41101;
8.03092;
3.8265;
3.74078;
4.18962;
6.34957;
6.65337;
5.14074;
4.42784;
5.04848;
3.13608;
5.26888;
3.56715;
7.47671;
6.01912;
6.71257;
7.82554;
5.80759;
4.69639;
6.32259;
6.65877;
8.37727;
7.1844;
3.97073;
4.48617;
8.91774;
8.29769;
10.1091;
5.68502;
5.56342;
6.41473;
12.2641;
4.35229;
6.23917;
4.36542;
2.23335;
5.59753;
4.67514;
4.01405;
6.86128;
4.90638;
2.7455;
8.22785;
3.22291;
6.30338;
2.63466;
4.12129;
4.50331;
7.13783;
6.35948;
2.49621;
5.24362;
6.0986;
5.81806;
8.38036;
3.68499;
6.65047;
6.34196;
2.03162;
7.38565;
5.43798;
5.63965;
5.28914;
1.56027;
2.75467;
5.37958;
4.49757;
5.39098;
6.86907;
8.3304;
6.7878;
5.84888;
3.04945;
6.40306;
7.67048;
5.60209;
5.94517;
3.379;
0.897202;
3.48157;
7.25599;
4.20884;
6.37222;
4.13808;
5.65128;
8.52364;
5.77845;
6.26447;
11.6471;
9.69061;
3.53098;
6.60642;
6.25761;
4.93999;
4.39644;
5.66055;
6.63939;
3.88455;
4.76777;
8.70345;
6.99283;
5.46677;
2.57582;
4.81346;
6.52986;
4.24712;
4.32739;
5.85423;
5.72567;
7.91481;
3.61075;
10.9701;
3.92453;
2.85501;
4.84425;
5.15894;
6.66292;
7.54507;
6.34392;
9.19621;
6.60219;
4.16201;
7.67997;
3.5497;
6.88951;
4.71493;
6.68562;
4.76142;
5.20698;
3.69163;
6.23574;
5.82074;
6.90583;
4.79576;
6.73256;
3.70543;
6.73233;
2.8136;
10.233;
7.62288;
8.19298;
6.18874;
6.87796;
3.45925;
7.73074;
6.78399;
3.23763;
4.5222;
7.22661;
3.68423;
4.09982;
8.38388;
3.83379;
6.44761;
8.69866;
5.01803;
7.25659;
9.65623;
5.24987;
4.80468;
5.65617;
5.95013;
4.75862;
7.41748;
8.63036;
7.13113;
3.75122;
4.26;
10.7639;
7.87993;
4.2457;
9.99419;
7.72513;
7.44172;
2.99579;
4.55704;
7.20256;
4.54161;
8.60433;
4.04777;
5.48608;
8.93617;
5.13509;
6.36442;
9.86697;
5.02269;
6.67329;
9.03481;
10.49;
5.1274;
4.77504;
7.78458;
6.26839;
3.49749;
9.63062;
5.06573;
8.67955;
8.95096;
9.24358;
1.73844;
7.45146;
6.55736;
6.02403;
7.0874;
8.52295;
4.09588;
4.62573;
6.79822;
9.80581;
10.0859;
8.05027;
4.01613;
1.75008;
6.13024;
4.79819;
11.2339;
8.60162;
4.48171;
3.01599;
6.00012;
4.63571;
5.36041;
7.44898;
1.7607;
9.25445;
5.25214;
5.45952;
4.16068;
4.99883;
8.8024;
8.46648;
6.00887;
5.20782;
4.34748;
6.93582;
5.38737;
4.95136;
9.02254;
9.3424;
3.63714;
6.99346;
3.17089;
3.49457;
3.20345;
7.61993;
5.55583;
6.6839;
6.21508;
3.32836;
4.66477;
6.01572;
4.46974;
3.39953;
5.30947;
2.93512;
8.30192;
5.71945;
3.20481;
4.03066;
4.87371;
4.1412;
10.2332;
7.42532;
2.77877;
7.79474;
4.95882;
7.17743;
6.64688;
4.76261;
4.9344;
3.57802;
4.00363;
5.71527;
8.08784;
5.65975;
3.41305;
5.85354;
8.23766;
5.13449;
5.75815;
4.64419;
4.51703;
8.6052;
7.6365;
5.16802;
6.27967;
6.25101;
6.10012;
7.60707;
4.73489;
6.71259;
6.46226;
6.40195;
8.18106;
7.2816;
5.80899;
6.03041;
5.90948;
6.21781;
5.66257;
8.57033;
5.6604;
4.70395;
9.92476;
8.6057;
4.24347;
8.39368;
4.62243;
9.71346;
6.64096;
3.58515;
7.54515;
5.21852;
4.81319;
3.91048;
4.27807;
3.71903;
6.5916;
8.40844;
7.25818;
7.65786;
6.27645;
4.05544;
8.73316;
9.83515;
4.03891;
5.28898;
9.59893;
8.20501;
7.93952;
10.6827;
5.87224;
6.25696;
6.29809;
5.14382;
7.01536;
4.60472;
4.07928;
6.88613;
5.64393;
8.02107;
3.58273;
8.04091;
5.4575;
4.80794;
5.83387;
9.86833;
4.98845;
6.10463;
8.25093;
5.16216;
7.11529;
8.91613;
8.50076;
9.03412;
6.87151;
6.13021;
5.48273;
8.45496;
2.90539;
4.58703;
6.47401;
6.10788;
7.46772;
6.37918;
3.20012;
11.3484;
8.66296;
3.75684;
8.23164;
3.52514;
6.03626;
6.73686;
8.20701;
8.86666;
9.05748;
8.1957;
5.30121;
7.94946;
3.08282;
7.09171;
4.67767;
4.55009;
7.48773;
8.14797;
3.68305;
6.55377;
5.91428;
4.53862;
6.77695;
8.70974;
9.38288;
9.31617;
5.97798;
3.66872;
4.73575;
6.23291;
5.99357;
4.45859;
11.4602;
3.68774;
7.80838;
12.0316;
6.59082;
5.71423;
9.41452;
10.0488;
5.87169;
4.64777;
9.15325;
4.62617;
1.62971;
9.21327;
8.057;
6.75573;
8.41986;
8.72154;
6.84178;
3.34675;
8.36073;
8.00855;
6.53781;
2.02577;
6.75009;
3.93461;
5.01382;
5.57866;
8.26317;
10.0857;
7.82264;
7.04464;
7.87077;
11.449;
5.48097;
8.71457;
2.63344;
3.13366;
7.12267;
8.38841;
5.01319;
6.45171;
4.41811;
6.72255;
8.24591;
6.02002;
5.05269;
6.4496;
8.33956;
6.42598;
4.64161;
5.42363;
5.85754;
5.9237;
1.84346;
10.9667;
7.06688;
7.10882;
4.59986;
7.63824;
3.92916;
5.60272;
9.73239;
4.40228;
5.21952;
8.2054;
6.489;
7.18771;
9.4194;
5.85923;
4.86938;
3.62275;
7.14432;
8.92915;
6.85371;
8.37741;
3.9983;
2.82595;
5.25971;
4.08875;
5.59735;
6.24494;
6.74016;
4.36241;
8.75843;
8.28264;
6.78639;
5.42182;
5.54706;
5.81189;
5.38619;
4.23728;
12.4597;
7.71805;
4.44778;
9.7026;
6.63267;
0.692829;
3.06587;
8.69706;
6.22768;
6.12101;
5.82426;
6.21012;
3.80704;
6.29657;
6.16226;
4.73863;
9.36599;
4.70152;
12.1169;
5.23066;
6.22552;
3.29449;
4.87402;
8.68622;
7.71736;
8.65557;
4.99309;
5.46978;
7.87218;
9.83651;
4.37859;
6.19718;
5.2033;
4.41743;
3.92449;
3.51085;
8.34417;
1.57716;
3.58456;
7.62146;
7.88057;
5.98248;
4.27791;
5.61778;
5.08708;
8.21252;
10.6593;
8.01572;
7.68904;
4.83907;
3.09872;
9.13678;
3.28825;
3.66505;
4.50616;
6.27712;
6.65759;
5.367;
9.51779;
7.4532;
10.3013;
2.65074;
7.67544;
3.69273;
9.56322;
5.75556;
8.64958;
4.67645;
7.61045;
4.58037;
5.32603;
4.45726;
6.95136;
7.26498;
5.89167;
4.74866;
4.16419;
4.22307;
3.64194;
3.93781;
7.19796;
2.60499;
4.80505;
6.62752;
7.90614;
3.97741;
3.36332;
6.5436;
3.92588;
4.43894;
9.22694;
7.18695;
6.41277;
8.10029;
6.92608;
3.53312;
5.90217;
7.29916;
5.92209;
5.02391;
6.31653;
3.51148;
9.38537;
6.28716;
5.95483;
3.70984;
6.77549;
4.62962;
10.3433;
2.77007;
7.3784;
7.09776;
5.60575;
4.75211;
3.82272;
5.27036;
7.01807;
7.11501;
4.0786;
4.9193;
8.10486;
2.647;
5.5778;
4.3866;
6.03648;
5.92905;
6.12544;
11.2118;
5.45012;
3.18519;
4.29314;
7.04075;
6.66747;
3.88014;
3.93473;
4.76762;
3.48227;
4.96519;
4.78996;
7.70827;
7.59012;
7.94032;
7.31573;
6.06716;
5.96633;
3.44747;
4.97191;
4.61449;
5.70003;
5.1439;
3.4502;
5.43481;
2.026;
9.93239;
5.14486;
5.05712;
7.46689;
3.71382;
4.43509;
4.56494;
5.16253;
9.08389;
6.87147;
4.71252;
5.69391;
8.84837;
5.93174;
6.58295;
7.32896;
4.68155;
4.89357;
6.2906;
4.19549;
5.1698;
6.60336;
6.34135;
8.31415;
5.7203;
10.5385;
5.54419;
4.96564;
3.40695;
3.84831;
5.27955;
6.32505;
8.30216;
4.46927;
3.5774;
6.87844;
2.44725;
7.88923;
5.39909;
4.24651;
5.11092;
7.1712;
7.51284;
6.46361;
5.39022;
4.50065;
6.0574;
8.35118;
8.22494;
5.17921;
5.39788;
4.65478;
7.79052;
5.32305;
6.52232;
5.94654;
4.59189;
3.35299;
6.51245;
6.15094;
5.01587;
5.13968;
7.27767;
5.38619;
4.65038;
6.41998;
2.87089;
5.88163;
8.5658;
2.42367;
8.52938;
4.45721;
5.57317;
9.21574;
7.11736;
5.69698;
5.83067;
7.25994;
7.76804;
8.3536;
2.3801;
8.04988;
6.66981;
5.10221;
5.55213;
6.50027;
5.04676;
6.50889;
4.72627;
7.81619;
5.4991;
6.94394;
5.42699;
3.32879;
5.51196;
5.01066;
9.35909;
5.50184;
4.97031;
5.77723;
5.50894;
10.9369;
5.57636;
11.1585;
6.54349;
4.47592;
5.50802;
4.03986;
6.9907;
5.97692;
4.28555;
5.79619;
6.1313;
8.42262;
5.89381;
6.72284;
7.71095;
6.95975;
8.04434;
5.40583;
4.98496;
6.11809;
4.96908;
7.81263;
7.81427;
4.60149;
8.86433;
6.54228;
5.37916;
9.37216;
4.97707;
5.47452;
4.09657;
10.1393;
4.17215;
6.41675;
3.71795;
9.93377;
5.55498;
7.22587;
6.96467;
7.21778;
4.74188;
6.43623;
5.5546;
7.17973;
7.72848;
7.86609;
8.58444;
1.69778;
3.20793;
4.79086;
7.15756;
8.65122;
3.54151;
4.50507;
6.8049;
5.57343;
6.45734;
6.35078;
9.09951;
3.47893;
6.46001;
4.46548;
4.72037;
8.65583;
6.20774;
7.33971;
7.20961;
3.01802;
7.61777;
6.69618;
4.55579;
4.77265;
3.22153;
4.08731;
3.35889;
5.51604;
2.37303;
6.80189;
6.26608;
6.26147;
3.90418;
7.18975;
5.10726;
4.91033;
4.7248;
4.19798;
7.00371;
9.06895;
0.221938;
10.2887;
8.17416;
4.98773;
4.78578;
4.25485;
8.03925;
4.61984;
11.4539;
2.8057;
4.03428;
6.20256;
6.47611;
4.80965;
3.17136;
7.98544;
8.35483;
8.34352;
6.59343;
3.68113;
5.41464;
9.19472;
4.93876;
5.82401;
3.72448;
6.0435;
4.99925;
3.33661;
14.3832;
5.61695;
5.77103;
3.68706;
7.42759;
4.22888;
6.41421;
6.63163;
8.97628;
4.28553;
7.12019;
6.35729;
6.41388;
3.76367;
8.329;
4.33069;
5.77783;
8.6799;
5.22072;
5.95414;
6.67918;
10.8218;
6.31964;
6.53852;
2.79868;
5.42204;
6.26253;
3.71183;
5.05286;
2.39513;
8.18939;
6.50673;
8.9323;
6.56205;
6.14322;
3.06773;
8.4182;
5.20365;
5.02934;
4.79626;
4.49121;
7.32406;
4.47321;
3.98779;
9.23933;
8.66652;
10.2297;
4.84919;
6.96794;
8.55466;
5.01762;
4.67034;
9.89179;
5.49855;
7.1511;
3.95989;
4.31795;
6.96109;
8.533;
4.63314;
6.92743;
6.2523;
7.87625;
5.54142;
8.37803;
7.22889;
4.95398;
4.9141;
8.10887;
3.80201;
5.47836;
7.28356;
7.2819;
6.3279;
2.37516;
5.82591;
4.77249;
4.29117;
7.06273;
6.28504;
10.3692;
6.38622;
4.45164;
5.97531;
6.3628;
6.2141;
8.42518;
9.65025;
8.07104;
6.93222;
2.39397;
3.16587;
4.74301;
5.9409;
6.15198;
1.67853;
7.47606;
5.46591;
5.26941;
6.18377;
8.79201;
7.76477;
4.70318;
0.682417;
3.76082;
8.6307;
6.03399;
5.3513;
4.9177;
5.48501;
5.92711;
3.9981;
4.46941;
8.52056;
8.53276;
5.58632;
6.99559;
6.82374;
5.61586;
8.02786;
5.85711;
2.44836;
9.08858;
4.44467;
7.38712;
4.85795;
10.1685;
3.97979;
6.05329;
8.8329;
8.31604;
8.80274;
7.05566;
2.78187;
5.87913;
6.77044;
3.21072;
3.43842;
5.9613;
5.56499;
8.61185;
5.14736;
9.75349;
6.85055;
8.5816;
5.26455;
7.98673;
6.32847;
5.67149;
5.8788;
7.01257;
4.64663;
8.37385;
8.11249;
5.60844;
6.23765;
2.53581;
6.60191;
6.93084;
8.29034;
6.71412;
5.96114;
4.15134;
3.64958;
5.62548;
8.52654;
5.96901;
6.82197;
5.21968;
5.6706;
6.29106;
4.65247;
7.66319;
8.08331;
5.89089;
9.34309;
2.77569;
6.86273;
5.15177;
6.71529;
3.47295;
6.18845;
5.3504;
7.53093;
1.87525;
4.30439;
5.17378;
5.67419;
8.7601;
6.72738;
7.60487;
4.14334;
7.3038;
4.05173;
6.20438;
5.76719;
5.1633;
8.9982;
7.14255;
6.947;
6.28481;
8.48004;
3.65161;
4.39772;
5.94793;
7.61567;
7.60203;
6.36505;
7.58809;
8.21376;
10.6575;
4.60907;
9.52436;
9.26907;
4.27454;
3.57951;
3.84356;
5.29483;
2.88513;
4.29121;
5.13221;
6.91717;
5.8012;
6.67028;
7.82104;
7.92224;
1.77219;
2.7001;
1.96854;
6.82656;
7.57618;
9.39771;
7.60806;
8.93444;
7.34716;
5.29963;
6.78298;
5.10013;
9.28324;
2.75285;
8.03261;
5.36035;
4.76087;
5.29954;
6.58366;
4.25739;
6.7535;
5.94825;
4.63014;
4.64313;
5.20781;
7.4371;
8.19068;
1.06365;
5.89654;
2.68036;
7.30172;
6.28457;
7.05309;
5.30012;
3.24138;
8.69821;
11.2016;
9.00116;
5.85246;
5.54837;
10.1252;
5.42099;
7.50349;
6.88705;
5.18246;
9.02495;
8.48373;
5.27395;
4.59303;
8.32731;
3.90376;
6.00521;
4.18533;
2.2882;
8.03511;
8.87693;
6.71309;
5.31622;
4.40134;
6.6608;
11.1541;
7.76729;
5.79949;
6.82829;
4.8193;
7.56139;
5.84019;
5.19247;
8.06916;
5.9459;
6.097;
5.06403;
4.77653;
4.7571;
5.23141;
3.43857;
5.03788;
4.13941;
4.47937;
7.14251;
3.83142;
5.31021;
7.84301;
9.16864;
8.62909;
4.02323;
6.04375;
5.68907;
4.27221;
5.33283;
7.88652;
5.98043;
3.13442;
7.00392;
6.0775;
3.88252;
7.89948;
2.96969;
4.19759;
7.23569;
6.29727;
3.86194;
3.90687;
3.35982;
6.8203;
5.51553;
6.92266;
3.8013;
6.55525;
5.70809;
4.75504;
7.63157;
7.26927;
4.61922;
2.41177;
5.44429;
7.78165;
2.81373;
5.05275;
6.03801;
7.53623;
5.77615;
3.77049;
5.93061;
7.0644;
6.80699;
4.45068;
4.85706;
6.97609;
9.41527;
9.10083;
4.0859;
9.0459;
3.32611;
7.64361;
4.81553;
3.92877;
7.54092;
3.61692;
5.72337;
9.16129;
10.3543;
6.98817;
6.62623;
9.45602;
6.9851;
3.36288;
5.73753;
8.5036;
4.80287;
5.53668;
7.57644;
6.11107;
8.53159;
8.99663;
7.59204;
6.30936;
7.22322;
7.82421;
3.2665;
2.2306;
4.53094;
6.21169;
4.95385;
3.42934;
5.70636;
6.51451;
7.76901;
8.22563;
6.98794;
6.70235;
4.55396;
6.88139;
3.85355;
4.85779;
8.79564;
4.36697;
6.59564;
5.70253;
8.03823;
6.32275;
5.96097;
4.51883;
7.4899;
5.63429;
7.95988;
4.79352;
3.67515;
8.41632;
3.33056;
4.38828;
5.38151;
8.4799;
5.59112;
2.09192;
4.23789;
10.7363;
6.46292;
6.29866;
3.43646;
8.31245;
6.80874;
7.64522;
6.41106;
6.08228;
11.3921;
5.8317;
6.64793;
6.78904;
4.94875;
6.48817;
5.30856;
4.55939;
6.83657;
8.53819;
5.22294;
3.35147;
2.09733;
7.5652;
8.31321;
6.60301;
6.39173;
9.2046;
6.03551;
8.5395;
8.82304;
7.98653;
6.47457;
7.14885;
8.06738;
3.26466;
7.32894;
5.71951;
6.21899;
15.2568;
5.19518;
3.94672;
3.80573;
4.2426;
3.03428;
3.19265;
8.10373;
3.85374;
5.91925;
5.56598;
5.03841;
7.43987;
5.48634;
10.137;
6.28103;
3.30121;
6.29641;
7.85462;
5.76549;
4.22032;
3.25463;
5.08736;
6.65219;
8.25254;
5.22289;
5.90125;
4.08795;
10.7384;
4.68866;
4.6526;
6.88543;
6.35011;
3.50492;
5.46299;
3.91171;
4.95136;
6.48215;
3.67065;
7.87877;
8.16025;
6.87595;
6.30748;
7.4231;
7.10694;
4.52387;
3.70519;
9.07902;
7.05857;
8.81031;
4.10624;
6.40933;
8.4641;
4.73323;
4.87927;
2.66528;
5.77319;
5.53339;
8.61174;
3.29569;
2.50888;
7.01144;
6.18577;
5.46189;
5.81551;
7.36586;
6.33262;
2.10557;
5.94352;
6.21411;
5.10674;
5.73188;
5.9696;
6.13195;
8.12901;
6.34962;
7.06168;
4.77919;
6.43055;
5.5314;
5.63272;
6.56496;
5.7958;
3.5276;
3.95142;
4.6929;
3.81572;
6.51695;
4.9993;
3.08392;
6.32188;
5.23702;
3.40321;
3.51512;
5.9595;
4.61313;
3.97343;
4.01337;
7.09786;
5.01446;
3.34025;
6.41101;
7.33356;
2.7428;
8.2099;
8.49384;
2.88236;
7.64188;
3.69075;
5.86909;
5.86292;
4.55512;
10.226;
4.5186;
7.11716;
9.52411;
8.36329;
5.87961;
5.21604;
7.61214;
7.5909;
5.33059;
3.3124;
5.75575;
5.08759;
6.13457;
8.48602;
4.49524;
5.48744;
1.58384;
7.92891;
5.84189;
4.25784;
7.00766;
4.42746;
5.64569;
5.60007;
6.02641;
6.17245;
7.4953;
7.1812;
6.42004;
8.789;
5.35942;
5.88;
6.90451;
5.41175;
8.10881;
8.94623;
7.98893;
3.01435;
5.61939;
4.80246;
6.16743;
7.62613;
6.41029;
6.40006;
8.64425;
5.50969;
6.15932;
4.74493;
5.3693;
13.7041;
10.2536;
6.34138;
8.98701;
4.24406;
2.7122;
4.71011;
5.48349;
5.05806;
7.84587;
7.84696;
0.633887;
5.67598;
7.52958;
4.22168;
6.97182;
5.39411;
4.20304;
5.45204;
4.95622;
9.23943;
5.40504;
5.55327;
4.81825;
5.38455;
8.01389;
5.71644;
6.35043;
4.97155;
6.04479;
6.38124;
8.77613;
7.10851;
6.9254;
2.70699;
6.31844;
5.02316;
7.38939;
6.67038;
6.80226;
5.16424;
2.90633;
4.67833;
4.57583;
5.43963;
3.69857;
5.69869;
6.29929;
2.19501;
4.7347;
7.04163;
5.2068;
8.23487;
9.2972;
2.96602;
3.27483;
6.00638;
6.95951;
9.79714;
7.10236;
4.61763;
5.71255;
8.04928;
4.96099;
7.60612;
4.67289;
5.28634;
5.31553;
1.30233;
2.48663;
3.4799;
3.5895;
6.88494;
6.03427;
6.55928;
6.08085;
7.16213;
3.16852;
4.17514;
6.18949;
5.3602;
2.44062;
5.44147;
5.04526;
5.06134;
4.97489;
4.01357;
6.66787;
4.53372;
5.95214;
5.19155;
5.21972;
3.46221;
4.79272;
6.54646;
3.48794;
6.0048;
7.43038;
4.73428;
6.37474;
4.9394;
6.38056;
3.31421;
8.89562;
5.18008;
4.61871;
5.37266;
6.67598;
4.33405;
7.53965;
8.44875;
4.43322;
6.9227;
5.72335;
3.51262;
5.79083;
2.7683;
8.78827;
2.53492;
7.40199;
6.74532;
5.2387;
5.85425;
4.98169;
5.33654;
2.2075;
2.32469;
2.38346;
3.51411;
5.24764;
9.26373;
7.27616;
6.46273;
13.0557;
7.689;
3.14489;
5.39276;
6.52887;
4.85219;
7.65404;
4.04468;
7.10329;
5.232;
4.75097;
3.95373;
7.89014;
6.02436;
8.54342;
2.92708;
4.71962;
6.82011;
3.22484;
8.47783;
5.82448;
4.76343;
4.39564;
6.16152;
4.23891;
3.50861;
5.096;
7.39912;
5.11596;
3.01067;
6.40868;
5.19565;
5.63171;
4.97345;
6.10294;
4.34396;
6.82252;
6.92499;
4.7958;
3.30667;
5.06475;
4.01319;
3.48398;
4.02366;
3.60103;
5.2538;
4.50965;
6.24663;
4.28597;
5.83892;
5.46734;
4.29441;
3.3938;
6.34156;
4.74164;
2.4251;
4.31694;
5.13391;
5.03167;
5.38047;
3.40652;
2.25977;
7.1232;
5.13879;
5.37725;
3.91967;
8.18476;
4.23779;
5.58118;
7.40902;
4.97673;
7.42763;
3.7018;
7.04071;
3.23364;
8.6952;
7.12505;
3.36467;
3.00026;
5.09768;
5.16985;
5.63841;
6.09381;
7.04674;
6.10623;
5.32057;
5.34557;
4.90833;
4.41924;
7.31691;
3.70296;
7.59367;
4.71482;
6.54044;
3.8004;
2.50021;
6.9169;
7.03899;
5.00389;
4.55724;
4.61561;
6.30792;
5.00134;
6.89609;
8.57792;
6.27313;
3.5898;
8.53605;
8.4114;
5.26776;
5.00286;
8.66129;
9.78304;
4.97541;
6.04783;
2.14781;
6.3972;
3.9231;
5.3733;
5.98837;
7.82771;
2.40939;
5.27738;
7.92325;
6.73843;
4.56824;
3.75296;
1.2808;
6.43686;
6.01716;
5.34352;
7.98326;
4.75747;
5.92395;
7.99762;
6.71342;
7.6398;
3.96092;
3.25311;
6.76012;
5.09819;
4.3741;
8.89529;
5.00694;
8.20778;
4.89556;
8.51585;
4.44113;
6.88416;
6.34663;
4.46278;
5.34627;
4.49091;
5.64468;
6.87063;
4.38472;
3.15982;
2.43722;
5.73031;
5.04345;
3.05509;
6.59444;
7.14638;
5.09712;
5.25199;
7.13369;
2.09735;
4.12919;
3.12355;
5.80582;
5.20359;
5.92654;
4.96479;
8.54781;
6.4201;
5.35035;
4.80853;
4.00585;
7.888;
7.35935;
6.63754;
4.46765;
5.7242;
6.16255;
5.65028;
8.26798;
6.50807;
4.38608;
6.65149;
4.92369;
2.83825;
3.43137;
7.49005;
9.01545;
6.59993;
2.49544;
3.55577;
2.72948;
4.38746;
2.08663;
6.75872;
7.43393;
7.39771;
6.13096;
0.524135;
6.61239;
6.21035;
8.27585;
6.76702;
4.74043;
2.06462;
5.31783;
4.45888;
4.63801;
3.01173;
4.90398;
5.13731;
5.52857;
6.50674;
5.86393;
6.25224;
9.87297;
9.43901;
5.03445;
8.59218;
4.05529;
5.94389;
4.13437;
3.75714;
5.35898;
4.74409;
3.23605;
6.21163;
5.38085;
7.05026;
3.97079;
4.06236;
5.39458;
9.04081;
5.59123;
3.67677;
4.14828;
7.21784;
5.55158;
4.73096;
4.96791;
3.45306;
5.25819;
5.46946;
4.31207;
7.05574;
3.19264;
4.51034;
5.02354;
7.8973;
4.11087;
5.99777;
3.02517;
4.13876;
5.01923;
6.90672;
5.2624;
2.53039;
5.02421;
2.56089;
5.13259;
7.17905;
3.45161;
5.83373;
2.04149;
3.44345;
6.43155;
7.35987;
5.21273;
7.47409;
6.78495;
5.52463;
4.60951;
4.85257;
3.68317;
2.06035;
3.85448;
3.48549;
3.93802;
6.54259;
3.84988;
6.32048;
1.18065;
4.23048;
4.28487;
10.4869;
7.40211;
6.32922;
6.1064;
5.0465;
3.02756;
3.37143;
6.28904;
7.20268;
5.99147;
4.501;
4.53855;
5.37677;
7.0137;
5.87312;
3.77747;
3.87988;
6.17223;
5.38559;
3.79036;
6.04137;
6.51692;
7.90681;
5.91574;
1.86478;
9.12177;
4.99749;
7.71555;
3.4084;
4.75584;
7.76195;
7.43263;
8.48127;
7.61552;
6.32058;
5.9985;
8.22577;
6.39191;
5.46408;
7.61453;
3.98866;
5.05315;
8.17933;
7.09906;
8.708;
4.26466;
7.0731;
5.04185;
6.70307;
5.36564;
3.00789;
7.20309;
4.58401;
4.4919;
6.49593;
6.70349;
5.72642;
9.91804;
5.22284;
6.52928;
7.83065;
7.49807;
11.2583;
5.98863;
6.41149;
1.63908;
4.18583;
3.95842;
7.91727;
2.51788;
7.84834;
3.07594;
3.40526;
5.07319;
3.29804;
3.09635;
5.21215;
5.29702;
2.44967;
7.95962;
4.33202;
8.31656;
3.62596;
2.24529;
4.12734;
5.79349;
3.22944;
4.92041;
7.9372;
6.25244;
5.79828;
4.53666;
6.28495;
5.60241;
5.50667;
6.31296;
5.96924;
5.20233;
5.02008;
5.46204;
2.74381;
5.3504;
5.21318;
4.01256;
5.37752;
3.67199;
4.38283;
5.43381;
5.55142;
4.2404;
6.66102;
5.43353;
4.995;
3.54395;
5.11776;
2.61036;
5.58595;
6.65173;
6.82738;
8.19396;
4.15974;
5.31137;
7.37822;
5.27978;
9.28631;
2.32107;
6.20361;
6.90609;
6.97704;
4.58263;
5.05013;
4.98455;
7.77264;
4.62728;
7.6855;
6.06374;
7.27239;
5.21839;
4.9312;
4.6265;
7.1396;
5.69791;
10.7661;
6.24757;
1.6292;
5.9003;
6.69467;
6.69445;
2.81884;
6.35644;
3.70962;
9.82752;
4.24144;
9.79008;
5.07461;
8.394;
6.97874;
5.63189;
8.85966;
4.56701;
3.37049;
2.2431;
5.61163;
7.14101;
3.50086;
4.17136;
4.04165;
4.7331;
2.24038;
5.88987;
6.48789;
3.46221;
4.69554;
5.81135;
5.40694;
5.65269;
6.59552;
6.74233;
4.60612;
3.57779;
4.19873;
4.38341;
4.01612;
5.69406;
7.33432;
6.27766;
5.76499;
5.85629;
6.34335;
6.15209;
3.41905;
5.00161;
6.03984;
7.5873;
2.94005;
6.63922;
3.98672;
4.57122;
6.17946;
3.39663;
7.02892;
6.03667;
4.82521;
5.99825;
3.60139;
1.91474;
5.3083;
5.05123;
6.0499;
4.74193;
5.37336;
4.2096;
2.49919;
7.18608;
4.77398;
7.15435;
5.62059;
3.85538;
3.09323;
6.42965;
4.95881;
6.53479;
5.10061;
6.59572;
3.99987;
6.0438;
5.52319;
5.91003;
4.61831;
6.55407;
3.63286;
7.07812;
3.3574;
5.44054;
5.4531;
4.78437;
5.95902;
4.4919;
4.537;
3.31342;
3.98615;
4.22242;
5.24094;
3.83761;
5.20045;
6.43121;
5.19213;
6.60343;
4.66433;
3.9676;
5.68943;
3.84483;
3.82723;
5.9722;
5.74813;
3.53551;
3.80438;
3.58058;
4.20269;
4.64591;
4.86377;
3.12721;
4.38397;
6.71385;
6.86434;
4.77934;
3.25578;
4.08116;
3.63107;
5.72355;
5.93035;
5.67666;
5.14234;
8.2082;
4.97368;
6.8317;
6.49686;
4.0192;
3.86077;
5.4083;
8.05396;
3.49829;
5.82749;
7.54842;
5.5235;
5.76123;
5.17456;
3.47672;
5.53002;
2.61479;
4.84086;
5.76487;
7.02501;
3.2714;
8.182;
4.49921;
8.28106;
5.45763;
6.32438;
4.40362;
6.6239;
5.28778;
4.24516;
6.42987;
6.13127;
3.47213;
5.02269;
5.41158;
3.40812;
3.21708;
4.73346;
4.29192;
7.24362;
8.93365;
5.38898;
5.42173;
7.3248;
2.62911;
4.63394;
4.51686;
3.43897;
4.5923;
4.72105;
3.93777;
4.65263;
6.96881;
3.09863;
3.87467;
6.8495;
4.24251;
5.69374;
4.31235;
7.69609;
4.86674;
6.71321;
4.9946;
4.74353;
6.13647;
4.04373;
3.96817;
6.40624;
6.30708;
7.62009;
6.70058;
2.80017;
7.07282;
5.01223;
6.68861;
4.68166;
6.91793;
5.6343;
5.16915;
7.01901;
2.83151;
4.32668;
4.65264;
5.30386;
6.74893;
2.47483;
5.16237;
7.68369;
5.83834;
3.25448;
5.5318;
5.71116;
6.11181;
4.22853;
8.25997;
5.74665;
4.00433;
4.56119;
3.02498;
7.71324;
4.109;
6.23644;
3.40376;
5.39817;
5.75247;
3.27237;
3.25017;
4.18881;
7.2035;
3.37872;
2.83736;
5.17953;
2.98596;
4.37053;
5.83587;
1.60668;
4.59014;
5.26779;
7.40793;
9.28346;
6.69117;
4.55239;
5.63272;
3.18795;
5.70032;
6.77769;
2.93262;
6.47731;
4.90861;
5.57903;
4.81981;
6.30321;
5.16498;
7.2783;
7.72266;
5.63801;
3.08637;
6.36248;
7.19754;
3.666;
4.62451;
3.87854;
4.99911;
5.30635;
4.37548;
4.28137;
5.91874;
6.04485;
9.48516;
3.69985;
3.46384;
5.57533;
4.99928;
6.75133;
6.78029;
4.22022;
7.13071;
4.19755;
6.19068;
4.41238;
5.94138;
7.00138;
3.86085;
3.85423;
4.06276;
3.59249;
4.9231;
3.50883;
5.46896;
6.52603;
3.37537;
4.33608;
8.33509;
4.69624;
6.00589;
3.82626;
4.91683;
7.05147;
8.05498;
4.2336;
2.73923;
4.32503;
6.07783;
6.54426;
5.19407;
8.82873;
3.40907;
5.90908;
2.73868;
3.18643;
5.87559;
5.70637;
3.95499;
2.59759;
6.3387;
5.68817;
5.42015;
4.01744;
2.65121;
4.23791;
4.03825;
4.19075;
7.14927;
4.65135;
6.30512;
6.08771;
7.01864;
6.03949;
3.73872;
5.3867;
5.62338;
2.74968;
7.30356;
4.22378;
6.16923;
3.21866;
2.74179;
5.59314;
3.50516;
3.18863;
4.67183;
6.3148;
5.20106;
6.13044;
6.26932;
5.42429;
3.14704;
3.15004;
6.3189;
6.13183;
5.34653;
7.9338;
4.40452;
3.8078;
6.12698;
3.11973;
7.76112;
3.81974;
2.91518;
3.18271;
7.69656;
6.85962;
4.26158;
7.26323;
6.04033;
4.52891;
7.14332;
6.10756;
6.57028;
5.94308;
5.56314;
4.89432;
6.95156;
5.95708;
3.41902;
7.06654;
5.54272;
4.32348;
4.87426;
3.77918;
4.96973;
3.95287;
4.9439;
6.4535;
4.82069;
6.95737;
4.4136;
6.82347;
6.75512;
4.82917;
5.05729;
4.40344;
5.88619;
6.79339;
6.28644;
6.65052;
5.45588;
5.76755;
7.44444;
3.70728;
5.74679;
4.98681;
3.1922;
3.79715;
6.58724;
7.3386;
4.92232;
2.71339;
4.47382;
5.0105;
5.03797;
5.93509;
4.25438;
3.43762;
4.8224;
3.58009;
6.92921;
5.34895;
6.59636;
3.4378;
4.0841;
4.32929;
2.66175;
3.1669;
3.84994;
6.25871;
5.3939;
6.57931;
6.85846;
7.77918;
5.48471;
5.95466;
5.11624;
9.16361;
5.4207;
2.54344;
4.90167;
3.14339;
5.42841;
3.33917;
6.56415;
5.78052;
7.94258;
5.76766;
3.18308;
5.17636;
5.25478;
6.50449;
5.30938;
8.12526;
4.20374;
6.76935;
4.74331;
3.65377;
8.97145;
4.24532;
6.05888;
5.82708;
7.43703;
1.65361;
3.76424;
5.43638;
3.32083;
4.82105;
4.80394;
4.63231;
6.35637;
4.96011;
4.72318;
4.34062;
8.19689;
3.30524;
6.84892;
6.24934;
4.78871;
3.98981;
5.66443;
4.33873;
5.95117;
4.40243;
6.08876;
4.72248;
3.5817;
3.36634;
6.40082;
4.36105;
5.29228;
4.16816;
5.32585;
3.3092;
5.18984;
4.05627;
6.95365;
4.40875;
6.68063;
3.72042;
4.76353;
3.75457;
7.00047;
6.28342;
5.72249;
5.66857;
5.77086;
3.26201;
6.29498;
4.7151;
3.41096;
8.29791;
4.213;
3.12578;
6.34278;
3.87133;
4.77841;
5.61984;
3.22383;
2.73346;
5.11932;
5.81762;
3.28953;
6.99785;
4.30609;
2.20095;
6.82616;
5.49104;
3.8368;
5.4517;
5.77184;
5.25706;
2.59985;
4.29467;
7.10708;
2.15678;
5.36649;
5.5498;
3.64083;
7.15333;
5.21717;
8.49644;
6.6638;
5.20023;
6.88336;
6.33709;
4.83203;
7.24647;
7.22015;
3.74061;
6.78877;
5.83188;
6.96893;
6.29627;
3.14508;
3.16722;
5.09749;
7.16736;
5.74528;
7.89366;
5.18011;
5.12624;
5.19402;
4.9618;
3.77586;
4.39156;
5.08667;
5.85284;
4.89241;
4.66832;
5.39161;
5.65971;
5.24153;
4.53324;
2.00112;
5.96515;
3.68281;
3.66909;
5.81331;
3.15044;
5.24188;
4.20533;
4.93584;
4.17964;
6.3286;
3.59292;
6.9817;
6.33248;
5.77827;
6.75709;
5.03853;
4.49951;
4.75011;
3.71912;
4.60224;
4.74187;
4.07782;
7.86568;
4.22472;
4.08463;
4.25054;
4.66534;
6.96174;
5.35416;
4.18075;
5.61598;
1.5578;
6.02479;
5.70895;
4.78322;
5.25036;
4.72053;
5.73074;
5.61899;
4.62494;
4.93906;
7.55001;
6.67784;
5.00695;
4.3892;
4.04816;
5.18081;
7.00888;
5.21674;
2.6653;
2.47785;
2.45746;
5.74339;
4.27603;
2.65524;
6.11882;
4.92994;
2.46034;
8.60103;
3.72433;
6.0157;
3.9393;
4.2443;
5.83656;
8.65783;
2.56682;
6.26059;
4.08971;
5.12963;
5.21023;
6.59298;
7.15451;
2.61621;
2.54791;
4.32535;
6.89147;
6.25198;
7.71685;
5.17191;
5.72541;
4.66122;
7.59849;
5.7569;
5.72187;
6.12874;
6.02526;
5.26978;
3.71026;
7.22379;
3.68885;
5.9953;
2.83521;
4.4826;
2.95836;
5.72043;
3.4869;
5.19908;
5.16537;
5.23589;
4.15068;
3.42875;
3.12238;
3.6032;
5.63391;
5.56778;
5.65592;
5.54862;
4.98962;
6.06739;
6.52482;
6.19154;
4.5123;
4.50694;
2.59728;
6.43677;
4.02198;
3.558;
4.64613;
6.45298;
5.54372;
4.95943;
5.48195;
6.41717;
5.14388;
4.15666;
6.03188;
4.54284;
6.63749;
4.49784;
5.5665;
4.58073;
4.53221;
6.54435;
6.64378;
5.00378;
2.02334;
5.72701;
5.9056;
5.08878;
3.44893;
4.4643;
4.56642;
3.0859;
2.02878;
6.95669;
5.9858;
3.18379;
6.64543;
5.12976;
6.01681;
4.52923;
2.99011;
3.65839;
4.17382;
4.59791;
5.01941;
6.39154;
1.93775;
5.23351;
7.60645;
5.70727;
6.64192;
4.59216;
7.41359;
3.14229;
6.52694;
7.52778;
4.04803;
5.03969;
8.50236;
5.94692;
3.56322;
3.15755;
3.96262;
7.01436;
3.55998;
5.03674;
4.9677;
3.47675;
7.91202;
5.96634;
2.8494;
4.86492;
3.94158;
2.49583;
4.63608;
5.50655;
6.45461;
4.40313;
3.53242;
9.1649;
4.41007;
6.06143;
3.93315;
4.41418;
4.03935;
4.16875;
6.80778;
2.56947;
5.83029;
6.0347;
7.34629;
9.28928;
3.93936;
4.78971;
3.39953;
7.07017;
4.42578;
4.54954;
2.90234;
4.43203;
3.9345;
5.40104;
4.41587;
4.80573;
5.91096;
6.8529;
6.39752;
3.45145;
6.35642;
4.4013;
5.51042;
5.88825;
6.54402;
5.41438;
2.51714;
1.02664;
5.08571;
5.68124;
5.28049;
4.45488;
4.44829;
3.87879;
4.43772;
5.30257;
5.07179;
5.82263;
5.83753;
5.38756;
2.57475;
2.40004;
3.413;
6.43769;
4.03395;
3.4797;
6.26328;
5.43873;
3.45491;
2.41863;
3.98787;
6.84046;
5.36832;
5.54389;
4.99619;
3.92579;
3.37139;
8.23322;
3.45954;
5.19072;
6.42289;
3.93858;
6.98011;
4.02128;
3.40775;
5.2741;
5.7167;
4.42692;
2.98555;
3.82794;
3.47628;
6.38499;
4.58289;
5.50883;
6.82682;
6.51033;
3.93476;
7.54031;
5.42568;
2.05947;
1.92952;
3.86831;
4.93356;
5.31785;
3.43126;
4.10982;
2.83609;
5.69186;
5.26616;
4.9509;
4.9415;
6.04376;
4.47234;
4.33091;
4.44826;
6.41748;
5.45437;
6.18405;
5.45939;
3.3936;
5.28067;
5.85814;
7.31107;
3.88511;
4.01187;
4.91727;
2.9789;
5.37209;
3.39191;
2.51;
4.43756;
2.93293;
5.66823;
5.37501;
4.64334;
5.20497;
6.59758;
3.40881;
8.96924;
4.83953;
5.45148;
3.42186;
5.79737;
6.30438;
4.94185;
5.81943;
1.5528;
4.30191;
6.63764;
4.80708;
3.30181;
5.15746;
5.15819;
5.45313;
4.82586;
2.804;
3.82277;
2.00986;
6.6496;
2.28517;
7.76617;
5.70629;
3.83353;
5.41183;
3.47325;
1.32788;
3.49322;
6.28577;
5.75859;
5.44995;
5.19953;
2.47354;
4.17596;
5.74851;
5.41266;
3.89517;
5.67449;
5.231;
1.51371;
6.21443;
6.4061;
4.12226;
4.9125;
4.90096;
3.71894;
4.69785;
2.8977;
3.88893;
5.70643;
5.22827;
7.09616;
4.57137;
3.59328;
5.54562;
4.51894;
2.75633;
8.18272;
4.75621;
5.78159;
4.7191;
3.4035;
4.87294;
4.29522;
4.64121;
6.23872;
4.79007;
3.27251;
4.39364;
6.26936;
6.0721;
4.29104;
4.73794;
6.68797;
8.1361;
5.695;
7.06667;
5.35317;
5.3372;
6.5487;
3.53213;
5.23548;
5.19546;
4.23821;
5.65637;
5.2792;
4.28546;
2.00221;
6.55622;
2.84762;
6.0942;
5.49583;
1.99659;
6.12123;
4.66944;
4.52958;
4.8645;
3.11955;
6.22823;
4.74836;
3.32629;
7.00837;
2.46139;
4.78962;
5.12889;
6.16516;
4.6705;
2.44992;
4.27217;
2.87548;
4.38546;
5.00785;
6.08623;
4.81894;
8.31812;
3.78788;
4.37951;
8.477;
1.94825;
8.50806;
4.70763;
2.90375;
5.55309;
3.74901;
6.04059;
4.63573;
5.61269;
4.71572;
3.85144;
4.15866;
2.98057;
4.34434;
6.59392;
4.31095;
5.16533;
3.31193;
6.3085;
5.29579;
5.59006;
6.19581;
2.44394;
3.29432;
5.0975;
5.70779;
5.49584;
1.83609;
3.72507;
4.26971;
4.73897;
3.86569;
5.35667;
1.9455;
5.51256;
6.17369;
3.34126;
7.07426;
2.52125;
4.10899;
3.2128;
3.31251;
2.84326;
2.25882;
4.19796;
1.429;
3.73029;
2.85297;
5.11109;
3.88518;
3.30042;
1.42207;
6.7574;
4.11871;
5.57805;
3.74088;
4.58475;
5.7138;
4.11783;
5.62063;
4.81853;
4.35108;
6.16465;
3.70584;
4.97924;
4.6523;
4.06354;
5.25005;
5.52798;
4.24539;
5.63312;
6.32717;
4.25278;
8.20025;
2.74121;
3.72545;
4.1582;
7.99857;
4.09405;
4.72259;
4.22612;
6.00652;
3.72901;
3.24193;
4.14372;
4.64695;
4.68309;
5.02733;
3.49562;
3.6421;
4.10357;
5.06192;
5.04876;
6.90104;
3.75301;
5.14063;
5.16898;
4.68561;
6.43365;
3.53354;
3.78034;
5.52363;
5.9196;
7.83262;
4.11771;
3.72764;
2.72047;
4.07724;
4.08584;
4.52205;
4.72691;
5.5301;
6.98404;
6.3095;
5.80706;
3.76103;
3.5447;
1.78235;
6.57004;
1.73525;
4.21784;
2.29033;
4.2073;
6.65815;
4.78432;
4.93345;
4.62587;
4.63332;
3.68984;
4.65901;
2.28498;
3.7776;
2.82226;
5.31765;
5.49902;
3.15964;
3.78286;
4.14947;
7.68397;
2.67348;
5.0727;
2.33128;
4.45402;
4.41904;
2.77345;
4.00942;
2.38686;
3.26616;
4.15123;
4.60723;
5.01264;
3.99242;
4.33827;
4.93071;
4.09825;
5.45618;
2.26893;
6.00419;
6.89681;
5.89947;
3.7634;
7.30952;
6.73149;
4.20147;
4.60445;
3.68621;
4.53957;
4.17935;
5.85318;
3.65847;
5.96417;
4.5469;
5.7866;
5.38811;
3.63875;
5.87029;
4.11405;
5.50941;
4.09554;
5.93913;
7.35349;
4.09322;
5.01232;
6.41439;
4.17102;
3.00711;
5.45543;
4.09616;
8.12165;
4.00541;
6.38545;
3.18746;
3.52844;
3.49526;
3.6879;
4.99545;
3.76408;
4.51782;
4.19201;
9.51284;
2.75178;
2.80283;
5.90208;
4.09616;
4.06264;
3.67597;
2.66208;
4.03086;
5.89616;
4.40566;
3.58322;
4.56448;
2.72034;
4.08855;
4.84391;
3.13162;
4.46796;
3.2334;
5.35392;
4.86681;
2.30902;
4.57722;
4.38536;
5.41848;
3.57204;
3.58172;
2.29805;
6.19987;
2.63421;
4.49336;
3.95574;
4.50992;
4.081;
5.79866;
3.9968;
4.07776;
4.42138;
3.37343;
4.1018;
3.91219;
3.96631;
3.89873;
4.51101;
2.74846;
4.03901;
3.53821;
5.77657;
5.32917;
4.46669;
4.95777;
4.49646;
4.93982;
3.86824;
4.29509;
4.35201;
4.1062;
2.8384;
3.55301;
5.89639;
5.22396;
7.01662;
3.5877;
3.52478;
4.31938;
3.20298;
4.94234;
4.76549;
6.0777;
1.34795;
4.97942;
3.58332;
3.56628;
3.93731;
3.22463;
3.70277;
4.12989;
5.04808;
3.49322;
4.39023;
4.58505;
3.17671;
5.75851;
4.21688;
4.39849;
5.47664;
2.22865;
8.01787;
3.77104;
3.89935;
3.43393;
4.9519;
5.1391;
4.58599;
6.25151;
3.76437;
4.82762;
5.16916;
2.62326;
3.07848;
3.052;
5.04241;
3.98473;
4.40474;
6.58188;
7.17862;
7.45009;
4.34864;
3.95111;
4.73902;
4.4003;
4.43631;
3.04974;
3.9292;
5.3418;
6.3961;
4.76693;
4.00977;
6.3002;
3.83245;
3.16055;
3.04778;
2.57743;
5.4976;
4.37356;
2.99215;
3.92781;
5.20215;
4.08626;
7.76246;
7.02073;
5.71486;
3.32326;
3.69601;
4.02037;
1.76492;
5.51456;
2.20919;
2.68072;
4.3745;
5.44689;
4.6931;
4.02531;
4.74411;
3.03261;
4.48175;
3.50493;
6.23351;
4.49056;
3.92892;
3.34636;
2.66291;
4.10162;
3.20696;
4.66276;
3.8064;
4.40165;
3.32538;
3.56491;
5.7626;
3.04145;
3.36258;
4.71502;
4.05255;
3.49925;
3.28474;
4.35844;
6.13342;
5.21643;
3.96605;
3.44757;
5.52823;
4.89811;
5.14442;
3.47506;
4.67187;
3.34565;
3.23062;
5.57732;
4.10536;
4.25688;
4.32277;
5.65115;
3.752;
2.06484;
3.85072;
1.7877;
4.37221;
3.00817;
4.75003;
3.89472;
4.69391;
3.42306;
3.50442;
3.8794;
5.27534;
2.72494;
3.46879;
3.91624;
4.71419;
4.33964;
2.1243;
2.14928;
4.31599;
4.38314;
3.81446;
4.18104;
5.07727;
3.00338;
5.63279;
3.85378;
4.33738;
5.72148;
4.99728;
3.37155;
3.31384;
3.76419;
5.37942;
4.68685;
4.94062;
4.76315;
4.41205;
5.91933;
5.41937;
5.00396;
5.42094;
4.34549;
2.46899;
3.39161;
4.14809;
4.80488;
3.58311;
5.37974;
4.65015;
3.46478;
3.88778;
3.11709;
4.70025;
4.18708;
4.40979;
4.42978;
3.13222;
2.5928;
4.37803;
4.17772;
4.12451;
3.32143;
2.51499;
3.00459;
2.13766;
6.70152;
3.24522;
5.22641;
3.42226;
3.52361;
5.58252;
4.8741;
4.81488;
2.63472;
4.72836;
5.11788;
1.28668;
6.51172;
4.01485;
3.93554;
3.06068;
5.21737;
6.74096;
3.80743;
3.04266;
3.85637;
2.67215;
4.79928;
5.32244;
4.18244;
2.85179;
5.61889;
4.08136;
4.16352;
5.05744;
2.96082;
5.0424;
2.90187;
7.53163;
3.12154;
3.82329;
4.74656;
6.36944;
2.56787;
6.62306;
5.62177;
3.81275;
2.99527;
3.50153;
3.41978;
1.68792;
1.20017;
5.82484;
4.65606;
3.87044;
4.03263;
3.92177;
3.79756;
4.88391;
3.64413;
2.64683;
2.63317;
5.69399;
3.63305;
5.34057;
5.8314;
4.20589;
5.06146;
5.23253;
4.25611;
3.69682;
5.10366;
4.31135;
4.66673;
3.80665;
2.6221;
5.87379;
2.14227;
5.30548;
3.7546;
4.12603;
3.42571;
4.34002;
4.92471;
5.48409;
2.8437;
4.5234;
3.4791;
1.60623;
5.08022;
3.69077;
4.57472;
5.06218;
6.35817;
4.51082;
5.08119;
4.54269;
2.69623;
2.9326;
5.85696;
3.68807;
5.57351;
2.94628;
3.83642;
4.7086;
3.3059;
4.06828;
4.39766;
3.34205;
5.20547;
3.3325;
4.74215;
5.49162;
5.03609;
4.68204;
2.54056;
4.86346;
2.99025;
4.75362;
2.84329;
3.18048;
3.10424;
4.77202;
3.75309;
3.90213;
3.48091;
3.99903;
5.20361;
3.2334;
3.85928;
3.07743;
3.95814;
3.85558;
4.96991;
4.09677;
3.37881;
2.74317;
3.62806;
6.1231;
2.57091;
5.49903;
4.09205;
3.15418;
3.31147;
3.63355;
3.25918;
2.95152;
5.48839;
4.68291;
5.90816;
4.49178;
2.94137;
3.18885;
6.20994;
2.76183;
2.90931;
2.77756;
4.0696;
6.31794;
4.7461;
3.48967;
3.25781;
2.80767;
4.57183;
4.71785;
3.39797;
2.14608;
3.51063;
4.2949;
5.22507;
3.35467;
3.6563;
3.9909;
2.15832;
3.22449;
4.09495;
3.3019;
6.11954;
4.9564;
3.23193;
4.26115;
2.14255;
3.27792;
2.719;
4.17404;
3.43318;
5.23599;
4.87709;
4.32241;
2.01932;
2.50609;
3.17333;
5.19081;
6.97178;
4.08887;
4.70983;
4.31373;
4.15729;
4.02549;
1.20652;
4.26579;
1.7099;
5.75589;
2.50316;
3.97204;
4.44034;
4.00118;
1.64218;
3.26302;
3.78994;
1.61595;
2.03711;
4.95134;
3.30038;
6.03634;
5.57849;
2.84842;
5.1741;
2.68199;
3.12616;
5.09063;
3.316;
2.52563;
3.14076;
6.07181;
5.23624;
5.73792;
3.52925;
5.7882;
5.48305;
4.1662;
1.32846;
3.35418;
3.56477;
4.23452;
2.32004;
4.22772;
5.01372;
3.52303;
3.55876;
3.88226;
2.73053;
2.89162;
4.24273;
3.47814;
5.70906;
3.02809;
1.71905;
5.94293;
4.00276;
2.65899;
4.92902;
3.66971;
3.95046;
3.65245;
3.25461;
1.57957;
4.10111;
4.31379;
3.5405;
4.76519;
4.37366;
3.16406;
4.06676;
3.93076;
5.2525;
3.60616;
4.74293;
3.59644;
5.3341;
5.01026;
4.7877;
3.89706;
2.70508;
3.69692;
3.6197;
5.5701;
3.8308;
3.55808;
2.6509;
3.85529;
5.0361;
4.80868;
2.7327;
3.46884;
4.61892;
4.06098;
3.10833;
4.06787;
4.32596;
2.84369;
4.44581;
7.50373;
3.79399;
4.05658;
5.41823;
4.1134;
3.21829;
3.30128;
7.73663;
3.46917;
5.13082;
4.46318;
4.03769;
3.55608;
3.88513;
3.41986;
4.67368;
4.19193;
4.37067;
3.89224;
5.34068;
4.78477;
1.27714;
4.69457;
2.81277;
2.66923;
3.70019;
6.34726;
4.9706;
3.48247;
2.4833;
4.21438;
3.42092;
3.85333;
1.58865;
2.54901;
4.39655;
2.44768;
4.35286;
6.77791;
3.99869;
5.68061;
2.82533;
3.79378;
3.3808;
2.10699;
3.7312;
5.18671;
5.25441;
3.76213;
2.18052;
2.83191;
2.42553;
3.52591;
3.68452;
4.45874;
5.13343;
3.94496;
4.16236;
5.79223;
4.51536;
2.3218;
4.20529;
3.16296;
3.3691;
3.51705;
2.09326;
4.45949;
5.44632;
4.82036;
2.85519;
3.28118;
4.79868;
2.6828;
3.15596;
4.34197;
4.42949;
2.67069;
3.85223;
2.76114;
3.45837;
3.96386;
4.78303;
4.93379;
2.22123;
3.48602;
3.76096;
4.03649;
3.77578;
3.8224;
5.36737;
3.81582;
4.16528;
3.00102;
4.36967;
3.40503;
4.54936;
3.20958;
7.55621;
5.05858;
2.15513;
3.59102;
4.88553;
3.5778;
3.02058;
5.71189;
4.09273;
4.24015;
3.76154;
3.65371;
5.39643;
2.99895;
4.99654;
2.53373;
4.15733;
3.57782;
3.97296;
3.8133;
3.55668;
4.76986;
3.84808;
3.45775;
3.47971;
4.06452;
2.72631;
2.55128;
6.67375;
3.95751;
1.94952;
4.48721;
5.51256;
3.86832;
5.49282;
2.71042;
3.6402;
4.40159;
1.94338;
2.31564;
3.26524;
4.22946;
1.89046;
3.07767;
4.04572;
4.01118;
4.31455;
3.40129;
5.22539;
2.6486;
3.8687;
3.38768;
1.91285;
3.76568;
5.27013;
2.86064;
4.82571;
3.27451;
4.35969;
2.19993;
3.57308;
3.56414;
3.378;
4.00681;
4.076;
4.95989;
3.81326;
4.69526;
5.02247;
3.00326;
5.11428;
5.2606;
4.49324;
3.0728;
3.81097;
3.47729;
4.72571;
4.58448;
2.34948;
3.58521;
2.25295;
3.43338;
1.60745;
4.21539;
3.71662;
4.0373;
2.57605;
3.22941;
4.14649;
4.49902;
2.62505;
2.16224;
3.8623;
2.731;
3.72881;
3.1764;
2.36937;
4.31218;
2.15282;
2.54758;
5.69024;
1.86578;
1.11776;
2.99788;
3.91512;
5.72419;
4.26751;
3.59815;
3.66297;
3.00586;
5.54929;
3.49068;
3.20927;
6.65694;
5.20666;
2.27313;
5.17675;
4.29997;
3.02439;
3.41201;
3.8405;
4.83258;
4.66633;
3.71901;
2.2285;
2.91146;
3.32742;
2.1244;
2.64497;
3.4838;
5.1983;
4.50003;
2.53006;
1.89136;
3.31249;
5.64358;
5.36126;
4.10841;
3.59453;
4.78652;
2.12125;
4.27918;
3.8237;
2.97387;
4.80616;
2.85563;
4.5287;
4.89106;
4.18968;
3.45773;
4.13802;
2.63141;
4.53304;
5.13565;
3.39321;
4.49957;
4.05221;
1.8725;
3.38255;
2.47902;
3.0421;
4.76525;
4.87028;
3.08075;
4.95385;
4.11796;
2.96267;
3.51263;
3.55351;
4.06768;
2.94921;
5.38945;
3.86113;
3.67577;
6.37153;
5.36473;
4.15969;
4.14743;
3.37216;
3.89377;
4.42802;
4.15618;
4.11984;
2.56778;
4.65049;
3.18562;
4.86421;
3.88831;
3.88233;
1.98236;
3.45351;
2.38666;
4.27182;
3.29214;
3.9375;
3.50498;
3.40189;
4.55676;
2.76802;
3.87876;
4.85678;
4.30988;
1.42602;
3.80266;
2.22382;
5.53333;
3.83961;
4.31543;
2.68259;
3.31642;
4.71672;
4.35031;
2.20498;
3.44461;
4.84907;
3.11267;
3.689;
2.73022;
1.38806;
4.2274;
3.93651;
2.52717;
5.23224;
4.21111;
2.73731;
0.373999;
2.96663;
5.03645;
4.04058;
2.75791;
6.18211;
2.68501;
4.2226;
0.969386;
4.92751;
2.94783;
5.71521;
3.10504;
2.41025;
4.23197;
3.60604;
3.37237;
3.39431;
5.45955;
2.1197;
2.74457;
2.55222;
2.56831;
2.23536;
2.53813;
3.10026;
5.18744;
3.64607;
3.68784;
2.89974;
4.12472;
5.19819;
3.34527;
4.31292;
3.26762;
1.72984;
4.25692;
2.80416;
5.45525;
5.06317;
3.82844;
2.44303;
5.52666;
3.34224;
3.46939;
3.64856;
4.49408;
3.90135;
2.18542;
3.33469;
3.41197;
2.69446;
4.32729;
2.44834;
2.86103;
2.84356;
3.49698;
2.44887;
1.9653;
4.152;
3.48371;
2.49317;
3.33296;
2.92967;
3.56579;
2.63789;
2.1776;
3.82233;
3.19276;
2.07483;
3.08773;
3.46001;
1.80531;
2.15273;
3.03086;
4.10643;
5.4089;
3.45447;
2.77918;
5.8772;
3.60828;
1.91491;
4.12162;
3.06021;
3.17577;
2.45851;
2.75275;
3.74928;
4.33636;
5.7445;
3.23886;
2.2396;
2.32812;
3.83557;
1.49504;
3.03642;
3.76658;
3.51806;
3.49358;
5.37279;
3.10613;
3.53979;
3.72676;
3.92549;
2.17795;
2.60817;
3.05722;
3.78895;
1.96027;
2.53213;
3.48231;
3.60087;
3.0771;
5.2107;
3.05488;
3.03426;
2.61494;
1.98354;
1.96936;
1.65161;
3.16023;
5.21731;
2.78342;
1.84597;
4.69007;
3.10518;
4.66342;
4.01275;
2.18737;
4.56821;
2.79245;
3.04788;
4.45925;
4.77313;
2.69078;
4.85501;
1.51742;
3.97159;
2.9684;
3.81631;
4.24647;
3.53683;
4.50177;
4.71268;
3.05523;
3.10069;
3.9506;
2.67625;
3.13938;
2.48362;
1.64778;
2.93185;
2.7611;
2.84401;
4.65298;
3.97953;
4.17595;
2.72717;
1.93017;
4.10549;
4.10676;
2.28875;
4.0271;
4.10817;
2.33656;
3.63781;
3.96237;
2.29192;
2.22844;
2.78247;
3.51856;
3.70122;
4.03212;
3.75201;
2.95471;
3.4253;
3.39193;
3.08128;
0.716841;
2.21091;
2.89056;
2.21611;
4.10879;
3.05507;
5.21954;
4.72134;
2.3275;
1.74696;
2.82893;
3.44909;
3.81806;
4.15246;
2.37249;
2.4585;
2.38862;
3.21818;
4.32411;
3.83105;
2.99363;
3.11949;
4.81644;
2.66543;
5.41789;
2.7416;
3.11727;
2.23588;
4.82115;
2.34757;
3.20634;
3.21076;
3.8235;
2.56154;
3.0738;
3.762;
3.08366;
3.4605;
3.92948;
2.82913;
3.29049;
2.34681;
2.97379;
5.19711;
6.00211;
6.77034;
2.8056;
3.42703;
3.42874;
2.79214;
2.17069;
2.81979;
1.59011;
3.6867;
3.60064;
5.26773;
2.90546;
5.17438;
5.70403;
3.55597;
2.99172;
2.80935;
3.50231;
2.37226;
4.52216;
3.55509;
2.50015;
2.60315;
2.32487;
4.6368;
4.53384;
4.84022;
2.06891;
3.97988;
5.2761;
3.92521;
3.75842;
4.06558;
2.09427;
3.52976;
2.85094;
3.70692;
3.78571;
5.24333;
3.99874;
2.77927;
3.83045;
2.85469;
3.04254;
2.78666;
4.94686;
4.1929;
2.5055;
3.46887;
2.48263;
1.68293;
4.08861;
2.94185;
2.89819;
2.35748;
1.82545;
2.97583;
2.88341;
1.3633;
4.87791;
2.54067;
5.76987;
3.35077;
3.48225;
5.65847;
3.09854;
2.95691;
3.02815;
4.16818;
2.7342;
2.76078;
3.67159;
3.45022;
3.19665;
3.37834;
3.91701;
3.34109;
1.27821;
3.08369;
4.55156;
3.65579;
3.07969;
4.3042;
3.28424;
4.23863;
2.22664;
2.5933;
2.54604;
3.25024;
3.71402;
5.14199;
3.15502;
0.966895;
1.9537;
2.52655;
2.42692;
4.37043;
2.26826;
3.05473;
4.03707;
2.5878;
4.52524;
3.44388;
3.45142;
2.27847;
3.97731;
3.29165;
2.99294;
3.33708;
1.65607;
2.39286;
1.12938;
3.10066;
4.53535;
2.21047;
5.17455;
2.8128;
4.14921;
3.77711;
3.31481;
2.30137;
2.57628;
3.75604;
3.4242;
4.65394;
2.88285;
4.65525;
4.88606;
3.60124;
2.82045;
3.49198;
2.20445;
3.64715;
2.89611;
2.28537;
1.31968;
2.45587;
5.10481;
3.34097;
2.1159;
2.02765;
1.48211;
1.27362;
4.02513;
3.68547;
3.81917;
4.41237;
2.05869;
3.5813;
3.55395;
4.21678;
4.92281;
3.88456;
2.24188;
2.16922;
2.3757;
1.47134;
2.94171;
4.22532;
4.09197;
4.41875;
2.94548;
3.1477;
4.17491;
1.49351;
2.46158;
2.67261;
3.98236;
4.50242;
2.65902;
2.8428;
2.40349;
3.13774;
4.47516;
1.92605;
4.27146;
4.26686;
3.65451;
3.49616;
3.61019;
1.66898;
2.19071;
3.24849;
1.89464;
2.75088;
2.08267;
2.96084;
2.01414;
2.36551;
4.10052;
2.21107;
3.83557;
2.90981;
4.1525;
4.30735;
2.55855;
3.24848;
4.05091;
3.15959;
2.93927;
2.21292;
2.20633;
3.87827;
3.01612;
3.39161;
1.32838;
4.51061;
2.23609;
1.23579;
3.68236;
2.46017;
2.75222;
2.35862;
3.36349;
2.21739;
3.19597;
4.53126;
5.38092;
2.67048;
2.95245;
2.34175;
3.59596;
2.9349;
3.72308;
3.51319;
2.98347;
1.74537;
3.87302;
3.69382;
3.75074;
3.10786;
4.06783;
2.74232;
2.75194;
2.9125;
2.33277;
2.30058;
4.36521;
3.37039;
2.11985;
2.95286;
1.36569;
4.16961;
3.62569;
2.12002;
3.28195;
3.59514;
3.12452;
2.18024;
3.05997;
4.06384;
2.8048;
3.3194;
3.112;
2.61579;
2.71067;
3.34335;
2.45638;
1.81127;
2.37026;
3.67121;
1.61178;
3.99332;
3.07384;
3.14839;
2.86103;
1.48468;
3.03167;
2.3803;
2.74114;
3.20513;
2.43009;
3.37001;
3.04231;
3.33394;
3.06545;
3.07294;
3.58918;
6.50853;
1.75414;
3.98046;
3.91763;
5.15302;
1.30638;
2.41298;
2.52901;
3.23217;
2.74939;
3.63903;
3.19172;
2.94025;
3.43551;
4.01964;
3.65418;
2.00418;
1.51865;
3.28412;
1.9581;
1.51947;
2.77463;
2.46554;
3.7642;
2.1227;
4.18734;
2.48062;
3.5964;
3.84698;
1.5803;
3.38925;
1.82358;
3.91676;
4.67566;
4.90403;
1.39896;
3.79355;
3.35074;
1.74069;
3.35825;
4.60954;
2.86948;
3.85947;
1.27587;
5.43371;
1.50693;
3.22125;
3.47627;
2.76669;
2.84704;
3.11445;
1.44042;
4.33906;
2.70439;
3.37612;
1.64552;
3.66006;
1.34933;
3.04041;
4.03937;
4.226;
4.303;
2.79822;
2.07912;
1.93937;
2.90289;
2.25328;
1.87015;
2.87261;
2.23966;
4.03799;
3.84488;
2.44687;
1.65095;
4.99832;
1.39855;
3.78491;
2.72881;
3.87491;
2.8287;
3.33153;
2.75781;
2.31547;
1.9449;
3.55486;
2.84593;
2.1018;
1.79641;
5.29203;
2.78194;
3.36267;
2.7528;
2.39963;
1.30478;
1.88043;
2.59785;
3.26852;
1.56614;
3.0278;
1.99866;
4.11086;
3.58065;
2.88109;
2.39557;
3.92745;
3.35589;
1.60064;
2.47072;
1.65802;
1.91336;
3.81156;
2.68497;
4.01484;
3.39308;
2.53026;
4.67592;
0.837124;
2.77289;
2.42597;
2.82942;
3.42611;
3.17045;
2.79074;
3.7748;
2.29489;
3.76906;
3.46522;
2.398;
1.65783;
2.56813;
3.44034;
2.07688;
2.19332;
1.92919;
3.08353;
3.04644;
3.10588;
2.61527;
4.97884;
3.16183;
4.10191;
1.09503;
2.71306;
3.58916;
1.58649;
3.39589;
2.81075;
5.74434;
2.03037;
3.76998;
3.87358;
4.26165;
3.61847;
2.91306;
0.838938;
2.16917;
2.93964;
2.06958;
1.79653;
2.6358;
1.8712;
3.30666;
2.4325;
3.32855;
4.10628;
2.83177;
3.08851;
4.21226;
2.22364;
2.85239;
2.0368;
2.24809;
2.996;
3.31843;
3.17488;
3.55333;
4.98145;
1.65562;
3.27538;
3.4097;
1.55664;
3.33707;
2.45088;
2.99105;
2.29099;
5.14819;
2.69178;
3.60117;
2.00493;
2.67152;
1.95289;
3.1365;
1.58958;
2.32489;
3.81859;
3.18314;
1.80043;
3.89654;
3.00673;
2.37451;
2.02105;
2.61917;
2.40115;
2.30989;
3.73044;
2.57552;
3.19661;
2.40859;
4.21058;
2.51505;
1.96785;
3.84359;
3.63174;
3.65749;
5.65188;
4.6963;
2.74827;
2.76207;
1.35334;
2.96907;
3.18439;
2.51308;
3.19724;
3.07764;
1.72782;
2.69298;
3.10426;
1.75683;
3.29269;
2.44164;
3.90623;
4.11302;
1.9373;
3.21379;
3.45367;
1.79738;
2.60532;
3.40698;
3.7251;
3.88018;
2.96474;
1.68531;
2.52233;
4.16057;
2.57274;
3.6114;
2.64402;
2.96392;
2.96172;
3.45942;
2.16501;
3.76715;
2.37047;
2.68817;
2.1181;
1.95036;
2.64588;
1.99997;
2.40166;
3.8799;
2.63096;
2.71238;
3.64631;
2.66184;
1.78545;
3.58728;
5.67994;
3.53058;
1.29652;
1.28007;
2.66928;
2.74268;
2.46967;
3.44386;
2.96016;
4.04415;
2.66697;
3.04123;
2.80946;
3.77246;
2.25891;
2.9514;
2.94654;
3.95585;
2.6738;
3.20651;
3.77112;
4.17465;
2.22607;
2.58837;
1.64239;
2.03838;
3.28378;
3.02847;
3.83373;
2.14475;
2.34025;
2.41663;
1.83536;
1.98632;
2.37709;
2.48368;
2.92023;
1.8938;
1.92633;
3.29642;
1.96428;
3.09629;
4.50639;
3.60653;
3.23879;
2.77144;
2.768;
2.62302;
2.72463;
2.48001;
2.15288;
2.81119;
2.23393;
3.32969;
3.59861;
2.06132;
1.98947;
2.23289;
4.13396;
2.70206;
0.806303;
4.2044;
1.58131;
1.97186;
2.7847;
1.24157;
3.14671;
2.53964;
3.68104;
3.73965;
2.46213;
3.38045;
3.50007;
1.6733;
4.12166;
2.42918;
2.55799;
2.98182;
2.65788;
1.36704;
1.30183;
2.72853;
2.86809;
2.57995;
2.17877;
3.30922;
3.57935;
2.16295;
2.74304;
2.53422;
1.67142;
3.40072;
4.01339;
1.74971;
0.845837;
2.56701;
2.12921;
1.93147;
3.24396;
1.82659;
2.81975;
3.02959;
3.26853;
2.38243;
1.71765;
3.37894;
2.4818;
3.64734;
3.10301;
2.74082;
2.24305;
2.38429;
2.8712;
2.11197;
3.63338;
2.56373;
4.84677;
3.90823;
1.732;
3.34932;
3.07978;
2.23965;
3.2403;
1.37789;
2.14801;
3.42216;
3.31712;
2.5091;
1.6069;
3.04495;
1.66532;
1.80149;
1.54771;
1.91891;
3.6633;
4.88962;
2.64111;
1.76084;
1.87114;
1.94568;
3.06609;
3.04436;
4.16293;
2.0621;
4.56287;
3.0333;
1.7389;
3.26935;
3.76275;
1.07266;
2.38977;
3.83711;
2.2352;
2.83383;
3.43345;
1.46382;
2.36535;
2.77601;
2.74906;
1.4253;
1.71001;
2.08954;
1.91426;
2.98785;
1.92769;
1.2376;
2.20231;
2.7964;
2.87101;
2.6341;
3.88886;
2.62019;
3.08893;
2.38635;
1.45214;
1.67039;
3.6368;
2.58761;
2.12484;
3.71299;
4.32941;
1.22869;
2.43895;
1.66076;
2.84758;
3.16428;
1.70225;
3.40376;
3.0202;
2.20926;
4.13737;
1.81783;
4.11093;
1.58956;
2.06313;
1.45398;
1.79396;
2.79718;
2.38049;
3.32835;
3.749;
2.94854;
2.80574;
1.82892;
2.42038;
3.38377;
2.72301;
2.40188;
3.50369;
1.65354;
2.31284;
1.6688;
2.2766;
4.04653;
2.40119;
2.65885;
3.42322;
4.0203;
1.2469;
2.09408;
1.91094;
3.05439;
1.64425;
2.26192;
2.90753;
1.63157;
2.08024;
2.8164;
2.44158;
1.965;
2.90177;
2.2571;
2.26052;
3.23586;
3.58683;
2.13473;
3.68702;
2.4283;
1.48782;
0.829728;
2.16701;
2.02792;
2.38391;
2.38009;
3.17742;
1.58572;
1.38419;
2.92456;
2.40781;
1.61608;
1.95379;
1.82484;
1.02607;
1.43967;
2.49325;
2.71695;
2.13411;
2.61763;
2.81982;
1.66306;
1.71521;
2.01393;
2.7337;
2.9565;
3.59921;
2.73491;
2.62924;
3.29238;
1.20035;
1.14876;
1.30972;
4.05565;
2.32494;
2.07024;
3.3557;
1.97888;
2.10679;
3.22438;
2.10407;
0.534139;
2.22084;
3.09157;
1.71232;
2.05779;
1.3226;
2.88398;
3.05068;
2.81436;
3.30119;
0.667859;
2.91077;
3.09582;
3.41912;
2.52804;
3.69639;
2.69946;
2.37783;
2.53052;
2.91317;
2.77698;
1.99997;
2.53059;
1.21188;
2.67568;
1.76424;
1.60727;
2.39605;
2.25042;
0.472732;
1.5348;
2.81046;
1.2546;
2.96372;
2.73648;
2.9107;
1.81247;
1.9907;
1.64754;
1.3795;
1.66;
1.07001;
2.98436;
1.97209;
3.6813;
3.54258;
3.24355;
2.10601;
1.30618;
4.07689;
2.13444;
2.32642;
3.39418;
2.13068;
2.12584;
3.17893;
2.85753;
2.29093;
2.9538;
0.885513;
3.4112;
1.97667;
3.76456;
3.30808;
0.878425;
2.72361;
2.55692;
2.26857;
1.20546;
2.98139;
3.14254;
2.0703;
1.52946;
2.04124;
1.93165;
2.62586;
2.8468;
3.7901;
2.63059;
2.19814;
2.39086;
1.58318;
1.29514;
2.07585;
3.21409;
3.14646;
1.21889;
2.25095;
2.32449;
1.81872;
1.87882;
2.13088;
2.21898;
1.59024;
2.4682;
1.85548;
0.930987;
2.16751;
2.47865;
2.58719;
3.5615;
2.04128;
1.75035;
2.79021;
0.790235;
2.07986;
0.88958;
2.42038;
2.83908;
1.15152;
3.52913;
2.01762;
3.50758;
1.61598;
2.62066;
4.5989;
3.32116;
2.52902;
2.308;
2.18627;
2.30428;
2.70013;
3.48711;
3.8147;
2.24718;
2.52031;
1.95237;
2.87564;
2.42119;
3.63553;
0.943808;
1.38464;
2.49029;
2.2367;
1.58579;
1.83323;
0.279102;
2.77329;
2.39411;
1.80637;
4.48638;
1.22918;
3.29456;
2.44579;
2.31405;
2.01504;
1.49444;
2.17478;
1.82491;
3.32753;
2.65811;
1.0842;
2.25683;
2.85593;
1.43773;
1.18019;
3.18913;
1.7984;
2.49068;
2.01413;
2.58664;
2.65283;
2.55456;
2.15034;
1.77044;
2.8837;
2.26449;
0.591479;
1.67996;
1.41884;
0.83624;
1.08065;
0.97288;
1.5554;
1.20307;
2.2924;
1.8383;
2.52965;
1.64981;
2.70224;
1.39255;
2.77764;
1.19611;
1.35167;
1.04876;
2.88923;
2.38821;
2.13705;
1.38484;
0.774486;
2.2935;
2.47424;
1.97245;
1.34445;
1.51231;
2.52877;
2.62269;
2.84415;
3.14531;
0.927266;
4.7512;
0.848578;
3.13181;
2.35355;
2.87584;
3.47722;
1.84085;
1.36064;
2.35216;
1.7955;
2.39961;
2.13844;
3.15587;
2.16388;
1.29713;
0.768831;
1.63564;
2.22569;
1.32612;
1.39317;
3.49005;
2.82027;
1.07442;
0.0871213;
1.93477;
1.91159;
2.28399;
3.22798;
1.88326;
3.0536;
1.63814;
1.41266;
1.13439;
0.669813;
1.09556;
2.07062;
1.56205;
2.9145;
1.1459;
2.45801;
2.43456;
1.24004;
1.44603;
1.57126;
1.29478;
0.841683;
2.29645;
3.07191;
2.04251;
2.06818;
1.97015;
3.5177;
1.51451;
1.8938;
2.43888;
3.32462;
1.41387;
1.87864;
1.84035;
1.64063;
1.76887;
1.2552;
1.7099;
1.46089;
2.73777;
1.76302;
3.65863;
1.60918;
1.41297;
2.79105;
1.46868;
2.05759;
2.44778;
2.79139;
2.35736;
1.96809;
0.960666;
4.53048;
2.24168;
1.96977;
1.66953;
1.61475;
1.99649;
1.65203;
1.82273;
0.633823;
2.41488;
2.812;
2.8607;
1.71821;
2.00074;
0.679577;
1.6174;
3.75753;
2.28454;
1.32164;
2.19127;
4.0154;
2.16493;
2.25043;
1.94126;
0.935318;
2.03258;
2.34931;
2.58056;
1.72648;
0.702827;
3.25834;
1.83542;
3.61085;
1.75861;
2.56198;
2.21701;
2.18468;
1.07059;
2.60281;
3.26488;
1.40754;
1.98007;
2.09792;
3.69214;
1.66646;
3.71791;
2.41654;
1.8713;
2.11869;
3.04203;
2.80893;
1.91039;
3.367;
2.37703;
1.19642;
2.00033;
1.66906;
2.62947;
0.897953;
2.1225;
1.98111;
1.63255;
2.68676;
2.11193;
2.48655;
1.31719;
2.44719;
2.90219;
1.33098;
1.89488;
1.30843;
2.36155;
2.1361;
4.00364;
2.75307;
2.90594;
1.65163;
1.6893;
2.25906;
2.29952;
2.49683;
1.78447;
1.97219;
1.89092;
1.9045;
2.2872;
1.24304;
1.59321;
1.68662;
1.33664;
1.48385;
1.98722;
1.1432;
1.75796;
0.985806;
2.15058;
1.80427;
2.83349;
1.77029;
2.86478;
1.22797;
1.97703;
1.91911;
1.71879;
4.43433;
0.981581;
2.0732;
1.03493;
1.51991;
3.96112;
1.70863;
1.82712;
0.600332;
1.51896;
1.12031;
2.03372;
1.25307;
2.43834;
2.37313;
1.49635;
1.91167;
3.09422;
1.66254;
4.1998;
2.01659;
1.89156;
4.1176;
2.95616;
1.26138;
3.47776;
1.09262;
0.634675;
1.4373;
2.80168;
1.86765;
2.82282;
2.12638;
1.75809;
1.8939;
0.693474;
3.53169;
2.56362;
2.7471;
0.957529;
1.54928;
1.24898;
2.61875;
1.39731;
1.60784;
3.44878;
3.2161;
1.14793;
3.03514;
3.06097;
3.23357;
1.01183;
2.05276;
2.71929;
1.20836;
2.01812;
1.86646;
2.5289;
2.22007;
2.06482;
0.907064;
1.85453;
1.40698;
1.89885;
2.10112;
1.36013;
1.29048;
2.17861;
1.89208;
1.76117;
1.76323;
0.783598;
1.15737;
0.806394;
2.62516;
2.59314;
1.29583;
1.18406;
1.04413;
1.69579;
2.99997;
2.51184;
1.9152;
2.03926;
1.98159;
2.03532;
0.907489;
2.2354;
2.51186;
0.915423;
3.03659;
2.82208;
2.11536;
1.5437;
1.35455;
3.01876;
0.884674;
1.78231;
0.910761;
2.14995;
2.71883;
1.82473;
2.45305;
2.44418;
3.30094;
2.30537;
1.5478;
2.1384;
1.57795;
3.42624;
1.19285;
1.7748;
1.97834;
1.43549;
1.90912;
1.94637;
2.35225;
2.23845;
1.30047;
2.39541;
1.49426;
2.64614;
1.74474;
1.59261;
1.73976;
2.92636;
1.26071;
2.16428;
1.87659;
2.73474;
0.97218;
3.54494;
2.59353;
0.930771;
2.33922;
2.01371;
1.82564;
1.05799;
2.08334;
2.19098;
2.11899;
2.96353;
1.45231;
0.916848;
1.58528;
3.2526;
2.8753;
1.47986;
2.82588;
2.0056;
2.71977;
2.40514;
3.1389;
2.05521;
2.42694;
2.74993;
3.36937;
1.94434;
3.74682;
1.99243;
1.59099;
2.02316;
1.61367;
0.894615;
1.19626;
2.47601;
2.59785;
2.80915;
1.4295;
0.865295;
3.97461;
2.58323;
1.85893;
3.46247;
1.2231;
1.73101;
2.25706;
2.25766;
2.18183;
1.32237;
1.64305;
1.8615;
1.69104;
1.33937;
2.32406;
1.54201;
1.99077;
1.84929;
1.59943;
2.0275;
1.17292;
1.76555;
0.957744;
1.76743;
1.73642;
2.4946;
3.51059;
1.62992;
1.11912;
1.60391;
2.65031;
2.36172;
1.86741;
1.31422;
1.35496;
4.46487;
2.17362;
1.74009;
1.51338;
2.25163;
1.91233;
1.86816;
1.11441;
1.50134;
1.21407;
2.83207;
1.7777;
3.11667;
0.764139;
1.9411;
2.67973;
2.46018;
2.51272;
1.68727;
3.04349;
1.11672;
1.98847;
0.656294;
1.79817;
2.54954;
2.0884;
2.57305;
2.35565;
0.952701;
3.74312;
1.92277;
0.801555;
2.03312;
2.34262;
1.67246;
0.89857;
1.47564;
1.24387;
2.05046;
2.72078;
2.6199;
2.50923;
2.26751;
2.17708;
1.81852;
1.42841;
0.892233;
1.91667;
1.23794;
1.95511;
1.58746;
1.60614;
3.60115;
1.79185;
2.23799;
1.14553;
2.41235;
3.35371;
1.9866;
2.82722;
1.85528;
1.24231;
1.64872;
1.50213;
1.13378;
2.11946;
2.04821;
2.31213;
2.37853;
1.45478;
3.32866;
1.13962;
1.34519;
3.13411;
1.14828;
1.82094;
1.00662;
2.05025;
1.50891;
0.986614;
1.77576;
2.39504;
2.3367;
1.0662;
0.800295;
0.853421;
2.60885;
1.58702;
3.02915;
2.50801;
2.53134;
1.39346;
1.85956;
0.853394;
1.32317;
1.44574;
1.14747;
1.17916;
1.9133;
3.48086;
1.34913;
1.02803;
2.12693;
1.28581;
1.76242;
1.97855;
3.98453;
1.31787;
1.46645;
0.808616;
1.31964;
2.85966;
1.72912;
1.15444;
0.657394;
1.62614;
1.98791;
1.43687;
2.97296;
2.44068;
2.04515;
1.59452;
1.75038;
1.25372;
2.85357;
3.98249;
1.15365;
1.44521;
1.29893;
1.81297;
1.58521;
1.54433;
1.36065;
0.668418;
0.813484;
1.89513;
1.67062;
2.81127;
2.30456;
2.06598;
1.96693;
3.05863;
1.94071;
1.71177;
2.62733;
1.29287;
2.03001;
1.92134;
1.24728;
2.22509;
2.33141;
2.22076;
3.52404;
2.69186;
1.16494;
1.14371;
2.49116;
3.19481;
1.74658;
1.82835;
2.16083;
1.42946;
1.91938;
2.58385;
1.8804;
1.38345;
3.99577;
1.73579;
2.56194;
1.12032;
1.42333;
2.21802;
2.27276;
3.45993;
3.67781;
1.69925;
2.39937;
1.28987;
2.06756;
1.7911;
1.51242;
0.358351;
3.06387;
1.09115;
0.703363;
0.6151;
1.71002;
2.65329;
2.17138;
2.96709;
2.38037;
1.52439;
2.44834;
0.96974;
2.3035;
2.64702;
0.987337;
0.804244;
1.28309;
2.61314;
1.59309;
3.54049;
1.7508;
2.21394;
1.46447;
1.40221;
1.72156;
2.7326;
1.21117;
3.38813;
1.25301;
1.24904;
0.928426;
3.14754;
0.255058;
1.1232;
0.806332;
2.06708;
2.37677;
1.72996;
0.817415;
1.93937;
2.04874;
0.424024;
1.25766;
0.993941;
2.0182;
1.04315;
1.79479;
1.87371;
1.63253;
1.00419;
2.48062;
1.98645;
1.70118;
2.94708;
1.01601;
1.31928;
1.90399;
3.56255;
1.65674;
1.30155;
2.61972;
1.58786;
1.53921;
2.66745;
1.05984;
1.96917;
1.59998;
1.67328;
0.95786;
0.773288;
0.463068;
2.11037;
2.25282;
1.70754;
3.21323;
0.296329;
0.974739;
2.13879;
2.13045;
0.710457;
2.05667;
2.08092;
3.94795;
0.854168;
1.30227;
1.8268;
2.74236;
1.33932;
1.21925;
0.968259;
3.13917;
0.582711;
2.19431;
0.655765;
1.97891;
1.37296;
0.776507;
2.52249;
3.64488;
1.53892;
1.72258;
2.558;
1.65472;
1.39174;
1.33989;
0.907152;
1.47798;
1.42435;
1.55141;
1.11899;
0.996686;
2.20474;
2.07547;
4.13248;
1.99139;
1.48517;
2.30073;
1.96458;
1.50587;
2.5599;
1.29037;
1.47457;
3.1826;
2.52595;
0.790896;
1.51884;
2.33989;
2.10831;
2.34978;
2.81006;
1.70244;
4.1459;
1.53335;
1.383;
2.65877;
1.86487;
1.89494;
1.34281;
1.85382;
0.562531;
3.49394;
2.27027;
1.018;
1.56898;
1.15421;
1.37987;
2.81562;
2.66135;
1.61294;
1.7088;
1.99329;
2.78873;
3.33345;
2.09323;
0.453936;
1.76229;
1.94715;
2.39795;
2.04797;
2.84686;
1.9367;
1.67109;
2.74285;
2.22564;
1.59673;
2.93994;
1.09311;
0.78422;
1.53586;
2.67273;
1.90142;
0.278266;
2.48668;
2.2784;
1.89449;
0.900872;
3.75107;
1.50326;
3.26843;
1.75396;
1.72456;
0.451735;
1.03484;
1.18003;
1.84631;
1.49811;
3.19638;
1.29378;
1.46978;
1.45803;
1.52342;
0.941022;
1.71384;
1.87624;
1.59159;
3.11082;
3.10473;
2.12525;
3.39575;
1.21961;
2.07883;
1.82659;
2.36185;
1.80905;
1.53407;
1.39941;
2.02064;
1.83543;
3.35774;
2.79955;
1.33237;
1.6388;
2.41792;
3.64838;
1.80973;
1.31542;
2.33203;
1.58133;
1.81619;
1.73103;
2.23986;
1.68446;
2.72446;
1.12892;
2.32395;
0.298977;
2.5163;
1.9784;
1.50553;
3.2158;
2.41467;
0.623142;
2.37266;
1.10587;
2.19888;
2.14986;
3.18723;
2.06326;
1.0093;
1.32529;
1.48566;
3.11619;
1.64102;
1.59561;
1.60826;
2.2844;
3.42798;
1.51696;
1.87172;
1.83004;
2.03092;
1.52922;
2.10675;
0.825487;
2.75979;
2.46807;
0.706539;
2.3768;
1.66627;
0.580002;
2.48975;
1.5039;
2.34522;
3.4352;
0.957982;
2.45444;
0.869125;
1.88078;
2.36087;
1.88846;
1.48571;
1.07638;
2.12391;
1.77977;
1.75936;
0.764343;
2.08249;
1.6518;
1.61107;
0.739103;
1.3271;
1.61545;
1.76566;
2.1857;
0.783736;
2.39419;
1.65933;
1.703;
1.97531;
2.31623;
1.3311;
4.37377;
1.30985;
1.3446;
1.21828;
1.31283;
1.4003;
1.79742;
0.958943;
1.93921;
2.16524;
3.4007;
1.83228;
1.61827;
1.52763;
1.20268;
0.905479;
0.986245;
0.914046;
2.17523;
0.804367;
2.22074;
2.04897;
1.93943;
1.53213;
1.64731;
1.87341;
0.881319;
1.29182;
1.64828;
2.3255;
3.59903;
2.02891;
1.99859;
1.96588;
1.21969;
2.41995;
1.70422;
0.668332;
1.9504;
1.78324;
0.746256;
1.75412;
1.01099;
1.60531;
1.87857;
3.4975;
1.48905;
1.98266;
1.41726;
1.03059;
0.319372;
1.54941;
1.87952;
2.65717;
2.01057;
2.14983;
1.82348;
2.76786;
0.786784;
0.824517;
1.44287;
1.52824;
1.09329;
1.74634;
0.99634;
2.08333;
1.53649;
1.08571;
1.6701;
0.413668;
2.56118;
3.08794;
2.42322;
1.97407;
0.630435;
2.49671;
2.04826;
1.0445;
2.02224;
1.88101;
1.60759;
1.95639;
0.780515;
1.60425;
1.01028;
2.98491;
1.44391;
1.46865;
1.59511;
2.08555;
1.25688;
1.52619;
0.757348;
2.57719;
2.9492;
1.85439;
1.8375;
2.24335;
0.525858;
1.93643;
1.89586;
1.66012;
1.00415;
1.5685;
0.283878;
1.05736;
0.648369;
2.0319;
0.712464;
1.85588;
1.31594;
1.02781;
0.58239;
2.53653;
1.11304;
1.83869;
2.36854;
2.06022;
2.36072;
1.74354;
1.11947;
2.24998;
2.05456;
1.33314;
1.20542;
1.20479;
1.37917;
1.08179;
1.93228;
1.38384;
1.20584;
2.04895;
1.84467;
2.09789;
1.3797;
1.91908;
1.50391;
2.00343;
3.29164;
1.04486;
2.53514;
1.38145;
1.89079;
0.540955;
1.79013;
2.58165;
1.00394;
0.290366;
2.09728;
2.07894;
2.85742;
3.04692;
2.78521;
0.537597;
2.72684;
2.61146;
0.643899;
2.45866;
2.13302;
0.128709;
0.791384;
1.24886;
1.1454;
1.51449;
1.44745;
2.56158;
0.898758;
2.49834;
0.679413;
1.448;
0.887994;
1.87265;
1.34132;
2.24813;
1.74082;
0.920591;
1.28393;
1.13293;
2.11759;
1.10283;
3.27892;
2.88123;
2.57357;
1.55112;
0.562692;
1.42416;
0.936082;
0.641713;
1.14428;
1.05026;
1.91202;
2.86933;
1.95499;
1.64158;
2.27017;
2.03994;
1.63564;
1.54801;
1.06164;
1.60539;
1.20496;
0.986573;
1.16154;
2.37872;
0.845184;
1.85087;
1.74381;
2.27213;
1.94068;
1.07724;
2.61622;
3.124;
1.56677;
1.58453;
1.59478;
0.727639;
1.18252;
2.5155;
2.02486;
1.95578;
2.44894;
3.27352;
1.17573;
1.70915;
1.3567;
2.88309;
0.881957;
1.30454;
1.27224;
1.70528;
0.875879;
3.3134;
1.62637;
1.65326;
1.65703;
0.871266;
2.47777;
1.47065;
0.921962;
2.45003;
1.69356;
2.78265;
0.319965;
2.38107;
2.20298;
1.48444;
0.64332;
2.12872;
0.766547;
1.55812;
1.25339;
1.23396;
2.06475;
2.12381;
1.74776;
1.68041;
1.02607;
1.69871;
2.88811;
1.54473;
2.73957;
1.44012;
1.29511;
2.24836;
1.86739;
0.72818;
1.9252;
0.903322;
3.54419;
2.10408;
0.377662;
0.752298;
1.16934;
2.22783;
1.51398;
0.814656;
0.43779;
1.10976;
0.971907;
1.61373;
1.15339;
1.18176;
2.18324;
0.689395;
1.62006;
1.81742;
2.04991;
1.0728;
1.03167;
1.06876;
1.9378;
2.10377;
1.5635;
0.499044;
2.03541;
2.05158;
2.53511;
1.51755;
3.68666;
1.56166;
1.537;
1.24493;
0.327034;
2.45861;
1.24051;
1.8425;
1.10541;
1.8254;
2.51426;
1.21042;
2.20218;
3.84905;
1.13779;
1.04553;
0.842629;
1.69681;
1.28419;
0.929067;
1.64703;
1.60316;
1.6076;
2.561;
1.99677;
1.331;
1.74121;
1.70889;
1.00476;
1.24026;
1.45813;
1.51163;
2.41885;
2.23714;
1.25438;
0.911561;
0.900596;
0.423132;
2.41767;
3.32462;
2.70315;
1.92255;
2.29438;
0.802427;
2.12355;
1.98857;
1.20528;
1.00512;
0.363719;
2.79906;
1.37156;
1.65641;
1.55411;
1.95873;
2.40434;
2.37125;
1.23215;
0.486293;
2.00032;
1.85481;
1.44996;
1.16702;
1.44816;
0.504773;
0.843174;
1.80107;
0.373031;
1.13683;
1.99818;
1.06001;
1.54441;
1.30005;
1.57836;
1.86146;
1.02897;
1.78323;
1.17466;
1.76611;
0.82305;
0.911872;
1.64181;
1.63387;
0.970596;
1.16727;
3.21818;
1.51347;
1.69676;
0.936249;
2.02827;
0.833954;
1.45143;
1.33977;
0.802552;
3.45744;
1.11298;
2.24509;
1.68029;
2.075;
1.36748;
1.69911;
2.51273;
2.08959;
1.92189;
0.928911;
1.35104;
1.69807;
2.26498;
1.05867;
2.26958;
1.20709;
1.3199;
1.434;
0.988843;
1.30313;
1.85946;
0.376061;
2.26192;
1.17914;
1.48493;
2.25461;
4.3617;
1.03404;
1.31076;
0.79649;
1.21575;
2.8964;
1.26342;
2.59519;
2.05342;
0.756876;
2.04958;
2.15825;
0.577371;
1.29552;
0.651275;
1.79352;
1.81238;
2.53646;
1.35267;
2.45234;
1.08835;
2.24971;
1.16729;
1.35932;
1.66275;
2.31667;
2.37226;
2.54077;
2.82344;
1.07075;
2.11424;
1.86458;
0.211778;
1.18873;
0.649375;
2.3734;
1.18108;
0.617855;
0.513624;
1.25337;
1.30153;
0.249156;
0.856092;
0.640334;
2.34611;
0.412845;
1.51693;
1.62229;
1.40757;
1.90176;
1.38604;
2.33037;
1.69993;
1.21602;
1.25149;
1.24758;
1.6097;
1.58103;
1.22884;
3.26639;
2.40856;
0.405005;
1.10539;
0.997531;
3.57078;
0.686667;
1.90335;
2.74594;
2.13001;
0.960703;
1.42442;
1.3923;
0.907066;
0.689884;
1.79427;
0.893374;
1.05942;
2.31693;
1.24047;
1.3;
1.75859;
1.79421;
1.01748;
1.12324;
2.2004;
1.67019;
1.69334;
2.00906;
0.940244;
2.64629;
1.15206;
1.16506;
1.80324;
1.6077;
1.31325;
0.985159;
2.14142;
1.05697;
2.0077;
2.39375;
1.39986;
0.522306;
1.99482;
1.26898;
2.28182;
1.2316;
1.38269;
1.88582;
1.61337;
1.30462;
1.74542;
0.795801;
0.798146;
0.787705;
2.24811;
0.475693;
0.625496;
1.78283;
0.928668;
0.508151;
0.590336;
0.820217;
1.19667;
1.24011;
2.58143;
1.54517;
1.51371;
1.8279;
1.19837;
0.833889;
0.537271;
2.19053;
0.596407;
0.993429;
2.80082;
2.86111;
2.06119;
2.60004;
1.24746;
1.34891;
1.90486;
1.22803;
1.13265;
0.784316;
0.81511;
1.52009;
1.44916;
2.75476;
0.528778;
1.62293;
1.11372;
1.00669;
2.66994;
1.86845;
2.40566;
1.13745;
1.19455;
0.618303;
1.28084;
0.303672;
1.7431;
1.30301;
2.86758;
2.52943;
1.717;
1.63219;
0.604419;
1.09076;
0.794002;
0.218015;
3.04702;
2.92624;
2.76601;
1.25226;
1.67227;
1.16799;
1.7835;
1.39971;
1.5759;
1.99365;
0.412545;
2.52566;
1.3649;
1.10567;
0.817901;
2.25057;
2.46824;
2.24241;
0.775902;
1.14231;
1.15574;
0.594145;
1.1261;
2.5094;
0.424799;
1.33814;
1.22153;
0.217015;
4.05019;
2.73143;
1.3249;
1.8298;
2.34118;
2.05066;
1.1609;
1.70934;
2.82678;
0.765102;
0.911461;
0.974318;
1.68642;
1.37705;
0.503322;
2.92089;
1.46867;
1.94654;
0.467816;
0.371796;
0.82636;
1.77456;
0.658048;
1.48106;
1.361;
0.911834;
2.45978;
0.0215804;
1.00094;
1.74496;
1.04461;
1.00793;
1.66668;
1.91279;
0.884885;
1.77375;
1.47154;
1.05027;
2.23381;
1.69736;
0.670414;
1.00879;
2.21571;
3.58991;
1.05907;
2.52893;
3.67387;
1.4449;
2.02405;
1.89451;
1.4509;
1.21593;
0.902049;
1.60583;
1.64023;
1.33783;
1.44559;
1.87243;
1.03516;
1.49381;
1.07157;
1.1879;
2.63994;
0.574539;
1.5199;
1.16364;
2.38347;
2.02487;
1.44185;
1.35418;
0.481645;
1.38592;
3.4174;
0.715757;
1.69651;
1.90058;
2.62497;
1.03901;
2.03048;
0.995425;
2.05876;
0.877918;
1.11507;
1.79022;
2.20624;
0.0988695;
1.38802;
0.436056;
0.87315;
1.94259;
1.04092;
0.29961;
0.642073;
0.851344;
1.30334;
1.95175;
1.35731;
1.93071;
1.77523;
0.669762;
0.299463;
2.78853;
1.82356;
1.32809;
2.17013;
1.88494;
1.96684;
1.338;
1.83539;
1.40797;
2.14871;
2.37629;
0.683475;
0.112157;
1.32145;
0.967335;
1.19204;
1.44811;
1.32821;
1.25988;
1.99558;
1.29902;
0.550723;
1.51644;
0.982766;
2.4794;
2.47494;
2.88134;
0.983739;
1.32917;
0.885147;
1.36283;
0.585013;
1.48639;
0.417131;
2.17108;
1.37724;
3.61455;
1.23386;
1.13336;
1.84762;
1.28981;
1.6155;
1.34688;
0.712118;
1.87666;
1.42868;
0.469286;
1.94678;
2.38816;
1.18405;
0.7163;
0.817411;
1.67318;
2.25931;
0.775027;
1.50838;
0.27622;
0.984894;
1.17503;
2.88669;
1.08898;
1.68034;
1.87478;
0.781843;
1.24038;
0.548775;
1.56192;
1.22124;
0.71579;
0.890148;
1.51553;
0.447966;
2.57887;
1.32539;
0.98264;
1.55468;
0.247035;
1.49855;
1.63152;
1.44998;
1.64741;
0.790988;
1.28328;
1.08861;
0.673988;
1.65634;
1.90338;
0.729861;
0.877421;
0.815057;
0.946267;
1.48737;
1.90191;
2.2729;
1.76672;
1.70947;
1.25362;
0.102254;
0.534919;
0.961993;
1.48306;
1.4851;
0.7527;
1.77778;
3.0157;
0.933959;
0.369298;
1.42636;
2.14674;
1.2754;
1.39495;
0.630955;
1.83101;
1.4279;
1.1179;
0.358232;
2.02528;
2.03209;
1.04777;
0.857987;
0.531168;
1.13556;
1.14176;
0.519389;
2.25799;
1.18672;
2.96495;
1.14422;
2.11588;
2.10743;
1.06399;
2.04558;
1.24225;
2.22869;
1.32007;
0.98518;
1.49579;
1.58372;
0.164241;
1.68332;
1.28832;
0.367115;
3.56325;
0.444294;
2.31253;
1.43186;
1.85339;
2.53451;
2.15191;
2.03599;
1.5514;
0.371008;
1.83012;
0.76334;
1.34611;
1.71447;
0.856474;
2.23486;
3.57701;
1.71758;
0.603532;
2.75934;
1.59512;
0.857964;
1.93233;
0.446993;
1.24159;
1.41897;
1.15999;
1.21475;
2.62658;
1.82316;
0.762111;
0.795188;
0.322509;
2.22957;
1.48949;
1.11889;
1.44287;
1.41384;
1.76629;
1.84302;
1.63051;
1.18377;
1.79695;
1.56974;
1.24298;
0.314118;
0.369619;
0.691939;
1.31395;
1.3878;
3.55574;
1.55115;
0.56265;
1.76591;
2.09431;
2.47682;
0.563742;
0.776425;
1.83396;
2.13797;
0.384096;
0.294446;
0.555584;
1.71502;
2.05407;
0.286091;
1.75613;
2.25054;
1.68247;
2.01131;
0.909255;
2.40799;
1.07312;
0.631944;
0.926741;
0.252683;
1.05179;
1.74097;
0.981378;
0.830666;
0.0198884;
0.848519;
1.12388;
0.367307;
2.01942;
1.60316;
3.19078;
1.17095;
1.42355;
3.36229;
1.81618;
0.472833;
1.63476;
1.13957;
1.80944;
1.67896;
1.2432;
1.29849;
1.58468;
1.03804;
2.07853;
2.14112;
0.972988;
2.63077;
2.00384;
1.96525;
0.795911;
0.500749;
1.1442;
0.358167;
2.16749;
0.741544;
2.51684;
0.271494;
0.989234;
0.984675;
1.08743;
1.52398;
1.27096;
0.92574;
0.840374;
0.553147;
1.76658;
1.25864;
2.34287;
1.25771;
1.85346;
2.16335;
1.02635;
1.2335;
1.7706;
1.22331;
2.49387;
0.41321;
2.27452;
1.21293;
2.18712;
1.79673;
0.741747;
1.24942;
1.31911;
1.24779;
2.02332;
1.06564;
1.65651;
1.71912;
0.193839;
1.07888;
1.72837;
1.92704;
1.99935;
1.49962;
1.63521;
1.82445;
0.751566;
1.5288;
1.18499;
2.03137;
0.443341;
2.10728;
0.633912;
1.98727;
1.53506;
3.19774;
1.70676;
1.15529;
1.22465;
1.49904;
0.926653;
1.86653;
2.49432;
1.69917;
1.60168;
1.77726;
1.15563;
1.11651;
0.685838;
1.71734;
0.544878;
1.79823;
1.64343;
1.15241;
1.98694;
4.59239;
0.839547;
0.53164;
1.0766;
2.60503;
2.26688;
1.17055;
1.8888;
1.85246;
3.62528;
2.13564;
1.38499;
1.3619;
0.516768;
1.5605;
1.0692;
0.194128;
1.02191;
2.28831;
1.02978;
1.02324;
1.51968;
0.850053;
1.47278;
0.981193;
1.80761;
1.48151;
2.53259;
0.994293;
1.41127;
1.25156;
1.79163;
2.73203;
1.95928;
0.76004;
0.761848;
0.177934;
1.04602;
0.767531;
0.264451;
1.32755;
1.10916;
2.6009;
2.17477;
1.65832;
2.75484;
0.339493;
2.20369;
0.96246;
1.00935;
1.1416;
0.558283;
1.81948;
3.07573;
1.47172;
1.56893;
1.91805;
0.708931;
0.505589;
1.85537;
0.177994;
1.96672;
1.45792;
2.54244;
3.03932;
0.610661;
1.78386;
1.34084;
1.79473;
0.9404;
1.10704;
0.646596;
0.376424;
2.04251;
1.39986;
1.83518;
2.10647;
1.48668;
0.280133;
1.05556;
0.772904;
1.44112;
0.863843;
0.997892;
1.65922;
2.17212;
1.50467;
2.89286;
0.70843;
1.84485;
1.61305;
0.113377;
1.15688;
1.09169;
2.36058;
1.14014;
1.39134;
2.29703;
1.44327;
1.28299;
1.48615;
2.11571;
1.14497;
1.99438;
0.355663;
2.3873;
0.380849;
1.55148;
1.18481;
0.4771;
0.528609;
2.63659;
0.639838;
1.59301;
1.73873;
0.971883;
2.93321;
0.80877;
2.47119;
1.42191;
1.21246;
2.22845;
0.65456;
0.695402;
0.367209;
1.23048;
1.37986;
1.24974;
2.04774;
1.17185;
0.987903;
1.44158;
1.29493;
1.35631;
1.16912;
1.33066;
0.991591;
2.28169;
1.90164;
0.717206;
2.12813;
0.33183;
1.25206;
1.79997;
1.05617;
1.12883;
2.4536;
1.07944;
1.57351;
1.59174;
2.42729;
2.01426;
0.992889;
0.379648;
1.40362;
0.456265;
0.722049;
0.675721;
1.06326;
0.848059;
1.44377;
0.452097;
1.09234;
1.49247;
2.419;
0.363833;
0.277524;
1.08241;
1.67783;
1.58676;
0.568499;
1.25523;
0.934081;
2.98053;
1.2536;
1.74759;
1.56717;
1.79264;
1.33267;
1.15767;
0.922211;
2.31965;
1.7887;
2.61611;
0.85895;
0.665883;
1.51674;
0.160165;
1.6227;
0.568402;
2.32634;
1.32331;
0.673004;
1.37632;
1.57007;
1.29121;
1.49611;
1.84769;
1.50118;
2.13768;
0.304904;
2.08947;
2.79395;
1.29433;
3.24522;
0.977481;
2.15649;
0.41707;
0.814;
1.31405;
1.16626;
1.12133;
1.01727;
0.156599;
1.8761;
0.990232;
2.11625;
2.44507;
1.42761;
0.348749;
2.54562;
1.4899;
2.03825;
0.763758;
2.5485;
1.94136;
0.798116;
0.451999;
1.27651;
1.64974;
1.37247;
1.96337;
1.90517;
0.279982;
1.5401;
0.399535;
0.0932455;
1.6382;
1.70931;
0.588993;
0.734071;
1.57735;
0.746336;
0.711027;
1.43782;
0.820097;
0.882356;
1.33757;
0.786729;
2.09522;
0.182696;
0.803917;
1.33747;
0.863856;
0.663659;
1.45545;
1.26749;
1.20818;
1.16302;
0.928785;
0.634409;
0.949593;
1.74333;
1.43477;
0.785029;
0.41127;
0.743023;
1.42907;
2.2327;
0.235507;
1.70399;
1.63776;
0.32273;
1.42909;
1.15433;
1.81206;
0.663092;
1.90148;
0.108675;
1.20356;
0.590105;
0.374791;
1.63127;
0.68248;
0.226157;
2.10464;
1.27851;
0.806943;
1.20777;
0.861412;
1.39152;
1.44512;
1.57054;
1.76376;
2.50755;
1.62665;
1.24373;
2.31123;
1.06925;
0.275963;
1.19983;
1.33914;
1.23001;
1.10299;
1.07324;
0.611356;
1.29665;
0.77223;
1.44221;
0.998398;
1.5416;
1.95036;
0.285934;
4.01642;
0.251932;
1.20445;
1.41592;
1.70017;
1.17451;
0.669652;
0.639996;
3.1736;
1.2433;
2.23587;
0.904959;
0.831642;
0.706544;
1.28103;
1.23453;
1.55879;
1.2939;
1.09044;
1.03292;
1.68839;
1.73248;
0.929121;
1.27629;
1.05835;
0.3674;
2.12028;
2.3674;
1.59362;
1.25666;
0.685711;
2.23872;
1.92607;
1.82133;
1.18469;
1.31886;
2.79056;
0.589327;
1.77764;
0.721154;
0.317488;
0.305813;
1.60481;
1.34211;
1.80924;
0.782197;
0.369386;
1.16314;
1.24387;
1.2929;
1.62711;
1.91765;
1.27431;
0.1659;
0.40765;
0.675959;
0.691557;
0.471273;
1.79908;
1.44967;
1.50564;
2.56815;
2.25413;
1.62859;
1.20516;
1.95218;
1.20347;
1.50306;
2.21361;
0.503197;
1.99477;
2.25866;
1.3178;
0.876858;
1.9309;
2.20312;
0.762196;
0.95814;
0.548626;
1.44929;
0.792389;
1.45523;
1.33421;
1.23283;
1.16935;
0.38427;
1.57921;
0.633257;
0.272464;
0.294801;
0.788736;
2.55041;
3.09507;
0.763895;
1.60004;
0.908395;
0.972029;
1.54551;
1.29084;
1.00322;
1.47461;
1.62495;
1.38055;
1.12445;
1.07748;
0.657436;
2.86152;
2.49625;
1.68045;
0.777218;
0.318315;
2.45774;
1.159;
0.577043;
0.382456;
0.915159;
0.558129;
0.714104;
1.21273;
1.34144;
1.53922;
1.66793;
0.467679;
0.878996;
0.577497;
0.624752;
1.53247;
1.2375;
2.72471;
1.12482;
1.36931;
1.28341;
2.08495;
1.12835;
0.426281;
1.09667;
3.50717;
1.06829;
0.637969;
1.67671;
1.48314;
0.946051;
0.732836;
0.10763;
1.62432;
0.277928;
2.42986;
0.619641;
1.11833;
0.979342;
1.10344;
1.788;
2.78489;
1.37122;
0.750129;
2.26255;
0.146173;
0.0165289;
0.493511;
2.15951;
1.01055;
0.799081;
0.698102;
2.27342;
0.409177;
0.787302;
0.606936;
1.35344;
0.374454;
1.01193;
1.12742;
0.244112;
0.573775;
0.708665;
0.934503;
1.1458;
1.44309;
0.217228;
0.361782;
1.18592;
0.245504;
0.802307;
1.21588;
0.871039;
0.201318;
0.980776;
1.05376;
1.66423;
1.68649;
0.413022;
0.769222;
0.643279;
0.99794;
1.10674;
0.768768;
0.145942;
0.997051;
2.31451;
0.0684877;
1.60306;
1.10682;
1.75207;
0.425825;
1.98807;
0.951099;
1.44602;
1.00861;
1.72795;
1.08104;
0.980717;
0.147085;
2.10091;
0.420374;
1.05993;
0.127776;
0.842524;
0.434137;
0.871029;
0.22824;
0.799505;
0.951057;
0.660431;
0.735656;
1.38118;
0.0851589;
1.70421;
0.188915;
1.60722;
0.581993;
0.302077;
1.89632;
1.10782;
0.286524;
1.04931;
0.272182;
0.50319;
1.34696;
0.782228;
2.32113;
1.28291;
1.04781;
1.13478;
0.609265;
0.20896;
0.0783627;
0.631378;
1.26694;
2.83503;
0.250972;
1.19575;
0.646563;
0.920254;
3.50893;
0.999007;
0.328885;
0.611156;
1.69824;
2.11974;
0.761837;
0.582605;
1.12211;
1.02644;
1.72605;
1.51595;
1.08093;
2.80944;
1.39845;
0.749742;
1.1046;
1.70348;
1.50841;
1.14193;
0.571159;
0.634558;
1.40265;
0.680612;
0.704742;
0.623878;
0.804978;
1.11639;
2.18066;
0.781837;
1.59798;
0.584621;
2.30254;
1.09758;
1.5384;
1.87674;
0.675666;
1.50863;
1.46931;
0.0752332;
1.78593;
0.199178;
0.592756;
1.07227;
1.23725;
2.18668;
0.214469;
0.899491;
0.154568;
0.972419;
1.1867;
2.10325;
0.652017;
0.275135;
1.23292;
0.50967;
0.468875;
1.14743;
1.34957;
1.34008;
0.751113;
1.38625;
0.620413;
1.73023;
1.46005;
1.55937;
0.954133;
0.152221;
1.62339;
2.0885;
1.17804;
1.05675;
2.24268;
1.15285;
0.639615;
0.969318;
0.990776;
0.693598;
1.6789;
1.8916;
0.355304;
1.48817;
1.35309;
0.615034;
1.86918;
1.52651;
0.363748;
1.47155;
0.221734;
0.669634;
0.661185;
2.18655;
2.00625;
0.622877;
0.156984;
0.394663;
0.496154;
2.0915;
0.685572;
1.14187;
0.657843;
2.54114;
1.54272;
1.13669;
1.93508;
0.818962;
1.52215;
1.58168;
1.45911;
0.743089;
1.19295;
0.676505;
1.95716;
1.03951;
2.51774;
1.78993;
0.944166;
0.695802;
0.736525;
0.561455;
0.884283;
1.20489;
2.62245;
2.14485;
0.170468;
0.784962;
0.148413;
1.47639;
0.387214;
1.15878;
0.943546;
1.79344;
2.2521;
0.29867;
1.20969;
0.787938;
2.25586;
1.37512;
0.590788;
0.758118;
0.42138;
1.18851;
1.75466;
1.22307;
1.79608;
1.45972;
0.556688;
0.798585;
0.784374;
0.280082;
1.29632;
0.780864;
0.274095;
0.509956;
1.36304;
0.939896;
0.422764;
1.7302;
0.0556349;
1.20219;
2.64983;
0.266787;
0.251626;
1.61259;
1.28048;
0.877252;
0.526206;
1.90166;
2.13344;
2.68046;
1.11418;
0.362237;
1.04369;
1.51873;
1.105;
1.1253;
2.15549;
1.18746;
1.73694;
0.497204;
2.10175;
0.425459;
2.0922;
0.804897;
0.211124;
0.326044;
0.0117609;
1.33096;
1.84417;
2.15758;
0.147648;
1.05838;
2.35487;
0.619895;
2.79844;
0.815864;
0.206072;
1.2394;
1.37723;
1.46584;
0.143976;
2.28459;
1.24352;
2.31706;
0.737031;
0.561481;
0.209199;
0.356156;
0.636245;
0.642435;
1.69732;
0.763486;
0.231975;
1.07944;
1.11651;
1.94922;
0.610646;
1.68962;
1.22535;
1.22941;
0.574248;
0.22571;
0.504762;
3.72895;
1.11796;
1.79608;
1.07987;
0.456229;
1.4538;
1.36926;
1.07145;
0.661025;
1.54301;
0.742687;
1.76061;
0.545833;
0.430939;
1.05651;
0.39562;
2.6461;
0.696911;
0.0311567;
1.10409;
1.21904;
0.153109;
1.54136;
0.675819;
0.544938;
0.682288;
0.676115;
1.64239;
0.732106;
0.318171;
1.03639;
0.890558;
1.23255;
1.13357;
1.01624;
1.63043;
0.666514;
0.32443;
1.48111;
1.13806;
0.88347;
1.28826;
0.768436;
1.82103;
1.17044;
1.17313;
0.783096;
1.59515;
0.537003;
0.14123;
0.623084;
1.14986;
1.37288;
0.197944;
1.77004;
0.737921;
0.712666;
1.65285;
1.09885;
0.864332;
1.13542;
0.796907;
0.489292;
1.21497;
2.09644;
0.605987;
0.736787;
1.17133;
0.310497;
1.72929;
0.74819;
1.11422;
0.622716;
0.626104;
1.66487;
1.11732;
0.799633;
2.04023;
0.303097;
2.07544;
0.229203;
0.907891;
1.68431;
1.12627;
1.30845;
1.39375;
1.04724;
0.810222;
0.521156;
0.165781;
1.68894;
2.6593;
1.16708;
1.11688;
0.780323;
1.02007;
1.72753;
1.12735;
1.00119;
1.27072;
1.04989;
1.21465;
0.866527;
0.782305;
1.63659;
1.23441;
2.99218;
0.969423;
0.968187;
1.30722;
0.378332;
0.632148;
1.09912;
0.526481;
0.701214;
0.696069;
1.28979;
1.09529;
0.914917;
2.65144;
0.167252;
1.79665;
1.48604;
0.560654;
0.34266;
0.386054;
0.676878;
2.26829;
