18.284;
21.0525;
27.3788;
17.2544;
40.4968;
32.4777;
27.5705;
23.0978;
35.624;
16.5096;
38.7858;
16.2929;
39.5997;
34.7145;
32.0213;
29.401;
33.2156;
27.04;
22.5166;
39.4573;
18.8407;
34.2269;
34.976;
34.6593;
23.8365;
37.8054;
27.0452;
27.799;
33.7492;
22.4072;
34.1736;
29.6263;
30.4599;
29.6443;
35.8335;
32.9561;
18.3002;
13.244;
27.1171;
20.0783;
26.9623;
14.6624;
29.264;
23.0191;
28.2452;
26.6292;
14.1936;
34.3813;
25.3137;
31.3937;
15.0133;
18.4203;
22.9168;
36.1033;
29.4768;
22.9541;
22.9733;
25.7195;
25.0492;
29.4122;
30.1372;
30.0431;
33.2178;
21.0177;
32.2071;
19.2321;
21.0378;
36.1998;
27.244;
23.6737;
17.0948;
23.5198;
37.3277;
27.1494;
29.6199;
25.3418;
19.1964;
26.6409;
17.4594;
27.2366;
30.2654;
34.1534;
29.413;
35.6446;
30.642;
25.6587;
33.5479;
31.0467;
21.1926;
33.1819;
28.2922;
34.193;
28.9039;
28.7434;
28.0922;
26.9989;
23.2437;
37.6299;
31.9157;
21.5106;
14.552;
17.1029;
18.4551;
21.5269;
19.7175;
23.1849;
29.2694;
17.963;
30.9938;
13.1661;
22.9296;
15.4943;
19.3289;
21.9979;
27.0853;
27.8852;
32.6628;
29.6273;
27.7993;
18.4447;
19.0264;
30.2852;
37.2455;
27.4412;
28.9501;
38.3512;
24.4739;
27.5595;
23.1315;
27.1808;
29.5322;
28.2748;
37.6107;
33.6214;
25.8265;
28.8677;
28.0922;
29.1711;
24.1648;
29.9224;
31.5287;
23.34;
23.0692;
26.0794;
26.9987;
24.3984;
27.1872;
26.8183;
27.7803;
26.6717;
32.5804;
34.2889;
25.3299;
20.2992;
29.8346;
27.5082;
27.3467;
17.7136;
19.1252;
28.0159;
19.6992;
26.8447;
23.8566;
30.4338;
33.37;
13.3177;
20.8302;
38.6405;
31.8395;
27.6304;
24.1144;
19.0561;
17.7829;
30.8955;
31.2505;
31.603;
25.8678;
29.3108;
27.6222;
24.2918;
30.8335;
14.7186;
52.4236;
29.1893;
26.1219;
32.0591;
13.1648;
22.3393;
34.8551;
34.6727;
18.3181;
19.9838;
33.0991;
26.5866;
34.2847;
15.8583;
22.3317;
18.0456;
17.2158;
33.7046;
15.9205;
26.241;
26.9891;
35.9384;
17.9242;
22.1376;
36.0988;
35.2535;
27.879;
26.9166;
39.8314;
15.4195;
18.0743;
13.6497;
35.4001;
40.9702;
36.1581;
29.8096;
26.0811;
19.585;
23.402;
19.5237;
29.5843;
27.9375;
30.5755;
22.0066;
26.9458;
26.7616;
28.9156;
24.8545;
26.0779;
33.691;
29.4184;
34.1726;
31.6195;
28.5774;
33.9764;
34.4781;
27.9305;
30.1578;
21.5245;
31.0212;
30.9238;
16.8326;
26.0125;
19.7258;
32.4714;
13.8651;
26.8571;
30.2251;
21.2205;
12.5867;
28.8757;
27.5453;
15.0736;
13.9828;
26.7119;
29.7007;
34.7594;
41.6863;
33.0852;
30.3387;
28.1566;
27.3443;
32.3581;
26.6286;
39.6894;
28.9449;
22.4495;
20.0443;
25.0811;
26.054;
27.6715;
30.4547;
23.5636;
32.1009;
22.183;
28.5376;
33.8217;
21.1311;
22.6532;
24.7483;
20.973;
25.8317;
33.5003;
19.9091;
29.2522;
27.3522;
24.8753;
27.1217;
24.6277;
27.2918;
36.4961;
24.7322;
19.1516;
30.4697;
29.3601;
19.7712;
23.8797;
22.4821;
14.9259;
16.3681;
29.6405;
34.3769;
23.4349;
11.5081;
22.0876;
27.2627;
29.0392;
28.9607;
28.8402;
35.2843;
25.7915;
26.5496;
21.7107;
21.201;
27.3593;
30.9419;
19.8729;
32.4646;
23.2668;
27.5051;
27.06;
25.8758;
33.4089;
35.6837;
30.7872;
31.2409;
30.8535;
23.2649;
37.5723;
35.1889;
36.1415;
23.8573;
21.7252;
24.628;
19.9223;
28.4402;
20.2952;
27.4841;
34.7468;
26.8174;
34.7537;
31.3835;
26.3313;
36.4572;
31.7209;
26.3562;
30.8472;
26.3865;
24.3268;
28.5387;
32.9472;
24.1643;
29.7593;
24.5413;
31.3564;
25.0654;
28.6687;
23.2017;
27.3221;
23.5513;
38.2245;
31.161;
26.7774;
26.4764;
30.3777;
21.9166;
27.7525;
37.2959;
32.5607;
27.599;
30.8929;
35.5391;
21.1791;
27.3896;
31.6255;
33.4582;
22.8662;
28.4129;
28.0993;
24.9296;
27.7416;
30.0905;
26.9719;
18.7471;
21.5591;
23.6536;
27.4038;
27.5655;
31.241;
25.3499;
18.5276;
26.5996;
29.8159;
30.2345;
26.4312;
32.373;
26.1342;
26.7796;
24.8684;
26.812;
29.3881;
26.3863;
24.3817;
15.7564;
32.9756;
26.2156;
22.943;
28.0686;
25.2047;
16.097;
14.2349;
36.01;
32.7475;
15.7374;
29.3454;
13.5991;
26.6708;
28.0737;
41.1814;
12.5941;
26.2592;
24.6121;
13.1204;
18.205;
19.8448;
25.6463;
34.8371;
25.6508;
22.0701;
33.925;
25.608;
21.1155;
28.2026;
21.5576;
11.9981;
30.1406;
22.8587;
27.9851;
24.0168;
28.796;
24.2935;
29.3907;
29.8343;
29.3519;
25.7617;
14.3557;
21.2991;
21.3623;
12.0575;
24.4814;
25.3226;
20.9624;
33.1552;
18.4631;
26.8105;
30.4413;
23.4289;
22.3815;
29.078;
14.3577;
16.0408;
25.8174;
15.231;
33.1476;
28.1995;
25.3568;
20.5389;
21.2575;
17.8287;
26.4033;
28.6537;
27.2359;
21.2391;
13.4454;
13.5235;
28.4599;
29.6879;
32.8776;
20.5852;
13.8493;
25.0568;
15.407;
16.6879;
24.445;
30.2213;
35.5931;
26.5514;
26.7636;
27.9026;
28.865;
31.9379;
30.1714;
31.2969;
29.0552;
31.6157;
32.5218;
28.5474;
23.0397;
26.2305;
26.0271;
31.5007;
27.3078;
30.0159;
22.2183;
26.9348;
26.7311;
27.846;
23.9076;
27.5242;
32.3771;
19.1574;
23.5803;
30.3023;
22.5023;
22.7555;
25.0298;
33.2947;
26.2937;
28.5155;
25.675;
32.5107;
28.0087;
15.8864;
22.0731;
36.4775;
26.8054;
21.34;
24.3085;
19.2009;
28.2289;
25.5661;
33.9299;
24.5961;
23.9723;
29.9942;
26.6213;
35.1081;
21.2099;
30.0336;
29.8939;
29.9805;
30.4857;
16.5229;
23.1483;
16.8294;
14.0782;
27.0463;
32.4232;
28.9544;
24.8152;
27.5777;
16.9914;
15.3176;
31.9971;
26.4168;
24.3135;
25.8591;
28.3488;
25.9022;
26.4379;
22.4732;
25.2115;
28.3302;
29.0501;
16.0221;
23.8812;
16.7292;
22.8204;
28.3869;
21.0729;
26.1122;
13.4528;
23.1119;
29.2491;
31.3786;
15.9281;
26.475;
13.4792;
27.7026;
32.2331;
24.0954;
25.1647;
31.6022;
34.5463;
21.5441;
27.1852;
30.7562;
18.2939;
30.5395;
16.2336;
18.3957;
16.9996;
32.5654;
31.3964;
17.638;
33.3404;
23.0835;
33.1149;
27.7728;
22.7173;
21.5324;
27.0094;
27.4843;
42.6624;
29.2545;
37.2561;
28.1753;
24.0968;
31.5699;
28.7638;
23.183;
21.8501;
23.9866;
33.9561;
31.7175;
29.3253;
22.8044;
26.0744;
33.3116;
16.6597;
22.8488;
21.3288;
25.7226;
25.4823;
22.7298;
12.4748;
30.5685;
22.0352;
30.3826;
17.6229;
14.8607;
33.038;
17.4717;
16.9518;
15.9631;
14.3345;
28.34;
33.7629;
28.9424;
18.5301;
18.5675;
26.0172;
15.7195;
27.7429;
32.5075;
27.2242;
38.0149;
31.1528;
30.0115;
18.8329;
16.3544;
14.5466;
32.5221;
31.4542;
27.0543;
21.5406;
22.1889;
16.0969;
29.1343;
16.4058;
32.5546;
25.3182;
35.2614;
24.1218;
25.773;
30.26;
21.9908;
13.1359;
24.1518;
22.6665;
24.0816;
24.6356;
27.204;
29.1505;
31.7106;
22.8401;
39.6946;
15.8037;
28.1717;
32.8838;
17.4046;
25.627;
22.1283;
21.1998;
23.1269;
27.2176;
24.1222;
14.3863;
24.7907;
25.9225;
12.777;
22.4845;
33.4191;
30.4303;
27.6013;
15.4492;
19.3085;
25.1205;
15.3365;
28.8447;
27.0966;
24.3952;
31.8994;
25.7577;
40.2102;
28.3196;
26.5272;
32.473;
22.1849;
24.8188;
24.0848;
28.7731;
33.3787;
25.2516;
25.6882;
26.1638;
33.873;
28.1642;
30.6909;
31.1015;
32.6966;
31.8973;
24.4291;
31.7133;
26.2953;
35.4252;
33.8937;
34.6299;
30.1237;
25.0197;
13.2533;
21.3155;
24.9322;
31.4236;
32.1901;
24.8172;
30.5445;
28.6995;
28.9668;
25.5469;
27.6455;
26.253;
27.3296;
24.254;
26.0351;
26.6169;
22.8115;
35.0569;
28.6064;
29.6459;
30.2207;
29.3978;
35.217;
28.1666;
27.3396;
27.3737;
25.0814;
39.9161;
30.9045;
28.6867;
23.5049;
24.7742;
25.9634;
43.0765;
29.1668;
30.0706;
22.403;
27.4124;
27.7015;
31.7306;
26.6233;
32.5011;
29.7137;
28.6913;
24.4543;
26.6656;
29.0574;
17.7558;
18.5984;
27.0799;
15.0873;
16.4927;
33.807;
13.2264;
22.6138;
24.9988;
24.5138;
26.3511;
25.1885;
27.538;
27.2048;
31.7626;
19.1049;
15.5645;
25.8315;
30.4845;
32.1404;
32.0025;
26.3681;
24.7888;
27.1303;
17.1353;
27.4025;
26.1052;
29.9316;
29.2061;
26.8003;
24.5475;
28.7553;
18.2037;
17.5533;
15.8796;
28.5293;
26.8663;
24.3458;
16.5318;
28.8698;
29.2052;
30.8448;
27.773;
20.8896;
18.4738;
23.3333;
17.8265;
16.7024;
28.5915;
27.4663;
34.3153;
26.9338;
17.5771;
30.0622;
26.4808;
30.0648;
23.0505;
25.1346;
26.2057;
22.6545;
26.2145;
26.2756;
30.938;
14.7725;
29.1883;
25.9943;
16.4194;
12.683;
26.1585;
23.8117;
24.9684;
25.3258;
28.4296;
36.4144;
32.8561;
27.84;
22.3515;
25.0923;
19.3447;
24.5809;
32.1236;
22.7135;
13.4703;
31.8746;
34.7219;
29.1089;
15.6049;
22.6631;
32.0101;
16.724;
27.7107;
29.4569;
30.2576;
20.5182;
24.0022;
25.1168;
23.7165;
22.8788;
28.0914;
30.2943;
22.1397;
24.3815;
26.1516;
29.0703;
29.3573;
29.6345;
25.7682;
25.6054;
16.0547;
24.0327;
23.6191;
31.8789;
31.3863;
28.4575;
27.1218;
30.6636;
20.2414;
17.6391;
13.6176;
21.7083;
15.0944;
23.8041;
24.4033;
24.2057;
20.4592;
28.9981;
28.3194;
32.3835;
15.1547;
25.2246;
30.2233;
35.3383;
15.8858;
27.3339;
20.97;
16.6182;
27.1842;
29.0617;
14.7504;
20.2518;
21.0729;
26.5795;
21.5026;
34.908;
26.5817;
21.7963;
25.6356;
30.3271;
31.2596;
19.5019;
19.6397;
12.2081;
30.4947;
18.6785;
16.0263;
21.285;
26.5058;
11.688;
25.116;
24.0117;
25.1698;
25.7738;
16.3945;
26.0473;
12.9477;
19.8794;
19.9777;
26.8481;
22.3399;
22.5377;
31.0796;
27.4208;
14.2823;
19.5882;
23.0444;
23.3803;
26.0144;
30.3904;
25.3636;
31.536;
26.4284;
30.4836;
31.0911;
22.3457;
28.7472;
29.0578;
29.7196;
32.2938;
23.545;
28.838;
31.1226;
23.705;
27.3761;
28.8482;
28.8604;
20.2238;
19.2028;
20.4966;
33.3943;
26.4629;
18.2649;
23.7366;
34.2503;
13.0558;
28.5138;
34.453;
29.0768;
25.1565;
27.5254;
17.1914;
25.8992;
25.4065;
24.9306;
24.8391;
24.0267;
24.9171;
26.5425;
17.9364;
23.5953;
24.2446;
20.9954;
11.0115;
25.7506;
13.1298;
21.4253;
15.1039;
27.8987;
36.5322;
25.1799;
23.8175;
31.9505;
36.9587;
28.0617;
22.2412;
28.5857;
20.9527;
21.2837;
22.2861;
24.0435;
28.3676;
25.3041;
25.3502;
20.6365;
29.9524;
27.1154;
28.0443;
22.4797;
23.8452;
33.0158;
27.231;
24.5452;
30.4989;
22.7868;
15.9045;
12.2417;
29.0171;
15.6377;
29.2809;
27.2048;
12.5836;
21.3303;
23.8926;
32.3585;
21.5327;
21.7927;
32.3483;
14.3376;
17.6529;
23.959;
24.9001;
29.4345;
31.6133;
25.1686;
27.4178;
27.4383;
26.3061;
23.4312;
19.1224;
23.6432;
21.9032;
23.4717;
19.0575;
31.2848;
24.0155;
26.0272;
24.2615;
24.7029;
30.1316;
24.5579;
25.9359;
22.1188;
23.1031;
30.1417;
26.6378;
21.3847;
26.1576;
34.0222;
23.4295;
18.4757;
25.5556;
25.7072;
30.693;
24.9197;
15.7966;
23.5362;
29.0102;
19.1873;
16.3431;
16.0648;
24.7962;
26.8448;
28.7361;
39.4208;
22.4563;
21.968;
31.4402;
16.6118;
23.4791;
18.2309;
27.2795;
27.1971;
27.2157;
11.5367;
17.2063;
27.1237;
20.1712;
26.3412;
21.605;
26.2604;
27.8618;
20.2516;
21.2916;
15.0325;
16.8571;
16.0008;
25.0483;
27.5958;
27.0428;
27.3697;
23.1797;
14.8594;
22.9899;
15.5116;
26.7283;
24.881;
12.9078;
27.5245;
25.9239;
28.4546;
26.7565;
28.9775;
20.3477;
18.5929;
26.8503;
25.1983;
40.4848;
10.4945;
16.7653;
25.4279;
29.1364;
27.7703;
14.5507;
23.2377;
17.3065;
22.5759;
22.3136;
29.4155;
27.412;
29.9353;
21.6451;
27.1911;
23.6636;
23.8497;
29.3413;
25.2028;
21.8351;
19.0985;
19.7594;
21.4867;
30.9366;
25.0675;
16.9247;
21.568;
24.6699;
32.5698;
13.2294;
21.6305;
23.8902;
24.767;
22.4898;
23.0947;
15.9888;
15.9972;
23.8036;
32.3239;
32.3671;
29.6108;
25.9407;
24.5805;
28.4069;
26.6693;
19.4324;
34.4353;
20.699;
23.3445;
26.0778;
31.1801;
22.5889;
25.1466;
30.0253;
17.3171;
28.8041;
23.0493;
25.7804;
26.3101;
28.7797;
22.5441;
18.7272;
24.7366;
32.9295;
26.6229;
29.0462;
16.6392;
22.2208;
27.122;
19.6315;
27.2289;
21.3486;
22.9548;
20.5906;
15.5262;
15.7463;
27.0197;
16.5151;
19.1081;
20.8749;
16.4862;
19.942;
30.5211;
28.0176;
14.4733;
31.0959;
27.1747;
15.0346;
19.3285;
21.2847;
25.5038;
30.3249;
29.1672;
27.4445;
18.9649;
13.1636;
25.6513;
31.8367;
28.1584;
25.7053;
30.6349;
22.3327;
23.9387;
22.3832;
26.1423;
27.5839;
25.7479;
22.8476;
24.5491;
22.2911;
19.4428;
18.1099;
27.7992;
18.7588;
17.0476;
25.7941;
11.5343;
20.0143;
16.7644;
13.8463;
14.358;
17.1198;
22.9899;
17.7011;
20.3384;
23.6905;
29.1474;
24.0762;
28.027;
21.8198;
28.4314;
25.2822;
16.8724;
27.7075;
19.5819;
24.7442;
28.2728;
27.4446;
17.6308;
22.7326;
28.4511;
21.7462;
27.4336;
25.7072;
28.4275;
23.5663;
27.6801;
24.5336;
25.448;
27.5952;
24.828;
25.7587;
22.7759;
29.6468;
28.6301;
19.731;
26.6975;
26.389;
27.3682;
26.3175;
19.9627;
26.8096;
17.5344;
15.4557;
29.7775;
22.2105;
22.1488;
24.81;
27.4345;
24.4352;
21.7541;
32.6281;
21.7679;
23.3163;
14.4812;
19.2239;
31.5112;
39.1271;
14.5888;
16.4221;
24.2774;
29.529;
18.1789;
26.6394;
24.8204;
28.6557;
28.9734;
14.7573;
22.1377;
24.0524;
16.0635;
35.8393;
27.3246;
20.1019;
15.2501;
14.8776;
26.0533;
28.956;
26.7196;
26.0763;
18.4972;
25.5412;
25.4848;
24.6801;
28.5279;
29.6884;
29.59;
25.8219;
34.5058;
29.9533;
18.1986;
26.7225;
24.1901;
31.451;
22.2352;
14.438;
32.4004;
27.9561;
17.5086;
23.1541;
14.0868;
20.5304;
32.5432;
25.7453;
31.2257;
18.3068;
16.8055;
21.8527;
26.3805;
27.3795;
20.2636;
23.6603;
23.4872;
20.5122;
30.0904;
20.2174;
26.0845;
19.748;
32.207;
12.0723;
27.0585;
22.7669;
25.8947;
31.3306;
27.0076;
33.4121;
16.2401;
22.8983;
22.6774;
25.3652;
18.024;
29.2258;
24.1552;
20.8514;
32.5001;
23.5711;
22.2062;
13.9744;
20.4614;
27.604;
17.1335;
22.7921;
19.026;
24.3523;
33.5937;
22.3661;
15.8082;
18.914;
22.516;
25.5928;
23.4363;
25.9436;
17.3883;
20.1298;
12.7951;
30.6375;
26.1603;
23.1383;
20.1009;
27.136;
20.6337;
28.0364;
32.4985;
28.0712;
20.1404;
23.366;
25.73;
19.7153;
28.0677;
22.1235;
18.6177;
20.8455;
18.6596;
25.232;
11.947;
17.5746;
10.9087;
14.058;
18.2697;
33.7951;
24.2851;
24.9039;
27.5097;
22.7224;
26.9633;
25.5258;
26.8475;
24.061;
35.9783;
16.8768;
22.2606;
20.8232;
25.7637;
24.2747;
26.3837;
27.8994;
20.7493;
24.4894;
24.9729;
35.1836;
32.8978;
22.456;
13.5929;
22.4716;
19.3934;
28.0172;
22.465;
12.8751;
18.8842;
32.5791;
20.0931;
27.7759;
21.3393;
33.4628;
20.0623;
13.7156;
24.0899;
13.2555;
17.7076;
15.5666;
16.4175;
16.0471;
30.285;
12.3404;
29.5341;
29.1477;
29.1117;
16.5636;
11.7389;
22.0973;
17.6627;
36.6913;
31.7884;
24.347;
15.7089;
17.1575;
20.8992;
17.9841;
27.6103;
10.1784;
11.158;
14.1317;
20.7867;
23.1827;
35.0449;
27.8111;
23.8115;
21.5392;
32.2867;
17.4136;
21.5542;
23.493;
17.7666;
26.7575;
27.5627;
23.5003;
25.26;
17.053;
33.363;
25.105;
41.371;
18.0543;
14.1837;
19.5701;
27.4444;
28.4191;
14.5825;
15.1176;
20.3489;
24.55;
29.1394;
16.5517;
16.3686;
17.0903;
17.3589;
19.8051;
21.8509;
17.6262;
20.3428;
14.1437;
22.7711;
23.9145;
24.1857;
24.9292;
30.089;
22.2835;
31.5127;
27.3317;
20.5278;
21.6656;
26.656;
27.2597;
25.0099;
30.7869;
18.4246;
22.4179;
22.3692;
28.6942;
21.4309;
26.9732;
31.8763;
20.2364;
21.2631;
27.0414;
24.6803;
35.8668;
27.3765;
17.4772;
22.4814;
23.1976;
31.263;
18.6338;
27.0129;
21.8944;
11.3338;
20.4671;
31.2248;
26.4038;
23.8046;
26.2653;
28.3537;
17.3867;
27.4332;
29.7762;
28.4052;
25.5708;
32.7067;
28.6215;
26.8189;
10.2035;
20.2494;
24.1248;
27.9299;
32.3223;
15.7204;
26.3088;
21.7826;
22.8478;
22.1761;
27.2055;
16.2182;
12.0581;
16.9264;
31.1594;
20.6463;
23.2653;
8.19177;
14.8827;
18.8962;
20.0878;
22.2271;
28.8253;
22.9051;
21.2866;
28.3471;
31.3042;
21.5164;
25.6091;
35.9872;
12.659;
13.4919;
15.6498;
24.1065;
24.5391;
28.1663;
24.6221;
35.7989;
21.1546;
23.5951;
13.8291;
27.4365;
30.0122;
14.208;
28.4255;
23.0654;
28.6977;
19.8326;
13.5777;
27.9456;
24.2429;
27.954;
21.432;
25.1151;
25.3575;
13.9425;
16.8466;
18.4046;
12.6839;
13.832;
25.0559;
23.8146;
15.845;
11.7062;
17.3664;
23.6765;
19.5788;
17.555;
25.1721;
19.7676;
23.0555;
26.5535;
23.993;
17.1821;
23.842;
15.0376;
17.1546;
23.4533;
13.4229;
28.9058;
18.0916;
19.7188;
20.7872;
24.6656;
27.6667;
22.5347;
22.0445;
20.2219;
20.5012;
20.4462;
17.4253;
15.3878;
24.0798;
17.1708;
16.2281;
25.6581;
16.1851;
14.7846;
25.1043;
22.2417;
21.2837;
15.0582;
27.3028;
18.768;
28.8764;
18.2022;
16.9259;
15.5963;
20.6958;
22.063;
15.4077;
35.2673;
20.2831;
29.1207;
23.3858;
26.4139;
24.0516;
28.8351;
21.0744;
29.8883;
19.6132;
16.4702;
20.8737;
26.7871;
13.1797;
17.1003;
12.529;
21.5965;
13.7004;
19.4426;
23.1656;
26.6879;
26.7562;
20.4335;
24.523;
23.1933;
30.4585;
27.3039;
23.9307;
32.8297;
23.3564;
21.6864;
14.5127;
20.2257;
24.5277;
29.9662;
22.8639;
23.4597;
22.1025;
20.4841;
22.2223;
31.7003;
21.2444;
30.3922;
30.3794;
23.6416;
20.209;
32.8223;
20.8344;
25.8913;
23.9861;
21.4796;
26.3756;
20.6182;
21.1366;
16.4532;
18.4312;
29.0537;
32.5533;
28.6474;
28.0557;
26.67;
22.4718;
25.5667;
23.7617;
20.6283;
26.9195;
23.7501;
25.0168;
29.0563;
18.5999;
27.4263;
21.7799;
22.033;
26.2292;
27.0332;
29.6162;
28.4737;
14.481;
24.6361;
30.4813;
39.287;
29.6331;
16.0731;
23.1587;
18.3344;
22.7599;
33.4698;
31.6672;
24.2112;
21.0821;
23.4138;
22.2676;
19.2831;
19.5812;
19.704;
28.7567;
18.4783;
22.0979;
21.5684;
26.1536;
23.4464;
20.9539;
28.0615;
32.7865;
17.1731;
25.4352;
25.6953;
19.0613;
12.0021;
17.035;
18.8854;
21.3457;
28.9095;
22.1827;
22.3836;
24.8885;
27.8921;
15.2146;
13.8361;
20.1001;
13.843;
27.1378;
15.6602;
17.5126;
16.1673;
20.1717;
20.6291;
34.2591;
15.5328;
22.3793;
24.4407;
17.3727;
29.1319;
29.4559;
25.0855;
34.6114;
26.919;
17.5902;
10.8009;
18.3048;
17.8829;
15.6141;
27.2661;
22.5918;
18.9829;
15.0263;
24.3401;
11.3465;
25.6229;
20.4189;
23.0138;
29.3133;
21.5853;
29.7978;
34.3351;
18.9323;
17.561;
24.2995;
23.0959;
19.9805;
25.6449;
24.4987;
17.7753;
23.0856;
17.6585;
19.7179;
27.6289;
21.0398;
22.0654;
25.2723;
22.9844;
32.6307;
26.328;
22.9201;
29.8491;
23.1157;
28.4103;
18.8487;
18.4869;
28.0533;
29.329;
25.4061;
22.5608;
16.5034;
17.2454;
17.1169;
15.2741;
28.4366;
22.0784;
27.6755;
17.175;
19.9779;
14.6639;
20.8004;
17.0339;
18.3131;
22.3463;
27.408;
18.0358;
25.9242;
22.9858;
24.4235;
23.3016;
19.7328;
24.4393;
24.7158;
14.983;
20.945;
12.5268;
16.8389;
19.9164;
21.8342;
24.5603;
26.0886;
36.7475;
15.3003;
24.9588;
24.1792;
22.9131;
25.7576;
21.2115;
26.8285;
17.5347;
12.6481;
27.1421;
23.8354;
20.9094;
26.1025;
25.1681;
26.5734;
17.5283;
13.2851;
20.808;
21.1617;
32.3999;
25.4289;
26.7463;
38.4542;
27.9939;
25.8414;
21.7115;
23.3198;
27.6341;
18.3361;
21.7102;
24.9591;
18.086;
20.6291;
20.0777;
24.2798;
19.3836;
25.4852;
21.3842;
20.1493;
27.5219;
25.2165;
14.3409;
20.7206;
30.3499;
18.6171;
19.2127;
25.7904;
28.5787;
18.1147;
19.9829;
15.506;
12.9957;
33.8843;
26.3907;
23.3302;
22.2642;
14.9554;
30.0816;
19.0703;
25.883;
26.1195;
21.4732;
34.9512;
12.52;
17.4361;
26.0485;
16.3572;
22.4018;
23.2755;
23.7438;
20.6582;
19.9127;
23.401;
20.0696;
24.3931;
23.3927;
17.1396;
28.2778;
19.4146;
20.8637;
25.5491;
23.5214;
28.1601;
22.27;
14.5166;
23.9388;
24.855;
22.9456;
16.3859;
16.5973;
16.2867;
15.8975;
18.1626;
18.5434;
15.27;
25.9112;
33.6828;
17.3521;
15.2989;
17.5542;
25.024;
24.3124;
12.3952;
18.4029;
16.8844;
24.3097;
15.5143;
31.5823;
23.5909;
19.7746;
20.1883;
24.3234;
28.6495;
21.3511;
26.1456;
19.8605;
18.9009;
30.9765;
22.6822;
22.9826;
24.3857;
27.6843;
22.4313;
21.5407;
35.3336;
39.6459;
21.2194;
26.9624;
22.9737;
16.1767;
25.742;
36.9272;
14.6802;
23.4072;
27.9354;
17.4305;
22.8572;
16.1112;
24.3357;
21.2166;
25.6739;
20.5634;
27.9209;
23.7231;
27.8137;
17.5002;
26.1438;
18.2244;
24.1774;
22.436;
19.5718;
24.8582;
25.2351;
18.7608;
16.7387;
17.7207;
17.5758;
16.7898;
22.6504;
19.841;
14.9767;
10.571;
29.2067;
19.8773;
23.6587;
13.8421;
21.8777;
18.1422;
23.1312;
13.0121;
25.0816;
19.998;
17.9512;
26.8805;
22.5179;
27.9496;
25.5597;
17.8675;
20.1023;
29.3425;
21.6715;
25.2081;
14.4455;
21.5326;
15.3132;
17.5678;
21.5038;
26.303;
21.7151;
13.7669;
18.9592;
26.9531;
16.7451;
19.2009;
22.4321;
19.3631;
14.4366;
11.7669;
12.9526;
15.4784;
23.0275;
19.9011;
14.7691;
12.2054;
15.3011;
14.4162;
16.0302;
20.9861;
17.7282;
21.1627;
24.7648;
21.7332;
20.7119;
13.5226;
25.2313;
22.9931;
18.9018;
22.9267;
24.4018;
18.6975;
26.1514;
18.504;
30.3344;
17.1419;
24.5156;
25.9879;
27.4948;
20.2254;
20.4294;
18.795;
14.9341;
17.9388;
14.7077;
17.7962;
24.2785;
15.8181;
19.5497;
15.9102;
13.7429;
16.3771;
24.6147;
18.5246;
25.3572;
22.2125;
16.1709;
25.0394;
27.9155;
25.9974;
27.0151;
25.987;
28.5828;
16.3358;
19.5164;
21.2042;
27.1955;
28.2883;
14.8675;
26.2275;
23.2562;
30.9347;
20.6738;
17.7818;
12.3396;
13.2681;
18.032;
22.0428;
21.9142;
26.3909;
25.342;
16.1966;
14.583;
24.7982;
19.7681;
27.6349;
22.7653;
26.5645;
19.926;
24.1121;
21.2282;
24.3681;
19.0294;
16.1862;
21.4377;
18.1679;
30.0624;
25.0341;
32.9493;
30.2719;
24.7899;
21.6544;
19.5686;
19.2317;
18.9939;
14.1761;
22.1349;
18.9833;
23.4377;
29.4253;
23.7006;
25.5711;
19.6994;
25.9914;
21.2124;
28.4838;
24.5274;
27.8671;
18.526;
26.1022;
16.337;
30.4187;
21.1566;
19.5896;
23.4332;
16.2861;
22.8244;
23.1695;
26.698;
19.7109;
23.7772;
22.4999;
21.9396;
16.4611;
14.5343;
25.216;
26.3313;
20.4473;
21.2919;
23.31;
22.0959;
19.9825;
17.8041;
24.637;
21.4305;
28.3453;
25.0645;
20.2587;
20.9204;
24.5232;
29.0253;
26.1247;
19.2814;
16.563;
28.0758;
22.5712;
24.6609;
28.031;
20.1678;
21.1535;
23.2025;
25.9787;
25.7259;
19.0911;
13.9906;
29.4843;
19.0173;
20.3459;
24.4188;
28.5099;
24.5268;
21.2529;
22.5496;
21.2258;
18.3727;
27.2978;
24.9332;
22.193;
25.1457;
24.3985;
19.7812;
16.56;
11.7725;
10.5891;
15.9151;
18.1007;
12.7034;
32.4849;
17.2475;
16.7946;
25.1474;
14.3696;
18.6064;
24.9937;
20.0784;
22.6992;
17.016;
19.8061;
19.8646;
21.4268;
21.8141;
27.1219;
19.8648;
27.7318;
22.7516;
17.0675;
19.1712;
24.6297;
24.4729;
22.581;
19.5166;
23.9303;
30.0845;
20.7604;
14.7589;
22.6801;
19.2692;
10.6359;
19.4102;
14.5869;
34.0563;
20.0092;
26.6046;
20.2212;
20.5839;
21.2865;
23.9005;
13.4877;
11.1364;
15.3528;
30.2846;
26.8591;
23.45;
16.9644;
23.6924;
23.2863;
12.0487;
26.5647;
14.4383;
29.6742;
21.3093;
26.0618;
31.2824;
26.2208;
17.4508;
13.4528;
16.2972;
19.5064;
16.6743;
25.0307;
12.6495;
18.9996;
25.7075;
20.1422;
15.827;
19.9945;
24.0547;
12.9175;
18.1134;
32.0782;
19.8475;
25.2418;
21.0451;
27.2329;
14.554;
16.2511;
12.1166;
20.9555;
16.454;
14.4724;
18.4572;
23.8198;
22.6359;
22.9003;
34.2681;
16.1415;
19.7087;
14.9766;
29.8504;
25.9474;
15.2161;
17.7897;
14.6217;
17.5681;
23.3623;
19.8919;
21.8491;
31.4221;
17.508;
22.6708;
19.4978;
25.1548;
23.5823;
23.5011;
20.143;
28.2985;
26.8776;
22.6625;
17.0554;
20.5726;
21.5637;
15.4814;
17.474;
17.5588;
30.7676;
14.1206;
15.7455;
24.3022;
15.0901;
15.2111;
15.3328;
29.1076;
25.07;
24.4771;
26.1538;
21.7053;
20.1562;
22.5116;
20.7677;
18.425;
19.7049;
28.3628;
21.0751;
22.0287;
19.7305;
26.8823;
18.1533;
27.7923;
17.0439;
17.2903;
14.5481;
23.0786;
18.614;
20.946;
25.3444;
25.5783;
28.3442;
18.6233;
15.6868;
16.9279;
25.9202;
16.028;
23.7553;
11.1943;
18.3773;
26.0206;
21.8805;
25.9965;
22.2964;
20.3622;
24.4773;
23.1633;
13.8093;
19.4369;
26.1593;
23.8127;
20.3415;
14.8814;
19.4816;
21.3199;
21.5768;
19.2511;
19.3193;
14.6161;
20.611;
20.5789;
27.976;
21.8547;
26.3803;
17.426;
21.4568;
17.5076;
16.5236;
21.259;
24.03;
20.6039;
22.7504;
13.5447;
16.503;
18.4297;
21.6213;
20.8571;
16.3224;
15.8379;
17.7619;
19.7145;
14.727;
15.4893;
20.9997;
30.195;
23.7865;
20.6285;
27.648;
11.1961;
10.2747;
21.2614;
26.1504;
24.7974;
27.0871;
20.2228;
16.5706;
22.5391;
15.5768;
25.1221;
22.8464;
17.1702;
26.6091;
15.8468;
18.427;
20.2722;
20.8192;
15.6324;
25.7713;
20.3082;
22.4454;
23.5417;
24.7487;
24.5691;
15.8506;
12.7069;
19.442;
15.4315;
11.9428;
31.7926;
16.2135;
17.1948;
14.4534;
25.7878;
10.726;
14.6533;
20.7359;
12.4918;
17.8867;
26.648;
28.3004;
18.1998;
9.64008;
22.5774;
17.8128;
23.5061;
28.0417;
20.2232;
22.6052;
27.5113;
19.4391;
24.8733;
24.43;
20.835;
21.9478;
16.6809;
15.7575;
22.0521;
19.6173;
19.8016;
13.0568;
13.8013;
15.5973;
19.8456;
21.179;
18.5208;
30.7848;
16.2185;
18.1052;
18.4374;
17.6139;
15.1163;
18.5539;
17.1359;
25.1351;
17.9076;
17.2129;
16.6338;
30.0586;
13.3256;
17.7039;
27.2109;
15.209;
14.7272;
27.4569;
14.6933;
22.3926;
30.7228;
22.1838;
31.1091;
17.1245;
21.8622;
22.897;
15.9967;
11.8173;
32.3422;
22.715;
12.6735;
21.4624;
25.9389;
18.9898;
25.3434;
21.6107;
19.9954;
13.0196;
18.6254;
15.7542;
23.5073;
19.9426;
17.1381;
31.0557;
22.107;
17.9756;
23.1391;
19.6818;
16.7121;
14.2779;
17.2707;
21.1821;
22.1658;
18.9256;
14.9951;
19.5102;
18.9447;
25.0832;
21.8141;
14.567;
27.3537;
25.3615;
19.1759;
16.8135;
28.6184;
19.2603;
24.7999;
22.9453;
21.2849;
30.8916;
26.2687;
18.4812;
18.6096;
21.5722;
16.4693;
18.9209;
19.3082;
22.2783;
19.5109;
17.8673;
20.8007;
27.5013;
22.1328;
17.9395;
15.8324;
21.2609;
17.8343;
25.6182;
17.1455;
17.4744;
12.4509;
23.8139;
16.128;
20.0006;
24.7468;
23.782;
14.6823;
20.225;
23.9361;
29.1301;
20.8957;
26.4539;
23.1782;
18.5888;
29.114;
22.648;
24.6215;
16.8848;
18.4005;
10.3832;
16.9201;
14.832;
17.7909;
15.2365;
16.2817;
20.9382;
23.3445;
26.2266;
20.5242;
15.1195;
25.8441;
19.203;
20.2481;
30.7457;
28.397;
23.9255;
17.7819;
19.0872;
13.3477;
20.8944;
31.0398;
22.4374;
26.7693;
27.9723;
18.0196;
25.1639;
19.8116;
24.0663;
19.8697;
17.3379;
19.3514;
20.9043;
20.334;
29.1982;
18.4505;
19.5343;
17.0146;
19.7357;
14.7068;
24.8094;
20.125;
23.5107;
21.9728;
25.715;
15.7359;
15.6533;
21.7754;
23.6958;
23.3429;
18.2717;
25.3154;
16.8231;
26.6142;
16.2521;
23.8411;
13.233;
14.9406;
13.4137;
18.2972;
22.116;
20.3636;
20.9867;
23.4471;
17.8252;
19.4121;
30.7918;
21.5147;
11.8713;
19.5541;
17.1307;
18.9719;
21.6337;
13.339;
16.9078;
25.7271;
26.2367;
15.3733;
18.1206;
21.6529;
16.2835;
28.8698;
31.5751;
16.306;
16.6455;
27.1203;
29.9071;
33.6603;
24.6518;
24.7935;
23.116;
22.438;
16.1497;
19.1376;
19.974;
23.3552;
20.1725;
22.9253;
23.7629;
20.3355;
19.6744;
28.0477;
22.7471;
23.3604;
17.7641;
25.2163;
9.6392;
19.1337;
19.1144;
20.8723;
26.4441;
25.6965;
14.1177;
22.9697;
14.5726;
24.1896;
24.3479;
19.5014;
29.4093;
21.3154;
22.3465;
21.6499;
12.882;
16.6704;
20.9054;
16.9676;
13.2468;
20.7913;
24.0448;
22.2174;
26.5946;
24.9727;
15.6221;
23.2923;
17.1386;
22.9721;
24.4716;
22.6432;
28.4043;
22.3934;
18.8765;
23.9012;
15.5395;
24.122;
20.3154;
21.0454;
19.6264;
20.43;
18.3562;
19.8177;
17.8983;
22.6866;
27.1832;
15.9414;
19.489;
20.1037;
26.997;
34.8927;
20.2058;
24.2635;
20.6078;
20.6097;
20.5072;
14.604;
14.6539;
18.1258;
23.4498;
17.8006;
18.8601;
15.1728;
16.9015;
20.1712;
14.912;
17.5155;
27.4113;
24.034;
17.6734;
17.669;
20.3368;
25.0117;
23.8618;
14.83;
23.2037;
16.8162;
12.9486;
27.5717;
25.6989;
28.5678;
19.366;
17.82;
28.877;
22.5099;
20.3528;
20.7733;
25.6205;
22.8771;
19.6629;
15.8737;
13.1949;
19.4529;
20.105;
27.2747;
20.3679;
13.6738;
22.0385;
19.7143;
26.8359;
21.8038;
27.9494;
27.0895;
17.2814;
20.5722;
18.4241;
20.4986;
23.1694;
23.0695;
22.7018;
35.4301;
21.3457;
24.3156;
20.2877;
20.8682;
11.5701;
28.2685;
19.1616;
19.2631;
24.9587;
18.4524;
26.1157;
25.6414;
20.2843;
22.4457;
27.1997;
26.1402;
22.4086;
18.5483;
20.4054;
16.0496;
15.0076;
24.5484;
18.6938;
26.5946;
29.4281;
22.4144;
25.7297;
30.3317;
25.1459;
19.3323;
35.5248;
15.535;
27.6719;
16.686;
24.1626;
25.289;
19.6036;
19.4681;
21.9058;
26.504;
21.0663;
21.9833;
24.8264;
20.2777;
27.4691;
14.3186;
23.2803;
18.1211;
19.0419;
17.9533;
14.3491;
16.1537;
21.5144;
19.289;
18.8953;
15.345;
15.2015;
22.1945;
20.9457;
21.3567;
16.3708;
20.7872;
15.4181;
21.1208;
31.2784;
18.9278;
25.1688;
24.4207;
17.3659;
18.2724;
25.4292;
33.9141;
18.8458;
23.5435;
26.9713;
14.6976;
30.3368;
26.2907;
20.5017;
25.1549;
18.7559;
23.3094;
14.6319;
25.9051;
20.5887;
21.6733;
26.3855;
15.6543;
16.7201;
24.6093;
17.4637;
23.3438;
22.5197;
18.3874;
18.5717;
20.9892;
20.5619;
21.9405;
20.2936;
15.0578;
23.5461;
13.8898;
22.831;
29.6737;
16.7086;
15.7008;
17.2129;
17.334;
21.2618;
21.6009;
20.2176;
22.5417;
16.4154;
28.284;
19.2024;
21.7819;
21.1315;
24.1903;
36.1991;
16.3466;
33.0461;
22.4243;
20.0505;
27.0258;
23.2826;
23.5524;
19.6554;
15.4521;
18.5504;
13.769;
14.8745;
32.7179;
19.1504;
23.7892;
14.386;
16.289;
15.4675;
22.2572;
22.6312;
20.726;
18.2106;
20.2988;
20.1166;
22.2457;
21.2913;
24.7217;
21.814;
19.694;
13.3877;
25.9043;
15.557;
21.7221;
19.6205;
23.4723;
14.7315;
22.5862;
20.5417;
26.0822;
21.8067;
22.3539;
21.4367;
22.9656;
22.1027;
25.7472;
22.3473;
22.3095;
24.6097;
18.5864;
22.2425;
21.9673;
18.2868;
23.4286;
19.3684;
18.4298;
12.0957;
25.1737;
14.7434;
17.311;
17.821;
29.6064;
18.0363;
20.2417;
28.5642;
15.3905;
26.8555;
20.1145;
26.8568;
25.1471;
16.8288;
31.1373;
13.3355;
17.7939;
31.7181;
27.2606;
13.2998;
17.2037;
20.9415;
30.2577;
24.8826;
17.1433;
20.6399;
16.7283;
18.7586;
18.8141;
21.7763;
20.7894;
22.4661;
30.2292;
19.1798;
24.2805;
23.4599;
17.3309;
14.741;
20.0776;
20.2569;
18.6847;
21.7199;
25.2191;
23.0162;
25.5123;
17.0734;
19.4788;
22.8145;
20.9777;
17.944;
10.4236;
17.4963;
23.5695;
21.0337;
22.9588;
22.9269;
23.4967;
16.4316;
29.2749;
17.1726;
19.5739;
20.5884;
18.3031;
22.1326;
23.6991;
16.7984;
23.8233;
22.3352;
13.2005;
19.1544;
24.4039;
23.1339;
24.7581;
23.3052;
27.245;
27.2756;
16.5356;
17.9274;
28.5833;
28.6469;
17.8765;
21.2996;
19.0909;
19.4572;
14.0176;
18.7704;
28.4449;
24.9999;
17.773;
22.0025;
19.7301;
15.8957;
20.3514;
18.1455;
16.7774;
27.2361;
16.55;
27.0939;
17.0056;
22.5823;
13.4663;
26.1177;
23.5792;
20.2416;
23.8242;
16.0183;
20.0834;
23.3607;
26.3382;
21.9752;
23.8141;
25.2423;
15.9924;
16.9594;
22.0484;
24.9278;
13.7428;
12.5282;
20.7262;
23.8781;
21.8284;
15.7426;
13.467;
27.0031;
23.6924;
28.1048;
19.175;
26.2526;
18.3344;
19.8109;
24.5441;
16.1491;
18.4488;
13.8803;
25.2915;
19.7464;
20.0672;
17.7772;
22.2753;
19.496;
16.0338;
16.3456;
20.6241;
19.356;
19.2713;
18.6241;
14.2575;
18.873;
23.1331;
16.9065;
19.0925;
21.0793;
19.4706;
21.9097;
20.2924;
20.1073;
22.6659;
19.6138;
23.9135;
14.0839;
17.4459;
23.3615;
10.7159;
22.3027;
27.1635;
15.6303;
14.6301;
17.5556;
26.9024;
12.0722;
14.5581;
20.1199;
19.4837;
30.7391;
15.3628;
21.869;
16.9179;
21.5293;
19.1969;
24.0113;
15.2669;
23.3266;
21.3859;
25.6046;
21.7479;
22.1015;
21.7132;
18.056;
21.6383;
23.8036;
24.7042;
20.3892;
25.0717;
18.2583;
25.5302;
16.286;
15.8246;
19.9645;
18.1343;
23.3792;
29.9047;
19.8613;
20.5731;
20.9201;
24.8902;
16.5647;
19.5653;
20.3076;
18.0241;
14.9363;
24.9611;
18.2731;
18.3082;
16.0421;
25.4412;
15.6093;
28.8509;
22.5871;
19.3763;
16.9531;
20.9955;
33.3839;
21.7739;
25.0409;
15.9421;
18.6456;
27.3272;
16.7382;
14.7024;
28.9083;
18.1787;
20.1226;
19.7748;
25.1838;
23.7805;
19.6396;
21.0004;
20.6521;
31.7751;
18.303;
24.0905;
22.6769;
24.8155;
14.5271;
21.9903;
17.849;
14.1529;
19.0823;
13.7367;
20.7631;
12.6171;
24.1432;
18.6816;
25.5045;
19.2782;
17.9603;
22.0934;
20.0794;
15.3892;
17.3262;
15.8276;
22.0264;
25.0846;
18.4435;
19.085;
20.373;
16.5357;
21.9129;
23.3545;
16.573;
23.1626;
16.3274;
15.5355;
18.4909;
17.9786;
24.2902;
14.7656;
21.8849;
19.1715;
17.8753;
18.8573;
18.8888;
20.9995;
16.88;
26.7835;
28.9699;
19.2002;
23.6216;
24.183;
20.6273;
21.5917;
17.576;
18.7033;
18.7786;
16.086;
30.0702;
17.8618;
25.7239;
20.8969;
25.0245;
23.3;
20.96;
21.9521;
23.8986;
21.4213;
26.6014;
23.5543;
15.8751;
18.2811;
18.1638;
23.4917;
16.9328;
14.4307;
15.8915;
18.5853;
20.7823;
21.0092;
14.5914;
21.3727;
21.528;
15.3449;
17.3923;
17.4994;
18.7993;
23.5075;
17.245;
22.0659;
21.7614;
18.5773;
19.4608;
16.6422;
16.9184;
20.5289;
23.9395;
16.1999;
18.2009;
16.5557;
18.8585;
19.3;
20.8378;
17.6482;
15.6089;
21.3382;
19.7875;
20.5817;
18.5132;
24.7984;
15.1612;
22.4816;
24.4371;
17.5114;
21.4659;
14.0323;
23.4718;
21.855;
14.0384;
21.4664;
21.4444;
27.5528;
15.151;
19.4297;
14.912;
16.4014;
15.2502;
14.5372;
18.6997;
20.913;
16.7291;
24.684;
21.9155;
12.1201;
16.7027;
13.2426;
15.9782;
18.6312;
13.3476;
22.95;
21.5435;
19.5154;
16.559;
17.028;
21.2993;
15.7016;
23.0348;
17.819;
16.8904;
15.686;
25.4372;
19.7224;
21.4533;
17.8911;
20.3178;
21.9698;
21.6398;
20.0904;
23.2327;
19.5432;
19.7653;
21.2656;
20.2582;
21.321;
28.8516;
17.708;
26.3455;
19.0818;
21.568;
25.0381;
14.6768;
20.0982;
16.3452;
17.1692;
18.1778;
21.6459;
15.0701;
14.5519;
19.5881;
10.0745;
21.1783;
15.1123;
17.2375;
18.117;
23.4524;
23.9637;
23.1528;
25.2642;
19.7957;
17.1617;
16.4755;
15.5306;
17.2161;
22.2248;
15.0077;
16.8261;
14.7758;
18.0184;
15.864;
15.5103;
10.0185;
25.6168;
21.0382;
15.7838;
16.2879;
20.3073;
23.0829;
19.353;
18.3394;
16.1432;
17.6965;
10.9423;
22.1826;
18.98;
16.8997;
19.3962;
10.7915;
11.9328;
24.1109;
28.319;
15.3307;
16.7325;
13.3622;
16.2657;
15.5045;
20.698;
18.8695;
16.8611;
20.8407;
15.8466;
15.6712;
21.5519;
16.0619;
21.5203;
18.3286;
19.6993;
18.8362;
17.3391;
21.4184;
19.3985;
21.0201;
24.6487;
23.9988;
13.1822;
18.6311;
17.4841;
17.5196;
15.9265;
14.1039;
16.2777;
27.5898;
15.831;
23.4492;
19.5358;
21.5685;
21.0845;
20.4448;
13.2435;
21.9091;
18.0323;
18.0855;
22.733;
13.9001;
20.2825;
16.4942;
19.2541;
21.5907;
17.7587;
22.2736;
15.3177;
15.0446;
18.2301;
25.7717;
28.7311;
21.0325;
18.2804;
16.6568;
13.0795;
11.2434;
19.1899;
17.5386;
17.0034;
20.988;
18.8146;
22.7692;
16.8461;
25.3329;
17.1373;
19.1753;
20.4992;
17.4606;
17.2372;
16.6205;
14.2815;
29.056;
17.7977;
28.1936;
27.7174;
14.6388;
18.256;
20.841;
14.1263;
17.3621;
28.0424;
26.1572;
18.8263;
14.6898;
23.2747;
20.3241;
21.9707;
19.5093;
17.2359;
19.2726;
14.7123;
18.93;
18.8895;
16.6756;
15.057;
19.405;
14.3894;
18.7437;
17.5762;
19.1204;
13.0697;
23.1489;
17.1432;
15.5533;
16.593;
16.0408;
17.4883;
10.2392;
16.1849;
18.7214;
11.2676;
15.3317;
19.8636;
14.0947;
21.3653;
16.3877;
16.1597;
19.3055;
12.694;
19.7308;
16.8725;
15.6925;
20.8269;
16.3579;
20.9861;
13.4318;
20.3207;
15.9213;
18.0281;
13.1274;
19.5543;
19.9255;
12.4176;
17.9537;
22.3608;
17.9872;
14.9139;
17.0275;
15.2373;
25.4742;
23.6896;
13.9211;
19.2499;
21.3488;
23.1168;
11.1804;
18.8838;
14.7916;
19.4592;
19.0349;
18.5218;
15.1674;
19.5834;
16.0004;
10.8685;
16.835;
16.9566;
16.0068;
14.9017;
15.7644;
24.7998;
16.1027;
22.0732;
16.3584;
16.6699;
12.3524;
13.4812;
16.291;
17.6923;
11.3031;
17.8507;
16.7702;
19.3527;
20.9919;
18.0875;
21.6858;
18.2218;
16.0073;
17.8905;
14.8234;
15.4267;
20.9431;
20.9542;
21.1861;
20.5952;
16.9924;
18.3012;
16.8984;
14.5873;
17.0326;
16.9622;
17.8072;
14.1239;
22.2359;
16.6334;
19.2698;
13.4769;
17.005;
16.1248;
27.4393;
16.2046;
19.1936;
13.3272;
14.2461;
22.041;
19.2288;
14.5027;
13.9186;
12.9645;
19.3614;
22.0572;
15.696;
18.0362;
13.321;
20.9237;
20.9647;
15.1844;
18.3766;
20.2591;
20.5819;
18.2293;
20.5474;
17.231;
24.1706;
29.5523;
17.641;
16.1711;
13.8394;
15.2358;
19.8127;
18.8175;
17.6957;
17.4607;
15.3895;
21.4515;
23.1288;
18.8715;
20.972;
20.039;
15.2775;
18.0766;
17.7873;
16.2888;
19.4915;
18.3413;
16.5897;
17.8635;
17.1851;
13.5055;
16.8608;
16.2373;
20.5239;
16.7306;
18.2575;
14.3683;
13.2786;
22.9438;
17.4009;
16.2494;
14.539;
24.2178;
20.0812;
19.6009;
11.1664;
13.9364;
15.0259;
19.2462;
22.8877;
16.741;
18.0157;
16.2771;
18.117;
22.9782;
11.5218;
14.9658;
18.8886;
16.4389;
16.8165;
15.4752;
17.3275;
18.5399;
12.473;
21.2859;
15.8734;
18.4886;
22.0204;
13.8336;
15.1998;
13.9841;
11.0808;
20.0659;
18.4734;
15.87;
14.1505;
13.5015;
18.5241;
15.9771;
20.5207;
15.9051;
20.7837;
13.1692;
17.2417;
18.3787;
19.822;
16.2328;
12.587;
17.1262;
17.6153;
19.1235;
14.1767;
11.6371;
16.0348;
16.6954;
18.5325;
18.6505;
18.4015;
21.3683;
20.9482;
22.158;
11.9621;
18.8902;
21.9127;
11.916;
12.4379;
16.8168;
20.8647;
15.4438;
11.445;
18.235;
18.9457;
19.7364;
14.8152;
15.953;
17.5104;
13.3761;
13.6033;
9.21388;
14.6642;
13.772;
14.7065;
22.1241;
18.3504;
17.2062;
19.7082;
21.5713;
18.4714;
16.1925;
19.7524;
13.9988;
12.5879;
14.2856;
14.3357;
21.1481;
19.4822;
16.6672;
17.7955;
10.6451;
20.9954;
20.8025;
15.2179;
22.0815;
13.4218;
17.5451;
19.4657;
10.4054;
21.2344;
15.1763;
20.4394;
15.3467;
22.5679;
13.9864;
20.6153;
18.2846;
17.3263;
17.1691;
21.2845;
18.3561;
16.2828;
14.9944;
9.23202;
19.6186;
21.1424;
18.7986;
18.7898;
14.8947;
15.9419;
19.3173;
16.8706;
15.9866;
13.6636;
21.7822;
14.658;
16.146;
18.6562;
17.7515;
13.0666;
13.7872;
14.8145;
18.4438;
15.784;
22.2586;
19.2827;
16.608;
15.8581;
16.2228;
23.2475;
19.5217;
14.4702;
22.8803;
10.7862;
16.9632;
14.4213;
21.9243;
18.0661;
22.105;
15.9774;
15.5042;
23.5549;
18.0443;
20.4445;
14.007;
12.8099;
14.5637;
13.1315;
15.393;
18.1893;
15.4119;
13.1706;
24.5489;
16.162;
21.4495;
20.5914;
13.8569;
20.0667;
21.7092;
24.2776;
20.7907;
16.8689;
17.4364;
13.9957;
24.3401;
17.4534;
24.219;
12.4736;
14.0771;
15.5921;
16.3037;
13.3372;
20.3113;
17.5766;
17.8743;
19.2084;
16.7903;
16.6497;
17.6815;
15.1137;
18.0999;
17.6593;
15.629;
16.4279;
22.4113;
13.1677;
11.7582;
14.7141;
22.5456;
11.8105;
17.2141;
20.5384;
17.0709;
17.0674;
18.2961;
17.2759;
14.0683;
20.0713;
16.9131;
14.703;
22.8401;
13.9465;
16.8388;
15.6735;
20.7036;
17.1769;
14.98;
23.7461;
16.4153;
14.7142;
16.986;
16.8572;
12.1705;
12.9905;
13.1434;
17.2833;
20.4167;
16.1431;
19.1926;
11.4781;
11.1374;
20.3391;
13.1069;
12.2141;
15.9391;
21.9275;
15.4121;
13.5939;
16.3103;
11.0486;
18.9146;
16.7332;
16.4422;
15.5831;
15.7995;
20.3764;
19.2503;
16.8475;
11.891;
11.4127;
12.5338;
14.7088;
12.2464;
16.1985;
13.0041;
14.2043;
20.0465;
14.4205;
17.6078;
12.2902;
19.1961;
16.9269;
14.0061;
16.2643;
16.3186;
18.3083;
18.7299;
16.9252;
20.5506;
14.4339;
13.3775;
17.3443;
16.7776;
22.0363;
9.03284;
23.4506;
18.7167;
12.2367;
17.09;
14.789;
14.0863;
21.9852;
18.5494;
16.8943;
14.4248;
19.9475;
16.5014;
12.9119;
17.1948;
13.3713;
16.4693;
13.0798;
17.2375;
14.0635;
17.2929;
17.776;
14.3943;
14.1639;
15.27;
17.2524;
13.0281;
14.4789;
13.1848;
17.1891;
14.046;
19.8418;
16.5961;
14.4151;
16.1506;
17.4154;
16.2674;
14.3472;
16.8589;
17.1465;
17.0394;
16.662;
16.3487;
10.6414;
16.7215;
14.6538;
13.6387;
15.8706;
16.3933;
13.6246;
13.7292;
12.3112;
18.6335;
17.4488;
12.4894;
12.8843;
21.7569;
18.3148;
17.8359;
19.357;
16.2084;
13.2099;
16.6258;
17.5661;
17.0033;
13.5973;
14.9425;
14.5487;
23.5037;
13.4523;
10.7835;
15.872;
16.6528;
15.0099;
12.6686;
18.3353;
15.4314;
14.0469;
15.5779;
17.0892;
15.3072;
10.6505;
15.8169;
11.7071;
14.19;
16.8587;
12.8082;
10.0269;
12.1681;
20.8151;
10.2516;
20.8549;
15.948;
16.6579;
15.4027;
16.54;
15.9596;
11.0076;
21.2277;
15.9644;
17.702;
12.5899;
17.5408;
14.4863;
13.8618;
16.1193;
13.8548;
12.2898;
17.6237;
17.6721;
16.996;
15.2225;
18.0645;
16.5006;
14.5177;
14.3479;
17.4032;
18.8477;
11.9642;
14.7068;
12.8314;
16.1183;
12.8728;
21.4271;
20.3088;
15.521;
9.7822;
18.2846;
18.2129;
18.0722;
17.6836;
17.0377;
10.3056;
13.2145;
17.476;
20.7901;
14.2309;
16.446;
6.95068;
17.0528;
14.8489;
8.92889;
13.7995;
15.1326;
18.8553;
17.5736;
14.7901;
18.1404;
17.607;
11.4956;
21.0899;
20.6109;
17.5984;
15.8037;
14.2255;
24.2523;
17.0306;
15.4799;
15.1048;
20.041;
12.8324;
20.279;
14.9245;
13.2634;
15.2909;
13.8825;
18.8017;
12.8148;
20.8249;
12.9345;
15.4603;
14.6851;
16.7515;
22.2762;
15.5443;
11.7095;
13.6365;
10.1101;
17.0153;
16.7721;
13.0728;
15.9987;
11.3621;
13.8202;
21.4998;
16.7113;
9.7869;
10.589;
15.4541;
16.6015;
16.2232;
13.5278;
16.011;
20.4788;
21.992;
15.7454;
14.6717;
13.6528;
14.6387;
18.8321;
13.822;
11.591;
15.3065;
20.0479;
15.2152;
16.5551;
12.8668;
13.6912;
16.407;
21.1853;
16.4343;
21.8159;
9.2512;
9.04395;
13.6789;
17.8589;
14.7643;
16.4464;
16.9503;
18.2405;
12.8841;
19.5728;
17.8519;
17.0821;
16.9337;
13.2991;
17.0599;
9.24273;
15.4618;
9.77389;
15.1215;
15.7884;
17.8939;
11.3194;
15.177;
21.919;
13.485;
15.1583;
17.15;
11.072;
17.429;
16.5446;
11.8763;
12.0396;
18.5005;
19.4386;
18.0874;
12.9522;
15.0452;
12.4604;
14.4824;
12.2676;
10.8809;
9.90274;
18.2468;
9.5033;
8.32069;
9.98984;
13.4457;
13.9725;
16.3303;
15.4721;
10.6979;
15.522;
17.4074;
10.7578;
12.6157;
13.3865;
20.2277;
14.8247;
20.1737;
13.5645;
19.4637;
15.5134;
10.0808;
10.037;
15.3125;
15.415;
13.1472;
14.2777;
15.9052;
15.4837;
12.9861;
12.5976;
17.3478;
12.9693;
11.5374;
21.7988;
19.0495;
13.0088;
14.1256;
10.3501;
18.1446;
14.2815;
12.909;
13.6095;
11.8596;
13.3656;
9.70526;
24.353;
12.8304;
10.4785;
13.1364;
13.4962;
13.7001;
12.4405;
11.54;
16.024;
14.5528;
16.1597;
13.6298;
15.2568;
11.7994;
20.5986;
13.5533;
15.3217;
17.2693;
18.2602;
12.868;
19.0091;
15.3255;
12.4797;
21.4666;
10.2682;
17.507;
11.2397;
11.7573;
13.0263;
14.0336;
13.3877;
9.74998;
18.6594;
10.0093;
10.3344;
15.7354;
13.2427;
18.9163;
12.9273;
12.2971;
16.5058;
12.9805;
11.2666;
16.1265;
12.4736;
13.7637;
9.793;
14.4302;
16.7621;
8.76365;
13.3345;
14.1325;
18.1189;
10.0931;
11.3276;
13.1617;
11.5849;
18.1644;
14.9984;
10.3686;
10.7941;
20.6039;
13.7145;
16.611;
13.0512;
13.4577;
14.1048;
13.2009;
16.8162;
13.8624;
10.149;
9.25272;
12.2836;
11.1918;
12.0314;
15.1934;
12.0277;
18.051;
10.6651;
13.2241;
11.6986;
14.1479;
10.9245;
18.8892;
14.6307;
10.8945;
13.5248;
10.6292;
16.1364;
13.72;
13.3531;
10.6367;
13.3818;
9.56184;
16.1839;
10.1292;
14.655;
13.8282;
11.9614;
18.267;
14.8726;
11.8325;
12.5135;
13.7681;
13.6554;
11.3947;
10.9893;
17.3812;
15.1448;
15.543;
16.1289;
17.9708;
12.0079;
12.7808;
20.087;
13.9853;
15.9163;
17.0708;
15.7075;
13.3737;
13.7602;
15.0277;
12.7934;
11.2915;
13.9055;
8.08582;
15.5777;
7.54182;
14.8066;
21.1086;
20.9426;
13.7921;
17.3267;
15.4797;
13.1912;
8.92132;
20.9522;
17.3677;
11.5714;
16.2302;
16.2004;
11.1954;
16.7301;
14.583;
11.9797;
12.5495;
9.42304;
15.5486;
16.3602;
14.1428;
15.2343;
19.2394;
16.434;
17.5475;
11.3633;
16.6243;
14.8508;
15.1403;
9.03413;
13.0123;
15.0118;
11.7442;
15.8889;
14.4607;
14.7632;
14.2051;
13.6916;
15.7176;
13.288;
9.28072;
20.5076;
18.4861;
15.6295;
15.825;
16.4277;
16.5015;
17.8809;
11.7377;
16.0363;
15.9382;
15.8368;
15.8941;
16.9526;
10.6747;
9.37402;
13.2951;
17.8112;
19.4118;
14.4866;
17.3489;
16.1874;
11.8068;
11.9177;
13.2451;
13.8827;
10.293;
9.69502;
12.7356;
13.4664;
13.2803;
16.4443;
15.0218;
18.1313;
15.3179;
20.8115;
12.8605;
14.2046;
12.9839;
17.4463;
12.1192;
11.2299;
15.0535;
11.9229;
17.7551;
10.2987;
14.1374;
12.16;
15.7085;
13.1898;
12.1313;
9.53814;
14.3196;
14.8955;
10.308;
13.0377;
16.4517;
11.0592;
13.2913;
18.0038;
14.9017;
19.9879;
7.9432;
16.5702;
14.4631;
15.7134;
16.7289;
15.4778;
13.39;
15.2358;
12.3789;
9.73245;
18.321;
13.4538;
13.113;
10.5092;
12.9045;
13.0796;
12.5922;
12.0367;
13.367;
14.2811;
9.57007;
11.1298;
17.1588;
13.9073;
13.3818;
10.0816;
9.8777;
22.9041;
15.9689;
11.3075;
11.5425;
10.2055;
11.7796;
12.431;
9.3971;
12.9247;
9.19796;
16.7224;
15.4522;
14.1466;
14.5543;
19.2358;
14.9947;
10.8625;
15.7418;
12.1661;
16.2435;
16.4055;
16.3785;
11.8746;
14.1567;
15.2367;
13.2505;
15.6969;
14.9805;
10.6716;
17.5574;
9.76325;
19.0569;
15.4481;
21.2353;
18.7814;
18.2705;
13.6593;
14.0641;
16.4926;
13.2097;
15.6312;
16.8727;
10.9538;
16.2819;
12.7097;
15.8805;
10.2209;
15.4845;
10.8463;
13.6245;
12.5486;
11.3468;
8.45035;
13.6441;
13.7203;
17.2276;
14.4024;
13.961;
10.6495;
10.1958;
12.5405;
10.9707;
11.6455;
12.396;
13.1149;
12.2414;
11.9795;
16.1234;
13.5157;
15.8064;
17.9784;
14.0042;
18.6151;
9.94856;
12.7618;
15.5742;
10.2537;
12.9129;
10.749;
12.2711;
12.2375;
13.6077;
12.2603;
10.9208;
14.3391;
19.9492;
12.4384;
14.2988;
10.9562;
12.3123;
7.73125;
13.1477;
17.1274;
11.6918;
16.3781;
12.5004;
12.7327;
11.3491;
16.0866;
13.2438;
16.0603;
15.6991;
16.6857;
12.3382;
11.0848;
11.6029;
10.8684;
12.6326;
12.5685;
9.72511;
11.7384;
16.3792;
15.7941;
9.46733;
8.15301;
14.4733;
15.0408;
15.2413;
14.5974;
12.1761;
9.08275;
9.4167;
14.1284;
17.8292;
11.3607;
13.7458;
11.0763;
13.0285;
12.7164;
13.3876;
12.2047;
10.7588;
13.5474;
15.3977;
13.699;
16.8892;
11.4191;
12.2522;
15.5054;
14.8761;
12.447;
12.9903;
12.2256;
11.5864;
10.9094;
12.1983;
13.0974;
14.7748;
12.3916;
18.4019;
16.5966;
11.189;
13.6026;
9.81732;
12.0162;
9.72948;
10.5991;
11.3807;
13.4173;
14.0867;
12.701;
16.6972;
13.3808;
11.8102;
10.4106;
9.32112;
13.4788;
10.2024;
11.6904;
9.11121;
10.1475;
15.8448;
9.32503;
19.9606;
12.3809;
14.4245;
11.5017;
13.5866;
13.9107;
11.1629;
16.6147;
12.0995;
14.8849;
9.98642;
13.123;
14.5401;
10.3335;
13.7828;
14.5998;
15.4026;
11.898;
13.6745;
10.8017;
13.3805;
12.1897;
8.2567;
8.54897;
13.2781;
11.6975;
13.5618;
15.3408;
11.6899;
9.76104;
10.1211;
12.6852;
18.6282;
10.5985;
10.217;
12.9418;
9.01746;
8.64846;
9.28548;
20.1691;
12.2269;
10.1859;
16.0991;
8.66764;
12.8021;
11.6905;
15.3903;
11.5076;
16.5323;
8.04075;
13.457;
18.7829;
14.1251;
18.6067;
16.9233;
13.5441;
16.9858;
11.52;
10.3923;
9.58838;
14.6477;
13.6662;
18.498;
11.9593;
11.2022;
10.8232;
8.00691;
9.13078;
16.5623;
13.0581;
12.5932;
12.1075;
14.2411;
14.477;
12.4549;
12.2459;
12.1793;
16.361;
12.2164;
18.5766;
12.0376;
16.0804;
12.8213;
9.97736;
13.7602;
15.2093;
12.9253;
9.59894;
9.35796;
10.151;
9.69577;
13.5617;
10.8522;
8.04965;
10.1827;
16.1769;
11.6791;
13.8135;
15.3243;
9.5319;
11.1721;
13.4474;
11.3082;
9.87;
7.64622;
15.8976;
8.76886;
16.4129;
15.9668;
14.7124;
10.3955;
12.2001;
12.5918;
10.7092;
12.2333;
12.8609;
9.69695;
12.5132;
11.6686;
10.721;
8.47988;
11.797;
11.5322;
12.941;
8.68547;
15.6334;
13.6634;
11.432;
14.0539;
9.0935;
10.5745;
12.8736;
10.5716;
14.159;
13.2756;
9.93628;
14.6213;
10.9807;
10.4239;
8.66209;
8.97828;
10.4513;
5.88139;
12.3731;
13.5799;
14.5318;
15.6311;
12.2824;
13.5304;
8.95012;
16.8737;
10.5504;
15.0812;
13.0739;
9.81414;
14.5923;
12.0505;
11.2226;
10.0627;
12.8349;
14.9185;
13.3772;
16.5873;
12.8061;
11.3464;
11.7532;
11.8857;
13.2832;
11.4491;
13.0058;
14.364;
11.6131;
9.51791;
14.5529;
10.3348;
14.2788;
13.054;
11.169;
8.63173;
14.2372;
13.1678;
10.0171;
19.5934;
8.86013;
12.2469;
13.3798;
11.627;
13.4661;
13.9939;
10.0004;
15.5108;
15.8003;
13.6281;
14.9302;
14.2671;
12.2374;
12.4699;
10.0613;
12.2748;
11.593;
14.8237;
11.9706;
14.5581;
13.0973;
13.4909;
9.8979;
13.8939;
12.5711;
10.7967;
13.5715;
11.3563;
20.771;
16.2351;
14.6772;
14.684;
12.7407;
12.4591;
11.1438;
10.4173;
9.73639;
9.80835;
14.717;
13.0836;
15.5227;
14.3304;
13.5086;
12.118;
10.2588;
8.09455;
12.4374;
15.1907;
8.45638;
11.0481;
8.7334;
11.6706;
17.4749;
12.3666;
14.1733;
10.6803;
13.136;
13.1999;
15.616;
11.5387;
11.5511;
8.72922;
9.20911;
14.8898;
12.2175;
15.4262;
10.4456;
12.4508;
11.7709;
11.3431;
6.89232;
11.0609;
9.48596;
14.4846;
17.4059;
9.80827;
12.3071;
9.91908;
9.74465;
9.90581;
11.9341;
10.2488;
10.4863;
12.5018;
17.4557;
12.5878;
14.7582;
11.4133;
9.92438;
12.8743;
9.83865;
9.83028;
8.79326;
13.0247;
9.0559;
12.2774;
14.0259;
15.5758;
12.8936;
14.1127;
8.13529;
13.6748;
11.3621;
8.67467;
14.8272;
12.5235;
8.49286;
10.6591;
12.8607;
8.84753;
11.9436;
10.4859;
14.3572;
10.1702;
14.7596;
7.44395;
14.6314;
12.0723;
9.71451;
6.66256;
11.3144;
10.4441;
16.2076;
7.76987;
10.9424;
15.4077;
13.785;
16.7298;
12.515;
11.5227;
11.7955;
14.2732;
7.31935;
14.2046;
13.5479;
10.8379;
12.317;
10.0637;
16.5757;
8.13814;
13.7694;
11.6515;
12.4645;
10.9352;
13.2586;
17.036;
10.4722;
6.6179;
11.3915;
11.3873;
13.5137;
12.8016;
14.1389;
11.0853;
12.2099;
13.8592;
8.89202;
10.9479;
12.429;
13.1754;
12.9521;
17.3078;
14.9499;
10.7726;
12.6719;
10.3492;
14.2279;
11.4824;
10.0093;
17.7684;
16.4442;
11.1715;
10.0816;
9.23394;
11.4011;
10.2067;
13.7562;
15.0935;
11.9872;
10.9877;
11.2828;
10.4264;
14.3593;
9.69124;
9.06533;
10.2354;
11.6266;
9.11682;
12.0005;
12.7018;
13.6242;
12.4055;
12.7892;
11.5241;
9.60472;
9.77957;
11.5291;
10.0891;
12.4994;
13.4105;
12.5698;
12.4573;
13.2649;
10.5133;
15.5115;
9.91414;
14.2204;
10.7395;
12.1354;
13.5316;
9.30496;
8.27675;
10.6017;
11.101;
11.9338;
13.6164;
7.27511;
10.9472;
11.1889;
13.3434;
10.7771;
11.009;
16.0296;
11.5195;
11.0039;
11.2945;
12.986;
8.72194;
8.4214;
10.6716;
12.0302;
8.80608;
11.8016;
11.9097;
14.3672;
9.22297;
15.6875;
9.36786;
8.85386;
13.0628;
11.3317;
9.48876;
10.3886;
11.5949;
12.0525;
13.6247;
9.7079;
8.22614;
8.93893;
10.4468;
15.5444;
12.9711;
11.746;
11.0653;
13.9746;
8.84935;
7.7232;
11.3395;
10.5989;
10.1064;
10.2264;
11.9286;
7.66515;
12.2255;
13.3847;
12.0073;
7.84608;
9.28433;
13.1087;
11.2297;
8.8763;
9.51615;
11.1567;
10.0988;
9.88387;
12.4878;
12.1516;
11.4683;
7.24179;
13.5996;
7.92659;
10.3425;
9.70199;
7.36006;
12.4097;
14.5124;
14.2463;
16.6519;
12.1745;
14.1624;
14.0695;
17.8433;
11.7127;
12.7756;
8.03749;
13.8025;
11.9528;
8.90212;
12.3114;
12.1409;
10.9217;
14.1527;
17.9013;
15.6992;
15.4991;
11.9369;
19.8089;
10.9437;
11.4428;
11.9432;
15.5795;
7.71723;
13.8933;
12.5526;
10.6016;
7.08168;
10.642;
12.7943;
10.2967;
12.0322;
6.16936;
16.1688;
13.1064;
12.7499;
13.0503;
14.2794;
13.2736;
8.06773;
13.7625;
14.5379;
11.522;
9.56629;
12.7184;
8.21542;
8.70309;
10.6367;
11.25;
10.8399;
9.88425;
13.6542;
8.99542;
9.20627;
11.5777;
9.85891;
13.9906;
5.70904;
11.1355;
15.1343;
12.8709;
8.59533;
11.6409;
11.435;
13.6561;
12.5887;
10.359;
13.0341;
11.5599;
11.4637;
10.6755;
11.8046;
10.4163;
8.37792;
10.0874;
11.8925;
9.45766;
10.1659;
9.83927;
11.5667;
10.5758;
13.4049;
8.20427;
8.40378;
9.70973;
11.5129;
11.0947;
9.85052;
8.90048;
7.05237;
10.0324;
8.68446;
10.554;
9.91397;
8.57196;
15.1374;
8.85016;
8.60326;
14.2809;
12.3602;
10.4294;
11.4008;
11.168;
7.79084;
10.0632;
9.25954;
13.1958;
14.184;
11.9442;
10.3999;
14.0617;
13.5036;
14.093;
8.1128;
7.6416;
10.1624;
9.87179;
9.8439;
10.1949;
8.07284;
5.42974;
8.65384;
8.71745;
9.3234;
12.9376;
12.8394;
9.76039;
8.96589;
10.7972;
10.6475;
10.2266;
16.6906;
9.37719;
10.4764;
9.14857;
11.7571;
11.6982;
6.11038;
15.004;
10.1994;
8.49257;
10.5184;
7.80934;
9.77252;
11.692;
13.4539;
12.5178;
15.9388;
8.40185;
7.45866;
10.8389;
10.8786;
9.90725;
9.25664;
10.02;
7.83661;
7.2349;
8.56905;
9.43088;
12.4908;
10.5543;
9.95948;
8.35202;
9.84076;
8.91615;
8.28319;
4.8116;
11.6148;
13.6778;
9.39428;
10.5183;
9.68286;
13.506;
9.38715;
15.4584;
11.3367;
7.38478;
9.15504;
11.418;
15.6678;
8.15815;
8.61517;
9.13228;
14.1434;
11.7444;
11.3402;
11.1621;
15.749;
13.0133;
11.8796;
11.8488;
10.865;
9.44048;
12.2097;
11.4925;
7.84441;
8.54475;
13.5529;
9.38537;
7.90658;
12.5668;
13.1034;
6.90442;
9.98787;
12.22;
9.2904;
14.3783;
13.1711;
14.5367;
14.1555;
8.90216;
7.83574;
10.4485;
7.31132;
8.50621;
7.66303;
6.71769;
6.71725;
9.43391;
10.1454;
10.8261;
7.254;
10.8126;
8.41095;
6.22979;
8.85705;
10.5416;
14.1802;
7.92902;
7.83548;
9.03846;
11.2481;
11.4382;
12.7039;
14.4329;
13.73;
10.4863;
8.0562;
10.3701;
11.9316;
9.95004;
12.2749;
8.51651;
9.43509;
10.3356;
7.40197;
8.23088;
10.4883;
9.88623;
9.69324;
7.60118;
11.1498;
7.57627;
10.2933;
6.49906;
10.1169;
5.43418;
9.55982;
12.1236;
14.1901;
16.22;
10.8005;
7.72583;
11.729;
13.1382;
7.792;
10.4402;
10.9545;
7.83895;
8.63995;
10.9821;
7.48797;
13.4701;
10.3028;
7.7813;
10.3108;
11.3214;
10.6833;
11.0728;
9.96859;
6.33426;
12.0066;
8.37747;
8.7048;
10.2378;
10.8022;
11.694;
9.73632;
5.38277;
12.8549;
8.0519;
11.7922;
14.851;
14.5229;
10.5849;
10.2592;
6.76484;
10.1497;
8.69558;
7.50019;
8.89266;
7.73848;
12.3417;
6.39865;
6.47039;
9.5733;
4.96886;
10.8561;
10.2514;
10.8525;
9.79097;
9.24916;
9.46976;
6.71576;
10.6787;
8.09255;
8.40979;
7.78017;
12.4567;
8.36032;
12.907;
8.58936;
9.3308;
6.2746;
9.47031;
9.41473;
9.6343;
7.83383;
6.17618;
7.83454;
9.74903;
12.0307;
10.019;
9.60362;
8.49968;
10.4794;
9.40869;
15.1303;
9.05944;
18.5996;
8.42286;
12.6954;
11.1244;
6.98595;
9.46122;
8.11696;
10.2984;
18.613;
7.55403;
8.75004;
9.01689;
10.0246;
13.3654;
6.82538;
7.64653;
14.423;
11.2341;
10.0193;
10.6573;
9.62064;
11.5178;
14.0044;
9.67736;
8.11872;
9.69292;
9.48259;
12.9434;
10.7698;
5.69659;
9.0923;
8.68398;
5.12908;
10.8548;
10.1919;
9.56722;
12.9103;
7.05406;
10.0318;
13.9631;
7.23068;
11.6434;
11.3022;
9.05171;
10.3711;
9.57453;
8.82768;
8.81975;
12.0027;
11.2277;
9.944;
8.76862;
9.97267;
9.9482;
9.74166;
19.341;
11.1173;
9.61153;
11.0408;
7.96379;
7.00747;
9.21261;
7.89983;
10.3787;
8.72523;
8.83961;
9.64601;
7.29293;
6.7395;
9.56655;
8.04984;
6.20693;
10.0402;
8.50087;
12.6442;
8.21428;
9.96002;
11.9433;
5.92567;
12.8622;
8.82236;
10.8593;
8.23479;
11.6118;
9.63238;
9.36056;
9.12661;
11.4639;
14.3192;
6.37252;
10.8948;
7.82489;
13.7022;
8.45781;
10.8173;
9.80017;
9.03029;
10.3094;
13.5565;
9.56753;
11.7787;
14.8759;
12.3214;
11.8538;
9.33525;
9.42133;
10.5406;
8.44234;
8.74655;
5.93799;
10.5848;
5.74046;
7.00095;
6.55905;
9.06617;
14.7248;
10.065;
9.3716;
8.70173;
13.6504;
7.06788;
7.55092;
9.93504;
6.70231;
14.0381;
13.9066;
11.4267;
7.99868;
8.89937;
10.7812;
8.69545;
7.24447;
11.1211;
7.838;
5.21382;
13.5203;
8.97854;
10.0072;
10.8574;
9.8554;
9.08942;
12.871;
11.5906;
11.6988;
8.80501;
7.85717;
7.63464;
8.7644;
9.6054;
10.6742;
10.2429;
9.06378;
7.43326;
9.50681;
11.4525;
8.698;
9.84678;
11.2169;
10.2079;
12.4635;
9.18046;
13.5399;
10.5918;
9.25808;
10.5594;
9.29042;
5.81422;
8.00444;
7.39875;
11.4153;
6.3679;
9.76339;
10.0495;
10.0055;
7.82124;
10.2777;
6.86814;
8.39818;
12.1954;
5.98623;
7.00549;
9.29933;
8.53407;
7.28557;
13.9932;
8.47609;
10.1812;
10.6714;
7.98997;
6.75822;
7.97785;
9.43538;
6.98913;
11.8255;
9.80174;
9.68146;
12.9414;
9.78693;
8.78989;
9.78238;
8.70391;
7.38744;
11.2781;
8.57605;
8.94198;
8.66041;
5.11587;
7.08519;
8.017;
14.2115;
11.5104;
14.0579;
5.88044;
9.99968;
8.70875;
15.0991;
6.71861;
7.88098;
10.1108;
10.4139;
6.92383;
7.7682;
6.88743;
11.8044;
7.26193;
7.48015;
10.026;
9.04741;
9.82301;
7.39872;
7.69209;
11.9416;
12.1053;
9.42678;
11.7321;
9.35605;
8.21896;
6.8554;
9.18615;
6.61603;
6.8887;
5.79559;
12.5995;
7.67324;
5.52312;
6.58189;
9.02795;
9.80399;
7.44283;
8.69462;
7.45837;
9.81108;
11.1185;
11.5879;
10.0379;
11.1816;
10.9263;
7.88271;
9.02815;
11.136;
7.05802;
8.5991;
12.3826;
7.84412;
8.60977;
11.0661;
12.5924;
6.86161;
8.1081;
8.46868;
12.8883;
11.8349;
7.37836;
10.7998;
8.06633;
9.69396;
11.3561;
10.5288;
13.0035;
11.6281;
8.3518;
7.12563;
8.05176;
7.64011;
9.08384;
6.4982;
9.28999;
8.75958;
11.2534;
12.1178;
9.64175;
11.6901;
9.59732;
7.55492;
11.3315;
8.51431;
12.5961;
6.12491;
6.86729;
9.41654;
5.74867;
6.25869;
9.4774;
9.70489;
9.96709;
13.5929;
9.49469;
9.45705;
8.30831;
9.27298;
7.24822;
7.12554;
7.50501;
11.6954;
11.3078;
6.06665;
11.9115;
8.44722;
6.5812;
10.6144;
9.36735;
6.40752;
7.65084;
10.7977;
8.92824;
9.78918;
8.61532;
10.2197;
10.5356;
8.93932;
8.78951;
9.9994;
10.2707;
12.4055;
11.2097;
6.70275;
12.2361;
12.0068;
8.12338;
6.99514;
8.64205;
12.5758;
10.4591;
9.97354;
10.9316;
13.9416;
11.1264;
8.21491;
7.15257;
7.259;
9.51919;
8.38028;
8.83425;
10.2937;
7.04894;
8.93148;
6.01796;
8.67074;
9.56919;
6.4494;
9.61072;
8.15964;
7.9262;
8.26803;
10.711;
9.51072;
8.4794;
8.4335;
11.7873;
10.1432;
11.7815;
9.11213;
7.60037;
9.86182;
7.5226;
8.00824;
8.47771;
7.20547;
6.67396;
8.90227;
9.5453;
7.00687;
6.14931;
10.1225;
6.17046;
8.47176;
13.2127;
9.32395;
6.31193;
7.76302;
7.1187;
7.58874;
13.0009;
11.45;
9.30351;
10.5901;
8.51586;
11.7587;
11.9077;
9.46322;
10.1979;
11.189;
9.97209;
5.71634;
10.1365;
8.38217;
6.3718;
16.7889;
9.77733;
8.8594;
7.50738;
6.01605;
6.44677;
10.0118;
7.26247;
13.0044;
9.8366;
9.09004;
10.0585;
8.78607;
9.28913;
10.7358;
11.3535;
10.3776;
11.656;
8.34716;
8.77968;
5.47156;
10.9993;
7.75857;
11.1724;
6.48141;
10.9688;
9.78161;
7.16553;
10.1354;
8.79464;
8.45425;
12.8838;
13.3415;
8.48326;
10.1363;
9.48554;
7.80465;
9.47168;
9.21148;
6.91693;
10.043;
5.1123;
8.35431;
9.49425;
10.497;
9.56449;
7.70591;
10.9959;
8.42165;
9.39792;
10.7078;
8.29541;
7.54859;
8.16368;
7.26932;
13.6388;
5.13635;
10.9782;
10.121;
10.6961;
11.8837;
9.78631;
7.83165;
5.8239;
7.65026;
8.23485;
5.54881;
7.24716;
7.03883;
7.63696;
10.0234;
9.55152;
7.09364;
7.88331;
7.73534;
10.6716;
9.98517;
8.13393;
6.56046;
8.03807;
7.17712;
10.0211;
6.98686;
11.192;
7.99781;
10.259;
11.2301;
7.28249;
10.4463;
10.176;
7.20864;
4.28016;
6.47267;
8.3871;
7.79794;
8.78322;
5.93926;
10.3372;
9.34095;
12.4138;
10.4395;
5.7024;
12.489;
5.48991;
11.0971;
9.86696;
7.2206;
5.64328;
7.67663;
4.84218;
6.85346;
10.9301;
9.0339;
7.95703;
8.13535;
9.21238;
9.85615;
9.69218;
6.92582;
7.18961;
7.52708;
9.4841;
9.19684;
8.8477;
5.09256;
12.1153;
7.3519;
9.6975;
9.46135;
7.88467;
8.49824;
7.41329;
6.16781;
7.01724;
9.93316;
6.6786;
9.26428;
5.41757;
7.34406;
10.1503;
7.81498;
8.06004;
9.37972;
9.13718;
8.89877;
11.2426;
8.18194;
7.89633;
9.40144;
8.08321;
8.59896;
7.81084;
5.85245;
8.27639;
7.57745;
8.83509;
9.17866;
12.337;
7.44501;
5.91142;
8.43151;
8.84405;
7.51629;
10.8367;
9.34791;
8.771;
7.36264;
7.98566;
5.48956;
10.1849;
9.27726;
8.87366;
6.79689;
7.98349;
8.72048;
9.49846;
9.27374;
11.472;
8.45988;
8.42633;
7.53276;
8.48696;
9.19098;
9.01623;
11.7083;
10.2882;
8.77487;
8.80428;
8.47232;
6.61971;
11.0553;
7.02864;
7.47747;
9.84561;
8.64205;
10.1642;
10.315;
8.0887;
5.78475;
7.84899;
9.63341;
8.57263;
7.28948;
8.50032;
9.70899;
9.32245;
9.24329;
8.87863;
6.57072;
9.59421;
7.80653;
11.5353;
5.7184;
5.9456;
9.17626;
10.8526;
10.8112;
9.24896;
5.70204;
10.9088;
5.59057;
6.83939;
7.4444;
6.47054;
5.6861;
8.80585;
10.8846;
6.95837;
9.74673;
8.65547;
8.62992;
5.23799;
6.30219;
12.1203;
13.4189;
8.51386;
8.01373;
13.4778;
9.05291;
6.49801;
6.873;
7.56194;
4.73435;
4.50173;
9.70287;
6.04657;
6.98974;
10.1642;
10.0207;
9.92433;
7.52296;
8.34099;
7.6118;
7.88772;
10.472;
10.9817;
5.04187;
10.1297;
9.46573;
7.16955;
9.54778;
10.1745;
12.7021;
8.20496;
7.51351;
6.03889;
8.41519;
8.53104;
11.316;
9.77154;
7.24096;
11.9915;
7.24898;
8.63156;
11.3237;
7.33414;
5.59071;
9.06069;
10.7506;
4.34607;
8.76851;
8.47125;
5.63802;
14.4714;
9.24494;
7.75563;
7.94201;
6.35393;
5.77377;
11.3533;
9.82646;
7.83059;
5.67602;
6.88088;
6.56528;
9.17687;
7.49347;
12.1043;
7.63296;
8.81188;
7.82476;
4.52308;
10.854;
5.05105;
7.59574;
11.2197;
8.20867;
4.44408;
9.61392;
6.8889;
9.49067;
7.33051;
5.92814;
5.60251;
5.83832;
11.3062;
4.66469;
7.00129;
7.84638;
6.32952;
6.32146;
6.52982;
5.13582;
10.0447;
10.5008;
9.45662;
6.24527;
5.60964;
7.70559;
10.4043;
9.03009;
8.02854;
8.58413;
7.24085;
9.30433;
9.18426;
6.74265;
10.467;
7.1684;
9.32682;
5.63025;
9.4139;
6.26946;
12.0124;
7.79469;
6.53327;
9.47664;
10.3355;
8.96715;
6.08406;
8.51264;
11.0352;
8.99909;
8.44798;
9.39001;
8.03437;
13.5763;
5.13124;
8.42359;
12.2667;
13.6979;
5.40027;
9.06139;
7.07659;
9.64271;
6.86742;
7.66312;
9.37694;
8.20631;
5.55839;
7.25708;
7.225;
7.66702;
9.30161;
11.5747;
10.3278;
8.43783;
6.20449;
9.70966;
12.2472;
6.30681;
8.60283;
7.7437;
5.36435;
7.17503;
8.03523;
10.9813;
8.50842;
9.26964;
7.32195;
6.7755;
9.05596;
7.14668;
8.02403;
6.80939;
8.89919;
9.18852;
9.95929;
4.68544;
7.96996;
8.7506;
11.5864;
8.36673;
6.0038;
5.25403;
6.11841;
4.78819;
10.2569;
8.47695;
8.96883;
7.4246;
6.89181;
4.22172;
9.43313;
7.42692;
6.57168;
8.75028;
10.6136;
8.09757;
8.55025;
9.45939;
6.48862;
10.9759;
5.86192;
11.1273;
7.9772;
8.0421;
7.07267;
9.17699;
9.99987;
8.84063;
8.83774;
10.8084;
8.56874;
8.73943;
7.72958;
10.2221;
6.08533;
12.1072;
7.62685;
12.266;
3.87748;
6.96323;
10.5552;
8.99007;
10.1366;
7.56956;
5.41047;
4.32307;
9.56281;
4.56594;
7.30579;
6.02016;
5.48238;
5.83206;
7.56567;
8.37064;
5.83897;
5.93435;
7.59617;
6.96083;
8.10946;
7.49982;
8.67274;
9.22298;
10.075;
8.31237;
6.40502;
6.54;
5.88853;
4.50321;
7.31385;
7.97197;
5.81383;
7.87512;
6.74118;
6.59579;
5.30988;
7.12168;
11.3418;
7.4239;
10.345;
10.3382;
6.6276;
7.3949;
9.03629;
6.52697;
9.00822;
5.6668;
8.04071;
7.14991;
6.04429;
7.93169;
8.46043;
8.04979;
9.69296;
9.52625;
5.38239;
8.21228;
6.74788;
6.92743;
7.50993;
10.7202;
8.79069;
8.62717;
6.21157;
5.57177;
7.13563;
13.0245;
9.47708;
6.66316;
8.69487;
6.4124;
7.38993;
7.02226;
10.7832;
9.49666;
8.47361;
6.80373;
8.12113;
7.40509;
7.22827;
6.40601;
8.45386;
7.85509;
7.28743;
12.7927;
6.37534;
7.98012;
10.6288;
5.17709;
5.39314;
7.30852;
6.57785;
7.22683;
7.19433;
6.36228;
3.68032;
5.44626;
4.74516;
4.10428;
7.47294;
10.634;
7.91048;
6.07456;
7.00445;
8.48522;
6.39455;
7.5322;
4.60514;
9.40525;
8.63256;
7.52514;
6.81334;
6.81326;
6.85013;
6.94806;
8.28911;
8.38097;
10.8987;
9.94353;
6.7863;
7.31885;
7.19594;
8.01067;
8.90151;
8.56439;
9.50088;
10.7679;
6.16085;
5.30888;
7.60414;
8.03183;
6.76316;
5.37087;
6.83413;
5.40708;
12.5013;
4.237;
9.91076;
4.17674;
7.16243;
5.11418;
8.53354;
6.36475;
7.66444;
5.96136;
5.89672;
6.7549;
7.19959;
7.3124;
7.4017;
5.72883;
9.85108;
4.88082;
7.18878;
7.67868;
4.81355;
6.13515;
5.95528;
7.20856;
7.29775;
8.71463;
7.61551;
10.1858;
8.45734;
7.67347;
7.85539;
5.05259;
6.39197;
5.76889;
6.98528;
6.00152;
10.2418;
9.74426;
7.49072;
10.3397;
5.72225;
5.21257;
8.7294;
6.90463;
8.06227;
8.12035;
5.25602;
7.80829;
6.37945;
3.924;
6.1656;
10.145;
10.8546;
8.3152;
6.33588;
7.39045;
5.70178;
10.0556;
8.21235;
7.70537;
6.61872;
5.47139;
5.46476;
9.29072;
7.4769;
8.68117;
6.55687;
7.69054;
5.23086;
6.53615;
5.88377;
9.66136;
6.98045;
6.06692;
10.3049;
10.2408;
10.6649;
9.98326;
9.64285;
6.84405;
5.6563;
7.66796;
5.9579;
7.71354;
9.0923;
12.5029;
5.83213;
6.61787;
6.86245;
6.28343;
7.75555;
8.61576;
5.27004;
4.74305;
8.13745;
9.91261;
6.55629;
6.65387;
6.54989;
7.00641;
8.90761;
6.23529;
7.88362;
7.16175;
3.86393;
5.95632;
6.75309;
5.64561;
8.32205;
5.28434;
7.72367;
7.20677;
6.62377;
6.69768;
10.0346;
5.87358;
9.66152;
7.09115;
8.02896;
7.2034;
6.65064;
7.41147;
7.38201;
6.53165;
6.74268;
6.65634;
6.07132;
9.2422;
4.80645;
4.70601;
9.53577;
8.64623;
9.90525;
8.41701;
11.996;
6.8918;
7.20556;
7.78963;
9.70833;
8.90578;
11.4578;
6.69767;
7.68977;
7.03471;
9.24929;
4.76433;
8.49607;
5.69116;
11.1665;
6.85553;
7.65581;
8.49249;
5.61045;
6.13683;
7.63959;
3.93228;
9.39789;
8.00738;
6.02155;
6.68596;
9.83868;
5.28502;
4.71245;
11.9977;
7.47825;
12.1989;
7.49741;
7.82837;
6.60366;
9.09499;
7.97265;
6.757;
6.5576;
11.2528;
5.97805;
6.12675;
9.45523;
6.13546;
8.23473;
9.49482;
4.11092;
5.09092;
6.43852;
9.26755;
9.04173;
5.63667;
6.55581;
7.67923;
7.34013;
9.61043;
5.69914;
5.27473;
6.50195;
4.86948;
6.56717;
7.64073;
6.56392;
6.9809;
9.64481;
8.82026;
7.22515;
6.94833;
4.66668;
8.43834;
8.16645;
8.62407;
8.8892;
8.23148;
9.14112;
8.97291;
5.7316;
4.60697;
5.56956;
7.63435;
9.29847;
9.17243;
8.37749;
8.01991;
7.30326;
4.7239;
7.94633;
7.94659;
6.56471;
9.25263;
4.74693;
5.26188;
8.49447;
7.46911;
6.8888;
6.4966;
9.99465;
4.70871;
5.89919;
2.92887;
7.94102;
4.96121;
5.65258;
6.3182;
5.94252;
7.40637;
6.51445;
8.57923;
5.92114;
9.06932;
9.35861;
3.88398;
6.52732;
8.02515;
7.44277;
5.47188;
8.22957;
6.62818;
8.85764;
9.15961;
11.3215;
6.13364;
7.35414;
9.3594;
6.74572;
3.63195;
5.36564;
7.67599;
7.04149;
6.16685;
5.18638;
7.44462;
4.05954;
7.35552;
7.23382;
5.77486;
3.45845;
7.56045;
7.02133;
6.77773;
8.74721;
7.03959;
8.27779;
9.44884;
6.72922;
8.79887;
9.38713;
5.58218;
6.36455;
9.40366;
5.36425;
8.1306;
5.10358;
5.5109;
6.67065;
6.81314;
9.20332;
6.04696;
4.82295;
8.17371;
6.15261;
8.59647;
7.33158;
6.65723;
7.1917;
6.02582;
8.55027;
7.432;
7.38405;
5.73454;
5.43341;
4.51869;
6.52236;
7.16426;
7.41142;
5.0125;
6.42707;
5.79368;
5.96949;
9.93641;
4.84118;
8.90287;
6.18598;
9.69243;
7.77812;
8.16591;
6.22051;
4.60325;
6.05033;
5.52713;
4.92493;
9.63754;
5.47206;
6.75566;
5.81674;
5.70005;
6.49638;
7.49525;
7.73609;
8.6199;
5.28871;
4.54228;
8.35678;
7.09629;
5.99928;
6.60298;
5.87189;
6.46731;
10.3117;
8.53281;
7.22819;
6.95405;
5.28216;
3.49045;
7.80802;
4.52512;
8.50467;
9.52075;
7.56148;
6.46355;
6.34843;
7.9047;
6.32317;
6.26847;
8.41315;
4.94819;
9.45064;
7.96029;
3.65442;
6.17961;
4.76858;
4.33952;
6.19877;
7.47656;
5.95475;
6.24514;
5.71742;
5.52639;
6.31526;
5.99753;
7.41698;
5.42478;
6.80705;
7.4443;
5.36862;
7.77871;
4.21115;
8.34353;
6.41478;
6.59821;
6.76407;
8.93237;
7.28477;
8.04546;
6.81502;
9.37071;
6.13498;
5.73462;
5.4973;
8.30486;
9.49186;
6.33794;
6.78765;
6.76201;
6.1463;
5.48519;
9.31877;
6.4817;
6.08652;
3.13242;
7.58813;
8.93672;
6.75771;
10.4965;
6.42284;
5.41803;
8.11739;
8.37244;
9.36163;
7.3995;
7.58414;
5.89679;
4.82573;
7.72409;
5.75993;
7.29302;
7.04369;
9.47746;
5.75542;
10.9101;
4.82462;
7.37943;
4.79414;
7.15743;
9.94852;
9.28578;
6.43228;
7.7144;
6.56795;
5.52533;
10.8558;
4.42974;
3.27345;
5.37144;
6.5746;
8.8906;
8.66525;
7.53682;
4.26873;
9.07316;
6.2055;
5.9981;
6.0017;
7.04166;
6.07027;
6.75877;
8.32062;
10.5337;
6.33412;
5.73137;
7.04266;
5.0247;
5.66607;
5.5755;
7.21476;
4.88417;
9.21151;
4.29981;
6.10604;
6.08798;
7.6453;
5.55447;
11.086;
5.207;
5.58504;
5.28866;
8.15658;
4.71404;
4.92947;
8.4417;
7.54995;
5.40345;
5.84509;
7.3257;
4.85441;
6.70433;
8.42369;
6.42214;
7.57731;
6.65519;
6.81118;
6.43916;
5.46939;
4.98007;
4.19682;
7.31257;
5.85129;
8.3562;
10.3737;
8.88267;
5.58272;
8.62268;
5.15698;
6.27964;
7.70381;
7.45519;
8.66369;
9.94678;
5.24412;
7.7234;
6.69452;
8.11888;
6.47979;
4.30507;
9.20984;
3.6164;
9.57478;
7.45758;
5.16177;
6.81632;
6.02873;
7.35422;
7.78645;
7.42332;
6.42768;
4.67958;
6.26728;
8.56068;
6.07888;
5.7733;
9.34587;
5.24137;
3.71777;
6.77185;
4.78341;
5.81464;
6.26136;
4.28841;
5.66124;
9.13213;
5.87244;
7.11003;
5.24911;
8.30513;
8.80462;
4.72419;
9.1217;
5.53671;
9.52589;
7.65958;
7.94436;
6.43925;
5.7359;
6.65335;
4.14387;
5.53681;
3.88595;
7.02849;
5.23411;
5.8151;
8.57684;
4.67634;
8.01714;
7.19932;
7.16495;
4.62774;
9.98457;
7.40567;
7.15931;
4.87093;
6.49167;
4.90271;
4.59184;
8.85695;
7.01078;
5.73476;
11.0167;
6.52954;
7.00506;
8.96507;
7.69217;
8.72279;
3.87318;
11.479;
6.08295;
6.94964;
6.75791;
5.46627;
9.30752;
6.45251;
5.3886;
5.99689;
4.9436;
5.83398;
6.78815;
4.39153;
8.74633;
6.94428;
5.50211;
8.0985;
7.22286;
4.91535;
4.38385;
7.157;
5.79193;
7.19966;
8.90999;
6.22586;
9.06441;
4.52569;
7.17699;
4.91955;
6.11495;
5.42675;
7.38888;
7.62831;
5.10967;
5.21341;
5.63675;
5.87451;
7.33615;
10.3166;
6.5873;
4.18116;
6.21022;
5.36104;
4.46826;
8.00592;
8.86714;
5.12069;
5.2177;
6.15941;
8.73649;
6.31722;
4.45773;
9.59671;
5.64388;
5.74713;
8.52276;
6.63153;
7.51678;
9.25949;
6.24274;
6.70943;
8.25053;
5.93025;
9.13214;
5.87642;
7.26336;
6.27515;
4.7465;
10.6659;
4.72626;
5.57864;
4.67435;
4.46577;
6.45893;
6.15956;
6.17047;
6.55367;
4.77206;
4.45888;
3.64139;
7.15839;
4.74453;
6.09707;
5.43161;
5.83678;
3.89768;
6.58929;
4.59148;
8.18117;
5.02033;
6.62539;
6.06973;
5.11906;
6.21848;
6.75005;
7.51216;
5.61544;
6.35686;
7.0071;
7.21571;
6.61947;
6.43313;
10.7212;
8.01558;
5.39701;
6.3736;
7.568;
7.32714;
6.27938;
5.7277;
3.87459;
4.74134;
3.08289;
7.27377;
6.84278;
7.7657;
5.49041;
7.09675;
6.04683;
5.52062;
5.34446;
6.69497;
5.65915;
7.61827;
5.85184;
5.48775;
6.81839;
4.85124;
4.87361;
8.09816;
6.63926;
6.12024;
9.87211;
5.25938;
7.10117;
5.57902;
4.83934;
6.54231;
8.08854;
7.64461;
9.28772;
6.13771;
10.7107;
4.95343;
4.81915;
6.18935;
6.95818;
6.70153;
5.77385;
6.60583;
3.75527;
6.47847;
6.57876;
8.6078;
3.19608;
4.09893;
6.86028;
8.07989;
8.37014;
4.09391;
4.32536;
9.02386;
4.93623;
6.84487;
5.40488;
5.92902;
7.50938;
6.7886;
5.71014;
4.32145;
4.48027;
5.37947;
3.74665;
4.73661;
6.03124;
7.72082;
8.43558;
4.46221;
9.18842;
4.91173;
6.09138;
6.78485;
5.30983;
4.46229;
6.39838;
5.02046;
4.50528;
5.17299;
3.10191;
6.98901;
5.43808;
4.75049;
4.55816;
9.57577;
4.50718;
4.6636;
5.57274;
6.59564;
7.12933;
7.35776;
6.07175;
5.22084;
5.44454;
5.74607;
4.45642;
5.26229;
3.83086;
5.22181;
8.12051;
5.95674;
7.13883;
3.42772;
6.67159;
8.29379;
8.05043;
7.75691;
7.61502;
6.02331;
5.42733;
8.17064;
6.31915;
5.86125;
6.33842;
5.88693;
4.5294;
6.47068;
5.34956;
6.01026;
5.48688;
2.66856;
6.22826;
3.44926;
6.79258;
5.43941;
4.53117;
5.08779;
4.37568;
4.22617;
6.87824;
6.16606;
5.80769;
4.32299;
3.29514;
4.83007;
8.54395;
3.88803;
4.80781;
5.45651;
5.8299;
3.51126;
6.88901;
7.96864;
6.25499;
9.42006;
9.00237;
4.90174;
5.67087;
4.65173;
3.03475;
5.02532;
3.71752;
5.40305;
6.07974;
6.51001;
4.80141;
6.66721;
6.83813;
7.01073;
6.02932;
6.63969;
4.3903;
6.24958;
3.25302;
5.31246;
8.76747;
7.5459;
2.99921;
3.54393;
5.15001;
5.28303;
5.18368;
8.21697;
4.51787;
6.53779;
3.94957;
5.16581;
4.9097;
3.66796;
9.77099;
5.99342;
8.92771;
8.62553;
6.28854;
5.26407;
8.92814;
6.49434;
4.95717;
4.3434;
7.33154;
6.88688;
4.62205;
8.83645;
7.33735;
6.67767;
6.21103;
6.20452;
5.41768;
4.34004;
7.26918;
4.47731;
6.15275;
6.78611;
5.81111;
5.56183;
4.97909;
5.3474;
5.10771;
6.09579;
4.91637;
6.12325;
5.67964;
5.77638;
7.0602;
8.96205;
6.44647;
7.00375;
7.96377;
4.09115;
9.12304;
6.25391;
5.15532;
4.3951;
6.90102;
4.37701;
3.24914;
6.15294;
6.20248;
5.13225;
5.38075;
7.33781;
6.30591;
4.45754;
5.40587;
5.70498;
7.75538;
3.04043;
6.19475;
5.75114;
2.34261;
5.27678;
5.02955;
6.72808;
6.21886;
5.50669;
4.70012;
9.52304;
5.86302;
4.94472;
6.40217;
8.16455;
7.25124;
4.4751;
4.85853;
5.64492;
4.64555;
6.20189;
2.30809;
6.66786;
4.01714;
3.86445;
4.29259;
1.92285;
5.48093;
7.20463;
5.46232;
4.65929;
7.40865;
4.27046;
6.13953;
3.63273;
5.60215;
7.54699;
5.94672;
4.25457;
6.52798;
3.91466;
6.72469;
4.23984;
9.55842;
5.29049;
7.96625;
5.12861;
8.20632;
5.56072;
5.82934;
5.48387;
8.99802;
5.76639;
8.66442;
5.7815;
7.09324;
5.24619;
5.70455;
4.27375;
6.50539;
4.17191;
6.40812;
11.1187;
5.85837;
5.91731;
5.16972;
6.87032;
7.32255;
4.88505;
5.62382;
4.47759;
6.73172;
3.8812;
5.44852;
5.71936;
6.87633;
7.79702;
9.73076;
6.07558;
6.67855;
6.30501;
4.85878;
7.10353;
7.13106;
5.25549;
5.59406;
5.91813;
5.6432;
7.08373;
9.36346;
4.40271;
3.48251;
6.39184;
2.81295;
5.02627;
3.55605;
9.29063;
2.07869;
3.60118;
5.78803;
5.07615;
7.52834;
6.79997;
4.87834;
5.48914;
5.53063;
5.64883;
6.21874;
5.24097;
7.70816;
5.07885;
7.30974;
4.35911;
5.44357;
5.06102;
4.43397;
5.41993;
4.21725;
4.06088;
6.92489;
4.86497;
3.82327;
6.30519;
4.57236;
4.4403;
5.13423;
5.56277;
4.97254;
4.90141;
7.8593;
5.86314;
5.27491;
5.9956;
4.4483;
9.98623;
5.31519;
5.98802;
6.91535;
4.94298;
8.19856;
5.14967;
4.75333;
5.0008;
3.40697;
5.55663;
6.59781;
6.43094;
3.74669;
5.70516;
5.50057;
5.09444;
7.13076;
5.26966;
3.18733;
6.6253;
4.22726;
3.77999;
4.63672;
5.00984;
8.44503;
4.61798;
5.90226;
5.64246;
5.84126;
6.08494;
7.08925;
6.37251;
5.82307;
4.42726;
5.49041;
6.5049;
5.048;
4.46407;
3.99153;
5.54433;
7.38432;
4.05042;
5.11586;
8.01799;
4.72024;
5.40615;
9.12838;
3.41582;
5.71806;
4.25684;
4.8084;
9.34787;
6.02219;
6.02502;
3.67535;
4.72653;
7.0916;
4.14638;
5.53535;
3.63901;
7.80922;
6.06248;
3.77437;
5.61292;
4.25331;
4.83485;
4.61765;
5.61258;
4.54536;
4.68271;
5.41318;
4.42689;
5.55049;
8.1312;
6.10068;
3.19093;
4.73869;
5.86158;
6.86934;
2.87156;
4.94263;
6.12576;
4.49455;
5.03177;
6.84241;
5.27092;
5.65321;
6.98756;
4.50251;
4.15652;
8.71204;
5.229;
5.77902;
7.59113;
7.03929;
6.74264;
7.44665;
6.92262;
3.72771;
6.49224;
3.38379;
5.85737;
4.17634;
3.81384;
5.56885;
7.07599;
6.97634;
3.60956;
6.25628;
5.38337;
4.97641;
3.81491;
5.13079;
5.61763;
6.84915;
3.31878;
5.32086;
7.66151;
4.02687;
3.47666;
7.43902;
5.23153;
6.0245;
5.06682;
4.1983;
7.82412;
6.00004;
5.25213;
4.92342;
7.48242;
7.35263;
4.81996;
7.04451;
4.42558;
4.92635;
3.89893;
5.53676;
7.41101;
4.23164;
1.83923;
4.56009;
3.71137;
5.02578;
4.24933;
5.23144;
6.204;
6.03071;
5.03832;
5.06017;
4.06462;
6.45406;
5.28281;
8.92847;
3.46101;
7.68473;
5.32298;
6.95915;
3.71864;
6.44679;
5.09937;
4.16657;
5.94324;
4.95588;
10.204;
5.16112;
4.29408;
6.48332;
6.17043;
4.083;
5.32392;
7.46208;
5.02868;
3.07782;
6.74503;
5.23412;
5.11006;
4.44936;
6.03504;
7.671;
2.82782;
5.27972;
4.93806;
5.80131;
6.61759;
4.06448;
5.57752;
3.80732;
5.17142;
6.48662;
4.91183;
7.43101;
3.79948;
7.04178;
4.11256;
4.72504;
6.13251;
3.74164;
5.56767;
4.28128;
5.1748;
6.61535;
4.75156;
5.1475;
5.95724;
6.06592;
4.85924;
5.35295;
4.28074;
6.01271;
4.93081;
5.34503;
4.43776;
5.75747;
6.09838;
4.86424;
4.41324;
7.52326;
7.39852;
5.14618;
8.4012;
6.04371;
5.1847;
6.59169;
7.16031;
4.47531;
3.78234;
10.8704;
4.34592;
6.38016;
5.8509;
5.56922;
4.29504;
6.90007;
7.3797;
4.98299;
4.07858;
8.30067;
3.36621;
2.75668;
8.23903;
5.7344;
7.20395;
3.68935;
3.4727;
6.70029;
5.81616;
6.7646;
4.02108;
4.51379;
5.27156;
5.88761;
6.7;
5.16522;
5.96367;
4.14283;
6.01781;
5.56968;
4.30888;
6.68069;
4.12877;
4.187;
3.48772;
7.03061;
5.50193;
2.67187;
5.79427;
8.29654;
5.35241;
5.28338;
5.25329;
4.72822;
3.9744;
5.30303;
4.25445;
7.33657;
3.89141;
3.53551;
6.0866;
6.13783;
5.372;
4.13506;
7.93129;
5.76465;
4.53679;
1.94838;
4.82899;
3.96539;
2.73472;
5.708;
3.56575;
3.48083;
3.97783;
4.12741;
3.76834;
3.98339;
5.22652;
4.51235;
4.97705;
4.23267;
4.01547;
5.31223;
5.18133;
8.09412;
6.465;
4.2621;
4.72188;
5.42472;
5.72315;
4.97538;
6.16159;
5.55862;
4.16545;
6.34979;
6.86032;
7.63614;
8.44035;
4.72059;
5.08237;
5.09291;
4.59678;
7.59382;
3.38324;
3.58209;
5.95742;
5.86089;
8.07127;
6.20825;
5.37503;
3.33285;
7.95122;
6.63544;
6.21144;
4.49363;
3.11664;
5.08641;
5.36579;
5.79637;
3.33732;
3.47325;
3.75174;
4.75911;
3.59157;
4.7777;
5.87304;
3.63796;
4.07377;
4.18391;
5.54005;
4.79246;
5.52105;
4.91709;
7.17163;
3.16377;
6.85395;
4.3214;
4.56607;
4.35551;
4.63692;
2.11173;
5.63278;
3.97737;
3.3907;
4.28056;
7.7349;
4.20897;
6.43606;
4.96652;
8.11722;
2.47556;
5.63395;
4.77925;
4.44065;
6.73466;
6.81393;
2.85462;
4.60931;
2.66354;
5.77985;
7.67715;
5.62159;
7.16298;
5.56696;
7.75188;
3.17011;
3.56037;
3.85523;
5.4351;
6.87232;
4.64037;
6.05152;
6.78646;
3.72648;
6.47222;
5.94621;
3.51828;
4.75974;
5.07351;
5.09206;
3.52278;
5.24242;
4.26636;
5.33714;
5.48755;
5.02391;
4.56133;
8.05188;
6.00522;
4.16898;
6.21831;
5.55332;
5.46974;
3.14275;
6.25202;
3.41985;
5.82442;
4.58618;
4.52497;
7.57068;
5.08846;
6.28698;
5.96462;
4.91454;
5.037;
3.87176;
4.05493;
3.90406;
3.81333;
5.93122;
4.75197;
6.31879;
5.66165;
6.9442;
5.16494;
4.19058;
8.11317;
5.37371;
4.13366;
6.09563;
3.69159;
7.59286;
4.73252;
3.83583;
7.73723;
4.12969;
6.96327;
6.41317;
3.79211;
4.19702;
6.40716;
5.12272;
8.50542;
2.76429;
4.80098;
5.42479;
5.20239;
5.83262;
5.24639;
7.64257;
3.66918;
4.8267;
7.20698;
6.00626;
4.12883;
4.12004;
5.15989;
5.57262;
7.72454;
4.98713;
7.5386;
3.31731;
3.82844;
5.52927;
4.79453;
5.1274;
6.066;
7.3213;
5.81923;
4.60023;
6.16662;
5.09995;
4.39627;
6.01964;
4.89615;
3.82652;
5.01052;
4.32968;
7.61268;
7.07036;
6.35411;
3.42372;
6.97744;
3.07605;
6.15925;
2.40586;
4.86632;
4.91206;
4.70261;
7.02828;
4.3465;
0.841938;
8.55906;
5.50775;
3.19311;
7.50765;
4.02236;
5.80345;
4.48677;
7.96016;
5.81439;
7.7832;
6.59113;
4.05212;
5.26716;
3.63993;
4.83084;
6.31506;
3.92549;
8.12417;
4.77813;
3.04335;
4.93298;
8.07152;
7.52801;
4.65579;
8.28267;
3.99331;
4.90983;
5.73057;
7.77113;
3.28727;
4.80823;
5.38961;
4.47611;
3.30385;
5.918;
6.02809;
5.07238;
2.26304;
6.13832;
7.24363;
2.91575;
4.62622;
4.15574;
4.90721;
4.0344;
8.92518;
5.47783;
4.12559;
4.96446;
5.51142;
2.78032;
4.63581;
6.30266;
4.2981;
2.50455;
5.62362;
4.25518;
2.01384;
6.29671;
2.64879;
4.96901;
3.62327;
3.26918;
6.04345;
3.28563;
7.28967;
5.23719;
3.48033;
4.83789;
4.95196;
4.6678;
4.2985;
4.28017;
7.24026;
4.50707;
4.02098;
5.30145;
7.5415;
4.93254;
5.11683;
1.50574;
3.97741;
3.89838;
6.28481;
7.12001;
5.46213;
4.5644;
5.55504;
4.53313;
8.61317;
4.2064;
4.28151;
5.1598;
4.36302;
4.47101;
8.99067;
5.16395;
4.57295;
6.17699;
3.44029;
6.93732;
3.84479;
6.59349;
4.2617;
4.95187;
4.20239;
4.84143;
5.78751;
6.65223;
4.9072;
4.89619;
3.98503;
5.42836;
3.49543;
4.63993;
5.33725;
4.29204;
4.35404;
4.31252;
3.93806;
2.8757;
6.5646;
4.93598;
4.48224;
3.72913;
4.50007;
5.80446;
4.91512;
4.4155;
5.29972;
5.90023;
6.6093;
5.65139;
6.29305;
2.90436;
4.55647;
3.53077;
4.32498;
7.57261;
4.46998;
5.15589;
3.59619;
4.66712;
4.46603;
4.95116;
4.50384;
4.83857;
5.72009;
4.73308;
7.13374;
1.55392;
6.67346;
6.03347;
5.80202;
4.92245;
5.22716;
9.86121;
3.0128;
5.56003;
5.9116;
2.85129;
3.00224;
7.04158;
4.53206;
5.42399;
2.48485;
6.05972;
4.04694;
4.95695;
6.0051;
3.07394;
2.95024;
4.39647;
2.7969;
4.60757;
3.50214;
5.30005;
5.95444;
4.98358;
3.34023;
2.85649;
5.2349;
3.65865;
4.35873;
4.9055;
5.86931;
2.68036;
5.12911;
4.75654;
6.01745;
3.24403;
4.22366;
3.10653;
5.89603;
6.2084;
6.18753;
4.47858;
3.08463;
4.90325;
4.89832;
4.43113;
3.51395;
3.12714;
5.33722;
4.66084;
5.03309;
3.45827;
4.13369;
4.87214;
5.12836;
4.4625;
5.61233;
8.61088;
5.26236;
5.37211;
3.64729;
5.52041;
4.28547;
3.9941;
4.8593;
5.7739;
3.79656;
6.29587;
3.34733;
4.61435;
5.51112;
4.90047;
3.38817;
4.65305;
4.68119;
8.18943;
6.2268;
6.65585;
3.28375;
3.79876;
5.25304;
5.26997;
4.84854;
6.38081;
3.81576;
4.29063;
4.83854;
4.4867;
5.64531;
6.6884;
3.03249;
4.71332;
4.84835;
4.3716;
5.09265;
5.3868;
2.79716;
2.83752;
2.2852;
3.27459;
4.44207;
5.37412;
5.1717;
3.10949;
3.25897;
5.11074;
6.81526;
7.90649;
1.89883;
4.74583;
4.84851;
4.79613;
4.83457;
3.6687;
5.94363;
3.07625;
9.46848;
5.37676;
3.42523;
5.5594;
5.78735;
5.02751;
3.61153;
6.81588;
3.044;
2.78614;
3.33973;
6.907;
0.89249;
5.56208;
3.61193;
1.67792;
4.90522;
4.56496;
6.29141;
3.65808;
3.73003;
4.19464;
3.99199;
5.16893;
5.979;
4.13382;
6.16511;
4.58411;
5.09163;
4.82102;
5.55258;
2.45965;
6.08827;
3.9978;
4.09215;
5.51099;
3.9593;
3.86637;
6.94105;
3.75019;
4.34365;
4.11787;
3.447;
3.59001;
6.53384;
4.87109;
3.44234;
3.90146;
4.59327;
5.60981;
4.51236;
5.49149;
3.82307;
2.67081;
6.96608;
5.16332;
5.78212;
4.99816;
7.21595;
5.04077;
3.77101;
5.7123;
4.78514;
4.62006;
6.77017;
4.41599;
6.63234;
2.04992;
3.62361;
6.13025;
4.54297;
5.0384;
5.28324;
4.48493;
4.22363;
5.16398;
6.82805;
5.37962;
4.2213;
5.53799;
6.00761;
5.49644;
6.51023;
2.3047;
6.03595;
3.52951;
3.81591;
5.39911;
