3.21328;
8.54696;
4.81937;
5.58311;
6.29155;
8.37442;
3.56837;
5.33952;
6.64336;
5.23847;
3.8979;
3.2584;
2.78262;
4.41589;
5.28086;
4.77409;
17.5764;
6.16309;
16.8987;
4.148;
3.172;
2.60277;
2.87782;
3.62071;
9.02063;
7.6822;
19.5335;
15.2436;
7.82909;
14.9271;
16.9615;
8.63037;
17.0334;
4.75368;
17.7064;
5.55282;
6.48372;
16.2011;
2.63644;
17.6504;
19.028;
3.82266;
4.35023;
5.08647;
16.0729;
18.7709;
6.83704;
7.74191;
7.02791;
18.7513;
5.25926;
7.04721;
15.7675;
3.83635;
15.5504;
3.23626;
3.27481;
2.64732;
7.3597;
3.996;
3.52759;
8.56665;
6.95078;
4.2644;
10.8952;
8.38304;
2.05908;
7.63502;
3.79515;
3.29223;
8.36655;
4.77916;
4.30901;
6.4425;
8.09974;
3.93604;
17.1921;
1.75294;
4.28326;
6.33178;
3.07068;
3.2362;
16.535;
17.0143;
6.56028;
1.71557;
18.7735;
4.06879;
6.29414;
4.42367;
17.8413;
6.32469;
17.0657;
3.71384;
15.2412;
8.33225;
9.01199;
5.71989;
15.4524;
15.548;
6.87867;
17.154;
5.15628;
19.5982;
1.23656;
4.47909;
5.89636;
15.9553;
8.72388;
5.31877;
4.35547;
7.0512;
5.02762;
8.20091;
16.6575;
4.46044;
4.03416;
3.94591;
6.91054;
2.88747;
6.53956;
4.78186;
6.26116;
5.14763;
4.04296;
4.43859;
7.72256;
9.84155;
2.32226;
6.76811;
3.92108;
1.36769;
5.89712;
9.38441;
4.47481;
6.36091;
5.4615;
13.7464;
13.448;
6.56853;
5.38516;
7.31275;
4.86159;
4.00259;
7.71189;
2.52916;
8.00827;
4.3895;
2.67193;
9.03053;
6.8849;
5.36159;
5.46852;
3.67001;
6.08121;
5.97726;
18.4286;
3.31581;
5.16828;
6.18919;
7.19832;
7.44182;
4.43653;
8.73727;
5.57599;
3.99628;
11.2779;
2.14606;
7.95648;
13.486;
4.88387;
12.5151;
5.88314;
16.9531;
9.3511;
5.11661;
9.18383;
7.02899;
2.96593;
4.61098;
8.68498;
15.0045;
6.01909;
14.9524;
16.8228;
7.19688;
6.28931;
17.1025;
5.46579;
16.53;
5.82293;
6.8096;
13.676;
0.89111;
15.8764;
10.8597;
3.66067;
15.8931;
5.92449;
6.75619;
5.80917;
3.15165;
6.73988;
4.73158;
5.2;
6.86685;
4.80335;
9.8277;
7.64328;
3.66345;
5.32258;
5.08607;
5.04321;
6.8316;
6.00733;
4.75697;
5.93304;
5.3373;
10.8639;
6.60621;
5.3416;
6.60045;
8.5791;
7.21665;
3.13012;
6.78683;
7.60768;
6.43856;
5.49389;
8.07789;
6.30362;
3.95962;
6.38131;
4.52202;
6.68141;
7.01498;
4.1159;
5.48222;
2.96872;
12.5094;
6.74323;
10.3863;
8.5911;
4.98363;
6.59907;
3.85414;
7.01558;
10.7463;
7.68836;
6.52787;
5.65428;
1.50876;
4.34542;
16.4445;
20.5207;
8.97622;
1.80758;
9.60851;
4.48142;
3.40466;
8.81049;
7.77453;
15.7829;
4.2044;
6.93822;
6.41962;
6.76445;
5.56657;
5.11271;
4.8852;
9.42177;
4.93773;
14.6429;
6.15766;
7.21612;
12.7661;
6.64983;
7.35446;
4.68678;
3.01026;
6.33847;
4.24399;
17.339;
6.40783;
3.73057;
5.74524;
15.0678;
7.59411;
14.7855;
15.7016;
6.12642;
5.58631;
4.10721;
5.49661;
5.1839;
8.65927;
3.70898;
6.35703;
6.23174;
5.33917;
9.24598;
6.72347;
3.37168;
5.37602;
4.57683;
5.78647;
4.02692;
9.63528;
8.95445;
5.22561;
6.48758;
11.9988;
5.18923;
5.73862;
7.15103;
8.06467;
6.20048;
5.92766;
3.96422;
5.59391;
5.24206;
14.9783;
6.49242;
3.58926;
7.39866;
17.8209;
6.08851;
5.18476;
6.65568;
6.09224;
3.86764;
13.6376;
6.39712;
16.6091;
6.65525;
5.50667;
5.3616;
15.4139;
7.91627;
19.2839;
14.8207;
5.91816;
6.17027;
6.1151;
4.7861;
8.92706;
6.49944;
6.56471;
9.42126;
14.1807;
9.50196;
4.82049;
3.70606;
3.46482;
8.56853;
5.5704;
16.8406;
5.03195;
7.59741;
4.35721;
13.1283;
7.96231;
8.1037;
8.95831;
6.77582;
6.51582;
6.85613;
5.35711;
4.92049;
8.49006;
7.09053;
5.7246;
12.5137;
11.357;
16.1465;
6.73619;
4.48815;
3.65503;
6.30674;
2.92798;
4.6705;
7.6229;
9.05307;
6.28191;
8.31962;
3.90344;
8;
9.64594;
6.5327;
5.86154;
8.20896;
7.43448;
8.51717;
6.6148;
13.4479;
5.33013;
6.80048;
5.21274;
5.01128;
7.42121;
8.146;
4.24574;
6.25815;
11.2552;
9.92974;
7.62374;
5.92681;
4.71352;
6.66956;
15.554;
7.1119;
15.301;
6.53706;
7.99327;
7.05922;
7.01652;
5.36501;
4.47469;
8.92183;
8.84553;
7.16503;
5.73762;
6.71553;
9.19793;
9.33846;
5.81617;
8.05985;
7.07952;
4.9717;
12.114;
5.48837;
12.039;
8.27616;
6.71615;
7.35134;
8.16863;
8.10455;
14.7191;
6.60408;
5.03764;
7.29255;
6.05292;
16.1328;
20.1157;
6.68792;
14.2914;
7.96901;
5.50492;
8.56046;
6.46923;
9.99979;
16.052;
10.3594;
16.3091;
5.33225;
6.8476;
10.6046;
8.32;
17.2231;
12.9771;
5.1186;
10.211;
5.32377;
7.91163;
8.25568;
7.40052;
5.99824;
4.00958;
14.4003;
5.3644;
12.3479;
4.70136;
12.9706;
4.66217;
4.04024;
4.29273;
10.0624;
6.15457;
8.18562;
7.88236;
7.67417;
6.25493;
9.85555;
15.2531;
6.01177;
7.03006;
9.18362;
12.2753;
13.9621;
4.57319;
9.97464;
7.65704;
9.8789;
7.45199;
4.74701;
11.4222;
14.5046;
3.38214;
6.30678;
5.84473;
11.4897;
7.58112;
12.0381;
7.58449;
7.18904;
14.4293;
4.33804;
6.62371;
8.11554;
16.4299;
15.1246;
11.9193;
7.94789;
8.65251;
6.61527;
5.75643;
10.4665;
6.55423;
7.74882;
9.25792;
6.25528;
8.4089;
4.54974;
10.6937;
10.1149;
9.19214;
9.18603;
11.08;
8.83355;
4.03966;
5.84535;
8.45209;
12.418;
3.47169;
5.40714;
9.9483;
9.90893;
3.45927;
8.15074;
4.78023;
20.0164;
15.8574;
11.2547;
9.07956;
7.12641;
4.31745;
8.00782;
16.2826;
5.48912;
7.21677;
8.19015;
7.18881;
7.48737;
8.08355;
5.51992;
7.32516;
4.64472;
5.47988;
7.94505;
11.091;
3.66947;
6.60773;
6.77836;
6.28031;
6.88683;
8.51044;
6.57741;
16.0537;
6.13038;
16.2699;
7.71867;
3.74053;
15.6925;
8.54486;
3.37415;
19.1892;
9.49673;
14.7479;
10.0795;
5.7365;
4.76234;
7.69424;
4.59712;
3.38479;
6.72956;
18.6178;
8.96528;
11.0849;
5.68674;
13.6228;
12.4711;
9.02997;
18.5895;
4.78654;
7.64819;
7.48757;
10.8856;
11.2182;
4.7587;
7.41094;
10.2783;
17.052;
8.03815;
5.31074;
8.63054;
14.7742;
16.5504;
7.8036;
5.82275;
6.96593;
12.483;
8.91455;
11.1648;
5.43404;
5.96077;
18.9924;
8.69519;
4.31995;
10.9384;
8.63221;
14.5835;
9.81621;
8.64002;
5.09992;
7.60922;
7.28176;
8.22228;
7.10371;
7.89832;
5.52928;
8.71495;
15.5985;
8.94869;
18.2419;
12.1797;
17.4593;
9.58012;
8.96439;
8.30277;
4.50968;
8.23569;
14.5893;
13.5242;
13.1654;
3.32251;
11.8703;
6.68167;
15.3215;
6.4347;
8.12342;
4.89986;
18.6316;
4.24685;
7.42089;
5.32918;
6.88955;
18.3046;
4.78665;
10.4099;
16.0505;
18.1125;
6.52666;
10.9675;
7.1238;
8.73153;
7.49714;
4.40108;
5.48466;
8.65297;
7.39456;
10.4564;
6.30517;
6.7093;
4.54279;
13.0932;
9.07076;
8.21222;
6.98463;
8.17623;
3.64529;
5.96501;
5.59599;
9.88765;
6.58531;
5.37874;
3.79449;
5.28244;
7.23261;
4.22363;
10.0155;
8.0917;
10.1793;
7.93233;
6.74649;
11.2473;
13.3547;
6.49099;
9.65486;
11.5499;
14.4948;
10.5539;
14.5053;
11.9318;
15.615;
14.3704;
10.5376;
8.64751;
7.92326;
10.5933;
3.90603;
7.87221;
4.1576;
4.40146;
8.14804;
9.57758;
7.67684;
6.04165;
5.33266;
8.93235;
4.83391;
7.28256;
9.16415;
7.63414;
8.89913;
5.10253;
10.8089;
8.3777;
7.6124;
7.90763;
5.37496;
7.99183;
7.46689;
10.6135;
6.08773;
7.66523;
10.8297;
4.64782;
10.0122;
6.52888;
9.57586;
7.71207;
9.12311;
15.2644;
7.73669;
4.20413;
10.1739;
15.5572;
10.7764;
18.2719;
8.57407;
6.652;
9.30956;
8.05998;
8.75177;
6.02493;
9.44362;
4.42998;
6.77966;
9.24868;
9.18343;
6.33175;
9.91946;
8.77629;
10.315;
6.68947;
5.7145;
11.366;
7.26251;
8.63238;
4.60026;
11.5857;
6.42173;
7.47044;
5.09554;
9.29406;
7.23417;
11.0877;
8.65188;
16.553;
5.91288;
7.62056;
7.58089;
9.25037;
12.0836;
13.4747;
7.27057;
15.4214;
13.4802;
8.48971;
6.76123;
11.7234;
7.34687;
9.37601;
8.96949;
9.06649;
7.72776;
10.6145;
12.5863;
8.23509;
5.60178;
10.6363;
7.02194;
7.48718;
6.40307;
8.90522;
9.88585;
8.45829;
7.64361;
9.08911;
7.79262;
10.0945;
7.94324;
4.13376;
6.64819;
8.50037;
10.1193;
8.87114;
9.69987;
7.26467;
6.07419;
9.13035;
11.7018;
7.62215;
5.29147;
9.67687;
14.0253;
8.96497;
5.05965;
6.12959;
8.56843;
7.17882;
7.77794;
7.63234;
8.03887;
6.43145;
8.55533;
3.73933;
13.554;
7.07357;
6.93835;
4.75076;
10.2629;
14.8481;
7.41409;
7.85465;
4.05569;
10.1096;
16.4804;
11.7975;
5.41942;
10.3406;
8.92885;
6.45065;
8.17389;
17.4615;
5.7924;
8.10204;
7.60312;
10.4892;
8.50465;
6.29172;
8.91735;
5.11168;
7.56662;
6.69502;
5.28646;
9.47425;
9.05099;
20.8625;
15.1317;
8.42846;
12.4137;
8.21935;
6.78177;
7.32824;
5.86922;
8.33625;
9.31488;
5.04489;
6.57936;
7.87289;
5.04358;
5.52402;
11.9449;
8.17145;
10.9815;
8.84547;
11.214;
6.10813;
5.8631;
10.618;
7.7397;
6.16643;
6.68985;
5.9377;
12.0076;
7.64378;
7.89849;
8.90917;
6.92958;
10.6724;
7.17156;
14.5503;
16.6446;
17.0463;
8.07384;
8.39332;
6.70967;
4.12664;
13.056;
5.89572;
7.86272;
8.67332;
7.4771;
12.2281;
7.34256;
8.56698;
8.82318;
12.2156;
8.37999;
12.2561;
7.69073;
9.87154;
8.05223;
4.28796;
7.52968;
2.99309;
8.53786;
5.86524;
11.0055;
8.24862;
7.73462;
2.74125;
7.34907;
7.58603;
7.57586;
5.59467;
5.70249;
9.47393;
9.42774;
8.65184;
10.3303;
16.2468;
6.41808;
8.68994;
9.93437;
8.31365;
5.57426;
9.39057;
15.5017;
9.9926;
16.5208;
9.01071;
15.0773;
7.45224;
6.08502;
8.7946;
8.6729;
8.18898;
6.23112;
3.59095;
9.9536;
4.60323;
5.66533;
6.35808;
7.03342;
9.25779;
7.57428;
6.12459;
8.4506;
6.92152;
8.79438;
8.99762;
6.32767;
9.00768;
7.12223;
6.83836;
11.783;
9.47792;
6.32012;
18.6704;
5.10965;
11.9128;
10.3129;
9.47315;
8.65491;
9.51812;
17.9533;
6.36173;
13.0352;
4.96461;
7.22798;
11.0654;
7.37084;
17.2015;
10.4871;
6.8373;
6.64496;
8.98497;
16.2348;
8.88716;
6.5046;
3.03399;
11.0689;
5.93477;
9.9089;
5.29525;
12.7467;
10.4334;
10.8905;
15.4944;
9.77231;
3.78543;
6.31611;
9.10231;
6.95404;
5.21004;
7.20376;
7.47631;
7.7716;
4.70617;
10.6975;
6.19927;
9.44848;
9.73894;
7.53182;
6.35393;
9.00727;
5.76277;
6.67317;
7.25576;
8.28185;
6.31161;
7.92261;
6.38055;
12.0386;
5.26337;
14.6659;
11.6158;
9.76681;
9.63581;
8.93849;
6.61838;
10.3799;
14.0557;
18.7314;
11.2357;
7.49217;
5.634;
6.27515;
7.84587;
15.3399;
9.57722;
5.40712;
6.22633;
5.99896;
7.25586;
7.19289;
9.0341;
7.89495;
11.9526;
5.88946;
8.0087;
11.9653;
3.56674;
10.3245;
10.4876;
7.49331;
14.162;
13.4721;
14.2269;
10.7631;
12.799;
10.8002;
8.94575;
7.49462;
7.98335;
10.0563;
4.35621;
7.02499;
8.5797;
7.97941;
10.1249;
8.96823;
10.402;
8.11704;
6.55973;
7.73328;
10.856;
7.88602;
7.75328;
9.50263;
11.5636;
5.15867;
11.7375;
7.40068;
6.883;
6.10263;
8.39799;
12.2847;
8.24472;
16.8622;
4.40116;
9.31445;
6.83932;
8.50115;
8.93799;
5.97978;
5.30023;
9.38508;
7.96084;
9.01837;
6.38418;
8.42483;
5.82242;
8.1765;
12.2241;
11.1005;
11.21;
4.90231;
10.9392;
6.44499;
5.65779;
8.77199;
6.52948;
10.1618;
4.26017;
11.8191;
12.4758;
8.37469;
6.47951;
7.13263;
10.74;
9.68281;
12.5319;
10.2174;
5.822;
8.46552;
7.78037;
8.41839;
8.39016;
10.6109;
6.44194;
4.79177;
10.2952;
7.19367;
6.07714;
9.26017;
12.4698;
8.1361;
8.53118;
8.4286;
10.8379;
6.38476;
12.1526;
6.38573;
6.18509;
5.99083;
5.84117;
15.1532;
11.3336;
8.7764;
7.91221;
10.044;
11.4103;
3.65883;
9.79386;
12.8964;
10.4101;
8.98587;
5.53587;
7.17281;
14.2777;
15.5026;
15.7567;
11.7613;
12.3638;
6.22026;
6.5248;
9.8761;
4.81092;
4.43316;
14.8508;
11.8039;
5.86004;
9.12468;
5.1274;
9.96552;
10.759;
7.42375;
5.83644;
15.9931;
9.03253;
15.9554;
10.1896;
5.77661;
10.2857;
7.37726;
8.56974;
3.30113;
12.9252;
7.38281;
8.08027;
17.4305;
8.25547;
7.98479;
8.06634;
3.60569;
12.7716;
18.4269;
8.1295;
17.5814;
9.03173;
8.35562;
12.2692;
8.92813;
8.00673;
7.75998;
11.0023;
7.49399;
9.30176;
8.97545;
11.6747;
6.16122;
9.49058;
7.84636;
9.71058;
5.54878;
5.8632;
6.23689;
6.56822;
9.20819;
4.38578;
5.38481;
16.8066;
5.72849;
13.4428;
5.70072;
7.40853;
5.46926;
6.15204;
7.81793;
10.0564;
5.3947;
12.7925;
12.3069;
9.97848;
6.06502;
20.4258;
7.25591;
14.9206;
17.0421;
8.62876;
10.0159;
5.96579;
16.688;
11.9534;
10.5306;
11.8598;
11.8926;
9.83793;
9.91165;
11.648;
7.75613;
7.14867;
6.8952;
7.36253;
7.91567;
11.1598;
6.82993;
10.0944;
8.26474;
7.26913;
5.21861;
8.63661;
6.49522;
6.71006;
8.65336;
6.52307;
8.98925;
11.577;
10.3172;
6.44486;
12.3459;
6.58029;
7.09867;
10.8302;
11.6127;
8.27871;
7.14807;
9.63673;
6.57331;
12.7406;
5.54847;
9.96532;
12.022;
6.56164;
10.5213;
11.9162;
8.58397;
8.16174;
8.16654;
9.4824;
6.05873;
6.75888;
7.41908;
7.07286;
7.58218;
5.02545;
7.17593;
10.9557;
11.2003;
5.99622;
8.26525;
9.12288;
11.7317;
7.59616;
9.87117;
10.999;
7.05327;
10.3601;
8.48114;
2.99302;
12.013;
12.2626;
6.36731;
7.81743;
8.77975;
8.82549;
12.7696;
7.68635;
14.553;
12.1023;
6.14673;
10.3278;
7.07097;
9.66616;
5.87582;
10.4291;
6.83433;
9.13158;
6.04863;
6.8908;
10.7536;
6.35445;
3.16049;
9.84765;
8.36658;
6.33564;
11.6623;
15.2656;
5.72691;
6.14762;
9.36037;
7.47003;
13.2699;
8.02114;
9.39285;
8.12227;
8.717;
14.2748;
11.486;
5.41216;
12.1039;
10.9995;
8.42619;
4.08283;
12.3516;
6.48495;
6.6259;
7.47739;
6.28163;
7.00813;
8.29318;
15.6739;
5.48231;
6.59901;
8.90864;
6.30971;
7.95194;
7.2272;
9.47783;
9.07733;
12.3771;
10.2711;
9.60128;
6.38548;
10.315;
7.21896;
8.0921;
6.43486;
8.07419;
7.60185;
11.0857;
6.1417;
6.61394;
9.3292;
7.18738;
7.26208;
11.3929;
5.1621;
8.51062;
9.64995;
12.9693;
4.67987;
6.46734;
8.30904;
5.66101;
7.44621;
5.70089;
7.81674;
10.1388;
11.2791;
10.7197;
8.10607;
5.61878;
4.36382;
7.23602;
5.76543;
9.01641;
6.2542;
4.24792;
7.09292;
5.72614;
5.72917;
11.3577;
5.92718;
5.37553;
5.23071;
9.95623;
5.92665;
7.69874;
9.9688;
7.24061;
10.4258;
9.10071;
7.51346;
8.00301;
9.76966;
9.12953;
7.76042;
4.43708;
8.36168;
4.33474;
8.10582;
3.39417;
6.86104;
7.74486;
8.46556;
7.49468;
6.43718;
7.93888;
6.70921;
7.34258;
5.83511;
6.46033;
7.95194;
7.77385;
9.90974;
5.76601;
7.88407;
9.71883;
9.50402;
9.83411;
11.6404;
8.13192;
7.62222;
15.0289;
7.81552;
9.00861;
9.64017;
16.5429;
8.04398;
11.8021;
11.3962;
8.28071;
4.57981;
7.85687;
13.4862;
6.77354;
10.8245;
12.5372;
10.7867;
13.9918;
7.7423;
7.35408;
7.12464;
17.4164;
8.36188;
13.0361;
8.35751;
6.46214;
9.60294;
9.20624;
9.8126;
8.51856;
12.9112;
8.75645;
3.85359;
9.58847;
14.8859;
10.087;
12.0492;
9.37429;
14.7015;
9.7374;
6.08902;
2.98584;
5.12615;
7.53199;
12.044;
12.0068;
10.433;
7.56994;
8.84546;
8.09834;
4.32411;
8.93198;
9.01798;
7.15426;
11.009;
7.07225;
10.6941;
5.52758;
5.34652;
9.3017;
7.02534;
6.14232;
12.8229;
17.647;
10.0175;
5.45187;
10.41;
9.76643;
6.73436;
7.63099;
15.8584;
7.99425;
7.7731;
5.27363;
9.21206;
10.7202;
8.7685;
9.13816;
8.22639;
6.38281;
7.76819;
11.2456;
7.57441;
10.6776;
12.5649;
6.89577;
7.29247;
7.0535;
7.47599;
11.7408;
6.50704;
15.9837;
3.46186;
10.6248;
9.3359;
8.58756;
6.68359;
8.39577;
13.3162;
8.74502;
8.36845;
9.94408;
4.26467;
7.17725;
6.03815;
6.83114;
9.19619;
10.7311;
8.80782;
6.9686;
7.65097;
6.8494;
8.756;
10.4086;
13.096;
4.95465;
7.87423;
7.53298;
10.1101;
6.01077;
8.20761;
12.5688;
5.33477;
8.07793;
13.7547;
7.42629;
8.57021;
13.9295;
5.00083;
5.03367;
7.45964;
7.0485;
7.26028;
9.2951;
9.93884;
12.5914;
13.0637;
8.47765;
7.02991;
6.90775;
8.34941;
9.04284;
8.01044;
9.70827;
6.5828;
6.19882;
5.12695;
8.8261;
10.6547;
8.93892;
6.91905;
7.11369;
8.71969;
9.59657;
8.28739;
13.2879;
7.19754;
7.43625;
6.08866;
3.72292;
11.4919;
11.5728;
10.5132;
5.31722;
7.56304;
8.97998;
11.4514;
7.43339;
9.36845;
8.90306;
8.24645;
8.47015;
8.27092;
10.2199;
9.10033;
7.01117;
13.6685;
8.31555;
6.83539;
10.8094;
10.3845;
6.33632;
8.58566;
12.571;
7.05297;
11.5026;
11.0002;
7.45319;
7.19189;
8.99902;
9.95764;
8.49546;
8.79377;
6.95457;
7.15486;
5.79056;
10.3596;
7.84653;
9.33134;
3.30143;
6.52871;
8.76306;
8.71027;
5.75834;
7.96523;
7.93818;
2.33858;
10.4128;
12.2436;
8.80789;
7.28518;
9.21221;
7.00424;
7.80045;
12.2709;
11.0746;
9.22248;
12.0724;
5.26274;
8.88861;
11.8105;
13.8828;
14.0779;
9.63719;
11.7541;
7.68094;
11.2837;
10.5048;
7.45989;
8.29201;
8.14507;
6.77647;
8.7458;
9.23259;
9.53609;
6.61256;
9.21455;
10.3989;
10.6341;
7.67182;
5.356;
5.3122;
5.42493;
5.77428;
6.71184;
7.68769;
5.64401;
9.40908;
6.32631;
8.02585;
13.7214;
12.8938;
12.4216;
10.7548;
7.06853;
7.95146;
8.31198;
9.59092;
10.5104;
7.64609;
6.11611;
9.01285;
8.1049;
6.23623;
2.7164;
12.4268;
8.00723;
7.60154;
7.41815;
8.0147;
8.65665;
9.8916;
3.0656;
5.94571;
8.12003;
11.5713;
8.64238;
7.85033;
7.08653;
7.98331;
10.0756;
5.12852;
5.45173;
11.8096;
5.841;
14.5112;
9.18883;
6.4298;
8.59025;
5.40041;
6.03025;
7.30526;
12.4644;
7.84822;
8.5191;
6.13433;
5.87077;
10.0088;
8.36164;
8.89262;
5.41057;
6.3667;
8.23284;
7.74484;
6.48558;
7.55205;
8.00405;
5.90595;
9.12801;
5.42918;
10.0983;
7.35804;
7.73859;
9.47765;
5.14941;
11.3742;
5.2355;
7.50846;
8.66577;
6.99518;
17.7794;
10.508;
7.06368;
6.40244;
9.99619;
8.12634;
5.1825;
10.9583;
13.1756;
5.1927;
7.22609;
3.75022;
8.81575;
9.27221;
8.93058;
5.3262;
9.71845;
5.75505;
3.45995;
6.77871;
10.4658;
10.179;
7.72478;
4.78124;
10.4084;
7.02156;
8.07952;
10.7864;
7.22306;
5.84709;
10.2601;
7.53158;
7.24061;
9.06558;
13.8877;
10.8287;
9.70484;
12.3114;
6.69052;
6.20585;
3.07312;
7.44797;
5.83543;
9.02657;
7.75042;
8.13426;
8.35518;
6.81584;
8.60745;
7.09095;
6.14771;
6.60074;
5.84085;
8.70183;
6.62683;
11.3852;
5.92861;
10.8485;
5.34911;
9.46791;
6.87526;
9.08591;
6.75568;
9.17086;
8.01441;
12.5045;
9.36248;
8.47806;
5.52643;
7.49129;
4.34178;
6.24583;
5.85001;
8.36545;
8.54521;
7.17551;
13.915;
7.78465;
6.45102;
15.3362;
6.61399;
7.87323;
5.19769;
11.1353;
5.63358;
7.67108;
11.0543;
4.59187;
5.21289;
7.75524;
6.69185;
8.22025;
8.82111;
9.07607;
8.02197;
5.61339;
11.9449;
5.22941;
9.42265;
5.97674;
5.07165;
6.38855;
6.78891;
7.40731;
10.6533;
8.2426;
9.40648;
8.58879;
5.86597;
6.26089;
8.49686;
6.31361;
6.84563;
9.17558;
9.49699;
10.7857;
7.29815;
3.11103;
4.25697;
12.1766;
9.26823;
4.56632;
13.1076;
5.51269;
6.34309;
6.29198;
6.98339;
5.48865;
7.24309;
6.05148;
8.7412;
11.2886;
10.0571;
7.56063;
10.9981;
9.09544;
7.8597;
4.67001;
7.6143;
7.23703;
6.6582;
7.00577;
9.04012;
11.7595;
8.62926;
6.3173;
7.67613;
5.02539;
9.14594;
5.85518;
7.68569;
6.66464;
6.72469;
8.15885;
13.8835;
8.07122;
8.41581;
9.10769;
6.41729;
11.2555;
11.277;
13.9582;
9.11544;
9.11574;
7.53969;
5.35952;
10.0547;
12.0884;
6.6417;
7.64045;
6.35368;
7.20528;
6.16581;
6.16346;
8.01672;
4.58832;
6.75531;
9.56558;
6.73133;
7.14945;
11.1638;
9.70218;
11.2421;
7.27105;
9.14648;
10.2357;
7.76194;
5.25867;
3.35706;
5.31553;
8.00519;
8.44622;
9.23566;
9.25753;
3.90709;
8.58459;
9.43387;
7.60575;
8.89823;
5.22381;
10.487;
7.23875;
6.07957;
7.17535;
5.4905;
7.23406;
7.33964;
9.71203;
8.2396;
9.26434;
6.91662;
8.94567;
5.33278;
7.60648;
6.9459;
5.98634;
7.16929;
8.46141;
8.14659;
4.93636;
6.34904;
3.81056;
10.7564;
9.62409;
5.62733;
12.0329;
13.6075;
13.1473;
13.1748;
8.12657;
9.71922;
6.29354;
6.29147;
10.5406;
8.3131;
8.62133;
7.76096;
7.41786;
11.2394;
8.19779;
7.59361;
8.43836;
8.15645;
7.34892;
5.77718;
5.67529;
6.11756;
7.98649;
5.82008;
8.05023;
11.021;
8.33288;
7.38941;
8.86578;
9.78356;
7.81642;
7.68636;
8.29764;
5.84978;
9.35382;
5.61891;
4.63087;
8.68436;
10.0203;
4.71343;
7.32428;
11.1481;
10.1286;
9.17232;
6.61502;
9.87665;
13.3457;
10.8645;
6.05662;
13.6439;
9.6034;
6.95009;
8.08724;
4.24299;
9.94574;
8.52472;
7.47571;
6.82727;
8.29527;
11.1732;
9.76571;
11.1452;
6.80943;
6.19891;
6.21808;
11.6013;
6.26745;
5.39136;
6.56128;
8.7406;
8.06625;
14.8523;
7.8732;
6.202;
9.6946;
8.3526;
11.5655;
8.81662;
5.72888;
5.24393;
6.09884;
9.01277;
5.25196;
5.17376;
4.04047;
7.96665;
15.1145;
7.54672;
8.8326;
5.76462;
6.53371;
9.22066;
7.38364;
7.34609;
4.13854;
4.96586;
15.2623;
8.14193;
4.85096;
11.4729;
5.94011;
5.3822;
9.0214;
7.94385;
9.7125;
4.29887;
10.5336;
7.92098;
9.6231;
8.21368;
8.36653;
8.40205;
9.40877;
8.64194;
7.46402;
6.69578;
8.72419;
6.8171;
6.27966;
7.36358;
5.47669;
5.66157;
7.25988;
5.1053;
12.5223;
9.23172;
6.7776;
7.26264;
6.76903;
10.9135;
6.45387;
7.23862;
7.75415;
8.98143;
12.0499;
9.33301;
9.22911;
5.89484;
8.10829;
6.6577;
4.79488;
7.70994;
6.91865;
5.61387;
7.99009;
8.58146;
4.81703;
4.25004;
5.88134;
10.1324;
6.77343;
7.41371;
8.64162;
6.82433;
6.31951;
9.4848;
7.35108;
6.78822;
5.98409;
9.25826;
5.41445;
6.63584;
4.70287;
6.96286;
5.60544;
4.66361;
9.88049;
7.77795;
7.99346;
12.1769;
10.6838;
4.96424;
8.30144;
8.35905;
8.51878;
11.8337;
5.9292;
6.82002;
5.34689;
7.81338;
8.1542;
6.43215;
8.18724;
7.61536;
7.9222;
9.88052;
7.56088;
9.37505;
8.55116;
6.13737;
8.35923;
6.7598;
10.6113;
6.07094;
7.06789;
11.3187;
8.12119;
4.76529;
4.14475;
15.0164;
6.40837;
10.9568;
7.73985;
6.95283;
5.90345;
11.0158;
6.47216;
9.01211;
10.0448;
7.0103;
5.68158;
13.648;
5.75956;
5.9109;
10.2531;
11.526;
4.08189;
6.23061;
10.023;
7.11542;
6.19659;
5.73184;
6.0319;
6.64434;
12.4824;
8.43235;
5.74466;
6.03788;
5.81584;
8.20576;
6.35794;
9.86779;
9.74625;
7.73387;
5.75002;
7.78182;
8.21592;
5.03592;
9.46686;
8.30956;
7.83089;
7.07479;
7.24732;
6.60969;
11.1866;
3.26109;
5.35573;
9.31525;
5.07555;
10.4636;
5.02176;
7.9409;
6.79255;
5.15735;
9.15667;
6.04595;
5.68311;
6.34982;
9.71256;
5.40914;
14.7554;
5.3122;
4.6169;
3.65431;
8.48495;
11.7061;
6.39663;
7.98862;
7.56999;
7.71191;
5.15862;
8.96401;
6.16334;
7.87433;
8.27301;
5.69101;
6.2186;
5.51902;
7.21074;
8.18769;
9.26715;
9.21624;
6.92852;
5.03814;
8.52723;
4.51987;
7.0113;
7.55072;
5.12824;
9.28178;
10.1788;
7.38451;
9.18378;
7.84715;
8.70298;
9.33052;
5.67362;
6.04817;
9.79911;
5.36224;
7.33883;
7.96369;
13.4506;
7.70629;
8.89787;
7.66001;
12.3217;
7.90081;
6.32;
7.15371;
5.63817;
9.28552;
9.03957;
12.0357;
10.5816;
12.1243;
5.88419;
6.14639;
8.32169;
5.8172;
6.79933;
6.51428;
8.24953;
3.58836;
7.20188;
7.86699;
8.49191;
7.07369;
7.08184;
7.33353;
5.55642;
9.4228;
6.77897;
9.23988;
6.76025;
6.58439;
5.51047;
7.10559;
9.71278;
10.1288;
4.62945;
4.12769;
4.95618;
8.08842;
10.8625;
5.99666;
2.9552;
7.2573;
4.99292;
6.16591;
7.48606;
5.41217;
8.64629;
6.14037;
3.92513;
7.42416;
7.60185;
6.80367;
4.69103;
7.89948;
4.3348;
9.90409;
6.7171;
8.3575;
8.13444;
8.78954;
7.93108;
8.46457;
10.5179;
9.86699;
5.4393;
7.85309;
5.53663;
5.87163;
5.4073;
3.78202;
5.03708;
7.27646;
6.58114;
6.99672;
7.06758;
6.4738;
5.4214;
6.78149;
4.79216;
6.39539;
7.48711;
5.16484;
3.28669;
7.38458;
5.23703;
6.37098;
7.28207;
4.91518;
5.61079;
7.28742;
6.87639;
10.5376;
6.47465;
8.2001;
5.28122;
8.02174;
5.87153;
6.99172;
7.19521;
7.03084;
6.15995;
6.51206;
10.2275;
8.4789;
8.02049;
6.49829;
6.87118;
4.59168;
11.2655;
10.6553;
4.0294;
5.13637;
5.90618;
10.0626;
8.8731;
6.07383;
5.00474;
7.482;
7.27952;
5.84266;
9.19419;
6.98166;
4.75108;
8.6169;
4.94982;
5.50006;
4.94375;
3.63961;
6.48479;
5.46438;
8.06466;
5.94203;
10.0879;
6.95747;
5.73382;
8.50757;
11.0255;
3.98422;
7.27506;
7.44769;
7.33664;
9.31271;
7.90855;
8.48914;
6.41254;
6.74984;
6.65871;
5.14105;
7.77396;
8.84791;
7.71898;
11.3185;
5.37285;
8.49062;
6.54091;
7.81403;
7.88946;
8.73915;
3.71503;
2.99547;
6.35437;
5.34742;
13.0006;
10.0812;
4.22204;
9.86489;
6.0874;
7.00529;
8.40496;
7.91452;
7.26773;
8.13475;
5.09399;
8.09627;
5.66868;
5.99472;
8.03194;
7.28245;
7.26355;
4.93539;
6.15973;
7.37755;
5.75635;
7.35238;
7.19171;
7.32543;
5.12573;
6.19798;
5.70021;
2.13143;
5.9749;
6.54136;
3.94127;
5.69332;
9.00197;
4.77895;
4.93042;
6.91042;
6.86241;
9.58272;
5.56259;
5.10578;
5.1719;
10.3663;
7.13197;
6.67061;
5.55611;
6.47172;
8.95994;
10.9095;
3.5767;
6.38204;
5.15813;
6.30357;
7.72038;
2.65999;
6.80834;
9.5828;
6.72548;
7.12488;
3.65998;
5.69978;
4.32237;
8.80347;
4.92418;
6.55027;
5.24082;
7.97627;
5.99007;
6.43873;
5.23944;
7.24733;
3.47516;
4.92434;
7.76023;
9.53134;
6.38287;
6.1024;
6.9169;
8.03084;
7.17482;
4.18793;
3.87065;
6.34616;
8.11385;
8.10475;
3.96657;
8.5993;
5.85719;
7.10709;
13.8826;
9.0787;
8.15248;
4.18261;
9.96411;
4.90386;
6.05788;
8.53764;
6.28865;
7.58525;
6.62855;
6.26839;
7.0924;
6.09388;
6.27118;
10.465;
6.57697;
10.6853;
8.33833;
5.16776;
4.31639;
6.63681;
7.63314;
6.78858;
6.75102;
5.93071;
4.20701;
5.35447;
6.08626;
6.48928;
7.39613;
8.71514;
4.19181;
7.48444;
8.74229;
7.97949;
5.05852;
5.5771;
6.84795;
5.56695;
5.19618;
9.9059;
4.40189;
6.25287;
5.53777;
13.6214;
4.8676;
5.45946;
5.02076;
5.99762;
3.55826;
10.1095;
4.69001;
9.18214;
8.50888;
6.12718;
5.74552;
4.85361;
4.76366;
5.48131;
5.93717;
5.73878;
5.48647;
7.62376;
4.9999;
5.3637;
7.26403;
7.47634;
5.2813;
5.17583;
5.59594;
11.6859;
5.67339;
5.82452;
3.742;
5.86616;
5.71323;
9.58495;
7.71469;
5.35836;
6.03526;
7.00613;
5.89859;
5.28953;
5.69334;
6.41727;
9.59371;
4.62317;
6.89261;
7.34658;
5.03835;
3.35391;
5.30905;
7.01437;
7.51021;
11.4575;
5.60805;
8.42172;
4.90589;
5.05381;
8.43908;
5.27441;
4.76485;
5.45392;
7.93683;
5.87068;
4.54444;
10.2446;
3.64771;
12.1114;
10.6546;
6.31242;
4.31012;
10.7542;
4.73228;
4.37259;
4.92023;
7.19236;
10.9467;
7.07257;
5.89181;
5.01181;
7.67187;
5.02749;
5.1488;
5.88888;
6.05407;
6.34572;
5.09921;
5.01102;
7.91655;
7.32529;
5.5154;
5.68964;
8.54313;
6.20434;
6.3762;
7.741;
7.51455;
12.3231;
6.33666;
5.35922;
5.00372;
4.77342;
5.69221;
7.05272;
7.48046;
4.68654;
5.24185;
8.86104;
7.87199;
5.3691;
7.36271;
4.74434;
4.03667;
10.5293;
4.14214;
5.66764;
5.40413;
5.64696;
7.72299;
2.85727;
5.50795;
7.3966;
7.01401;
5.68708;
5.76502;
7.55071;
4.99795;
12.2192;
3.7041;
4.52289;
6.35205;
4.04817;
5.12849;
7.15629;
6.13028;
5.47153;
6.05482;
7.05259;
6.45299;
4.42427;
2.67177;
6.97958;
3.99715;
4.01287;
5.43207;
4.10277;
3.82551;
6.38043;
7.04356;
12.172;
7.76313;
7.90552;
6.5452;
6.59145;
4.42139;
6.71064;
7.68419;
6.44903;
14.4907;
5.68495;
4.81708;
5.85627;
6.82138;
6.11994;
6.18695;
7.00351;
6.48169;
5.84503;
5.97902;
4.50925;
8.08591;
7.19463;
7.24172;
6.2569;
4.79415;
8.14343;
4.9583;
6.98526;
3.78761;
5.59663;
5.90458;
8.64652;
4.32434;
7.33091;
4.76135;
6.07261;
3.92298;
5.76269;
2.53908;
1.97978;
4.14293;
5.83867;
6.70539;
5.8177;
7.02101;
6.59484;
5.41331;
5.91648;
5.81612;
7.66993;
4.85405;
3.90306;
6.75809;
9.79644;
6.0178;
6.26388;
3.52168;
4.74542;
2.88016;
6.62559;
9.10339;
8.78378;
6.08302;
4.48659;
6.99062;
7.57058;
7.19094;
6.4645;
5.56715;
4.78899;
5.46631;
12.3346;
6.29115;
6.76944;
3.50072;
5.39995;
6.92364;
6.13521;
8.49708;
4.58564;
6.08175;
3.50575;
5.82593;
6.99842;
5.44244;
7.5323;
3.91586;
3.959;
5.49472;
4.81888;
6.16574;
4.04968;
5.29691;
7.20681;
5.98191;
6.37211;
7.12276;
13.2264;
4.76837;
12.9427;
5.06492;
4.6797;
7.668;
5.79284;
6.75862;
4.60367;
6.53601;
8.39757;
4.18688;
4.49233;
5.08451;
6.02084;
9.6236;
6.43783;
6.329;
4.54718;
6.00581;
8.45584;
6.51677;
4.55367;
6.33871;
5.10291;
5.62533;
5.42018;
5.29871;
3.70723;
10.0839;
4.28523;
6.95395;
8.64257;
11.0503;
12.98;
5.81769;
6.15594;
6.7742;
5.4293;
3.89012;
6.46452;
7.33795;
7.21037;
5.4818;
3.74522;
2.50315;
5.35551;
5.29042;
3.68455;
5.31515;
3.66849;
7.36401;
6.50137;
8.50614;
3.87662;
5.39514;
5.26174;
7.29513;
7.27398;
5.43695;
7.99976;
7.08714;
4.50913;
6.87682;
6.37671;
9.03934;
12.8703;
3.3309;
6.45351;
7.35374;
11.8286;
5.96503;
4.21982;
6.11754;
3.0286;
4.39764;
5.33749;
5.93268;
4.69793;
5.34772;
5.43407;
5.81499;
4.95886;
2.48676;
6.59977;
2.94744;
4.8313;
4.58271;
5.91923;
4.72489;
6.16422;
5.94435;
8.94546;
6.16029;
5.9685;
4.20998;
3.8238;
8.05183;
8.97054;
5.01139;
12.4848;
4.96353;
6.61978;
5.24145;
4.15377;
3.99319;
7.15777;
10.1368;
9.16506;
5.09238;
12.7548;
4.76029;
4.57298;
4.3342;
6.35216;
5.14026;
6.27509;
5.31025;
7.36729;
5.68219;
3.86672;
5.94913;
6.81018;
10.7729;
10.8372;
5.27144;
5.43234;
10.5088;
5.88395;
5.3592;
5.2492;
8.70846;
5.12333;
3.75754;
5.08972;
4.22402;
7.68222;
11.5564;
5.881;
6.34581;
2.82774;
3.19538;
4.22865;
5.68822;
3.72367;
9.4468;
4.2853;
8.53696;
8.98903;
5.28122;
6.34241;
5.37063;
9.3803;
3.82059;
10.1041;
6.2366;
6.15626;
8.6562;
6.93175;
6.29029;
6.14837;
5.34701;
4.8414;
4.81328;
4.83313;
6.35351;
5.78037;
5.18971;
6.90919;
5.15418;
5.76846;
6.59145;
3.88059;
4.9258;
7.51071;
3.8365;
9.42058;
5.16128;
5.86198;
4.63879;
7.10975;
4.38152;
6.24963;
4.68309;
6.8397;
4.70533;
6.31677;
5.60998;
4.60357;
1.7073;
7.60283;
5.66747;
6.35651;
5.04739;
5.6342;
6.61363;
5.32948;
6.4074;
5.54521;
6.63483;
6.16116;
4.04889;
10.9498;
5.1951;
10.0038;
4.67766;
4.51891;
6.56493;
8.12434;
3.63331;
3.82103;
2.78658;
5.60116;
4.57206;
8.04769;
4.04811;
5.57154;
6.03943;
4.22788;
11.2366;
5.46167;
6.75326;
4.6544;
12.3739;
4.01135;
6.62065;
9.56255;
4.53348;
11.0676;
12.4012;
6.46799;
7.56895;
7.4587;
5.58402;
6.93464;
3.40929;
7.30036;
5.67492;
3.11619;
3.7876;
3.99084;
3.9033;
3.66189;
5.96025;
4.80152;
6.42139;
7.43693;
2.5811;
5.41162;
3.10181;
3.69316;
2.23148;
7.87358;
3.44674;
4.5128;
5.89519;
5.16721;
10.2832;
5.31913;
5.53025;
4.04542;
7.01356;
5.49032;
8.46981;
4.87897;
5.59521;
5.48766;
4.61073;
5.71129;
3.321;
6.1509;
3.1658;
4.6796;
2.74103;
2.22469;
5.72155;
5.78581;
6.88427;
5.50051;
7.65632;
4.30432;
4.46319;
5.16564;
5.40083;
9.28264;
9.68748;
5.33361;
11.3676;
5.37875;
4.8698;
7.79234;
11.805;
5.05352;
4.55382;
6.3465;
4.61056;
11.932;
4.71666;
4.3695;
6.6228;
2.58486;
7.05334;
4.38085;
5.21892;
5.79255;
4.2091;
6.92277;
4.12751;
4.95408;
5.50794;
8.72976;
5.67965;
6.48707;
4.75778;
5.57469;
7.78275;
6.35341;
4.49619;
4.57914;
4.76888;
6.77893;
5.99745;
7.10442;
5.95432;
4.7472;
3.59194;
6.42209;
3.82003;
6.75259;
4.06452;
3.98961;
3.98137;
4.56056;
3.64336;
5.00807;
4.13658;
4.99931;
4.3864;
5.50029;
7.26547;
7.66115;
5.26663;
6.44128;
5.11857;
5.42373;
6.20941;
5.07447;
5.4708;
5.88376;
4.42114;
5.28562;
3.91776;
4.09601;
5.47593;
4.10655;
5.52273;
7.62224;
4.74825;
3.04535;
3.02927;
2.91712;
2.24288;
4.01691;
5.03522;
9.2086;
5.583;
4.63408;
4.66095;
6.258;
4.33781;
5.89752;
5.07319;
6.02702;
4.94807;
7.2687;
4.44442;
3.89802;
4.05994;
5.38431;
4.88592;
5.04701;
4.75377;
3.51316;
10.6602;
8.56681;
8.48103;
4.89032;
6.17835;
6.15227;
4.8787;
5.49644;
5.78514;
4.25769;
4.47135;
3.47566;
6.7167;
5.16424;
5.74481;
7.64188;
5.35076;
4.55626;
6.34923;
3.91941;
4.40683;
5.43146;
3.95203;
3.02559;
3.16618;
6.76884;
4.3826;
3.10082;
5.70872;
4.48156;
10.4675;
3.9214;
6.73247;
5.84617;
8.21685;
3.95899;
4.95625;
2.16414;
5.81374;
4.59981;
7.44391;
6.44634;
5.64568;
4.39146;
7.13099;
4.7469;
4.72153;
7.10092;
3.09106;
4.89212;
3.05858;
4.3827;
9.04398;
3.78254;
11.1245;
7.08045;
7.102;
4.85848;
6.36148;
7.10422;
4.46207;
4.48872;
5.25268;
7.97438;
6.20042;
10.2922;
4.84093;
6.16751;
5.67903;
6.90912;
1.95049;
3.43157;
3.59178;
4.6393;
5.3566;
11.2577;
4.65286;
6.18385;
11.3629;
3.86934;
8.96796;
3.965;
3.96914;
4.68727;
3.84547;
5.78837;
5.2028;
6.49036;
4.85317;
4.43238;
3.86076;
5.73102;
2.04608;
5.20702;
5.73468;
4.68262;
6.51749;
3.9542;
3.97297;
11.4248;
3.39796;
3.41164;
5.38384;
4.96327;
3.93045;
5.13801;
6.12848;
6.11439;
5.31512;
4.66074;
12.2068;
2.67993;
6.36182;
6.78562;
5.85681;
4.343;
4.81017;
4.70132;
5.58941;
5.32078;
3.85126;
3.85354;
3.5121;
3.3805;
2.4429;
5.59988;
4.44598;
3.314;
7.85283;
3.81849;
4.232;
4.7628;
3.41708;
5.05292;
10.3743;
2.78555;
3.99449;
5.78382;
5.82045;
4.20415;
5.24039;
3.69491;
6.13499;
11.7984;
5.17338;
5.52578;
4.46095;
4.4721;
2.40845;
3.51743;
4.35724;
6.28419;
6.24704;
5.18136;
4.18649;
6.31685;
5.46632;
4.25057;
4.37933;
4.80727;
3.74429;
4.384;
10.1602;
5.09641;
9.75097;
6.31918;
4.50267;
6.09768;
3.10348;
3.80394;
3.71666;
10.3274;
5.83539;
6.31001;
7.29747;
6.93143;
6.20945;
4.34053;
6.18033;
4.62018;
3.2416;
5.38577;
4.18273;
5.02557;
5.83504;
6.59597;
3.74063;
4.85145;
5.34599;
12.0708;
8.36336;
5.62482;
4.66061;
3.9223;
2.62945;
5.29621;
2.93286;
5.1924;
5.84304;
4.11597;
4.12468;
8.87635;
7.37905;
11.1538;
4.61666;
3.44695;
4.49225;
5.42494;
4.64358;
8.32269;
6.33822;
2.89885;
4.85499;
5.61651;
5.47146;
4.51539;
7.46593;
3.44229;
5.18052;
1.68665;
5.36515;
4.69526;
3.79437;
6.69863;
4.05555;
4.57858;
5.85989;
6.04259;
3.76524;
4.3057;
4.34936;
4.14185;
7.93732;
5.42729;
9.22482;
5.6715;
4.17652;
3.32479;
5.12291;
4.111;
4.53729;
2.33722;
4.7073;
4.8087;
4.58522;
3.86536;
3.01096;
4.15358;
1.96367;
5.82265;
2.84336;
5.19281;
5.60104;
7.05904;
5.82866;
3.42468;
5.46002;
3.89961;
3.76541;
11.1654;
4.1052;
7.79949;
4.90299;
6.84826;
3.83224;
3.24989;
4.04086;
5.15034;
11.4992;
6.55284;
3.85108;
4.73303;
5.58797;
2.27559;
3.88728;
5.24544;
5.23647;
6.95764;
6.01905;
11.195;
5.45958;
8.13846;
3.40906;
4.54638;
3.50613;
5.43873;
4.54941;
4.42001;
5.01748;
4.71007;
3.38181;
2.1278;
4.36338;
4.07533;
3.3507;
6.06364;
3.27866;
6.71582;
7.22795;
4.96202;
4.64506;
13.3552;
4.07781;
3.9985;
3.60069;
4.67706;
4.02955;
3.46382;
4.59195;
12.1169;
4.61794;
4.003;
6.51294;
4.46876;
4.14624;
5.31768;
3.29206;
4.14256;
6.6729;
6.40039;
2.7635;
4.01402;
3.77291;
6.47801;
3.08238;
2.66161;
2.89814;
5.58926;
3.65456;
5.32836;
5.41449;
7.71545;
4.87246;
4.97507;
2.88802;
3.40504;
3.80042;
6.38021;
4.82486;
5.31517;
3.69105;
8.9483;
4.16198;
3.54459;
4.07505;
4.1174;
4.03461;
3.87669;
4.91472;
6.02933;
4.56404;
14.6137;
6.05696;
3.32513;
3.48075;
2.91549;
5.21906;
2.85553;
6.7549;
4.4359;
4.28511;
5.67401;
7.0452;
5.77875;
5.18321;
5.18533;
2.45911;
10.7358;
5.2591;
5.01548;
4.47086;
6.48431;
2.56663;
3.6234;
2.23968;
2.18272;
5.29155;
5.44303;
4.42002;
3.15841;
4.0985;
3.3534;
5.70768;
8.11748;
2.87454;
3.39741;
3.07011;
4.00466;
2.36388;
4.7385;
5.6114;
3.9486;
3.5844;
3.60088;
3.50957;
5.67018;
3.71585;
4.8205;
10.3343;
3.52458;
5.16639;
3.30441;
4.34681;
3.90879;
4.26322;
4.89835;
3.9147;
5.09886;
12.5138;
4.77669;
4.99411;
4.2681;
6.23592;
5.14253;
5.7092;
4.42642;
3.67704;
4.58904;
4.62535;
5.46487;
2.67423;
2.24221;
5.28608;
2.8991;
4.47555;
8.16819;
3.62561;
3.93999;
3.61836;
3.74754;
3.19433;
6.77048;
3.3509;
4.08999;
6.2522;
3.71728;
3.98825;
6.14219;
4.97069;
3.83159;
2.20645;
5.92477;
3.82118;
3.95906;
4.08278;
2.74079;
5.03862;
4.71546;
5.98108;
4.98446;
3.51973;
6.29396;
3.60544;
4.11825;
1.9369;
9.82259;
4.21381;
1.53087;
4.05372;
4.56085;
5.34362;
5.68041;
6.15631;
3.21991;
4.42297;
3.76724;
3.92491;
3.49834;
3.83364;
5.86745;
5.05644;
4.48346;
5.35821;
6.20498;
3.07352;
3.84733;
3.38559;
7.72402;
5.64495;
4.67504;
3.60821;
3.83319;
3.24002;
3.93461;
16.3815;
3.40705;
4.21773;
5.91635;
3.8243;
3.15712;
2.30209;
3.67608;
3.73194;
4.2347;
5.51598;
4.71728;
5.54024;
3.07573;
3.90312;
4.73391;
4.7699;
5.33478;
3.69549;
2.79787;
4.74458;
5.23689;
3.4249;
3.31171;
3.44297;
5.28189;
3.6842;
3.21264;
6.57481;
4.31269;
5.91171;
4.85678;
3.4744;
8.76931;
3.46901;
4.40623;
2.32712;
4.34821;
4.22199;
3.07767;
5.02472;
4.20858;
5.28736;
3.06338;
4.24547;
4.48509;
5.38007;
5.65429;
4.48717;
11.9326;
4.3755;
4.63091;
3.58992;
5.64145;
3.79806;
2.91227;
4.0904;
3.66329;
5.76358;
5.26141;
2.29319;
3.86204;
8.87412;
4.89304;
3.88958;
4.27418;
10.1235;
3.48872;
5.39453;
5.52129;
4.87139;
5.10852;
2.5023;
4.4209;
3.55423;
3.1272;
3.71644;
5.19806;
3.32124;
3.81204;
5.08527;
9.75292;
4.80929;
5.36443;
3.39418;
4.28335;
3.19483;
5.04963;
3.55749;
6.17674;
3.62944;
4.38237;
2.75534;
5.75888;
3.28844;
2.82224;
4.33465;
2.60011;
4.65193;
3.5057;
5.3509;
2.64875;
2.95282;
4.22242;
4.76993;
4.54285;
4.18782;
3.18934;
3.32126;
3.16545;
2.42836;
2.78728;
3.32052;
3.26296;
2.14758;
4.11665;
4.00195;
3.08692;
4.11649;
5.12601;
3.33908;
4.75292;
2.96148;
2.57256;
1.65619;
3.35755;
8.3569;
2.27746;
4.16962;
2.35723;
5.7019;
3.50126;
3.39943;
3.44619;
4.48439;
2.37351;
4.03168;
2.96649;
4.36487;
5.41577;
4.68573;
4.98061;
3.84283;
3.87489;
4.5657;
3.48097;
2.30856;
3.44164;
5.88996;
2.10475;
3.51278;
3.65457;
3.96348;
3.96733;
5.5957;
3.30385;
5.55612;
4.4104;
3.55735;
4.23608;
2.3587;
2.37761;
2.5715;
1.70937;
3.27347;
3.12641;
3.61838;
4.7841;
3.32241;
4.80712;
2.51177;
3.4458;
3.78649;
4.14278;
1.78882;
2.79072;
3.79898;
9.91867;
11.4067;
2.52105;
3.48207;
3.04689;
4.14158;
4.00402;
5.88129;
3.21219;
4.0072;
5.95834;
2.09442;
4.33689;
5.4873;
5.62043;
3.15243;
7.6953;
2.38634;
5.82706;
3.57131;
4.19103;
3.33869;
5.62027;
2.10951;
3.55334;
2.7897;
3.02199;
2.59615;
2.83196;
3.40924;
4.73266;
5.79481;
2.29644;
2.77686;
2.29963;
3.06953;
6.09186;
3.19628;
4.18099;
2.47763;
5.44863;
2.36571;
10.0741;
2.93243;
3.52925;
4.0318;
11.4361;
5.17472;
3.78462;
3.34648;
3.00768;
3.64505;
4.47884;
3.76603;
3.96335;
5.06379;
4.76108;
3.29224;
5.46496;
2.92628;
12.396;
3.78864;
2.94879;
3.73321;
4.54603;
3.88894;
6.00229;
4.55847;
4.90249;
4.19445;
5.04801;
3.49565;
1.40436;
4.50247;
2.5327;
2.18364;
4.84991;
9.78446;
4.33467;
2.25506;
4.88993;
3.41714;
4.59263;
3.56638;
3.61562;
6.05912;
4.79982;
2.19398;
2.1765;
3.51112;
3.28481;
2.49313;
8.67911;
4.42933;
2.94434;
3.31839;
5.10722;
9.49406;
1.85348;
1.88422;
3.72992;
5.4749;
9.44889;
2.80502;
2.05927;
3.41652;
3.73499;
4.12915;
3.30012;
1.9019;
2.36346;
3.56503;
2.92035;
3.27774;
2.31423;
4.05186;
3.96062;
2.85174;
3.95389;
3.97816;
4.05258;
5.17522;
4.33905;
5.68315;
4.69291;
2.69924;
2.04011;
4.03719;
4.46832;
3.85064;
3.53838;
12.4677;
4.84892;
2.88772;
4.4101;
3.48389;
3.46394;
3.13024;
2.73152;
5.57561;
3.73373;
3.33481;
4.15763;
3.06216;
4.82323;
2.16235;
4.62209;
2.12411;
6.11538;
2.16235;
2.45343;
4.32065;
3.89527;
5.21663;
2.97923;
8.50407;
4.97503;
2.73158;
2.23322;
3.8879;
4.26407;
3.99752;
3.28279;
3.02089;
4.60844;
5.66015;
4.96486;
6.4118;
3.51107;
2.32004;
2.94669;
1.67762;
1.77141;
4.08911;
4.07983;
4.27566;
12.4802;
4.06777;
3.15526;
2.87903;
2.20482;
2.91412;
4.53958;
4.91357;
4.01627;
4.82309;
4.5758;
4.54683;
3.5241;
4.05847;
3.60399;
1.91408;
3.61754;
2.60449;
5.55058;
2.46877;
3.97862;
2.75201;
9.82897;
3.24677;
6.71465;
4.46856;
3.71315;
3.78611;
5.2952;
5.51556;
4.10632;
6.38664;
4.43974;
12.5795;
10.5907;
3.13297;
1.64307;
3.06011;
3.06825;
2.88591;
11.0339;
3.14131;
3.71878;
4.11284;
2.65203;
3.3869;
2.30046;
3.55853;
2.89809;
3.56379;
4.43001;
3.89524;
2.99282;
4.90741;
4.55725;
3.00572;
2.73806;
5.0802;
1.6846;
3.28016;
8.71246;
3.28173;
1.54327;
3.43311;
2.94799;
7.94707;
2.96645;
3.0552;
3.09636;
2.87643;
2.09766;
3.49518;
2.74743;
3.65683;
3.80078;
3.37395;
2.67375;
6.5908;
2.04043;
10.0119;
5.19471;
2.99482;
3.89139;
2.4337;
3.93885;
3.24953;
2.90906;
3.5931;
5.33791;
5.30642;
3.32041;
3.78764;
2.82298;
8.58434;
6.3931;
3.46777;
3.52562;
2.75346;
2.62596;
2.74518;
3.59577;
5.27629;
3.63297;
3.53734;
2.856;
4.72259;
6.28145;
5.35775;
3.69007;
4.15067;
3.37438;
3.17188;
4.80153;
10.6579;
3.56577;
3.0676;
2.75456;
4.06679;
3.71491;
5.68894;
4.8948;
3.43926;
3.0606;
2.89965;
4.98784;
2.30544;
9.93967;
3.91865;
2.47196;
4.10094;
3.66617;
3.97524;
3.19945;
4.80547;
4.17635;
3.36009;
5.1931;
2.6749;
3.02523;
3.35551;
3.81826;
11.281;
3.58988;
4.89974;
3.3186;
3.73818;
2.18724;
3.73104;
3.62167;
4.12821;
1.21738;
2.43654;
3.35257;
2.66676;
2.95364;
2.37733;
3.75744;
3.10437;
9.94159;
12.8684;
3.52926;
4.10005;
4.19864;
3.31925;
2.29877;
2.39305;
4.13717;
3.58731;
5.47313;
3.91144;
3.46759;
3.75272;
1.76436;
7.39716;
8.68576;
7.37688;
3.64084;
4.37209;
1.64001;
2.52879;
1.79796;
3.30395;
2.49515;
10.7901;
3.00184;
5.11022;
3.23847;
5.14537;
3.36352;
3.69227;
2.49356;
5.09081;
2.5921;
1.98239;
3.41014;
4.72325;
5.93573;
11.2956;
3.75189;
3.95489;
2.85772;
4.11896;
3.36177;
2.87417;
4.50019;
2.5681;
2.8118;
2.8926;
0.902919;
2.75161;
2.84244;
3.86892;
3.21515;
4.51232;
12.3709;
4.31215;
2.62789;
3.15254;
3.23522;
4.12752;
3.3229;
3.48975;
2.70631;
2.13279;
3.34032;
4.82162;
0.949336;
8.07523;
2.83478;
3.5222;
4.19854;
4.02913;
3.1362;
11.5194;
3.69601;
4.87349;
5.19525;
3.06526;
1.45796;
3.74817;
4.15613;
2.01956;
2.06975;
2.60173;
4.81673;
2.8792;
1.90931;
1.94681;
3.98974;
2.67846;
6.07467;
2.13943;
4.21567;
3.36997;
3.9045;
5.70514;
1.59171;
6.34624;
3.83173;
2.23804;
4.94703;
3.24227;
4.37705;
1.88669;
3.55487;
3.98883;
5.294;
3.0423;
4.25495;
4.48052;
2.74884;
7.41201;
4.24887;
3.04824;
3.98496;
2.91178;
4.0315;
3.27718;
3.87152;
4.63172;
5.88218;
3.07366;
1.73063;
6.20665;
5.03711;
4.64738;
2.40089;
4.49265;
2.78136;
2.90189;
3.1061;
2.53241;
3.48222;
4.11663;
4.8937;
2.48654;
3.50074;
1.51777;
3.26219;
2.3779;
2.78708;
3.94367;
3.29539;
3.55796;
3.58401;
8.15577;
11.2655;
2.39336;
3.71806;
2.69891;
3.8361;
2.91867;
2.75971;
4.4798;
3.31802;
2.9516;
2.77682;
2.8466;
5.9882;
5.7371;
6.03958;
2.76761;
3.12695;
1.06613;
2.55427;
5.05868;
10.5678;
7.98486;
3.10039;
4.23763;
4.14447;
2.84672;
5.37207;
1.98948;
2.75491;
2.13562;
3.04838;
2.16197;
3.30322;
3.58838;
3.03691;
2.36699;
2.66498;
3.28784;
5.05175;
4.77847;
3.67572;
2.3214;
3.89288;
3.7646;
2.30817;
3.59547;
3.89559;
8.22128;
3.22721;
2.39183;
1.6448;
3.08124;
3.45157;
3.04823;
2.73846;
3.46755;
2.97618;
2.01252;
2.80876;
3.80427;
2.61284;
3.38969;
2.93808;
2.81762;
2.39383;
3.49455;
3.29274;
3.76021;
2.87161;
3.22961;
3.5971;
2.2672;
3.69895;
7.53131;
4.19935;
2.45205;
6.27825;
2.24674;
3.24577;
2.89891;
1.66523;
2.41631;
3.92202;
2.89861;
3.98535;
3.77074;
8.96083;
2.35022;
4.06516;
3.77904;
3.48909;
5.28102;
3.45727;
3.53116;
4.70593;
3.91486;
1.47133;
4.41344;
3.23572;
7.76343;
3.71692;
3.53457;
3.21112;
3.37895;
1.78969;
4.812;
4.00228;
12.3952;
3.92575;
2.41233;
4.07216;
3.21179;
2.94278;
3.48135;
3.05507;
3.94005;
5.29455;
4.06927;
4.68963;
2.40618;
1.15306;
2.96679;
3.16912;
3.18484;
1.62034;
5.1144;
4.48763;
8.47857;
3.10582;
2.21036;
2.01758;
3.25591;
11.0336;
3.63557;
2.43749;
2.98469;
1.60134;
3.90632;
3.49188;
2.78153;
2.36772;
11.8445;
4.64546;
2.59939;
4.52002;
4.58531;
2.78742;
4.0613;
4.85321;
2.85631;
2.10967;
1.54301;
3.43947;
3.60625;
2.02012;
3.93234;
2.50279;
1.78563;
3.5397;
3.95511;
5.74385;
3.46613;
3.67839;
4.83769;
4.01864;
8.23429;
3.28603;
4.53914;
3.72036;
1.31189;
2.28669;
2.66049;
3.60066;
3.77461;
4.15427;
6.87859;
3.95248;
2.21037;
3.69238;
3.64748;
3.23738;
1.9863;
2.63312;
2.63953;
2.1466;
3.67189;
3.11555;
1.25067;
3.48807;
3.08004;
3.84917;
3.58847;
2.10068;
4.02007;
3.96941;
1.3037;
4.07586;
3.55735;
0.943333;
3.02407;
3.22697;
2.6294;
6.40859;
4.69687;
2.53775;
3.14324;
4.01988;
2.87916;
3.4507;
1.33901;
2.63115;
5.64812;
3.45207;
4.24036;
2.56989;
2.78015;
2.32844;
3.03468;
3.41039;
3.86482;
2.93338;
4.02303;
2.9844;
2.67226;
3.03773;
4.42642;
8.31604;
2.3067;
1.6565;
4.53779;
2.04727;
3.15577;
3.71338;
2.40282;
1.2545;
2.98234;
2.46046;
2.2096;
4.03442;
10.1927;
3.10175;
10.9514;
3.09154;
2.8456;
2.40085;
3.70618;
3.47144;
3.60153;
3.66466;
2.55959;
3.89638;
3.30483;
2.5862;
3.50576;
3.42143;
4.68631;
3.2308;
2.48867;
2.31724;
5.07374;
3.38914;
1.28411;
1.53427;
4.06931;
4.76574;
3.86883;
3.39388;
1.80967;
2.47517;
2.2206;
2.56057;
2.88691;
3.23597;
2.34177;
2.81437;
3.34615;
2.81729;
9.36418;
4.07289;
2.11675;
3.87297;
2.8187;
4.56637;
1.77104;
3.14855;
1.94452;
4.01203;
2.85514;
2.98981;
3.11243;
2.77521;
2.56936;
3.33868;
3.66296;
2.11406;
3.58354;
3.33899;
2.81008;
2.38853;
2.50498;
10.1077;
3.33868;
3.37455;
3.30308;
4.31524;
13.1816;
3.78587;
1.94913;
3.10955;
1.52814;
4.30274;
4.35066;
3.11826;
2.16409;
3.3503;
3.64467;
3.39756;
2.81368;
2.56375;
0.506941;
2.81323;
2.94755;
3.08866;
9.70289;
1.32801;
2.14824;
2.9447;
2.53194;
2.95435;
3.04291;
2.67076;
1.50134;
1.74153;
2.265;
4.34862;
2.22785;
9.22924;
2.19887;
3.52811;
1.58921;
2.75008;
3.26877;
4.2324;
2.96971;
2.5023;
2.28554;
3.22829;
3.51292;
2.4663;
2.10232;
1.8198;
1.37261;
2.15158;
4.01507;
2.55876;
2.20231;
3.76443;
3.6024;
1.26158;
2.2577;
3.03708;
3.34958;
3.71772;
5.01486;
3.81937;
3.00111;
4.43967;
3.1673;
2.66631;
3.82491;
2.70301;
2.2398;
3.40662;
2.2815;
4.56989;
4.03553;
1.79213;
3.12234;
2.05943;
3.29684;
3.2894;
2.54618;
2.51769;
2.34345;
3.24229;
1.95957;
4.89627;
10.2744;
3.83737;
3.86426;
2.17362;
3.43314;
3.18209;
2.36473;
5.26401;
2.27952;
4.00493;
1.81935;
3.50751;
3.55307;
3.03335;
2.98475;
2.21231;
3.76698;
1.67582;
3.72094;
3.86447;
2.56603;
2.90803;
2.72534;
3.07999;
1.6746;
2.74135;
6.70581;
4.4809;
2.2285;
4.3191;
3.94005;
3.57155;
1.96733;
2.66005;
11.1568;
3.09763;
3.52139;
1.94793;
2.4361;
2.71196;
4.56172;
2.69006;
2.66112;
3.29452;
4.49332;
3.74997;
1.95606;
2.75813;
2.51322;
3.74129;
3.61463;
2.35776;
1.14655;
4.21931;
1.56349;
2.43616;
3.178;
2.77177;
1.3692;
1.81465;
3.45091;
1.53759;
3.11817;
2.95032;
3.89802;
2.26451;
1.96342;
2.04472;
3.47099;
3.92588;
8.06465;
1.32802;
3.24387;
3.50716;
1.87664;
2.41558;
2.03756;
3.49432;
2.02778;
2.22558;
4.58141;
1.46334;
1.34108;
3.72371;
2.41198;
3.03667;
3.3558;
3.44131;
3.23625;
1.66507;
7.89197;
8.96204;
2.33441;
1.63723;
2.16156;
3.14567;
3.87793;
2.40838;
2.47283;
2.14845;
3.16408;
1.85676;
2.03104;
2.08453;
4.77262;
1.92385;
1.56509;
3.40394;
2.9364;
2.98101;
2.14863;
10.175;
3.67107;
3.7496;
3.12643;
3.58539;
2.05164;
2.14695;
1.65743;
3.12585;
9.99264;
2.18545;
1.71208;
3.37673;
2.37298;
2.13057;
3.1968;
4.67618;
2.66862;
3.46042;
2.44508;
3.71891;
2.03886;
8.41823;
1.44342;
3.14656;
3.08098;
4.82523;
1.67228;
2.66657;
2.44697;
0.825079;
1.35599;
3.46404;
4.23987;
2.97225;
1.82562;
3.09309;
2.84101;
3.49297;
7.52556;
2.41671;
3.05231;
2.05905;
3.29608;
1.96077;
2.29806;
3.36053;
2.35825;
3.95734;
4.9186;
2.21535;
3.4414;
2.93706;
1.68185;
1.70471;
3.51861;
2.61623;
2.94091;
1.914;
1.62931;
2.08312;
4.30812;
4.00027;
2.52025;
3.69452;
3.02695;
1.63396;
2.37377;
3.1976;
2.44695;
10.4641;
8.93803;
3.61013;
2.78936;
2.52286;
2.18627;
1.58732;
3.96957;
1.85964;
2.28278;
1.63479;
2.34817;
5.24474;
1.78328;
7.46993;
2.11043;
1.97972;
3.23208;
3.18775;
3.44695;
4.29466;
8.14986;
3.60801;
3.27405;
2.66043;
2.81477;
2.71137;
2.24106;
4.93797;
2.60288;
4.73739;
3.95608;
2.10186;
1.18377;
5.19032;
1.96163;
2.27221;
2.13717;
4.02602;
1.21774;
1.87529;
3.62408;
4.64876;
2.45607;
3.83092;
2.33967;
3.40067;
2.19866;
3.50628;
3.09515;
2.98898;
3.16807;
8.49194;
3.41099;
1.29431;
4.4456;
3.05697;
3.76465;
1.91705;
1.5275;
1.57409;
2.83123;
2.93926;
3.87894;
10.1159;
1.54675;
7.4417;
1.67828;
2.72248;
1.51828;
1.9758;
2.44146;
1.80011;
3.08395;
2.07402;
3.00397;
2.85218;
1.80944;
3.92636;
2.16376;
3.06057;
1.97667;
3.17632;
2.0621;
2.96947;
2.40925;
1.86079;
8.81615;
2.59788;
2.62597;
3.94185;
2.8774;
2.25243;
3.43143;
3.17958;
1.40025;
1.9707;
3.27305;
3.82196;
3.78447;
2.61363;
2.16713;
1.51403;
2.94792;
2.47709;
2.84009;
4.79444;
2.25423;
2.83623;
2.56579;
2.94597;
2.11368;
2.61232;
9.23691;
2.24501;
4.25068;
12.3148;
2.32565;
2.13767;
3.62673;
4.91249;
4.81468;
1.77376;
3.49773;
1.97368;
1.81555;
10.9465;
2.28157;
3.55744;
3.55553;
3.51288;
1.61212;
3.34903;
3.38108;
1.83112;
1.59479;
3.81035;
5.79086;
3.0444;
4.24858;
2.21181;
2.48849;
0.833593;
2.54404;
2.75359;
2.42815;
2.47581;
1.86531;
7.74898;
2.38864;
2.75863;
2.63947;
3.109;
2.96481;
3.1161;
2.16761;
4.61521;
2.97678;
2.92194;
1.58122;
2.79432;
2.86259;
3.06105;
3.8442;
3.11817;
5.15315;
1.97966;
2.26501;
1.80949;
2.92276;
1.47695;
3.83068;
3.0978;
1.83102;
1.64629;
2.36666;
1.8955;
3.18535;
11.2996;
7.28488;
1.07266;
4.26323;
3.20809;
1.98778;
2.36523;
3.0955;
3.1131;
3.68586;
2.92473;
3.75986;
1.98067;
2.60824;
1.10146;
3.81897;
1.97008;
1.41839;
2.29165;
2.99983;
1.66994;
6.82694;
2.08854;
2.23558;
2.34681;
3.0362;
2.95084;
1.04594;
2.6872;
2.55244;
4.57474;
2.91189;
3.75368;
3.31639;
1.72294;
2.28804;
3.5831;
2.79978;
2.06435;
1.77163;
5.55534;
2.59414;
2.81139;
2.31508;
3.27297;
2.34542;
1.73064;
2.07053;
2.17545;
2.77807;
4.12811;
4.05159;
1.99658;
1.69194;
2.99326;
2.92125;
10.0045;
1.31682;
2.16203;
9.79133;
4.16165;
2.37624;
3.80296;
1.63498;
3.2591;
1.8553;
4.33089;
3.23797;
2.04294;
2.651;
2.30282;
2.72882;
3.38695;
2.70933;
3.39439;
2.83031;
2.19638;
1.90306;
0.773681;
8.89774;
7.18043;
2.94024;
2.66301;
1.83431;
1.07173;
1.35587;
0.782944;
1.97007;
2.43724;
4.05683;
1.99358;
2.86972;
2.53641;
2.79241;
4.33124;
2.27077;
4.63809;
1.86396;
2.97283;
4.14594;
2.71555;
1.18119;
2.71832;
3.11796;
2.48055;
2.64299;
2.80703;
1.18938;
2.26058;
2.7634;
2.51891;
1.65756;
1.69084;
5.41677;
1.64113;
9.58564;
2.004;
3.38848;
2.58184;
3.7255;
3.49036;
3.37505;
2.35291;
2.80877;
4.72631;
10.482;
1.10123;
1.026;
3.33501;
2.6169;
3.21658;
3.50623;
3.19142;
3.22858;
2.15357;
2.94237;
3.96137;
5.38011;
1.4992;
2.97184;
4.11895;
3.82176;
3.8281;
1.41484;
2.32414;
2.79867;
2.50603;
9.07065;
12.4047;
1.75943;
9.67666;
1.33933;
1.95206;
2.42001;
2.28097;
2.0017;
2.81669;
8.78525;
12.5087;
8.64567;
3.49375;
2.17606;
4.41917;
2.11447;
1.09834;
3.67901;
1.02538;
3.1831;
3.65801;
2.06214;
2.55885;
2.21501;
2.41979;
11.3653;
3.07866;
3.87315;
2.15908;
3.1955;
2.09373;
3.4404;
1.84592;
1.08105;
2.06665;
2.8046;
0.96428;
4.20162;
1.35203;
1.14384;
2.01283;
1.4628;
4.48891;
5.25649;
1.41767;
1.44206;
1.30627;
4.72186;
5.03898;
4.03846;
2.21372;
2.95011;
2.55071;
1.4439;
2.06543;
3.63113;
2.1413;
1.68853;
2.84445;
3.04269;
2.00053;
2.14578;
2.59888;
1.65324;
1.10185;
2.24702;
2.3858;
2.1413;
2.6037;
2.06079;
2.96567;
2.21275;
3.17377;
1.39565;
2.603;
3.86002;
3.01369;
2.30635;
3.56444;
3.75188;
1.47741;
2.501;
1.94709;
2.0973;
1.93986;
2.53453;
1.66611;
1.91509;
11.378;
0.842325;
1.92189;
3.29218;
2.68649;
3.06006;
1.44625;
2.7092;
3.00249;
2.11788;
3.89538;
2.96738;
2.6375;
3.38933;
1.07548;
4.59994;
1.84161;
1.40067;
1.79143;
2.37535;
4.14522;
2.34669;
7.52738;
3.61426;
3.79872;
2.96449;
2.27;
2.76171;
5.18696;
2.18313;
2.82986;
2.73924;
0.967609;
1.2524;
3.71274;
2.00662;
2.07611;
0.8509;
2.29996;
1.91685;
3.10744;
8.05007;
3.07677;
2.18774;
2.80032;
2.53624;
1.80939;
2.10486;
2.80676;
2.85395;
0.667535;
1.19141;
1.75964;
2.83708;
1.87067;
2.0011;
3.86799;
3.23772;
3.9139;
1.47054;
1.63638;
2.03257;
1.34204;
2.95677;
9.43784;
4.79768;
2.02903;
10.3494;
2.26164;
3.13145;
1.22587;
1.24229;
3.10398;
2.33285;
1.36116;
3.03458;
3.03598;
2.07721;
1.05631;
2.98734;
3.02596;
2.95195;
1.92161;
1.18454;
9.62959;
7.18221;
2.77256;
3.75165;
3.44558;
2.33796;
4.26423;
1.53039;
2.67354;
3.53258;
2.62715;
3.4345;
2.57007;
3.74363;
2.05137;
1.77063;
3.52454;
3.59744;
2.05455;
4.02185;
2.69187;
2.84508;
1.23656;
1.45972;
2.28964;
1.10352;
3.85587;
2.0143;
2.4976;
2.04061;
2.15914;
3.41883;
2.70776;
2.02522;
2.4367;
1.7102;
8.9065;
6.18904;
2.30311;
2.1916;
1.32678;
2.83802;
3.39429;
2.89546;
1.14006;
2.18351;
2.20653;
2.26822;
1.53207;
2.28955;
2.53529;
1.90707;
4.09143;
9.59324;
1.90073;
2.32993;
1.3336;
2.16061;
3.4941;
2.64178;
0.988701;
2.24301;
2.64766;
3.06478;
2.46119;
2.64612;
1.9045;
2.47108;
1.41159;
9.83044;
3.834;
1.85835;
1.19855;
2.16622;
1.50423;
2.95722;
2.61039;
2.65393;
1.22703;
1.74046;
3.47427;
2.24136;
1.86304;
3.96924;
2.64718;
1.34562;
2.57055;
1.59096;
6.79104;
1.32155;
2.01119;
2.59337;
2.08052;
2.41242;
8.3766;
3.19057;
2.17144;
1.59099;
1.34003;
3.327;
2.96707;
2.05028;
1.38204;
2.47577;
2.91314;
2.70815;
3.31342;
2.84531;
2.63589;
1.78787;
3.38783;
2.15714;
2.26603;
1.60198;
0.791802;
2.80924;
1.74568;
4.2202;
2.97812;
2.3614;
2.38434;
2.3826;
1.98933;
3.49362;
2.17557;
2.08106;
3.72375;
5.75115;
4.10166;
1.83625;
1.57792;
2.41526;
1.15877;
2.43516;
7.50462;
1.85287;
2.91539;
3.80286;
2.23811;
2.28508;
2.25369;
2.62119;
3.09463;
2.106;
2.42257;
1.53515;
3.72974;
8.41601;
4.98287;
2.23614;
1.92389;
2.6215;
3.31911;
11.783;
3.67096;
2.34543;
3.70052;
2.5887;
1.2906;
2.56768;
1.62132;
0.96884;
2.39875;
2.95149;
1.10647;
2.39624;
2.7517;
4.83861;
3.20615;
1.59093;
1.41234;
3.88481;
3.50373;
2.39324;
1.22187;
2.31629;
3.47288;
4.13261;
2.17175;
3.94003;
1.81047;
2.14559;
1.43386;
1.7211;
2.08701;
10.8711;
2.15845;
2.87973;
3.45294;
0.651336;
1.72528;
2.51417;
2.05995;
2.40825;
2.10034;
2.76711;
9.15129;
1.69896;
2.83805;
2.61854;
3.58567;
2.68741;
1.88935;
3.91355;
2.68907;
2.30015;
1.84191;
3.92243;
3.0482;
2.94935;
2.65109;
1.52204;
2.13362;
1.83461;
1.74613;
1.39434;
1.91438;
3.24945;
1.60593;
3.6117;
2.93658;
2.77165;
1.27526;
11.4285;
1.84328;
2.2311;
2.51761;
1.91407;
1.80391;
2.39128;
3.03423;
2.22306;
12.2951;
1.57113;
0.929606;
4.02177;
3.53811;
1.85506;
2.69861;
3.83338;
0.487642;
2.02458;
1.6041;
0.574806;
3.09736;
2.93861;
2.77608;
1.34333;
1.80103;
2.309;
2.93739;
2.03452;
1.98779;
2.39083;
2.81625;
2.8476;
0.908228;
2.47701;
1.66693;
2.48674;
2.41932;
1.95602;
3.236;
0.968131;
1.6688;
1.30152;
7.55031;
1.65237;
1.59588;
3.61355;
2.20777;
2.64385;
2.57722;
3.10163;
2.87063;
1.73883;
2.32513;
1.11908;
1.2413;
2.09716;
2.95592;
0.580477;
2.69712;
3.31394;
1.82514;
3.12137;
1.0856;
2.40962;
1.84169;
2.26391;
2.17169;
2.61868;
2.67754;
3.74297;
3.29742;
2.22818;
2.39277;
2.30136;
1.31899;
1.5559;
1.67652;
1.36098;
2.68926;
1.75329;
2.3053;
1.52302;
1.90975;
1.27913;
1.80108;
2.31379;
2.29945;
3.87348;
2.2531;
2.61769;
1.91046;
2.13222;
1.13435;
3.675;
1.85748;
1.91517;
1.72968;
1.00805;
1.70629;
2.40913;
1.81913;
3.36621;
2.47639;
1.56426;
2.46007;
1.22966;
2.69797;
2.44209;
2.17114;
1.51037;
3.61808;
1.40341;
2.82351;
3.8755;
1.665;
2.85299;
1.81642;
3.4361;
2.60522;
2.96333;
1.03771;
3.76949;
1.37286;
3.05952;
2.71718;
1.01073;
12.3702;
0.966344;
7.82545;
8.27416;
5.71826;
8.42253;
9.62186;
9.18177;
11.2573;
9.55297;
9.25484;
2.41377;
2.53746;
2.21201;
0.857509;
10.2513;
8.30746;
7.53297;
8.31321;
10.9515;
3.35144;
1.95582;
1.40946;
7.07275;
8.81248;
7.17657;
8.39921;
7.9551;
10.5262;
7.8172;
10.5903;
8.42396;
11.2062;
8.57685;
5.87537;
8.16801;
7.62204;
2.65448;
1.51062;
6.9888;
1.23998;
1.59539;
2.60438;
2.23944;
2.42366;
3.05941;
2.1406;
3.07914;
2.0888;
2.66146;
3.82736;
2.04895;
2.4654;
3.14708;
3.40188;
3.48111;
1.06823;
1.69392;
1.08306;
2.05502;
3.55635;
2.29477;
1.73881;
1.66377;
1.77261;
3.61467;
2.05841;
2.22664;
11.9365;
8.79937;
8.96132;
2.08158;
8.81785;
5.93856;
2.86629;
3.56078;
3.22564;
1.72488;
2.8209;
4.59418;
1.61831;
3.23692;
3.01218;
4.15407;
4.32976;
2.48953;
3.86492;
2.40951;
4.06337;
2.47929;
1.76721;
2.58749;
2.48796;
2.76605;
2.08658;
2.69039;
3.74919;
4.24563;
3.03415;
2.0165;
3.55066;
2.94703;
1.41404;
1.98283;
1.67443;
1.60525;
1.70415;
2.03225;
3.53304;
2.91434;
3.59096;
1.95387;
0.982332;
5.65463;
2.97674;
1.57621;
8.15229;
4.27698;
2.95897;
3.03182;
2.38301;
1.81284;
1.63514;
2.05382;
2.85188;
0.651933;
2.00509;
1.97879;
2.59226;
2.14926;
2.22695;
3.42135;
3.45924;
3.80226;
2.25023;
2.95258;
2.69039;
1.37461;
2.54143;
2.57307;
3.06824;
2.21706;
3.47072;
2.34391;
1.17437;
2.35763;
3.59911;
10.944;
5.73909;
3.09064;
1.91042;
2.10864;
1.01341;
3.33348;
1.4698;
1.38837;
4.32321;
2.9811;
0.874092;
3.82837;
3.28798;
1.14508;
3.38026;
3.0862;
0.870227;
7.86143;
10.9231;
8.76947;
3.43884;
3.9052;
4.66408;
4.99406;
3.5776;
2.05355;
1.77442;
2.21235;
3.22912;
1.87411;
3.56484;
3.73621;
2.15255;
2.45173;
3.39576;
3.10139;
2.71937;
1.19055;
2.67143;
3.26076;
2.53442;
6.57247;
9.65574;
6.5134;
10.8131;
3.62418;
1.4338;
6.76507;
9.69059;
7.47713;
3.74749;
2.87615;
2.77151;
2.04894;
2.6806;
1.39864;
3.41548;
2.85362;
4.57712;
2.17587;
2.58666;
3.83166;
3.14975;
3.80744;
2.71042;
1.36744;
2.56441;
2.42502;
3.56377;
1.58825;
2.96651;
2.42261;
1.67514;
2.85003;
3.52582;
2.96136;
3.31296;
10.127;
2.13597;
2.10221;
1.3611;
1.86214;
3.16987;
2.30851;
2.42614;
2.71654;
2.04958;
2.17559;
4.24301;
3.0805;
2.56419;
2.7969;
2.46695;
2.5254;
1.46344;
2.71513;
1.60331;
2.59468;
4.39295;
2.55319;
2.95407;
0.531018;
4.2955;
2.60027;
3.96927;
2.73942;
3.41125;
2.33693;
1.77257;
3.53914;
3.08322;
3.41527;
1.76084;
1.23549;
2.35864;
2.81808;
2.65985;
3.18166;
5.11364;
3.36833;
2.1721;
2.28179;
2.52617;
3.7681;
3.70937;
2.3933;
1.67037;
4.20279;
1.36903;
2.71535;
2.32554;
1.85788;
2.09904;
2.16446;
1.45947;
4.07023;
2.63037;
3.31763;
1.99068;
1.58691;
2.71581;
3.60861;
2.58944;
1.62303;
2.02635;
2.4862;
2.41679;
1.46185;
2.51884;
1.76341;
2.14446;
1.4145;
1.81236;
4.6192;
1.27126;
2.72093;
1.42703;
2.94392;
3.64364;
10.2178;
3.6223;
1.71515;
1.22472;
8.6543;
2.30611;
2.60646;
3.27109;
1.66274;
2.74868;
2.41347;
3.03409;
1.44635;
2.45299;
3.2756;
0.797504;
1.77874;
2.07796;
2.17781;
1.91656;
10.8451;
8.54954;
8.44901;
9.65813;
6.00528;
8.51451;
2.70582;
1.09577;
3.21789;
1.20374;
8.78045;
2.78909;
2.31155;
4.30135;
3.25522;
8.2422;
10.2383;
7.36498;
10.1618;
8.15075;
3.39126;
2.37027;
2.71282;
4.89391;
1.30239;
2.03233;
5.13314;
1.43583;
2.91833;
1.97909;
1.41813;
1.59272;
2.04441;
2.3818;
2.71567;
1.73703;
2.96256;
3.38289;
3.03435;
3.28857;
2.10086;
2.33341;
0.926815;
1.00029;
1.94135;
1.45278;
1.52995;
2.35613;
3.45707;
2.66412;
2.57244;
5.63176;
2.90441;
5.14161;
4.2721;
3.71821;
1.6085;
2.84798;
2.60547;
3.3135;
2.61136;
3.08337;
1.99993;
4.11891;
9.78586;
1.50888;
2.06055;
1.70247;
2.70763;
3.28518;
3.30892;
2.19934;
1.27125;
3.23629;
6.22619;
2.47286;
2.11474;
2.59984;
1.28959;
1.31684;
2.46089;
1.0061;
2.32212;
3.98842;
1.84111;
3.86083;
2.55392;
2.59618;
3.08206;
2.4878;
1.0876;
0.396379;
4.58032;
4.07127;
3.36575;
1.3045;
3.21798;
1.25101;
4.29061;
2.18007;
2.44765;
1.62563;
0.940198;
2.82315;
3.92518;
2.21815;
1.51576;
3.35849;
1.72864;
2.5571;
7.17118;
3.74361;
1.71159;
3.60801;
3.28697;
8.67328;
2.94981;
3.50102;
6.32038;
2.00465;
1.00621;
2.98801;
0.937965;
1.60222;
1.66343;
1.72046;
1.3863;
2.30355;
1.13524;
2.82469;
1.50971;
2.09392;
3.4306;
1.31226;
1.96237;
1.72072;
1.18101;
2.77974;
1.50325;
2.80711;
1.96071;
2.12941;
2.72515;
2.60174;
2.77229;
3.72202;
3.02792;
1.62689;
0.681304;
5.1481;
3.56218;
1.50686;
3.06341;
3.39705;
1.91728;
1.6714;
2.24941;
2.308;
0.548587;
9.81681;
2.24795;
2.93067;
2.68282;
3.19838;
2.83489;
3.274;
3.87215;
2.20146;
2.17098;
1.976;
2.02846;
1.81214;
2.55353;
1.36679;
2.16007;
0.997182;
2.24601;
2.87765;
2.5556;
2.7771;
2.2776;
10.8543;
1.63559;
2.07517;
3.67677;
2.66654;
1.63274;
2.00975;
1.7955;
3.50947;
3.64046;
2.12635;
2.50435;
1.71405;
1.79845;
2.30481;
4.11694;
3.39518;
1.35764;
1.02563;
3.2776;
7.27592;
1.69139;
0.660637;
7.98707;
2.48096;
0.825925;
3.14854;
1.59881;
1.65947;
2.75194;
0.621001;
2.40337;
2.13152;
1.10017;
2.1499;
1.39822;
0.774754;
4.32329;
3.14727;
3.4759;
2.21411;
1.06234;
3.4876;
8.15133;
1.2985;
2.93883;
0.798351;
3.12872;
2.61701;
2.09108;
1.69125;
1.82068;
2.47069;
2.55844;
1.25005;
2.10553;
0.457734;
2.61237;
1.72118;
2.72004;
1.25512;
2.27745;
1.84451;
2.18265;
0.984224;
1.49198;
2.64269;
2.88821;
2.03995;
0.705874;
3.16829;
5.38116;
2.11136;
8.24807;
2.15418;
2.84016;
1.73129;
3.03762;
0.806978;
1.87338;
2.23874;
1.03239;
3.9027;
2.57544;
2.62427;
1.83119;
1.45947;
3.78205;
2.59821;
1.12664;
2.04569;
2.87735;
1.77874;
3.04854;
1.2966;
1.8487;
3.94063;
3.33567;
1.89072;
2.51;
2.38612;
1.48439;
2.40201;
2.08792;
2.00025;
2.85194;
2.13399;
2.71084;
2.88117;
2.05581;
2.44751;
1.74736;
2.26006;
8.38399;
2.689;
1.62199;
1.14679;
2.34726;
3.14088;
3.41503;
1.30576;
2.35508;
1.72872;
3.79647;
3.15859;
1.01769;
2.47847;
1.89641;
1.31028;
1.85857;
2.70882;
2.52821;
2.97701;
7.47792;
3.34871;
3.40005;
2.96688;
2.32321;
0.925357;
1.71677;
2.81676;
2.75266;
1.87301;
2.62825;
1.3087;
2.02737;
1.56098;
0.818238;
0.909703;
1.45466;
2.73721;
1.44512;
1.99237;
4.20711;
1.26159;
2.74119;
9.92451;
1.68125;
2.52664;
2.20373;
3.20083;
2.57863;
1.20119;
1.54764;
0.508394;
1.88451;
2.62493;
2.25088;
1.02482;
1.8241;
2.09203;
2.12961;
1.39858;
2.5228;
2.36152;
2.32546;
0.898461;
0.523221;
1.61898;
1.79101;
1.73204;
2.22754;
1.89753;
2.25645;
0.153652;
2.65293;
2.58003;
1.82645;
2.43845;
2.89259;
1.1515;
1.14677;
2.09153;
0.9859;
8.64357;
2.38864;
1.74731;
2.76384;
1.27342;
4.13208;
2.6757;
1.02991;
1.53271;
1.86038;
1.72645;
2.23461;
2.48285;
1.83907;
1.11082;
2.65328;
1.4281;
1.64434;
2.7475;
2.62611;
2.38358;
1.49498;
1.66975;
0.87533;
2.21066;
1.28765;
3.01375;
2.45545;
1.596;
1.87134;
2.4065;
0.990694;
1.81923;
2.52197;
1.14099;
2.94943;
2.42469;
2.62929;
2.708;
1.04026;
2.4074;
1.7973;
2.71648;
1.9693;
3.46583;
9.31378;
2.65396;
3.23334;
1.48388;
0.893723;
1.62761;
3.1894;
2.36101;
2.75799;
2.48077;
1.65725;
3.47098;
2.9727;
0.450573;
2.108;
2.36326;
1.02479;
1.71641;
2.51582;
1.44546;
3.14199;
1.49687;
0.675325;
0.469137;
1.73782;
1.42416;
1.66698;
2.63032;
2.93398;
2.56662;
2.13513;
2.38779;
2.28543;
8.41245;
1.94756;
0.835653;
3.21708;
1.54338;
1.24441;
1.99211;
2.91833;
1.94221;
2.85841;
1.24881;
2.12706;
2.00201;
4.25826;
3.06081;
2.05551;
1.82118;
2.35266;
1.73611;
2.28283;
3.65335;
3.00677;
1.9204;
2.45274;
2.05912;
1.83975;
1.89765;
0.754308;
1.41087;
2.76033;
1.35139;
5.91305;
2.61589;
2.52614;
2.99808;
3.40669;
2.32944;
2.90737;
1.03084;
2.60893;
0.735409;
1.28785;
1.4911;
1.69432;
1.42706;
1.43926;
1.32451;
0.876558;
2.38547;
2.63463;
3.34193;
7.757;
3.47305;
0.964507;
2.60114;
2.76911;
3.26331;
2.90069;
2.22873;
0.746478;
2.70528;
3.10686;
2.35216;
2.68784;
1.76103;
2.02171;
0.777826;
2.29019;
1.80788;
1.65004;
2.03526;
1.34014;
2.0307;
0.917155;
0.748302;
2.69311;
3.01325;
1.31687;
2.83536;
2.71521;
2.47836;
1.44237;
1.1112;
2.12719;
2.71324;
2.25673;
3.23911;
1.21287;
1.65151;
1.9044;
9.06743;
2.92183;
0.528759;
2.15851;
2.49392;
1.59716;
1.04275;
2.44298;
1.9604;
2.2239;
1.7776;
2.22752;
0.857943;
1.73905;
2.54917;
3.20646;
1.76978;
2.50737;
3.19043;
2.05735;
1.60312;
6.41821;
2.60318;
2.89677;
2.43851;
1.82789;
0.870384;
3.91675;
1.87442;
0.614397;
2.11012;
1.20084;
2.41736;
2.96061;
2.90109;
2.55354;
1.81545;
1.38063;
3.7884;
1.04027;
5.96943;
1.65824;
1.24773;
2.27559;
1.80136;
1.42207;
2.81079;
1.73068;
1.00478;
0.914554;
1.84078;
2.06823;
1.44211;
1.4138;
2.03332;
3.28123;
2.01734;
1.94735;
3.50497;
3.35241;
1.23437;
5.77387;
1.54874;
2.03863;
2.31739;
2.54906;
2.95803;
1.84878;
0.489164;
1.57593;
1.98244;
2.49736;
2.50082;
2.69307;
1.35804;
3.20439;
1.52556;
1.2269;
4.35636;
3.15468;
9.4777;
0.816158;
2.57783;
1.49779;
3.57699;
1.31217;
1.96368;
1.42658;
1.86243;
3.21658;
2.79957;
0.960653;
1.40962;
1.65547;
3.26741;
2.43536;
1.7987;
3.40609;
1.36712;
2.13462;
2.88387;
1.7137;
2.81823;
1.48039;
1.1978;
1.31276;
2.42245;
1.11752;
1.38685;
0.985024;
2.6041;
1.77165;
0.466424;
0.716612;
6.6357;
1.45466;
3.14399;
1.41837;
2.86418;
1.31291;
3.49165;
1.90241;
2.21751;
3.0994;
2.50846;
1.28661;
1.59181;
3.40273;
1.61308;
1.34654;
1.12552;
2.67666;
0.267889;
1.93578;
2.82337;
8.14389;
3.82076;
2.49578;
1.46322;
2.79574;
1.70474;
2.68993;
1.99572;
2.34854;
1.20077;
2.0253;
3.04688;
1.38451;
1.89594;
2.48874;
0.745781;
2.16241;
0.799776;
3.4059;
3.53975;
2.46323;
0.696432;
1.30246;
0.355377;
2.26438;
3.61581;
2.50875;
1.02068;
1.49205;
0.845468;
3.72193;
2.19081;
3.39715;
3.4277;
2.11154;
2.51378;
2.1995;
2.3962;
3.01862;
2.27451;
1.86548;
3.78793;
3.78846;
9.16951;
0.772791;
5.4416;
1.35449;
0.77236;
1.76467;
1.52983;
2.13913;
1.42377;
2.1012;
1.86761;
2.70642;
0.836685;
1.861;
1.52859;
2.47418;
1.77559;
2.29782;
1.38389;
2.54519;
2.72974;
1.24441;
3.58265;
0.350733;
3.3921;
5.86211;
2.69235;
2.11999;
2.51119;
1.60926;
1.3887;
1.7724;
1.31785;
2.33856;
0.791777;
4.26658;
1.52071;
2.98139;
0.67529;
2.42894;
7.38549;
2.3533;
2.98819;
2.44094;
3.73921;
2.19983;
1.8288;
1.852;
1.36062;
4.11395;
3.05658;
8.62397;
2.78842;
0.860478;
1.21638;
3.89671;
1.4215;
3.33489;
1.89635;
3.35751;
3.59882;
3.0604;
2.12354;
0.871366;
5.72102;
3.52096;
1.76009;
7.7089;
1.7539;
2.83859;
1.95974;
2.35929;
1.72125;
4.00516;
1.43781;
2.38048;
1.15813;
5.9381;
2.42071;
7.4625;
3.49773;
2.66777;
2.26152;
1.328;
4.20627;
4.3272;
4.55465;
2.52358;
0.870396;
2.51918;
6.61117;
1.05826;
1.96553;
2.30891;
1.90737;
3.54079;
3.23477;
3.39164;
1.66034;
2.24547;
3.02745;
8.20828;
1.39332;
2.02702;
1.74637;
1.44367;
2.51722;
1.46876;
1.51848;
4.25778;
4.36339;
2.58144;
3.94318;
4.89999;
1.78186;
1.34467;
1.97001;
4.02703;
4.18927;
1.27689;
2.03407;
1.86534;
2.34059;
3.36469;
0.850192;
2.62156;
1.41684;
1.56827;
2.84301;
2.75428;
9.66504;
3.90546;
1.55679;
3.16663;
1.20341;
0.855619;
1.71459;
1.94196;
3.43937;
2.31586;
1.28267;
2.77241;
3.90152;
2.21022;
2.08303;
7.94131;
1.61648;
7.06133;
0.695495;
1.62934;
2.18211;
1.46588;
3.2124;
2.01944;
2.37221;
3.18291;
8.12111;
1.18181;
2.18429;
2.36895;
2.23181;
1.41969;
3.00566;
1.11235;
1.56537;
2.5547;
1.64049;
1.12106;
2.10518;
0.991672;
1.5008;
5.96945;
3.23952;
1.30766;
2.55588;
1.4125;
2.4022;
1.35998;
2.49562;
2.82428;
1.46607;
3.86809;
2.24851;
1.81316;
5.89127;
3.08049;
2.05371;
1.30721;
3.01436;
1.75191;
1.06368;
1.95332;
1.4689;
1.87603;
1.93392;
3.54452;
2.57371;
1.6705;
1.32439;
1.12067;
3.42188;
7.00583;
11.6973;
3.70461;
1.45745;
2.30809;
3.01587;
2.6013;
1.45651;
3.35045;
3.09541;
1.27577;
2.44362;
2.60372;
10.0919;
1.78788;
7.13059;
0.836796;
2.63171;
2.47364;
1.23904;
2.77934;
1.97531;
2.88745;
2.04941;
3.80764;
2.89438;
2.73584;
3.38434;
5.33072;
2.26271;
1.81324;
0.942464;
0.517807;
6.38704;
3.04935;
2.08802;
2.71377;
0.450549;
2.91446;
0.59823;
1.33958;
2.44122;
2.37973;
1.66303;
2.1067;
2.43643;
1.52212;
2.03437;
9.63397;
2.16803;
7.98953;
2.5703;
1.33316;
1.89195;
1.96978;
2.06471;
0.9879;
1.48864;
2.57833;
1.95508;
2.42014;
10.5208;
2.13554;
0.753856;
2.69236;
2.00006;
4.45317;
2.63789;
1.28308;
2.60103;
3.13806;
2.47675;
2.25629;
1.84733;
2.34639;
7.04705;
1.96033;
2.17964;
1.06928;
1.66517;
2.28556;
3.98461;
1.8574;
3.12194;
3.35965;
2.39953;
0.344666;
0.142759;
7.46611;
3.69576;
2.04846;
1.02552;
2.06836;
3.72868;
1.70797;
0.757189;
2.0982;
2.8778;
4.26953;
2.92859;
3.31054;
4.96554;
0.415266;
2.20156;
2.423;
1.62465;
2.60448;
2.79888;
3.22809;
1.11533;
2.13714;
9.0651;
7.99743;
2.88116;
7.31067;
1.51616;
7.48397;
1.35352;
3.77119;
1.95582;
2.24761;
1.81599;
1.68671;
2.71864;
2.84826;
3.01021;
0.977367;
3.39973;
0.982399;
1.08596;
2.09688;
6.09441;
2.87949;
2.12815;
2.28306;
2.41961;
1.67363;
3.62202;
2.71118;
4.61497;
2.98883;
3.85944;
3.58342;
1.30624;
3.47645;
2.21088;
6.69042;
1.63035;
2.65255;
1.63506;
1.95385;
2.20738;
0.944398;
3.33448;
2.16807;
9.12412;
2.15329;
0.593923;
4.93875;
1.32106;
0.628545;
4.66933;
2.56168;
0.426963;
1.30884;
2.47994;
6.10179;
1.1542;
4.77589;
1.4533;
1.87711;
1.21166;
2.03849;
2.09865;
1.15887;
1.72741;
2.30295;
2.30978;
9.12452;
1.6829;
1.36943;
1.57764;
1.94039;
2.14763;
2.27506;
2.1952;
0.971157;
1.72749;
1.56284;
1.53336;
4.06798;
7.5858;
3.59173;
1.30936;
1.80777;
3.59009;
3.3286;
0.989873;
2.0063;
2.90574;
1.34287;
2.77332;
3.4161;
0.780091;
2.14839;
1.97115;
2.6879;
4.11937;
4.10341;
3.32252;
6.85143;
0.929508;
2.95589;
3.32992;
2.23456;
4.07058;
0.248234;
2.22327;
2.86842;
3.36427;
1.34701;
2.6077;
2.25964;
6.7909;
1.40905;
1.2179;
1.42996;
2.94813;
1.74748;
1.66182;
1.34079;
1.44859;
2.57812;
1.71016;
1.98377;
3.07987;
8.55756;
1.81678;
1.19562;
1.37765;
2.46541;
4.10602;
1.64661;
2.87543;
2.81359;
6.37919;
1.91713;
1.91603;
2.97928;
0.130606;
0.671265;
1.4844;
2.82809;
2.74335;
0.360459;
2.19489;
1.05367;
2.3066;
3.09983;
1.48137;
6.05277;
6.38684;
10.2601;
2.63961;
0.780582;
3.03367;
2.93687;
1.42843;
0.952651;
2.777;
2.39493;
2.19108;
2.68427;
1.45057;
2.49515;
1.64272;
2.02686;
5.28206;
1.19657;
1.23919;
2.01009;
0.793585;
1.41694;
2.51877;
1.85266;
0.924168;
2.6118;
1.81153;
5.90671;
1.0562;
0.396157;
2.14518;
3.61968;
1.24809;
2.04767;
1.4332;
3.69329;
2.46688;
1.66559;
5.00774;
3.77109;
1.09457;
2.61018;
2.31064;
2.6851;
2.87122;
4.44151;
3.15396;
2.08071;
4.49043;
3.08416;
3.19616;
2.85363;
1.25732;
1.6812;
2.31545;
1.16119;
2.00734;
1.9461;
1.71641;
5.42364;
2.80528;
2.60213;
2.31452;
0.942292;
1.96944;
2.6975;
0.652884;
2.90138;
2.32778;
3.36995;
2.33801;
0.564884;
2.4483;
2.1249;
7.87941;
3.8041;
2.47237;
3.23627;
1.41304;
1.98908;
2.45748;
1.38943;
3.06393;
1.75124;
1.42949;
2.58768;
3.47354;
1.92043;
2.59649;
9.41877;
2.69101;
1.19737;
3.17533;
1.51604;
0.85864;
2.46368;
1.67269;
2.07905;
1.6662;
2.77604;
0.189352;
2.41407;
2.11412;
3.43444;
1.04681;
1.16895;
5.39007;
2.51083;
1.13982;
2.7283;
2.11701;
1.22545;
1.02914;
1.71796;
2.71789;
1.92569;
3.64337;
2.16389;
1.22638;
7.16694;
3.42671;
1.26351;
1.49243;
1.92193;
1.6539;
2.65887;
1.28898;
1.80942;
3.1656;
3.21881;
3.05335;
2.34962;
0.783621;
6.72528;
3.4715;
2.21483;
1.7602;
1.19573;
3.14108;
1.09056;
2.39575;
2.08891;
1.63441;
2.45157;
2.19777;
0.980373;
0.810572;
1.62806;
8.75094;
3.42273;
3.559;
0.933788;
2.4573;
1.89428;
1.54933;
0.691915;
0.858574;
0.529875;
1.50656;
1.19779;
2.09808;
3.92066;
2.67852;
7.55471;
2.44381;
2.6465;
1.81646;
3.31552;
2.2869;
1.037;
1.72527;
2.15903;
3.28463;
2.72061;
3.27807;
2.30822;
8.44943;
3.42296;
1.51592;
1.91794;
2.57871;
2.95992;
2.87743;
1.81417;
2.32203;
1.84775;
2.25706;
7.38502;
3.43164;
3.02415;
0.890307;
0.95889;
1.79601;
1.27174;
1.15139;
1.80163;
2.52309;
1.69838;
0.126769;
2.49122;
3.09651;
2.47804;
5.15671;
2.51011;
1.82019;
1.17736;
3.33897;
1.47629;
1.9935;
2.44366;
1.97384;
2.42363;
6.04104;
2.70655;
2.47852;
4.273;
0.682067;
1.7165;
5.48287;
0.93259;
3.05242;
2.49663;
2.82549;
4.21975;
3.02309;
1.35344;
2.33764;
3.02563;
2.87386;
2.34843;
2.64507;
2.55844;
1.17407;
2.49564;
6.93463;
3.07923;
2.58469;
2.6693;
1.11947;
3.29155;
2.76785;
3.21756;
1.96206;
3.36742;
0.33834;
0.856071;
2.18285;
3.61133;
1.7234;
1.91041;
1.54355;
0.987812;
1.84566;
5.31146;
1.8911;
9.87382;
1.0591;
2.49743;
2.26855;
2.25758;
1.50586;
3.14004;
2.59148;
2.55991;
2.25683;
1.82568;
2.37779;
1.90504;
2.87633;
2.29388;
7.77822;
1.49233;
2.37424;
3.22358;
11.3588;
7.09565;
1.36947;
2.51329;
2.64748;
1.47135;
2.77387;
1.86686;
2.08743;
2.2964;
1.53097;
2.75098;
2.28311;
1.56367;
4.62053;
4.53755;
2.54107;
3.77463;
3.28257;
2.37845;
2.3726;
3.66754;
2.35683;
2.72192;
1.36614;
1.45444;
8.31028;
2.63508;
1.38678;
4.35755;
3.44949;
3.59781;
2.69215;
1.89943;
1.5805;
1.15148;
1.70726;
8.38325;
2.12674;
2.67395;
1.89891;
1.38864;
3.4717;
2.58109;
1.56471;
4.51009;
2.22476;
3.7455;
1.45286;
2.20355;
2.0714;
1.17466;
1.86318;
2.90713;
1.32664;
2.31697;
10.6305;
1.90921;
1.00933;
1.80162;
2.03724;
1.27181;
2.31641;
2.93012;
3.30154;
1.05552;
5.09398;
1.2894;
2.25793;
2.46532;
1.79303;
8.66969;
0.600871;
5.75642;
2.04187;
2.28251;
2.31478;
1.35972;
2.79881;
1.14861;
1.45978;
2.49069;
2.95369;
4.95365;
4.93514;
0.675658;
2.41253;
1.34887;
0.840803;
1.36363;
2.2127;
2.17896;
3.47705;
7.38647;
1.50201;
2.50067;
2.92051;
1.86464;
2.1376;
3.26371;
4.32926;
1.78467;
2.43606;
1.3028;
3.01079;
6.72519;
3.30897;
2.38315;
1.42003;
1.31001;
3.02707;
3.32561;
2.63793;
2.35936;
4.98309;
8.43881;
3.05098;
0.958068;
1.66105;
3.09951;
2.28605;
0.663409;
2.28693;
1.69219;
1.65561;
1.81473;
3.61942;
6.42837;
3.75275;
2.62923;
1.52915;
3.99306;
1.72262;
2.2384;
1.70433;
2.59648;
1.26405;
0.883907;
2.81291;
1.31909;
7.66809;
2.07685;
4.01452;
0.79632;
2.73497;
1.34483;
2.15317;
1.10897;
2.30402;
2.86273;
1.66644;
0.273537;
1.72339;
4.94706;
1.90182;
3.31523;
1.95129;
3.84657;
1.29396;
2.38383;
2.6967;
0.701665;
5.46839;
1.06398;
5.5716;
3.15412;
1.8384;
3.44402;
1.16112;
2.7516;
2.08495;
2.55523;
1.15654;
2.32207;
1.27576;
1.84273;
2.5816;
2.46225;
3.02526;
5.26105;
2.42471;
1.3131;
3.29774;
0.751473;
1.46367;
3.24626;
1.28951;
2.15721;
1.71674;
2.4904;
4.97636;
1.93655;
2.9852;
0.59122;
1.27407;
1.28642;
2.55761;
2.32398;
1.70636;
2.60163;
1.65911;
5.22926;
2.14499;
2.18187;
2.46555;
1.72525;
2.06154;
2.83629;
1.6581;
1.6702;
1.97757;
1.82208;
8.0524;
2.39378;
3.49622;
1.73986;
2.24311;
2.15908;
2.17587;
3.16986;
2.48894;
1.20287;
2.80869;
2.07652;
0.659629;
9.34101;
2.97404;
4.55766;
1.80127;
4.08881;
1.86814;
3.19702;
2.54722;
3.16702;
2.24005;
1.17847;
3.8921;
2.75443;
2.27236;
6.56142;
2.23373;
1.1474;
4.56971;
2.2249;
2.05113;
2.7202;
3.17604;
2.45653;
2.37389;
2.81598;
2.61866;
2.47613;
2.15575;
1.815;
9.14443;
9.31106;
1.76939;
2.53736;
1.68977;
1.34;
2.84935;
5.55039;
5.84191;
1.73958;
1.2515;
4.06219;
1.40783;
3.33363;
2.00734;
0.727009;
2.51237;
3.28026;
3.82005;
2.99476;
4.50214;
3.9832;
2.42074;
2.65311;
2.61663;
5.62007;
3.50652;
2.34821;
2.14925;
4.82516;
2.69487;
2.16891;
3.2266;
2.5665;
1.72553;
8.40107;
1.93886;
2.38453;
2.7854;
1.70659;
2.22647;
0.836033;
2.35002;
0.693036;
1.50758;
1.71709;
1.02861;
2.25777;
1.98762;
2.82802;
2.34744;
2.18669;
3.80686;
3.21281;
2.41844;
2.91256;
3.42145;
2.3871;
3.68316;
6.26861;
2.82164;
1.67686;
0.815681;
0.982189;
2.42762;
1.81449;
2.2879;
1.68793;
2.20401;
2.80438;
3.4695;
1.12512;
5.8269;
4.65968;
3.46253;
1.33465;
2.25509;
2.95746;
3.57427;
3.85999;
1.05421;
3.49341;
1.872;
1.8464;
1.59264;
1.6276;
1.89268;
1.1612;
3.54147;
2.70971;
2.96136;
2.67783;
1.42404;
0.520247;
3.58013;
7.243;
2.17438;
2.74287;
0.35941;
2.01177;
1.23645;
1.82709;
2.44244;
1.77115;
2.13836;
1.85832;
2.14657;
6.26892;
11.0422;
3.93221;
2.25955;
1.23433;
3.98768;
2.48502;
1.9632;
2.48277;
2.36384;
1.81527;
1.82911;
2.24944;
0.921655;
4.54939;
2.16343;
1.3897;
2.91777;
1.60948;
3.35659;
1.71359;
1.6498;
3.54257;
4.20912;
3.41427;
3.51496;
9.80982;
2.12424;
2.27076;
2.49176;
1.52443;
1.70543;
2.13923;
0.847175;
2.95511;
3.1376;
3.04725;
2.81622;
1.03531;
1.17161;
1.77376;
8.12906;
2.2614;
4.6565;
3.68429;
2.01025;
2.40109;
0.987258;
4.77132;
2.53696;
2.60445;
2.16445;
2.24129;
0.856982;
2.28014;
2.74257;
8.04903;
3.59673;
0.934336;
1.90437;
1.89938;
2.24868;
2.17182;
1.93559;
5.43298;
1.32726;
2.02228;
0.960027;
2.35404;
0.733091;
1.96369;
3.18306;
2.22993;
1.95092;
1.39033;
1.6915;
6.02117;
2.22;
0.728451;
2.08264;
0.894451;
2.96085;
1.87289;
2.42065;
2.47325;
2.15246;
4.55966;
2.20377;
2.83752;
6.38615;
2.3744;
0.480527;
4.64264;
1.94904;
1.86617;
3.80274;
1.9516;
2.20507;
4.7851;
2.82202;
1.06719;
2.38746;
3.30928;
2.53925;
1.96729;
1.83461;
1.69268;
0.221308;
6.52549;
3.10186;
3.69497;
3.63369;
4.40432;
1.97631;
3.64997;
1.72482;
3.44471;
1.59274;
3.25433;
1.85258;
2.02205;
2.87187;
6.77804;
0.779424;
1.59191;
0.838246;
1.40607;
2.13554;
1.57076;
1.20934;
2.40924;
3.69831;
3.12689;
1.09862;
4.09398;
1.60151;
1.76195;
11.0601;
4.11696;
2.64367;
3.2205;
2.34829;
2.40729;
4.13232;
2.877;
3.2664;
2.55356;
2.24686;
3.38046;
7.8811;
2.18713;
5.18903;
1.83243;
0.762571;
2.6058;
2.52239;
0.91647;
6.16242;
2.32876;
5.01985;
2.09341;
1.93044;
0.166513;
1.76174;
1.46183;
1.11677;
1.45182;
2.29747;
7.18301;
3.27831;
3.21418;
1.92719;
1.20772;
1.72942;
2.95894;
2.71627;
0.198236;
2.03495;
2.4274;
0.596958;
7.7258;
2.17995;
0.778909;
3.6822;
2.80846;
2.22586;
1.06294;
4.10456;
2.78859;
0.223702;
2.67861;
2.16662;
3.1042;
0.800182;
6.49291;
2.92627;
3.32692;
1.82997;
1.26382;
2.28449;
3.32748;
2.89682;
2.78607;
2.13403;
4.86448;
2.34795;
3.50489;
1.80215;
7.69185;
1.24878;
2.98367;
0.784494;
3.44778;
4.75228;
1.9372;
1.38922;
2.74406;
3.38593;
2.91612;
2.16627;
0.143004;
2.14492;
1.80716;
4.19986;
2.72821;
1.71449;
2.29365;
2.86639;
2.77359;
1.48224;
6.6875;
1.96024;
4.59032;
3.32764;
3.73773;
1.87275;
1.82451;
2.66389;
1.60545;
0.783798;
1.78649;
3.35086;
2.29904;
2.94042;
3.37978;
0.669831;
2.8185;
3.28645;
9.30436;
1.45881;
1.85094;
1.69676;
2.31542;
4.83053;
1.85722;
1.46873;
0.976408;
2.46397;
1.84067;
2.49355;
1.56071;
1.57004;
0.81378;
1.84576;
5.45192;
2.98338;
2.0608;
2.16849;
2.17536;
1.47076;
1.35408;
2.83312;
1.24252;
2.11304;
4.28839;
1.05127;
3.1245;
3.36596;
3.92708;
4.14371;
7.91434;
1.8446;
2.32066;
1.81833;
3.78409;
1.31432;
2.86303;
2.10064;
1.01234;
1.6787;
2.21582;
1.2613;
7.47157;
1.25591;
0.734128;
1.87249;
3.71497;
2.09838;
3.23744;
3.51667;
1.38768;
2.43106;
1.60424;
2.12682;
0.985424;
2.3366;
7.50461;
2.6804;
4.76831;
7.02352;
1.63594;
3.40179;
2.24434;
2.60363;
0.274825;
2.11085;
2.43342;
3.042;
2.9801;
2.02623;
2.35733;
2.46612;
3.50718;
8.46178;
3.22662;
2.72252;
0.155661;
3.50294;
1.96222;
1.89269;
1.42397;
2.78995;
3.17808;
0.54234;
1.51401;
1.28401;
0.959684;
0.902741;
2.59571;
1.72649;
7.1359;
2.15513;
2.11378;
2.21115;
2.38157;
2.04054;
2.25782;
2.37878;
2.07291;
3.76578;
2.63762;
1.08833;
2.01089;
1.71532;
0.753847;
1.65906;
2.94418;
6.89999;
1.91892;
4.67819;
1.32762;
0.927837;
0.803395;
1.66731;
1.72052;
3.27958;
1.58959;
1.70732;
4.26211;
2.52566;
7.59307;
1.33999;
1.77589;
0.788674;
1.62501;
2.23794;
1.73461;
2.67562;
2.41564;
2.11588;
3.0628;
1.37654;
2.94741;
3.83854;
3.12958;
3.4865;
6.78293;
0.894327;
2.5718;
1.28372;
2.87464;
1.28271;
1.20055;
2.64481;
3.52903;
1.08982;
2.6964;
0.843963;
3.31978;
2.68617;
5.32615;
1.23404;
3.32261;
4.9632;
0.793833;
3.26072;
2.65071;
2.99829;
3.57791;
4.70508;
0.611388;
1.61231;
2.39948;
3.05805;
9.06102;
2.99603;
1.55318;
3.01427;
1.18931;
2.49253;
1.78546;
1.74606;
2.2266;
3.93751;
2.05607;
0.707011;
4.24392;
2.11814;
2.47765;
2.24359;
3.0301;
1.12939;
0.509789;
1.95818;
2.11949;
2.25311;
1.89173;
4.15118;
4.79115;
6.90426;
1.46071;
1.50392;
1.20478;
1.80667;
1.55545;
1.64382;
2.44607;
2.73013;
1.17083;
2.58072;
3.22585;
1.91231;
1.72617;
9.03432;
3.55985;
1.90726;
1.60494;
0.618841;
4.55891;
3.12921;
1.7355;
3.36352;
1.68514;
2.97889;
2.66039;
2.05495;
7.846;
1.91503;
4.34861;
2.15285;
3.27847;
3.33257;
2.84033;
3.84489;
3.0601;
2.67746;
4.09499;
0.4641;
0.809596;
2.77653;
4.87968;
6.35604;
3.47412;
2.77591;
2.18483;
3.31314;
3.07159;
1.77626;
0.807536;
6.41234;
4.69935;
2.24471;
1.17546;
2.15158;
1.83533;
1.89332;
1.66072;
2.67144;
1.65176;
1.93471;
1.21218;
3.07632;
1.70758;
8.62756;
2.59089;
3.18425;
2.6836;
3.05376;
4.32858;
1.8226;
2.5717;
3.04854;
1.15288;
0.796683;
0.702822;
2.38188;
4.93764;
4.29556;
3.18851;
2.15905;
2.68056;
3.27245;
0.707197;
2.16773;
1.85821;
2.23273;
1.4642;
1.67575;
3.58147;
2.55164;
1.7156;
3.04095;
4.11678;
1.39739;
2.25769;
2.30079;
1.82798;
1.57402;
2.26662;
2.21369;
2.07707;
0.931064;
0.457101;
3.64374;
2.47222;
2.33037;
6.85438;
0.383539;
3.76398;
2.63385;
4.51884;
2.74206;
4.31137;
2.084;
1.71854;
4.31979;
2.13675;
1.67298;
1.57319;
2.35371;
8.07303;
