36.5098;
36.786;
45.0124;
42.4358;
42.4514;
37.5505;
39.3163;
32.3104;
37.6041;
23.4213;
40.3959;
42.3102;
41.68;
35.1404;
40.9996;
23.9701;
21.8212;
35.1569;
40.2969;
39.7576;
28.7597;
34.7858;
37.1363;
34.8267;
42.1036;
37.7074;
43.4977;
35.336;
38.018;
35.9217;
25.7605;
37.4162;
36.4127;
37.2467;
25.8361;
34.3443;
34.52;
41.5509;
41.6649;
30.6296;
40.523;
27.2429;
45.7532;
40.5695;
39.2709;
37.4674;
25.7078;
28.3596;
37.2699;
41.1601;
40.2462;
36.4042;
30.743;
26.8003;
40.9061;
38.36;
29.154;
44.9158;
35.8409;
39.8379;
43.6683;
26.0728;
26.405;
39.6473;
22.8552;
35.0449;
41.2846;
35.5333;
27.93;
40.7292;
27.3427;
41.4595;
40.1238;
45.5911;
40.8423;
19.6241;
41.3808;
36.6456;
39.1231;
22.8813;
39.8744;
38.3161;
26.4173;
22.769;
30.374;
41.749;
41.2848;
28.4282;
22.4758;
37.3733;
28.6217;
31.9265;
38.527;
42.5488;
36.5138;
36.6646;
29.4389;
29.8598;
31.5725;
35.3342;
35.285;
32.8213;
37.1927;
29.775;
32.8098;
41.0884;
43.3824;
33.6911;
39.6349;
36.3112;
37.0529;
42.7293;
34.7212;
39.2264;
36.7952;
35.3768;
30.7279;
33.8506;
36.3234;
32.6287;
39.9391;
40.4864;
33.4951;
35.0572;
28.7744;
42.2894;
32.7913;
37.1558;
39.8531;
36.7842;
35.9583;
34.7865;
35.3726;
40.7667;
33.5216;
33.5172;
37.7028;
32.6823;
32.5281;
33.1721;
39.3057;
40.936;
37.2986;
44.6487;
38.1345;
33.9208;
27.2843;
33.8433;
40.7906;
31.388;
44.1707;
40.4499;
39.6715;
37.6907;
32.4668;
34.5891;
37.9778;
33.9777;
24.1515;
28.2131;
40.6383;
39.6534;
40.7512;
23.2995;
36.421;
34.0347;
32.9011;
25.0796;
27.3003;
39.9165;
35.5155;
33.4891;
40.4792;
32.7928;
31.7965;
32.4977;
21.1217;
33.0674;
26.2976;
30.1728;
40.1367;
26.0518;
27.0513;
23.8149;
32.0469;
36.281;
29.4508;
40.1655;
37.9127;
37.0207;
33.2581;
33.6496;
27.1753;
37.3896;
30.7449;
38.2991;
29.5822;
40.0002;
36.4809;
29.0321;
34.5828;
33.0199;
30.9288;
32.9856;
26.7123;
39.1201;
35.8421;
26.44;
32.6269;
34.3069;
41.7283;
33.2123;
30.7997;
33.9772;
42.4056;
37.4323;
21.4366;
36.6827;
34.1403;
36.3706;
43.0095;
30.4308;
28.3674;
32.4771;
37.261;
35.9175;
36.8144;
36.9472;
33.2254;
34.9378;
36.7901;
44.0392;
37.8436;
32.7779;
30.5595;
32.9567;
26.754;
37.4643;
28.9225;
27.5096;
30.5239;
33.5672;
38.3871;
37.8734;
27.1518;
35.8561;
40.475;
35.9751;
30.0753;
29.8118;
37.8298;
40.1662;
29.7194;
38.2211;
30.032;
23.6254;
35.0047;
33.6488;
29.3669;
34.0016;
32.4716;
28.382;
30.8974;
34.4;
22.5612;
35.4782;
34.9764;
38.219;
31.4542;
32.1986;
40.1053;
36.0168;
37.8487;
39.8173;
36.5919;
36.3339;
32.9473;
33.0135;
40.8822;
34.5486;
22.716;
35.0809;
29.9442;
33.7872;
36.2672;
30.0644;
25.5168;
22.9088;
18.9758;
33.3852;
37.8795;
31.7559;
34.9217;
39.9518;
34.3425;
20.6053;
31.3871;
37.0689;
35.798;
40.9869;
31.4405;
34.7626;
34.1957;
27.0295;
39.074;
38.4189;
30.1237;
34.5593;
36.0247;
35.0685;
27.9935;
29.5223;
37.9892;
35.8594;
26.1129;
33.1074;
28.5817;
30.4486;
35.2403;
34.4775;
27.4972;
31.6891;
40.6531;
34.066;
31.9754;
30.5128;
34.6594;
16.5494;
21.1181;
34.8811;
34.1373;
22.2525;
29.2416;
31.7799;
28.0868;
37.263;
31.0181;
27.9788;
30.8375;
29.0056;
33.1538;
35.4203;
32.9518;
36.2835;
34.7124;
32.9769;
35.966;
26.4652;
26.2831;
24.6894;
19.245;
29.6735;
27.1137;
28.3659;
32.575;
34.8859;
33.7271;
24.5378;
31.3969;
32.9372;
36.0414;
36.2123;
28.3106;
25.3575;
27.3569;
32.7594;
35.4947;
32.1289;
19.982;
32.489;
25.5721;
33.0409;
24.9251;
32.381;
21.471;
31.1097;
25.9147;
36.378;
26.0113;
29.8478;
30.9413;
23.2502;
33.6918;
40.1109;
26.837;
24.1006;
26.1661;
39.2043;
31.1183;
23.1273;
25.3206;
32.3831;
28.1691;
33.0179;
32.2262;
34.9828;
35.7352;
21.7446;
24.553;
25.8195;
35.3396;
26.6701;
31.919;
33.1293;
36.0105;
35.3338;
34.4611;
35.83;
29.6623;
30.1635;
36.5112;
37.1196;
34.1802;
27.052;
34.4483;
15.8688;
33.2103;
30.5557;
26.9779;
26.7704;
29.263;
39.7055;
33.8049;
37.1666;
30.0445;
32.5948;
31.583;
26.695;
31.18;
33.8484;
35.3856;
21.9666;
23.1007;
24.9253;
26.1417;
27.8656;
29.3423;
30.9635;
21.6499;
23.3766;
37.2487;
24.7832;
30.5949;
30.2589;
25.8105;
26.3438;
36.9991;
20.2003;
31.1615;
26.3086;
38.3333;
24.3523;
26.0376;
31.6339;
30.2107;
32.5273;
25.5411;
31.7546;
35.2346;
24.234;
27.9237;
24.4013;
23.0092;
29.8733;
29.9071;
31.9181;
23.3617;
34.8468;
16.0393;
28.9559;
33.4615;
25.9097;
27.5593;
32.7366;
28.805;
29.7305;
28.6659;
38.2488;
29.8993;
28.6457;
32.5063;
27.5545;
26.2135;
31.3927;
23.8668;
32.9577;
26.7874;
22.4497;
28.0758;
25.8157;
33.9656;
33.4918;
32.1215;
29.2856;
32.7774;
24.7109;
32.546;
31.2899;
26.463;
24.2738;
28.2596;
34.7751;
32.8627;
27.0284;
34.2482;
16.176;
19.6648;
28.2764;
32.2352;
13.9884;
24.5211;
19.3778;
31.6129;
30.6059;
37.4485;
37.9732;
31.7643;
31.4222;
32.6449;
30.6044;
31.3315;
20.5569;
33.8494;
27.8235;
28.747;
30.2773;
28.9415;
28.5835;
32.5621;
26.58;
36.1786;
34.6437;
31.7766;
30.0096;
39.8505;
24.2875;
28.5222;
29.6983;
23.4198;
29.6548;
21.3089;
33.0247;
34.8374;
26.0979;
33.7595;
26.5544;
31.4822;
31.7058;
26.6857;
31.3561;
25.4053;
29.7211;
22.0317;
30.9322;
27.4012;
29.613;
31.8886;
30.4366;
21.6778;
20.7401;
28.3406;
21.1245;
24.9227;
20.7813;
34.5007;
24.6116;
19.8072;
25.534;
23.8277;
36.316;
31.8108;
32.0321;
36.0744;
40.571;
24.0422;
27.2307;
30.5909;
28.1932;
30.7489;
32.2989;
30.2501;
24.6435;
31.5299;
24.3301;
30.7332;
31.9351;
33.209;
28.5423;
36.1697;
30.8562;
33.7495;
28.784;
26.9242;
26.2168;
26.4836;
29.8509;
25.1084;
28.5903;
23.3139;
24.7402;
25.5815;
29.7137;
23.9838;
30.4579;
17.4147;
17.5615;
28.122;
28.3535;
31.4819;
29.9164;
25.4806;
16.9433;
35.27;
28.7103;
25.8686;
21.4789;
27.1594;
26.2251;
22.4127;
22.5856;
21.4258;
24.2354;
28.6673;
18.6708;
34.0395;
22.623;
23.2448;
32.4215;
27.4932;
28.1347;
28.2875;
31.2824;
29.1784;
32.4021;
21.3595;
29.0611;
29.5499;
25.6562;
32.0178;
28.141;
27.6165;
32.2633;
28.0071;
20.6921;
25.9588;
29.201;
22.0577;
25.3599;
23.3737;
32.0907;
30.6437;
23.9418;
26.716;
34.7001;
35.1371;
26.8835;
26.7987;
25.4769;
21.603;
20.0914;
26.8052;
30.2795;
26.6077;
35.5622;
30.2709;
32.9658;
18.6406;
23.0949;
25.3812;
25.5947;
25.1649;
23.9144;
31.8912;
25.1302;
33.1625;
20.9015;
22.0111;
29.7648;
26.5719;
31.914;
17.9371;
20.7538;
30.2527;
29.1974;
25.6632;
30.0886;
20.4422;
32.1654;
18.8577;
25.2669;
29.9572;
22.6157;
27.9936;
30.1043;
33.3768;
26.1428;
34.9175;
24.5615;
26.758;
18.1781;
24.5132;
33.5762;
24.288;
29.8762;
26.0255;
26.847;
27.7519;
20.8061;
23.2605;
26.8529;
37.4201;
27.3971;
26.1905;
24.5618;
31.981;
22.1518;
24.2568;
24.193;
29.2842;
27.0058;
23.7115;
29.1569;
23.3511;
24.2066;
20.1048;
28.3328;
19.9256;
22.5261;
27.3156;
19.9563;
26.4895;
22.0773;
29.1334;
20.8602;
12.7918;
26.6411;
22.3718;
23.7625;
27.7619;
32.3738;
27.373;
20.774;
28.7693;
28.323;
31.9207;
21.8934;
27.3405;
22.9739;
26.3563;
26.114;
22.6526;
29.9825;
29.8389;
26.4432;
25.6504;
23.8466;
27.234;
20.1859;
25.1759;
24.1876;
30.5695;
18.9815;
23.5938;
32.5638;
28.3309;
29.865;
22.317;
28.7057;
34.253;
24.5276;
27.0406;
29.9784;
26.6755;
23.7104;
24.3308;
23.9006;
32.6438;
26.4032;
24.4654;
25.0095;
31.39;
17.7494;
27.6417;
31.6593;
25.1456;
23.2633;
31.1249;
18.0412;
22.416;
19.6392;
28.706;
24.3696;
25.6621;
28.9532;
18.7637;
26.4919;
24.2121;
21.6093;
29.4516;
16.6065;
18.0214;
26.4617;
24.8061;
18.0523;
29.0129;
32.0908;
28.447;
23.6452;
29.7123;
28.2983;
21.309;
26.1721;
29.3833;
22.5889;
24.3611;
28.6215;
23.965;
29.8876;
22.5448;
25.8492;
23.8787;
19.434;
19.8835;
28.0703;
32.7541;
20.724;
21.5408;
28.7833;
22.5574;
26.4056;
24.7782;
15.6452;
27.5226;
23.6776;
19.5686;
24.164;
27.2396;
23.0083;
21.8755;
29.5902;
35.7295;
31.7777;
27.1204;
21.1367;
22.8921;
35.829;
23.5309;
21.9355;
23.8626;
20.7203;
23.9017;
30.7536;
19.9553;
21.8922;
30.1122;
18.5671;
21.9448;
23.8355;
22.5021;
32.2117;
26.2886;
28.5899;
31.4549;
28.3161;
24.9766;
22.243;
23.0475;
16.829;
20.6587;
30.2279;
29.091;
24.867;
30.9145;
32.1436;
32.3278;
30.0807;
27.9243;
28.0688;
23.6011;
18.3778;
23.2731;
29.9356;
17.6396;
25.2829;
29.1273;
16.7215;
23.0597;
28.2513;
26.8181;
25.0326;
23.6341;
27.1084;
17.4194;
24.776;
16.6448;
23.6431;
29.1739;
15.9772;
34.0568;
25.3135;
23.2014;
24.242;
27.4086;
19.2414;
27.1576;
22.4129;
22.027;
28.5067;
25.7013;
25.095;
20.0043;
16.9047;
29.1332;
24.3427;
21.0934;
20.9037;
20.3214;
20.1609;
20.6628;
28.1773;
20.6787;
28.0174;
24.7378;
22.5699;
22.6641;
26.8939;
20.6354;
21.9295;
25.6656;
21.8677;
23.4735;
28.6684;
23.8203;
25.9932;
20.9905;
24.027;
19.6835;
19.2127;
26.0268;
19.4246;
22.3923;
21.7981;
29.926;
26.5444;
17.7261;
26.6324;
30.1127;
30.3337;
25.5316;
25.0663;
20.5538;
30.0956;
26.976;
23.1168;
31.187;
21.6726;
22.2009;
29.8656;
26.5141;
19.9605;
20.2621;
22.5334;
22.4423;
32.1166;
27.1752;
20.7834;
27.1694;
31.6235;
22.4772;
21.614;
27.9044;
23.0064;
24.3204;
19.2769;
19.3848;
21.0499;
19.7421;
33.8325;
28.5587;
20.4467;
26.7607;
23.9334;
24.2468;
22.5293;
27.9429;
27.7213;
23.0827;
27.7326;
25.5996;
21.2595;
27.8727;
24.5853;
21.58;
31.532;
24.484;
25.1837;
26.7934;
21.0341;
22.2236;
21.4248;
24.2585;
33.9448;
29.9176;
21.1864;
23.7696;
23.0839;
26.4451;
25.2952;
23.567;
20.9711;
21.1685;
23.6704;
29.9698;
28.2827;
18.5055;
23.0238;
22.5934;
25.5602;
25.511;
24.5032;
23.3075;
21.0842;
26.4722;
22.8558;
22.7814;
22.7148;
21.8143;
23.7598;
24.301;
24.0942;
25.8258;
26.9457;
18.3234;
19.1277;
21.2613;
21.636;
17.5451;
19.1121;
18.8568;
21.4023;
21.5028;
21.7941;
25.1854;
19.5823;
18.2099;
21.7981;
24.2016;
25.3679;
18.4727;
20.2757;
24.5764;
31.2785;
20.8164;
20.936;
22.0856;
27.3942;
19.0028;
29.4493;
20.5912;
23.6849;
18.4264;
21.4156;
27.0749;
19.0696;
26.3021;
21.2694;
20.2536;
20.4652;
24.5383;
21.0162;
13.6742;
18.989;
22.5682;
19.836;
20.8684;
30.394;
23.5707;
19.3466;
20.4519;
14.7692;
22.2626;
21.6248;
25.6021;
26.8805;
25.8243;
21.9913;
17.0825;
18.8328;
20.9483;
24.1766;
22.8465;
21.9557;
22.8568;
26.3738;
22.9943;
22.285;
21.6466;
25.501;
15.6269;
20.1689;
22.0592;
23.8106;
24.6462;
19.6616;
23.8259;
29.288;
18.0507;
20.6446;
24.9674;
20.6716;
27.4772;
22.6693;
23.6539;
18.0738;
21.5402;
23.852;
25.6842;
22.5419;
17.4548;
23.5295;
23.5555;
24.4915;
24.3436;
20.4873;
23.6191;
22.3955;
23.6894;
20.4619;
19.4431;
22.665;
19.0466;
21.7084;
20.181;
28.5867;
18.8906;
21.8533;
22.8935;
15.5954;
19.695;
23.2662;
22.3058;
24.49;
25.9432;
26.6972;
22.9735;
17.4782;
19.1481;
22.857;
24.354;
24.7352;
24.4275;
19.7549;
25.5139;
22.8729;
23.4876;
21.9844;
15.193;
18.991;
23.6382;
21.6783;
19.3612;
17.008;
22.9849;
21.2251;
31.9371;
24.8298;
17.9146;
21.2196;
23.6863;
21.5935;
20.7357;
24.7674;
17.9773;
19.1514;
21.5013;
20.6942;
21.1919;
26.0361;
16.8536;
16.9147;
22.9563;
18.0821;
17.7557;
20.101;
23.0339;
18.4638;
24.1955;
22.0692;
18.7167;
19.1656;
22.6651;
21.8137;
18.0806;
21.2677;
16.4481;
17.0436;
20.8294;
21.5533;
24.2687;
22.3078;
24.4621;
20.7512;
18.4193;
19.2141;
20.1169;
27.6839;
23.3697;
20.6562;
17.8611;
23.9941;
25.3942;
21.3008;
24.4546;
22.6761;
15.8312;
19.7696;
22.5109;
23.0172;
25.2231;
25.1948;
16.5959;
19.2318;
21.0205;
12.5728;
18.6302;
17.2505;
23.7237;
21.9749;
21.1427;
19.8935;
24.9248;
22.0649;
18.1586;
24.0893;
17.3556;
20.6786;
25.0774;
23.473;
27.7497;
21.7858;
23.0691;
21.5011;
16.8826;
20.2376;
23.1323;
19.4647;
22.2214;
19.8151;
16.9674;
18.2103;
17.5754;
24.0343;
20.8196;
16.3448;
21.6421;
22.8794;
24.1782;
20.3877;
17.7298;
25.3244;
22.2739;
18.2981;
19.3055;
17.9552;
19.4555;
24.961;
22.0031;
23.1535;
23.5473;
20.4146;
24.8703;
17.3574;
19.7143;
16.0073;
19.6035;
20.3538;
20.752;
24.0615;
23.2644;
18.518;
27.5207;
25.1605;
16.6971;
25.5724;
28.9727;
21.9356;
20.3821;
27.592;
18.645;
20.8371;
23.0833;
18.9657;
27.9908;
16.1885;
20.4702;
20.9762;
21.9057;
15.7252;
20.3911;
21.4212;
18.2106;
21.584;
15.4573;
18.4919;
22.9301;
27.1268;
23.3503;
29.3821;
22.7907;
20.9062;
20.1028;
21.125;
21.5602;
20.3801;
21.5886;
22.6117;
20.5525;
18.9901;
22.7137;
22.3489;
15.027;
17.5265;
13.348;
24.4175;
18.9259;
19.7306;
21.0022;
23.9496;
18.1699;
22.0301;
14.0916;
19.7565;
19.6314;
14.8966;
18.3688;
23.6883;
22.8597;
20.4676;
22.4115;
26.0254;
19.8492;
19.865;
22.4735;
17.098;
17.4766;
23.4802;
20.318;
23.2992;
17.5027;
18.6121;
23.0417;
23.709;
21.0575;
17.6387;
20.5708;
20.3193;
16.818;
20.8542;
16.3917;
21.2913;
15.4409;
14.9895;
16.3104;
16.1256;
21.3316;
12.4;
14.478;
23.1563;
21.6836;
16.9322;
19.3995;
25.928;
17.5776;
18.1223;
22.694;
24.6457;
20.1348;
19.2107;
16.2469;
21.0945;
23.8709;
17.4268;
22.9487;
28.9377;
18.8682;
24.0965;
20.3291;
20.914;
13.747;
20.0598;
21.3221;
16.5748;
18.8684;
17.5032;
19.6323;
26.6509;
20.2552;
20.9567;
13.3959;
21.0942;
21.5418;
22.0427;
23.3097;
26.0304;
16.703;
21.8195;
22.9332;
23.5498;
15.2804;
15.9239;
19.2892;
22.2632;
21.6054;
23.2911;
20.1894;
19.537;
23.4913;
14.8677;
21.7524;
19.3915;
21.9081;
21.0334;
22.616;
19.2681;
18.6077;
24.3963;
18.7944;
23.8548;
22.3603;
27.4584;
20.8116;
21.2321;
19.5417;
21.9009;
16.5756;
20.605;
15.4778;
20.0715;
24.0325;
19.4832;
20.8285;
17.544;
19.6511;
19.2922;
22.6402;
20.8785;
21.6378;
19.4577;
22.7857;
21.8618;
21.4354;
26.5042;
21.1245;
14.8418;
22.3668;
16.6265;
15.5408;
20.7945;
18.1599;
18.9814;
18.7554;
19.5264;
18.9467;
21.777;
21.0707;
21.3364;
16.5428;
22.5541;
25.0324;
20.3648;
21.0181;
24.271;
20.0099;
16.2351;
24.4241;
20.5293;
18.2113;
18.2182;
17.8175;
25.0756;
19.1854;
21.346;
18.6615;
17.5454;
18.5038;
14.638;
24.2674;
14.7855;
18.6274;
19.813;
16.5073;
17.389;
20.9878;
16.069;
19.6424;
22.4196;
19.5945;
25.6078;
20.7338;
21.0035;
20.8353;
19.7387;
20.6346;
19.1593;
18.7451;
21.4355;
19.8867;
20.0944;
15.4768;
16.3263;
17.9426;
18.0977;
15.6797;
24.239;
18.2078;
17.9459;
19.7943;
22.0286;
17.2886;
15.3356;
17.4733;
21.1428;
19.0391;
18.0131;
20.0541;
15.9896;
21.6799;
18.6047;
19.9617;
17.579;
15.3043;
21.0121;
19.4745;
22.0545;
19.3924;
19.8501;
16.2355;
20.5626;
18.8343;
18.7668;
20.8798;
15.8906;
24.389;
15.0296;
21.5935;
23.4089;
21.5349;
24.7913;
18.512;
17.2536;
18.8584;
18.7103;
17.4363;
27.1943;
19.2473;
20.9271;
16.2522;
17.0097;
22.1601;
22.5164;
19.3633;
23.768;
18.7134;
16.6253;
14.6846;
20.6853;
21.0669;
21.3175;
18.4615;
21.106;
18.4299;
26.2139;
21.1671;
22.0144;
14.9471;
17.6578;
21.8421;
22.597;
17.2749;
21.2879;
23.2808;
23.4736;
15.3757;
25.5674;
20.2541;
19.7299;
17.7782;
19.3362;
15.5175;
21.5735;
18.0047;
17.9797;
24.791;
21.6192;
22.3054;
19.2716;
17.4716;
21.4192;
21.7241;
13.47;
18.5279;
20.4265;
18.1824;
23.6436;
20.4805;
24.0276;
17.6362;
22.4357;
15.8865;
21.2892;
15.8892;
21.2482;
20.1725;
20.1644;
14.9932;
22.5357;
23.272;
15.3391;
23.5823;
18.1164;
21.7878;
20.8198;
17.1654;
18.8639;
18.6883;
15.2332;
21.7226;
19.0641;
20.1768;
19.9079;
19.7066;
23.8593;
18.9549;
32.3349;
20.4951;
20.8848;
21.0942;
15.4744;
12.8847;
19.6418;
15.7651;
25.2572;
20.9178;
23.8305;
20.4309;
22.0839;
18.1182;
17.0927;
20.8966;
26.477;
16.9751;
17.8806;
17.7467;
21.4098;
19.002;
22.6572;
17.5085;
16.9859;
20.9887;
22.528;
21.2808;
13.5592;
19.3789;
13.9823;
19.8269;
20.6824;
21.7761;
20.6804;
15.1209;
14.6044;
20.5092;
23.8399;
17.2515;
18.5355;
21.2032;
18.6304;
22.0348;
13.9032;
17.4921;
17.4266;
18.3717;
22.0684;
18.8158;
19.0082;
18.9111;
18.9696;
16.9708;
17.1424;
18.6495;
10.5544;
20.5737;
19.1547;
20.2907;
18.5823;
21.2098;
19.3794;
22.9581;
17.411;
21.6045;
22.8327;
22.5602;
15.7953;
18.8029;
23.2735;
18.3071;
18.8854;
22.2078;
20.3177;
20.3512;
17.9706;
17.4086;
16.0007;
21.5217;
17.2926;
19.4293;
16.7598;
18.5179;
16.1383;
15.6198;
20.5068;
20.9934;
16.4486;
22.9141;
15.1767;
13.2004;
17.9487;
18.1295;
23.5593;
19.3281;
20.001;
20.5977;
16.6359;
18.0068;
22.0794;
13.9013;
15.1867;
16.3058;
19.6082;
23.5489;
23.0366;
22.1877;
20.9611;
21.7068;
14.8664;
17.7997;
23.4832;
13.7072;
15.098;
20.6578;
15.0488;
23.7749;
15.4587;
21.2742;
16.9925;
18.1507;
19.3545;
14.0557;
13.6748;
23.2956;
21.9004;
18.1607;
17.5057;
16.5433;
17.074;
17.5517;
17.5761;
18.0589;
19.8115;
11.567;
19.8933;
25.293;
20.652;
17.4442;
18.5382;
18.0889;
19.1613;
16.6185;
17.299;
15.0491;
26.5078;
15.4241;
18.2645;
18.7471;
21.2524;
14.134;
26.0605;
31.4639;
21.2765;
19.7682;
22.5318;
21.096;
24.2077;
19.3292;
18.394;
17.7125;
21.9132;
16.8203;
15.5117;
17.2765;
17.6449;
16.6732;
17.7197;
16.9603;
22.4453;
21.3653;
28.8078;
21.6578;
23.4247;
14.2133;
15.6035;
16.3345;
13.3144;
15.31;
18.9636;
19.3589;
17.4425;
18.617;
21.1575;
17.1146;
19.6263;
19.7378;
18.5055;
18.2185;
19.6213;
21.8293;
23.3125;
16.417;
23.7736;
17.0743;
18.8584;
14.4696;
17.615;
21.4494;
21.8793;
11.5908;
25.06;
21.1482;
24.3803;
16.9314;
15.3361;
16.1211;
15.9387;
18.2297;
18.0975;
19.1024;
16.603;
24.0154;
19.6266;
20.5474;
13.0228;
12.9789;
14.221;
18.2816;
20.1754;
17.2472;
18.014;
20.0016;
21.1385;
23.2044;
20.1779;
15.127;
25.6985;
17.1399;
21.2866;
14.3879;
15.658;
24.2451;
19.8797;
20.7695;
22.6675;
12.8142;
22.0121;
21.4628;
18.3913;
24.0255;
17.8933;
23.4284;
23.4484;
19.8221;
17.5978;
17.598;
20.5244;
10.572;
22.1483;
17.9397;
23.0535;
25.0856;
14.9794;
20.9745;
15.5783;
15.8262;
22.0369;
20.8972;
19.618;
19.4829;
23.3182;
24.9308;
19.871;
15.3989;
14.9611;
15.6051;
19.9719;
17.742;
20.4508;
17.849;
17.376;
18.3416;
18.9666;
16.6442;
19.3782;
15.5749;
18.4066;
17.8976;
15.0743;
21.77;
12.4556;
18.4701;
17.9301;
22.7417;
17.9633;
24.4274;
19.041;
17.6936;
21.3508;
20.462;
22.6218;
20.6127;
17.8833;
18.7872;
14.616;
12.77;
17.266;
22.8696;
22.5189;
16.8228;
14.3107;
16.2942;
18.9949;
20.3753;
12.9115;
18.6814;
17.99;
18.541;
24.35;
19.0119;
21.2808;
14.7511;
20.5178;
14.8501;
13.602;
21.011;
21.372;
16.5603;
17.9797;
14.7705;
26.102;
23.2569;
16.444;
17.1423;
18.6039;
15.7971;
14.2183;
20.0025;
25.8977;
19.757;
19.1832;
20.4138;
19.9511;
15.4951;
16.427;
24.1026;
17.5392;
21.1694;
12.6382;
17.3997;
19.3782;
15.5661;
16.8705;
21.619;
21.1206;
17.0831;
16.0587;
16.4481;
17.704;
19.9004;
18.2767;
24.7662;
18.4075;
21.1517;
17.3528;
27.2792;
21.814;
17.1898;
19.9529;
17.0643;
16.4002;
21.6941;
16.0868;
23.1008;
20.2435;
14.5001;
18.3661;
22.0075;
20.0699;
18.403;
17.8533;
17.0802;
18.0828;
18.0951;
15.9065;
13.9522;
17.0399;
18.8077;
17.6188;
17.5677;
20.0491;
20.1225;
18.3685;
21.3987;
14.7647;
20.3525;
16.741;
11.053;
24.7934;
14.9354;
14.2237;
20.8853;
23.2245;
15.6796;
15.3343;
12.3944;
17.4344;
19.1505;
15.878;
19.6903;
15.4813;
22.1008;
17.3931;
20.9559;
16.5615;
19.4772;
18.868;
23.208;
21.4096;
21.1169;
17.6793;
15.4507;
23.754;
18.0919;
16.6263;
22.4687;
22.7777;
17.3726;
14.2961;
14.7171;
13.7048;
17.7787;
16.3942;
18.4059;
18.1852;
18.4251;
20.0025;
19.2488;
17.8097;
18.2438;
20.4377;
21.1378;
17.8998;
21.6381;
22.839;
23.2127;
18.0775;
18.1981;
19.2149;
22.4728;
17.6439;
19.3382;
19.1394;
16.4424;
16.6132;
19.1784;
14.0251;
15.4753;
18.0909;
20.8515;
18.0135;
19.7092;
17.9321;
18.5262;
19.6475;
16.8956;
19.4375;
14.2354;
17.9281;
20.2615;
23.9662;
19.9278;
17.1431;
24.7234;
17.3921;
15.0907;
15.6827;
13.6636;
19.6816;
25.898;
23.28;
25.2496;
12.4635;
18.177;
19.2943;
17.4853;
16.0916;
13.5382;
18.9911;
21.6815;
17.014;
14.1808;
25.9458;
17.7026;
15.7186;
14.8613;
18.9113;
17.2622;
16.568;
22.0427;
23.5659;
15.779;
17.3048;
13.7417;
25.3245;
24.2944;
12.9395;
15.9747;
13.9081;
18.1174;
19.4094;
15.9904;
14.985;
18.0812;
23.8812;
20.1441;
16.2383;
17.9323;
12.1855;
18.6314;
14.5602;
15.5419;
19.5556;
20.5909;
14.1113;
19.0754;
19.6326;
15.1016;
11.6064;
18.381;
22.1936;
18.1557;
18.1628;
18.8231;
13.3803;
15.0736;
22.0204;
19.5704;
18.3104;
18.0304;
21.6058;
20.6031;
17.5075;
15.6427;
13.589;
14.542;
18.7714;
19.202;
16.8191;
19.9435;
23.0748;
14.1152;
21.651;
22.8601;
14.8962;
20.7898;
23.1113;
14.9668;
17.8296;
16.0459;
18.7451;
18.7754;
13.3713;
14.6931;
22.3232;
12.2505;
18.8327;
14.5558;
24.4769;
16.9364;
15.0329;
18.0018;
19.1696;
18.4246;
15.6751;
18.9654;
12.8254;
16.6212;
16.8571;
19.8938;
17.013;
21.5251;
16.905;
18.0897;
29.2987;
21.257;
15.3805;
15.7903;
20.195;
23.9463;
19.6453;
17.6068;
17.143;
16.6866;
19.1788;
11.457;
14.3061;
17.2806;
16.2905;
19.0142;
24.0216;
18.4613;
21.398;
12.761;
17.6979;
21.6248;
13.4724;
17.9216;
17.7698;
15.9776;
14.7138;
19.2185;
20.387;
17.9081;
18.5056;
14.4154;
14.7405;
16.1331;
17.6372;
16.0497;
18.1777;
16.2093;
20.7277;
20.1695;
14.1731;
20.2091;
18.4195;
26.7856;
21.2125;
12.244;
18.2119;
15.4864;
14.59;
14.6069;
19.6558;
18.5476;
13.5715;
17.8256;
20.283;
16.4112;
14.0552;
13.4379;
14.3573;
17.6263;
18.7117;
20.2644;
17.1889;
16.9123;
16.5779;
12.7131;
15.9239;
14.2918;
18.9971;
15.2124;
21.2829;
18.4635;
14.2899;
16.5634;
19.0274;
12.1866;
17.5028;
17.5144;
14.8999;
19.4867;
18.6344;
17.2989;
20.8391;
16.1824;
20.5711;
18.693;
14.6938;
18.7185;
16.0663;
16.6703;
26.0224;
18.2699;
16.3604;
15.7104;
14.7386;
16.6943;
18.8442;
20.5908;
17.1074;
18.5868;
20.3651;
23.3554;
19.0657;
21.1262;
21.9037;
17.8844;
15.969;
14.4926;
13.8444;
16.1124;
19.9783;
13.4919;
15.1664;
13.9879;
15.9192;
25.8171;
13.963;
15.3866;
14.3639;
15.815;
12.3777;
18.4542;
14.1759;
17.871;
17.2349;
20.3298;
18.3462;
15.7709;
15.668;
19.7096;
16.5491;
19.8055;
15.5681;
17.1559;
18.1511;
15.5867;
15.8625;
20.4761;
22.27;
11.4178;
13.0051;
15.5152;
25.4311;
17.1377;
23.8403;
14.9457;
14.0729;
15.2824;
17.2284;
14.0752;
8.79474;
13.7734;
15.4583;
20.7612;
14.0101;
19.2089;
13.4309;
15.798;
15.1039;
24.1731;
22.7609;
15.6899;
15.7818;
13.8429;
18.4073;
15.5244;
13.7586;
17.2453;
19.4623;
21.1462;
25.3982;
18.1968;
16.0261;
16.5622;
14.4055;
13.4134;
16.3287;
17.2312;
20.7445;
10.8334;
15.8506;
14.9825;
24.2356;
25.6492;
17.1119;
13.5809;
13.7809;
19.9044;
19.9713;
23.6344;
13.8759;
16.986;
13.7445;
19.1856;
13.9485;
18.656;
14.245;
22.4827;
19.4566;
15.8929;
20.0391;
9.12673;
23.9639;
21.1988;
20.9902;
25.003;
17.376;
14.0318;
19.5698;
17.9479;
22.84;
15.5953;
14.5805;
14.3557;
15.1736;
13.981;
15.7872;
16.2415;
17.0926;
22.4175;
9.8159;
15.2531;
20.9576;
15.5366;
14.7436;
13.2285;
21.8024;
18.3968;
10.7526;
14.7913;
17.263;
18.6985;
17.8251;
13.8352;
19.769;
18.8057;
21.6583;
15.8158;
19.724;
18.5367;
16.6844;
16.1582;
16.9008;
15.8018;
18.5009;
26.4844;
14.5581;
12.8876;
16.2062;
16.6195;
15.2083;
15.2393;
25.3487;
17.5721;
17.4514;
15.2263;
17.1603;
22.4112;
19.1798;
17.5817;
19.2614;
14.1207;
16.7277;
18.7736;
24.9575;
15.1284;
15.5854;
14.1222;
15.7387;
24.4348;
20.723;
19.1449;
13.0275;
14.9877;
13.5834;
11.1087;
12.5092;
17.369;
18.2587;
13.5577;
16.408;
21.5686;
16.9784;
20.9328;
18.3049;
18.0485;
17.8599;
16.9707;
15.4751;
15.524;
14.6896;
14.1423;
18.4314;
18.3915;
19.6118;
23.2864;
20.5205;
19.0805;
17.6097;
19.6386;
15.6962;
15.1997;
12.7821;
13.9251;
14.1293;
12.5932;
16.0063;
20.7821;
18.7934;
26.1132;
19.0583;
16.5851;
16.0322;
12.8768;
19.2301;
19.1571;
19.2295;
18.0956;
17.908;
17.6497;
28.2624;
18.2195;
22.8446;
30.5049;
20.2194;
19.191;
15.103;
14.303;
17.0051;
18.8796;
15.3505;
20.5209;
21.7309;
20.5784;
21.1178;
17.6974;
19.7994;
18.0736;
19.3327;
17.3441;
18.1519;
17.3999;
12.0732;
15.3858;
17.5627;
18.6651;
12.5403;
17.4256;
14.1084;
16.7346;
17.2272;
16.5629;
16.3942;
15.0622;
20.2517;
23.0536;
15.5699;
16.0678;
19.0144;
17.5245;
27.7329;
15.7462;
14.3361;
18.9842;
14.5381;
15.7723;
14.7464;
17.9168;
18.6993;
16.5375;
18.8549;
14.5862;
13.8087;
18.8191;
15.3145;
14.0359;
11.1254;
22.7452;
17.4196;
18.4462;
15.1519;
16.1345;
13.1096;
11.7815;
14.5605;
16.3428;
20.4676;
15.3188;
9.58218;
12.5997;
16.1949;
15.6894;
9.6844;
16.54;
14.8737;
16.6565;
18.9714;
17.5434;
16.8319;
14.716;
16.5531;
8.2808;
13.4523;
16.3447;
12.3139;
17.0975;
15.6442;
18.4435;
13.9253;
14.7044;
18.8915;
15.8462;
18.5561;
14.5882;
14.0228;
18.9376;
15.4948;
19.1933;
17.0178;
16.3155;
18.3071;
14.1341;
23.8533;
18.4166;
15.3812;
18.4171;
14.3571;
15.5535;
20.1927;
26.8705;
16.1639;
15.9607;
19.5331;
20.4597;
15.619;
17.6252;
16.4805;
15.4064;
17.9157;
15.1746;
17.2357;
12.3146;
17.4209;
13.5796;
23.5195;
14.2676;
18.0968;
16.7672;
21.6538;
14.1586;
23.8059;
21.1686;
13.152;
12.5686;
15.404;
18.4478;
18.8723;
17.7131;
17.8843;
11.9928;
18.0735;
18.9545;
19.7964;
16.771;
13.2799;
14.1049;
14.9632;
17.745;
16.5264;
17.3065;
20.6721;
13.1264;
20.5123;
17.7011;
20.7459;
14.5771;
16.0994;
15.3381;
19.8867;
13.741;
12.4019;
12.3509;
17.2676;
13.2086;
15.4819;
13.1528;
12.8793;
19.5819;
21.8817;
16.5352;
18.3125;
18.0257;
15.6269;
14.0082;
13.0375;
17.6488;
11.7048;
23.4532;
14.2677;
19.9075;
11.4172;
17.9385;
13.1379;
13.7895;
16.255;
22.709;
17.5551;
14.7167;
15.0853;
11.1949;
19.6244;
24.5778;
25.264;
11.3681;
17.3616;
10.6682;
13.661;
13.0232;
15.2117;
22.5246;
14.7858;
16.2906;
17.8754;
14.5613;
15.1048;
13.1632;
19.0598;
13.0145;
14.6875;
13.9882;
12.0694;
19.93;
14.2634;
14.4141;
14.3788;
22.0099;
14.0859;
13.7639;
15.8859;
14.4907;
17.044;
12.1969;
11.3327;
11.6223;
15.0663;
21.1724;
17.0997;
8.4886;
14.5776;
22.1581;
14.5766;
18.3968;
14.8409;
14.1566;
13.9593;
13.3456;
11.9172;
23.3307;
16.8788;
15.2735;
15.0432;
10.9147;
16.1264;
12.8882;
12.6851;
14.5682;
20.9037;
20.6455;
17.2375;
14.7686;
12.2141;
20.3853;
14.8497;
14.3829;
13.471;
17.5012;
20.3452;
17.5247;
9.9249;
11.5512;
11.0252;
14.6535;
22.9921;
24.0121;
21.1065;
19.8954;
16.9837;
15.1709;
13.0452;
11.6396;
18.829;
19.3938;
23.8227;
11.3942;
16.2156;
16.1271;
12.8858;
15.3745;
12.5426;
16.9215;
16.2627;
15.3462;
13.5645;
12.6892;
13.8429;
13.5394;
15.1699;
11.7001;
14.5343;
15.7924;
16.3225;
16.2954;
15.2826;
18.3156;
17.5983;
15.5947;
16.0168;
13.6999;
12.8341;
12.4825;
24.7846;
11.4448;
12.8978;
12.7717;
12.0693;
19.4824;
20.8896;
16.5982;
14.9852;
14.267;
16.3777;
16.3238;
16.9686;
16.7925;
30.4162;
19.278;
21.7168;
18.3212;
20.2856;
11.7688;
12.8353;
18.5398;
22.7572;
11.7155;
17.4365;
15.2214;
11.575;
21.3511;
15.247;
14.6268;
15.9856;
14.9731;
17.0322;
13.8372;
15.3851;
15.0829;
13.8264;
14.6604;
13.1379;
12.6705;
13.7201;
16.8538;
17.0747;
16.4292;
18.3748;
25.2484;
12.9095;
19.5284;
19.3984;
22.3361;
14.0087;
15.1239;
16.1575;
13.4035;
10.3497;
15.6705;
17.2951;
14.157;
20.1103;
16.6089;
15.3326;
14.7157;
11.8738;
16.9518;
20.7358;
23.0165;
12.3114;
15.3458;
16.0684;
13.2761;
13.6755;
17.2096;
12.0451;
25.6747;
14.1215;
13.956;
13.9905;
23.5531;
9.74989;
12.2302;
16.1141;
14.5136;
11.4953;
25.5846;
28.7123;
11.7732;
15.3484;
14.4912;
10.6654;
10.4526;
14.7301;
13.1794;
13.6837;
14.5251;
18.4062;
14.9163;
19.2342;
17.004;
13.6745;
21.6919;
17.351;
19.7363;
10.4814;
13.0366;
14.229;
16.2003;
15.3033;
14.5275;
13.265;
16.4565;
10.4803;
13.0055;
17.1564;
14.0977;
14.2504;
18.2214;
12.2204;
13.9144;
12.0514;
19.4801;
13.8009;
14.3839;
12.4375;
10.6827;
11.4496;
15.3653;
9.96543;
21.5087;
11.8647;
13.5468;
12.6182;
11.053;
17.0757;
22.9215;
12.1868;
12.872;
10.704;
16.2034;
14.6925;
14.709;
18.7093;
17.3931;
19.149;
11.5863;
19.2698;
11.6485;
12.1383;
15.2447;
12.9453;
14.9558;
15.2886;
17.3291;
18.2387;
17.8185;
14.1867;
17.9897;
13.3417;
10.3973;
14.446;
11.4795;
8.89738;
12.8003;
11.0106;
13.9482;
23.1645;
10.8933;
13.4246;
10.2554;
13.0069;
16.0258;
12.3003;
17.7934;
11.3431;
18.7408;
18.9186;
17.5813;
26.4773;
14.3769;
11.645;
13.4382;
13.6533;
13.2962;
16.4333;
12.1872;
13.4131;
16.9095;
15.4184;
12.9147;
12.8143;
16.8678;
12.3662;
12.7009;
13.8288;
14.2345;
14.4966;
14.7318;
21.8395;
23.5179;
15.3979;
14.3298;
18.982;
11.1689;
17.8302;
19.2255;
11.9893;
19.8322;
23.0348;
21.4678;
14.9342;
22.0107;
12.8312;
24.44;
21.8381;
11.8088;
18.8875;
17.6924;
18.0069;
16.2171;
26.1597;
15.4785;
12.1813;
12.7072;
14.3413;
11.4117;
10.3623;
19.4219;
13.6376;
17.5314;
12.7358;
14.1175;
15.4475;
16.3828;
13.2083;
14.134;
13.782;
14.3326;
12.3903;
13.4741;
21.9301;
18.8601;
19.9411;
26.2985;
12.2003;
14.3937;
14.2568;
15.9548;
14.955;
8.55656;
15.0383;
12.9782;
20.3001;
13.2066;
10.4641;
14.6435;
23.4584;
17.5642;
11.5681;
13.753;
12.7262;
17.8191;
25.2495;
11.3107;
15.7572;
12.5132;
12.9385;
11.4461;
13.3371;
12.8691;
15.6751;
15.0007;
10.5929;
16.0404;
15.0109;
26.1895;
12.4806;
18.6596;
20.8139;
16.0896;
14.3132;
23.8631;
20.957;
17.817;
14.0674;
16.2591;
11.9971;
17.1621;
18.6717;
20.4512;
13.9235;
14.2798;
13.1016;
12.4506;
18.4766;
18.8576;
18.9926;
17.592;
12.1087;
20.6352;
18.6127;
16.1418;
14.9494;
17.8229;
14.8915;
11.7968;
24.0393;
19.8805;
12.6748;
9.86495;
19.6177;
19.7462;
22.6327;
18.819;
13.9169;
17.5313;
11.3758;
17.5318;
19.7136;
18.7526;
20.4172;
25.0517;
20.9596;
15.5119;
16.3139;
14.1963;
12.6171;
15.2547;
22.8597;
22.5253;
13.0455;
12.0006;
15.385;
14.4153;
16.7086;
13.6943;
14.0001;
12.7031;
14.9442;
11.5373;
23.8176;
12.7259;
22.6607;
12.6393;
21.9369;
16.8447;
12.2501;
24.4959;
16.5158;
13.9429;
12.3467;
12.712;
13.8633;
19.7345;
17.689;
17.1972;
10.3563;
20.4988;
18.2976;
24.8816;
11.8138;
16.5973;
16.8452;
18.4953;
22.3278;
13.9594;
16.2451;
18.0454;
14.675;
13.1676;
11.1155;
12.1056;
14.1936;
19.3257;
11.669;
11.9001;
19.8479;
21.9776;
18.8766;
10.1628;
15.4651;
15.4808;
12.3971;
22.7751;
11.9849;
13.8116;
13.4752;
21.7307;
13.9809;
12.6702;
19.3468;
12.8227;
14.0644;
11.4167;
17.7771;
11.9177;
13.7754;
11.3799;
13.8283;
15.0919;
16.9626;
14.8422;
16.2815;
13.9002;
15.8057;
14.1059;
14.5993;
10.0507;
12.3898;
17.4587;
10.6666;
15.1732;
12.2019;
13.2023;
14.8009;
14.066;
10.5676;
11.4297;
14.3638;
15.641;
21.3808;
21.1937;
13.2053;
10.6117;
16.6814;
17.6473;
13.4214;
12.7065;
12.4737;
19.3481;
18.1763;
10.9076;
14.2623;
13.2245;
18.92;
13.8695;
14.8961;
15.0871;
22.3098;
12.2776;
9.83562;
13.5786;
13.5046;
12.2771;
12.4427;
8.77355;
10.6451;
14.0599;
12.3776;
21.5352;
13.5583;
13.0773;
23.6058;
8.13886;
14.8848;
25.1605;
11.1735;
21.5073;
12.1929;
13.3442;
13.3492;
14.9667;
14.486;
12.3206;
12.0946;
10.5851;
12.5124;
12.279;
26.6256;
10.8799;
12.1183;
15.086;
13.5226;
19.3915;
15.1216;
17.4763;
13.4221;
10.5419;
19.1563;
13.7036;
19.5122;
12.5826;
15.7679;
13.6583;
13.7792;
13.3272;
14.0597;
10.1382;
13.1419;
14.2626;
15.0895;
10.899;
12.0742;
11.1304;
20.4009;
11.9156;
18.039;
9.30095;
22.3616;
14.0253;
18.1018;
13.726;
20.1693;
15.5442;
11.0282;
13.3146;
21.9879;
9.4951;
22.3946;
19.1026;
13.7884;
12.9328;
22.0476;
11.9825;
12.5899;
13.0379;
14.0786;
17.2983;
20.0939;
16.9088;
13.6809;
7.04832;
25.3206;
14.9173;
9.3281;
15.3191;
14.2757;
11.9428;
13.6953;
17.0504;
15.0802;
14.2025;
18.4056;
11.2952;
16.4479;
12.9015;
18.7195;
17.5558;
17.0291;
14.9222;
15.236;
16.9724;
17.049;
12.2022;
11.2522;
13.5992;
13.7678;
24.7233;
15.7184;
19.9028;
20.2152;
23.158;
11.328;
11.8468;
10.897;
11.3293;
11.7311;
11.6237;
12.2773;
13.5879;
14.0709;
10.8486;
14.9639;
15.1661;
15.4514;
10.0778;
17.7926;
11.2067;
10.2141;
15.6357;
10.8051;
11.5362;
11.1367;
12.8524;
12.2719;
23.0642;
11.4935;
10.7405;
14.5729;
10.3008;
12.0923;
12.9197;
14.3181;
11.4309;
18.8811;
12.9846;
22.4211;
17.811;
15.0839;
21.8829;
17.1261;
16.522;
15.1806;
25.7452;
21.4974;
11.3426;
15.8795;
12.0938;
10.7395;
14.9079;
10.9148;
13.9932;
11.7022;
10.9506;
11.1803;
12.4845;
12.0416;
14.0018;
13.5006;
14.7338;
16.0473;
12.0081;
13.4363;
13.0744;
12.7951;
13.3198;
14.2451;
13.4538;
12.1398;
11.1655;
10.7653;
11.5577;
12.7325;
12.1867;
16.7202;
20.9791;
12.5572;
19.1876;
24.4391;
18.9567;
20.4556;
13.2944;
22.7948;
26.596;
14.2118;
10.1858;
9.69149;
11.8379;
13.0464;
19.6638;
23.99;
12.9915;
12.9485;
7.79238;
7.45108;
14.6845;
13.8628;
14.3913;
11.5394;
16.5771;
21.5709;
10.7745;
14.3559;
17.6947;
12.9528;
16.2371;
14.4006;
12.4222;
10.788;
11.3754;
13.9307;
16.7504;
14.145;
11.798;
11.7329;
14.7603;
7.82775;
21.6375;
10.9823;
19.2019;
8.89917;
9.05061;
13.8556;
9.48908;
18.3887;
19.6863;
14.8184;
9.91544;
14.1822;
12.2049;
10.7416;
20.7077;
8.97364;
19.2899;
20.6887;
7.16238;
13.3522;
13.0019;
14.3296;
21.2937;
22.445;
10.6396;
27.9852;
11.0863;
11.8666;
15.8268;
16.9213;
17.3956;
21.5791;
13.5858;
13.5207;
18.3751;
14.8911;
16.9286;
17.7349;
15.933;
17.6456;
24.5142;
12.7871;
14.4797;
16.1733;
15.726;
11.3519;
19.4297;
16.6208;
11.2111;
18.4909;
12.2242;
16.8644;
10.8985;
12.5534;
15.0423;
12.1897;
14.4781;
15.6373;
9.70227;
13.8892;
12.4165;
16.5613;
18.6155;
17.2216;
22.8018;
12.3176;
14.1048;
15.5997;
10.8482;
11.7281;
19.4427;
19.5875;
18.5773;
16.1289;
14.8717;
8.42476;
23.3908;
19.1391;
13.9975;
11.5733;
11.733;
12.2992;
12.6597;
14.3467;
17.0898;
11.2098;
14.3191;
14.3869;
10.367;
12.1595;
12.6316;
12.678;
20.4257;
12.5496;
15.728;
18.2943;
9.93725;
16.6757;
12.7802;
18.0307;
12.3909;
18.3235;
17.8419;
13.1878;
12.8134;
9.50337;
12.0882;
13.6735;
20.1434;
12.3086;
14.3044;
8.19003;
12.7086;
22.3824;
11.0695;
12.6944;
15.2404;
11.8515;
9.74785;
12.2731;
13.8245;
12.0128;
19.6035;
21.1004;
13.8868;
12.084;
19.8721;
14.5439;
11.377;
13.1617;
13.7771;
14.2389;
10.9483;
17.3291;
18.387;
16.6872;
19.9941;
12.3399;
11.6312;
17.9574;
14.1593;
11.5356;
10.2534;
9.13108;
10.8832;
16.5784;
9.29369;
10.3551;
10.3027;
11.2885;
11.632;
11.4453;
14.3407;
14.7955;
25.8167;
18.154;
12.9397;
14.9791;
11.1246;
15.1693;
20.9794;
15.2856;
14.883;
15.9007;
13.9449;
8.66789;
9.18145;
12.5429;
12.8865;
13.9738;
14.2157;
13.9911;
10.7411;
13.4625;
13.1992;
16.767;
8.12206;
13.88;
10.7967;
11.5622;
13.9202;
11.1302;
12.6169;
9.64261;
12.5214;
17.5627;
19.2618;
16.3503;
16.0837;
14.5509;
18.5928;
15.3823;
12.0952;
10.9083;
12.1125;
11.123;
13.7579;
11.931;
13.3525;
13.1965;
9.60194;
24.3567;
18.2053;
14.8726;
9.65232;
14.0575;
10.5184;
12.3339;
23.2266;
17.1702;
21.793;
13.2876;
11.8642;
10.8404;
16.9107;
18.0317;
14.2439;
20.2675;
20.0471;
17.7981;
18.0939;
10.7614;
15.217;
12.9336;
21.8479;
10.256;
13.0309;
13.8491;
11.0762;
23.8718;
19.9161;
16.6289;
24.5568;
12.854;
15.7259;
16.869;
14.1851;
12.5051;
9.57043;
9.47291;
20.8184;
24.8385;
16.0373;
12.5396;
14.3974;
10.1777;
21.9939;
17.941;
18.7609;
14.0604;
21.6478;
11.617;
20.7724;
23.4308;
20.2026;
16.9278;
11.8669;
14.6012;
10.7384;
9.47552;
19.5033;
15.8871;
20.9595;
22.8002;
22.6174;
11.3343;
14.9177;
16.5917;
17.6497;
12.9237;
10.6065;
12.8855;
11.6122;
11.7944;
15.204;
14.0413;
13.6774;
16.0872;
11.6851;
10.3144;
11.894;
13.6836;
16.8648;
18.7799;
21.8495;
16.9802;
14.6892;
16.8602;
16.9256;
20.6405;
18.8362;
13.417;
20.2451;
18.7844;
15.6745;
12.1877;
13.215;
21.7005;
11.9647;
18.8131;
13.4105;
19.542;
21.7571;
10.6438;
14.3986;
18.0996;
25.4867;
10.6789;
24.6273;
12.2015;
12.5574;
15.8587;
18.9562;
18.8503;
22.2237;
13.8192;
26.1642;
15.4427;
13.1178;
15.1399;
14.8085;
24.0808;
10.2043;
14.8233;
19.3021;
13.7476;
9.06345;
27.222;
12.3232;
23.8659;
12.2997;
12.4818;
18.4109;
8.92663;
10.4178;
20.3872;
14.0693;
14.7112;
11.2265;
12.1635;
13.7123;
15.9332;
13.7761;
11.4251;
12.6931;
17.6193;
19.3549;
20.7221;
12.5413;
18.3253;
18.3387;
16.8409;
14.3684;
11.1597;
10.4951;
14.9859;
15.2205;
19.5565;
19.451;
19.425;
21.1789;
19.5451;
23.0724;
10.4272;
13.066;
19.1093;
13.7926;
16.8703;
12.6506;
13.0181;
17.604;
14.5776;
12.372;
11.8468;
12.3676;
18.46;
17.8521;
17.6035;
11.5675;
13.4474;
11.6082;
14.366;
13.3422;
11.4752;
14.6196;
16.3762;
17.168;
17.484;
20.9635;
17.5584;
9.55367;
12.3184;
13.7681;
13.6432;
19.1538;
24.4713;
15.4527;
19.1938;
11.7816;
12.2817;
14.4129;
19.1149;
13.001;
12.7214;
18.6254;
14.8415;
18.7527;
26.2546;
9.38852;
14.3537;
10.4206;
13.035;
17.0923;
20.1421;
18.951;
11.5723;
13.6025;
14.7225;
13.0786;
19.5042;
17.4828;
11.9753;
23.0286;
11.6889;
13.7139;
19.9638;
14.5579;
17.2466;
14.6165;
13.3845;
12.1543;
12.583;
9.95269;
19.2696;
12.1393;
13.5744;
19.8826;
12.4834;
20.207;
25.6427;
9.4131;
11.7904;
13.2687;
13.1474;
14.6909;
14.9631;
22.1324;
14.3467;
20.0856;
22.0818;
9.73255;
22.7517;
9.53288;
12.189;
9.76042;
24.6749;
21.0859;
12.6734;
10.9775;
10.1501;
11.8489;
15.7035;
16.3337;
24.9896;
16.1523;
9.98061;
13.8656;
12.8596;
16.5954;
11.6386;
19.3557;
26.2924;
22.1134;
11.9639;
14.6502;
12.3035;
11.0033;
12.3997;
18.345;
12.4598;
15.1737;
21.1653;
21.9027;
20.986;
8.75735;
10.7228;
12.1613;
13.3278;
21.0986;
13.7229;
13.3354;
15.4104;
24.6434;
18.2981;
14.4263;
17.1819;
14.0122;
12.4852;
19.8921;
13.5909;
19.0934;
21.7618;
20.317;
22.521;
17.3788;
17.7028;
11.9051;
20.3585;
16.8807;
15.0004;
14.199;
11.9513;
20.1226;
22.462;
20.7325;
21.7946;
19.0727;
11.7647;
20.8258;
8.94659;
24.5126;
16.2847;
19.119;
18.8677;
15.3547;
12.7393;
9.93504;
16.0305;
14.1884;
9.61211;
12.3535;
11.6065;
6.68258;
14.2992;
12.4347;
19.1555;
19.9796;
10.2927;
16.0914;
21.6379;
11.1789;
12.95;
11.2862;
13.3665;
19.6493;
12.1417;
12.5677;
11.1979;
14.3427;
16.9796;
12.8152;
11.5984;
16.0756;
11.6103;
17.6092;
22.6302;
18.957;
16.9208;
13.4979;
9.71523;
13.3302;
9.99418;
11.7229;
13.7076;
12.2872;
11.5752;
9.83983;
13.568;
11.0541;
12.3062;
10.8979;
9.98712;
8.12374;
11.4307;
12.7948;
12.2528;
26.7982;
10.1416;
11.1469;
18.4852;
22.6129;
11.4166;
10.0163;
9.6872;
12.792;
13.2996;
11.9086;
11.2791;
12.5276;
12.0706;
11.6884;
13.6005;
14.3935;
13.12;
10.5841;
12.8182;
13.0805;
11.8263;
13.0854;
13.4077;
11.1087;
11.9672;
11.5355;
14.2659;
19.5863;
12.2605;
11.05;
14.2454;
11.1541;
10.5894;
11.325;
7.89888;
12.9297;
16.4849;
19.8584;
14.7259;
12.6888;
21.1406;
10.7525;
15.1899;
18.8272;
21.5649;
12.5912;
11.4276;
15.1275;
11.3523;
6.96624;
23.1406;
8.612;
15.8067;
19.303;
12.2488;
19.1826;
9.92635;
21.991;
8.14211;
13.2143;
11.3268;
15.884;
13.246;
10.5455;
9.78433;
9.32992;
13.0059;
13.6691;
11.5634;
9.08624;
13.9415;
12.8579;
20.5307;
13.5096;
11.1975;
9.95478;
10.2381;
11.9114;
13.0847;
14.3352;
12.3927;
9.55747;
9.28709;
15.2387;
13.3856;
12.0077;
12.1753;
13.0933;
11.8915;
12.6518;
9.20717;
9.45163;
10.5658;
10.0296;
9.57164;
11.4705;
10.9434;
8.8992;
10.091;
12.8213;
18.414;
12.5314;
10.3413;
9.68949;
12.6867;
12.0643;
20.1209;
13.2562;
11.961;
11.1442;
11.8495;
18.1209;
9.92823;
11.115;
11.3968;
19.5072;
10.5198;
10.6241;
7.88587;
12.186;
10.0135;
20.8799;
18.3021;
10.1675;
10.2296;
12.3174;
21.9267;
10.325;
10.104;
9.02744;
12.9536;
10.2468;
9.57706;
11.6771;
9.44454;
11.1207;
9.56042;
12.3441;
11.4139;
9.26361;
15.0842;
12.924;
12.7475;
11.3384;
12.855;
9.93347;
14.0521;
11.7494;
10.7195;
10.9791;
11.5581;
11.922;
8.77458;
10.8689;
15.5493;
11.7755;
15.6991;
10.7372;
24.766;
10.9096;
16.2081;
9.46882;
11.293;
10.4921;
9.92495;
12.4051;
7.99797;
7.92604;
11.2444;
9.91901;
13.3479;
10.8957;
9.45874;
10.3577;
11.7826;
10.7595;
10.3193;
11.6753;
14.5053;
12.2018;
9.84549;
8.79776;
14.9478;
11.2026;
14.614;
10.872;
10.5823;
14.1436;
12.1017;
13.5151;
18.0509;
11.7523;
12.2937;
10.4588;
11.4565;
8.17093;
9.09188;
12.5135;
9.27129;
12.5493;
11.8743;
12.4371;
10.1484;
10.0373;
11.227;
10.7783;
11.0143;
11.2216;
9.20126;
7.87555;
11.3186;
9.14495;
10.6483;
10.3172;
10.555;
8.89535;
15.3654;
9.68413;
11.2303;
11.1685;
9.09959;
14.5638;
13.1645;
13.6235;
10.6329;
13.2072;
10.9334;
10.5065;
10.5593;
9.85376;
10.3743;
8.95337;
9.6319;
7.22225;
9.42237;
10.6804;
12.746;
10.1434;
10.2105;
12.3826;
9.10864;
10.5752;
11.7014;
8.87608;
11.2106;
12.611;
7.01667;
9.67103;
9.16913;
7.85908;
9.8615;
16.2779;
13.1322;
10.893;
13.9757;
11.026;
8.43296;
11.482;
11.7777;
9.16683;
8.92258;
12.9693;
9.75651;
10.5247;
9.49978;
11.2127;
10.6261;
11.1987;
7.86334;
11.1269;
9.04858;
8.74671;
10.9274;
9.78603;
9.9549;
7.91233;
21.0593;
12.0345;
11.5979;
7.99061;
11.3976;
13.1651;
10.9425;
10.2268;
13.1586;
8.31981;
10.1946;
13.6773;
11.0732;
11.7954;
7.97058;
12.3001;
11.5003;
11.27;
8.68918;
8.68245;
7.2566;
11.5703;
8.30538;
12.0588;
10.2921;
12.2268;
18.005;
8.25718;
9.06195;
11.6582;
8.62541;
9.09547;
8.61861;
9.91913;
13.245;
13.591;
10.2447;
8.03235;
8.5227;
9.32904;
8.66074;
12.9938;
10.9763;
6.58417;
8.5791;
11.6272;
8.34263;
7.67335;
6.94536;
11.3455;
9.40828;
10.4267;
8.96893;
12.25;
8.50484;
6.67282;
11.1035;
13.6068;
10.1335;
10.2771;
9.55944;
12.856;
9.96716;
10.8294;
14.1072;
8.82647;
11.5622;
11.9208;
12.3355;
12.0273;
9.29785;
11.1505;
11.9692;
7.89902;
9.83482;
11.6569;
8.92018;
12.6408;
10.8239;
8.52862;
9.77638;
9.00983;
11.3597;
13.6564;
10.1034;
11.9691;
9.48835;
19.1964;
10.3279;
12.0895;
8.88533;
8.8143;
15.8061;
10.1928;
9.78082;
16.6683;
10.8898;
9.9246;
9.39529;
10.9453;
11.2684;
10.5433;
11.0347;
9.96133;
10.9813;
9.69566;
11.35;
10.0464;
7.77094;
9.61439;
9.89542;
10.9055;
9.84063;
10.8574;
8.61757;
8.95231;
9.68151;
6.89415;
10.57;
9.78001;
9.18319;
12.2894;
9.7764;
7.01461;
8.80342;
10.5685;
10.0722;
8.46999;
17.9201;
9.64427;
9.90788;
14.1897;
12.1303;
11.5534;
12.551;
10.2241;
9.43705;
11.7387;
8.3963;
10.3264;
9.85897;
11.0579;
7.82704;
11.4903;
11.7646;
11.7727;
9.95812;
11.2994;
8.03112;
8.8794;
8.75467;
9.13292;
9.92292;
9.45974;
10.5957;
8.11656;
9.09097;
6.93656;
8.32904;
9.46413;
7.05245;
8.96026;
8.9257;
9.08938;
8.26329;
11.7526;
9.29687;
9.30799;
8.91347;
9.58443;
9.96115;
11.489;
10.5994;
9.7226;
10.2329;
7.00303;
4.85767;
9.07544;
11.3331;
9.18411;
9.01079;
14.1321;
7.69999;
14.7516;
8.49765;
9.35492;
14.0043;
9.55089;
11.3701;
7.7436;
11.7586;
9.33337;
12.0123;
7.94433;
10.5382;
12.0602;
6.99927;
8.62848;
9.18808;
7.32561;
11.3561;
8.01603;
7.99099;
8.57427;
8.25581;
8.8635;
8.30416;
15.7037;
9.90193;
14.8064;
8.37198;
11.8703;
9.47051;
7.37507;
8.42235;
10.1768;
10.523;
8.47314;
9.80756;
7.51488;
10.4562;
6.9914;
10.3053;
14.4783;
14.6471;
10.7288;
13.0241;
6.04278;
17.147;
9.80679;
8.23704;
8.93288;
9.40183;
10.5492;
7.40073;
9.03592;
11.077;
8.92504;
7.81026;
10.675;
9.54405;
7.65584;
17.7024;
10.6669;
10.1129;
8.52284;
8.28174;
9.7618;
8.71439;
9.26003;
6.13973;
10.052;
8.06628;
8.27728;
6.59228;
9.47579;
9.71345;
8.78791;
12.2741;
11.3372;
9.37274;
8.84091;
10.2731;
9.65396;
11.6201;
9.25545;
9.7701;
8.73725;
10.4584;
7.44252;
8.78485;
9.6395;
4.79528;
12.8013;
8.21022;
9.14934;
9.18603;
6.3228;
6.3145;
8.8983;
10.4383;
9.63536;
10.4805;
10.4865;
9.00931;
7.05991;
10.0747;
9.12558;
14.1057;
8.75893;
9.38358;
10.0266;
8.8133;
7.64008;
6.76311;
8.18837;
6.90751;
10.4503;
9.80248;
6.72229;
8.0022;
6.82262;
9.04165;
7.02271;
11.2116;
14.2144;
7.93463;
17.8371;
8.04722;
7.0645;
6.80474;
9.9703;
6.55542;
9.24184;
15.1881;
10.407;
10.0935;
8.48845;
9.28327;
11.5963;
9.1232;
7.63672;
7.83942;
17.889;
9.20487;
8.67369;
7.94223;
6.6561;
6.09024;
6.65459;
7.53383;
7.95415;
9.26162;
9.45816;
9.00408;
9.81264;
9.46878;
9.17197;
9.09964;
8.63716;
6.3238;
6.21314;
6.8505;
8.44537;
8.39506;
6.79325;
9.48483;
12.5797;
9.80723;
7.29969;
9.42103;
9.00836;
10.3434;
6.53233;
8.78387;
10.0557;
9.68144;
7.32151;
17.5083;
8.38515;
10.6216;
8.21564;
7.38903;
8.67978;
9.42848;
7.89286;
8.27429;
8.71669;
7.98885;
6.43554;
8.10988;
8.2358;
10.541;
6.02996;
8.27521;
6.91406;
8.58985;
8.62123;
8.42796;
7.74565;
8.08958;
10.3494;
8.18401;
7.11482;
14.3938;
9.40942;
4.74423;
8.19914;
8.47063;
12.4363;
8.16059;
6.77585;
6.02916;
6.78891;
8.81277;
6.15874;
6.47648;
9.55872;
8.1552;
8.89368;
6.61151;
8.47055;
9.51995;
7.91356;
8.08295;
10.8938;
6.99139;
10.4217;
9.54153;
9.0667;
11.5953;
10.1802;
9.84122;
8.94392;
7.94664;
14.982;
7.53887;
6.83221;
14.7969;
9.42656;
9.34488;
9.78443;
8.12356;
9.52497;
4.81995;
8.91622;
8.29682;
9.3475;
6.77606;
9.63729;
8.14465;
6.77239;
8.42103;
7.04386;
9.33379;
7.61343;
6.69663;
9.26581;
7.88873;
8.9364;
5.75935;
6.64021;
10.457;
7.28658;
8.36899;
13.8476;
7.67281;
15.6006;
12.1378;
5.79955;
7.41984;
10.2132;
8.48306;
8.42811;
8.7766;
5.81938;
11.233;
5.40591;
13.1748;
7.68146;
6.55089;
11.3148;
7.91664;
9.094;
6.98883;
4.81752;
7.96069;
4.88902;
9.86566;
8.52591;
8.96531;
9.51837;
7.30921;
7.58742;
8.01646;
9.57275;
7.57776;
8.00598;
8.02012;
8.49324;
13.1094;
6.96736;
6.71554;
9.72923;
7.13029;
7.89367;
6.59951;
6.74803;
5.56388;
8.11352;
8.05578;
7.19387;
9.19636;
7.49689;
6.63495;
6.62449;
7.16107;
10.3514;
6.03651;
7.64758;
7.72473;
7.04564;
7.67057;
6.93517;
7.71845;
11.1955;
7.32178;
9.8895;
5.67356;
7.77653;
6.34093;
10.5938;
6.12783;
8.63299;
9.24521;
6.55936;
14.0643;
6.52597;
7.62496;
7.93127;
9.42522;
6.0176;
8.37435;
8.60916;
9.31329;
5.76857;
8.26624;
7.66079;
6.66215;
6.95571;
10.1746;
5.64333;
11.1895;
9.3294;
9.22736;
13.978;
7.57031;
10.5916;
6.38441;
6.64757;
8.33406;
9.03604;
6.10858;
7.48075;
6.69186;
7.13632;
4.82017;
6.93088;
10.9306;
4.47116;
7.47512;
7.19776;
8.3185;
13.7024;
6.82961;
7.54094;
6.58481;
6.83798;
6.92466;
7.46393;
7.63814;
8.21579;
6.9448;
8.85177;
10.1275;
7.70549;
6.62137;
12.2018;
8.93242;
9.54409;
11.6993;
5.73687;
7.63161;
6.39563;
5.24312;
8.03858;
14.4776;
8.29644;
4.68171;
5.70356;
7.56509;
6.63297;
11.7749;
7.86392;
7.8315;
9.77493;
7.60704;
7.89525;
5.39475;
6.61956;
8.78639;
9.55588;
8.74137;
9.16771;
6.91444;
9.06488;
5.34142;
7.93404;
9.54915;
8.11868;
6.92785;
10.4059;
7.44603;
8.2556;
8.81282;
7.81636;
8.61687;
7.13214;
7.64576;
6.8633;
7.26944;
6.09937;
13.0728;
7.78209;
9.15218;
9.48102;
9.332;
7.25399;
7.80121;
6.9226;
6.68021;
6.08906;
8.6545;
8.0125;
8.47731;
8.95333;
4.97529;
13.5575;
8.78546;
4.70197;
10.3211;
6.30069;
5.99316;
7.74104;
5.06215;
4.24969;
6.40218;
8.61491;
9.92673;
8.88385;
8.35306;
7.34044;
5.45555;
7.25203;
5.78705;
6.08275;
7.21485;
9.17073;
5.11489;
7.37658;
6.7606;
5.4668;
9.08914;
7.77615;
6.94198;
6.30456;
8.3583;
8.25203;
8.63429;
8.32665;
5.86403;
8.95044;
9.81325;
6.32315;
8.06108;
8.70125;
8.91909;
8.87512;
7.25853;
6.0733;
6.30256;
3.77427;
5.99368;
8.32259;
6.6166;
6.02928;
7.29838;
4.402;
9.51618;
10.4556;
5.359;
8.54903;
8.83059;
6.78201;
4.49941;
6.752;
11.243;
13.7744;
7.98859;
10.1461;
7.35407;
7.68665;
8.57276;
6.52912;
6.70145;
5.49912;
5.14054;
8.95617;
6.91038;
4.66614;
7.08912;
5.17255;
8.07157;
7.36025;
7.11937;
7.02531;
7.64931;
7.9437;
8.59993;
6.29655;
7.76707;
8.58824;
7.32555;
6.95195;
8.20066;
6.08358;
9.95063;
5.22507;
6.49483;
10.6199;
8.26471;
10.427;
7.40898;
7.2296;
7.67526;
6.71464;
7.57745;
7.05305;
6.30782;
7.4317;
6.78555;
7.00869;
7.06756;
7.50931;
6.43522;
5.21932;
5.47949;
9.97127;
5.75817;
11.7935;
7.8358;
7.49502;
4.69562;
8.55863;
7.36655;
6.66041;
6.30806;
6.93813;
7.37078;
8.68121;
6.05478;
8.3561;
5.92464;
7.10274;
4.16894;
6.95752;
9.05949;
8.4597;
6.89205;
5.3696;
10.5901;
8.0022;
9.32858;
6.77583;
6.54052;
7.03439;
3.7091;
7.52564;
7.00497;
8.22596;
14.9011;
8.29189;
6.65834;
12.4072;
5.59299;
9.27899;
6.79623;
10.5906;
6.83252;
6.68094;
7.95516;
5.51597;
8.16359;
7.284;
7.33033;
9.98001;
5.10114;
6.19161;
6.68922;
9.42152;
6.9965;
7.97288;
8.98456;
4.36242;
7.30912;
8.49309;
5.40883;
6.63483;
7.37816;
8.69277;
9.54022;
6.39506;
6.03015;
9.28361;
7.28594;
4.94733;
6.02462;
5.34851;
7.56764;
8.78104;
7.10658;
7.36062;
8.80086;
7.33214;
13.9471;
8.08192;
7.04578;
4.95577;
7.84982;
7.21218;
9.71263;
7.48275;
6.23371;
6.64811;
8.8989;
5.07472;
8.30447;
7.73666;
8.23584;
4.20853;
5.6416;
6.48713;
8.46803;
5.83938;
8.34355;
5.84511;
8.34051;
7.93457;
6.94377;
6.67515;
9.14953;
7.87802;
6.43414;
7.16015;
9.56827;
6.30076;
7.87783;
13.3329;
8.2309;
7.91845;
7.85845;
5.12089;
4.52507;
6.72675;
9.4286;
4.91064;
7.29238;
7.78359;
4.67584;
5.80815;
9.88206;
6.47161;
7.17119;
10.2789;
6.39615;
7.97524;
7.64072;
5.94257;
4.98593;
7.51062;
8.41726;
6.57597;
6.70462;
4.14274;
7.60893;
7.04195;
5.20458;
5.67997;
7.11172;
8.60561;
6.55017;
6.78224;
5.52478;
6.65259;
6.40145;
7.55293;
5.39691;
7.30789;
6.07862;
5.96405;
7.01259;
7.61694;
6.73341;
6.40426;
6.82356;
7.71753;
6.8217;
5.58122;
10.356;
6.26913;
7.415;
8.18117;
6.34118;
6.20538;
7.01285;
6.10836;
7.84175;
6.52158;
7.6653;
9.28129;
7.04956;
5.31176;
5.36553;
10.8333;
6.7548;
5.82054;
10.5596;
5.47084;
6.69641;
5.88608;
6.40025;
5.36877;
5.72294;
5.74388;
6.02386;
8.25024;
5.55425;
4.42759;
5.95845;
6.57938;
4.18965;
6.1112;
3.65164;
8.62383;
5.76738;
6.29733;
8.93293;
5.872;
6.03116;
7.66001;
6.94604;
9.23202;
6.74753;
6.50732;
4.53529;
7.02944;
6.50674;
6.68721;
6.24421;
6.19558;
6.76131;
6.81314;
7.34228;
5.9877;
7.14423;
8.06741;
6.15898;
6.93339;
5.77962;
5.25702;
7.51162;
7.35082;
5.11213;
7.63632;
6.50011;
4.87791;
5.8692;
6.39973;
9.71363;
5.28168;
6.99743;
4.56973;
6.08503;
6.63429;
4.55063;
6.57453;
5.62321;
5.33906;
5.67605;
7.96124;
6.55957;
9.86771;
6.77177;
2.85345;
6.53593;
3.65584;
5.60492;
7.35028;
6.68502;
5.22368;
8.35769;
4.93354;
10.8028;
6.7791;
5.91072;
11.3083;
7.94194;
4.39868;
6.78585;
8.60609;
7.44883;
8.02943;
5.82685;
6.16229;
7.43175;
4.53875;
11.64;
7.29873;
5.77211;
6.29131;
8.62349;
5.15476;
4.52515;
6.58884;
7.49405;
5.82311;
4.85879;
6.3501;
6.90648;
6.97361;
6.71917;
8.44606;
7.68478;
8.26141;
9.04347;
5.67106;
4.60792;
4.8897;
3.87693;
6.63101;
5.26565;
6.34681;
10.1357;
6.8466;
4.53305;
5.42753;
5.74832;
9.18506;
8.97371;
6.57046;
6.00558;
6.00691;
6.2792;
6.31138;
5.14941;
4.7965;
3.48208;
7.24006;
7.20191;
6.36494;
6.5392;
5.96499;
6.99303;
7.18242;
7.17778;
5.40639;
6.66316;
7.28451;
5.71398;
4.41693;
7.61877;
5.80119;
5.6767;
9.80245;
5.21258;
3.31953;
8.29824;
7.91917;
4.57676;
5.11067;
5.78351;
7.36552;
7.65118;
7.07481;
9.42366;
7.06253;
9.82254;
10.1731;
7.18958;
8.25839;
8.21208;
3.54412;
6.08463;
5.58888;
4.35409;
7.91353;
7.1402;
8.38623;
6.08799;
7.79031;
5.92105;
5.30226;
5.08369;
3.92945;
5.97362;
6.82746;
6.905;
11.1395;
4.80958;
6.97444;
4.86585;
6.40886;
5.5694;
7.97081;
4.90754;
7.47394;
5.33949;
6.29232;
6.35937;
6.35891;
6.35159;
7.51734;
6.16535;
6.79477;
5.68609;
6.5906;
6.60827;
7.46211;
8.34841;
7.10924;
3.50019;
6.9385;
6.99623;
5.53976;
3.91736;
5.0512;
3.50413;
6.64692;
3.92737;
6.0383;
6.90133;
4.72101;
3.71335;
5.93905;
4.34914;
5.45917;
7.39754;
6.42182;
8.30506;
8.00611;
6.68841;
5.43777;
5.81586;
7.51115;
6.38455;
3.88049;
6.20647;
6.44215;
5.4363;
6.66978;
6.31723;
10.7488;
6.6101;
9.35793;
5.75999;
5.96802;
10.2934;
4.45501;
5.6734;
5.30333;
6.55355;
5.75171;
5.11343;
3.93643;
5.84881;
6.47668;
8.12901;
5.92945;
6.44462;
7.54959;
4.40771;
11.5055;
5.05945;
4.54839;
4.89424;
6.35763;
7.53134;
7.14781;
8.10894;
5.52168;
8.59872;
5.78058;
6.22076;
6.87994;
5.92099;
6.20666;
6.38891;
10.6473;
4.5958;
6.24941;
8.16566;
6.50684;
6.26364;
7.94266;
6.29865;
5.50168;
6.94014;
7.73299;
5.41811;
6.21581;
5.28142;
6.84793;
10.4461;
4.84701;
4.43135;
5.42864;
5.15178;
2.84953;
8.29081;
5.8068;
7.77657;
6.22802;
5.28274;
5.45439;
7.99856;
4.59899;
5.35206;
7.42763;
5.63457;
9.48587;
8.20725;
7.60735;
8.32335;
6.05534;
6.77394;
5.00724;
2.9372;
6.16266;
6.43565;
8.07766;
3.91505;
6.65851;
6.00551;
7.18785;
4.7402;
4.24591;
7.4846;
6.79602;
6.19535;
10.3439;
8.55363;
6.81607;
7.54;
6.55286;
11.2804;
5.1991;
3.8563;
5.54627;
8.05086;
5.09982;
5.63149;
6.89631;
5.87177;
5.20668;
8.41082;
6.06496;
10.7456;
5.5619;
6.4497;
5.96662;
6.06284;
4.71006;
7.18345;
5.5088;
5.18459;
6.95308;
5.87133;
5.08972;
3.06749;
8.36386;
7.40738;
3.27446;
6.50392;
6.22758;
6.22043;
5.63291;
6.16445;
4.80369;
10.209;
6.66245;
5.0818;
9.47532;
8.65229;
5.65241;
5.23525;
5.8707;
3.70191;
6.10218;
5.4052;
7.46218;
6.22189;
7.46229;
7.27228;
6.23524;
4.9457;
3.21768;
3.27194;
9.33597;
5.77177;
7.00646;
8.61786;
5.17056;
3.7837;
3.51533;
4.76223;
6.47229;
6.55198;
7.03332;
5.05735;
7.53521;
5.38605;
6.19588;
6.74393;
5.05467;
7.16266;
3.63387;
5.18015;
5.28901;
4.82959;
6.92206;
4.85625;
6.59088;
4.24814;
7.64007;
6.28676;
5.94154;
6.57541;
4.18709;
5.74872;
6.15022;
5.72598;
4.77544;
4.91606;
6.9238;
5.45596;
5.68514;
5.79572;
4.66322;
4.91835;
4.09042;
5.32584;
6.30553;
5.91323;
5.45491;
2.11688;
5.45519;
7.39289;
6.95498;
5.45389;
6.76239;
7.56834;
4.32662;
10.2625;
5.60352;
5.13556;
4.66286;
6.14104;
4.55511;
5.37686;
7.26886;
4.30056;
6.49413;
5.87165;
5.74886;
6.76489;
4.6884;
6.90274;
5.0589;
5.99003;
4.89891;
4.05384;
4.2407;
5.186;
5.91447;
5.33359;
2.61064;
6.09536;
5.54498;
3.82257;
4.69074;
4.60008;
4.04776;
6.7392;
4.48551;
7.32818;
5.07071;
4.91275;
7.31202;
2.2808;
2.3911;
2.49085;
7.08349;
5.37528;
5.30296;
4.33859;
5.17275;
4.88972;
4.32441;
5.10561;
4.53466;
5.11147;
3.80221;
4.7196;
6.03103;
5.74019;
6.58119;
5.27309;
4.13999;
5.37767;
8.97816;
7.0931;
8.07462;
5.97393;
6.87228;
3.36928;
7.35542;
3.5861;
5.23191;
3.80783;
6.19253;
12.3162;
5.31638;
4.88631;
4.20351;
5.26218;
6.84014;
6.01411;
5.15621;
6.3145;
4.89331;
4.48142;
6.38669;
5.5238;
4.06394;
5.46712;
6.93348;
5.6992;
4.4051;
4.64771;
11.2132;
6.81219;
4.01866;
10.044;
5.72177;
4.89267;
6.43168;
4.49983;
6.23304;
6.29933;
3.29069;
5.47769;
4.11282;
5.75213;
4.58896;
4.17923;
4.11308;
4.88337;
6.96124;
7.29946;
4.79265;
5.62077;
5.78862;
3.68807;
5.46166;
4.66152;
2.9061;
9.16596;
5.29929;
5.14507;
4.98685;
3.3791;
6.48447;
5.32746;
2.57536;
4.50143;
4.45416;
6.21437;
4.74636;
5.42179;
4.58122;
4.13605;
4.38746;
5.17981;
4.22751;
4.70093;
6.9095;
4.58577;
5.54275;
4.02722;
6.08491;
9.22074;
4.02957;
5.49593;
5.42956;
4.69935;
5.69357;
4.14496;
6.12809;
7.06862;
10.894;
5.76261;
4.02108;
7.03014;
8.64054;
6.20507;
5.24351;
3.66803;
5.69776;
6.92356;
5.93417;
4.46863;
3.86575;
4.49112;
2.60244;
2.84545;
5.11561;
6.85891;
9.72584;
3.13082;
3.26087;
5.3157;
4.8716;
4.90102;
6.26593;
5.01658;
2.98467;
7.81881;
6.58234;
5.66399;
7.73047;
4.29018;
4.48213;
4.34043;
3.76572;
6.65486;
6.64657;
5.54297;
3.01723;
6.21327;
6.48539;
4.53642;
5.38962;
7.83641;
5.73922;
4.69787;
5.33691;
5.32959;
5.26806;
4.40488;
4.51513;
6.82388;
3.92502;
4.39497;
6.04766;
5.80495;
2.98894;
6.45349;
7.91235;
4.18369;
5.75911;
4.77739;
8.76623;
3.86199;
5.33717;
5.41473;
5.3173;
4.44165;
4.69707;
3.65002;
5.67465;
4.34772;
4.58972;
4.82734;
9.96684;
7.47047;
3.89202;
7.04836;
4.75182;
4.06547;
5.031;
3.79906;
5.00135;
3.35758;
4.28453;
5.68026;
4.96402;
6.15364;
6.98327;
4.33623;
4.12524;
7.47723;
4.57983;
4.93525;
7.77331;
12.1088;
5.66711;
5.07806;
7.10578;
5.05838;
4.52757;
2.53167;
5.0475;
4.81227;
5.35716;
5.34538;
3.26805;
7.73966;
4.78211;
8.52562;
3.33569;
6.36876;
5.38243;
2.65663;
2.83776;
2.07453;
4.53895;
5.64957;
4.807;
7.21936;
4.77894;
4.64166;
9.13222;
3.49936;
7.15227;
6.05411;
4.95995;
4.87652;
3.6377;
5.3693;
7.96657;
4.82792;
4.10478;
4.72451;
5.44536;
4.71963;
9.38231;
5.16054;
3.30904;
7.06708;
6.02566;
9.31459;
7.54591;
5.77259;
4.61597;
9.26807;
4.78974;
4.75809;
6.64341;
3.88707;
5.07676;
4.20243;
4.59567;
5.58203;
3.3489;
6.18356;
3.92587;
5.23741;
6.02922;
5.55958;
3.24171;
6.64593;
4.33251;
4.17352;
4.33735;
5.14843;
5.00543;
9.12566;
3.74709;
5.89384;
4.07288;
1.73366;
6.31165;
5.4738;
4.79352;
5.02484;
2.94302;
5.00247;
4.95028;
4.92441;
4.93786;
5.94268;
3.75527;
4.90194;
8.28388;
3.25713;
4.24406;
4.42644;
4.54232;
3.23068;
3.73071;
5.60819;
6.96826;
4.83236;
4.50175;
5.61029;
7.39516;
12.6722;
3.31363;
5.3201;
7.22245;
4.40418;
5.54242;
5.76102;
4.96748;
5.35825;
4.22512;
6.35267;
6.29331;
5.54042;
2.31813;
5.06563;
5.1915;
5.53077;
3.94256;
4.52601;
4.76093;
5.40191;
5.03046;
5.33656;
2.81331;
4.53428;
4.41229;
4.59815;
5.3113;
3.41182;
4.38422;
8.88598;
5.22328;
3.56202;
5.16779;
4.29881;
3.68579;
2.96869;
3.26929;
3.41825;
4.65567;
3.69785;
5.63263;
5.46973;
8.78284;
5.99452;
5.74303;
2.85978;
5.91298;
6.04122;
5.93356;
3.77082;
3.74774;
2.68052;
5.7947;
6.71384;
2.64881;
2.79332;
11.7758;
4.1437;
2.46074;
3.02614;
5.02295;
5.13415;
5.65655;
3.48862;
5.98127;
4.01856;
4.67171;
3.8954;
7.40156;
2.56087;
3.51115;
8.95124;
4.63279;
5.90323;
5.84003;
4.95683;
7.42012;
5.82276;
4.77873;
4.10981;
3.70419;
4.37056;
4.70122;
5.46739;
10.3743;
7.90138;
5.38068;
4.22466;
5.14325;
3.25673;
4.59173;
3.36205;
8.51037;
5.34445;
3.81425;
3.36991;
4.7557;
4.92346;
5.58526;
4.90052;
4.63482;
5.16206;
3.44268;
4.03539;
13.2307;
7.08658;
7.92661;
3.69574;
5.16668;
4.67908;
4.58108;
4.10241;
4.37834;
3.81562;
3.97657;
2.68351;
5.15398;
6.46451;
5.19203;
2.4207;
3.34714;
3.19242;
3.93352;
2.86473;
4.20255;
7.61676;
3.78964;
2.66256;
7.42816;
5.93545;
4.90898;
2.48341;
5.0559;
3.15293;
7.02785;
4.37046;
4.57133;
4.52795;
4.53142;
3.06606;
3.85676;
4.49457;
4.81005;
2.4333;
5.17781;
4.63582;
3.28269;
4.51582;
4.09643;
4.85723;
4.97065;
5.53631;
4.18518;
3.6853;
4.55585;
9.66156;
4.34844;
3.38583;
3.79377;
6.24342;
3.72961;
5.26507;
4.87152;
5.12442;
5.98063;
3.69358;
2.40698;
3.37592;
9.89172;
8.13649;
5.56188;
4.64231;
5.54627;
4.8081;
7.7452;
6.53212;
3.37156;
4.5663;
3.77189;
3.69283;
4.98766;
3.71308;
8.21166;
1.77972;
6.05749;
3.42651;
4.9827;
4.74356;
6.71437;
3.78972;
4.56162;
3.69547;
3.19082;
4.00404;
6.14608;
2.62755;
4.44496;
3.61439;
5.77785;
4.18859;
1.87505;
5.09847;
5.21467;
3.29274;
5.75857;
7.11535;
5.21518;
1.48974;
9.0441;
5.4593;
3.75679;
2.34434;
5.03278;
3.84916;
2.52094;
2.37552;
5.41631;
4.48427;
4.75315;
5.18735;
3.19134;
7.06366;
3.64327;
4.00514;
5.92902;
4.30603;
3.99296;
6.72193;
4.45875;
4.28989;
5.56702;
5.28793;
7.17362;
1.98132;
4.12042;
4.17004;
3.99979;
4.10259;
4.24267;
4.0343;
3.37952;
7.75902;
3.22703;
4.94507;
5.9024;
5.59469;
4.2229;
3.57048;
3.68556;
3.2818;
10.1666;
3.92734;
4.95741;
5.72089;
3.05095;
4.57872;
3.55443;
2.85393;
4.23811;
2.64032;
2.58346;
4.0672;
4.52683;
3.79572;
7.49687;
3.75772;
2.65075;
9.74546;
5.01636;
4.68419;
4.3761;
5.32475;
5.21336;
2.83534;
4.03862;
5.50339;
6.51861;
4.57678;
3.94266;
3.04732;
3.29458;
4.52686;
2.62053;
2.41837;
9.62833;
4.59597;
5.85221;
5.69034;
6.57248;
4.82828;
4.0674;
2.46921;
2.75928;
9.04195;
4.09968;
5.39933;
3.70964;
6.55434;
5.34675;
3.427;
3.94891;
6.77702;
2.5827;
5.82373;
3.34514;
4.67145;
5.04959;
3.11199;
5.42418;
4.08085;
3.01381;
3.90885;
5.61125;
3.29486;
4.97076;
3.40507;
3.0304;
4.6154;
3.40223;
5.9386;
2.29196;
3.10071;
5.24281;
1.8191;
4.20815;
5.14285;
4.35601;
3.56018;
9.30131;
3.50277;
3.9024;
4.28102;
5.78964;
7.49311;
3.95595;
4.27221;
5.07876;
3.16961;
5.01556;
5.19939;
5.12451;
4.51394;
4.56889;
4.67694;
5.35954;
4.95512;
5.15935;
5.3061;
4.12665;
4.08722;
4.04006;
4.29685;
5.26484;
5.34626;
4.78026;
5.6809;
3.80778;
2.98966;
3.89087;
7.79688;
4.13149;
4.46919;
5.41321;
4.8964;
4.20057;
4.40364;
1.95737;
6.09609;
3.36522;
4.60061;
3.78362;
4.78832;
5.55615;
1.74126;
4.31766;
5.16926;
4.66365;
5.13366;
4.3146;
7.77341;
5.22941;
4.73189;
3.60532;
2.96733;
6.33188;
3.93433;
5.31166;
5.65154;
2.2004;
1.50645;
3.51055;
6.14444;
4.15339;
4.65322;
4.0198;
4.48381;
6.48467;
4.87899;
1.93115;
2.00413;
3.32688;
4.23846;
4.41538;
3.64044;
3.33665;
5.40577;
3.92589;
8.11187;
3.98223;
6.25573;
3.8973;
6.39594;
6.65438;
4.5181;
3.84313;
3.98987;
5.29445;
4.02584;
6.09272;
3.44437;
5.42534;
3.2575;
3.97698;
3.89546;
2.75703;
2.96636;
4.34242;
3.27255;
5.39084;
2.90274;
5.8616;
6.44005;
4.43557;
2.26434;
3.37074;
4.14081;
3.11093;
2.86346;
3.55403;
3.51162;
4.84241;
4.32055;
3.25548;
4.00837;
10.2374;
5.29506;
4.65944;
3.72135;
4.2602;
5.28248;
6.58769;
4.31794;
5.13388;
5.85517;
3.75076;
5.06307;
4.47861;
4.02789;
2.5689;
4.1846;
4.85522;
3.41296;
3.83733;
5.03063;
3.39756;
4.96778;
4.03187;
3.97709;
3.43274;
2.42515;
4.37327;
4.3499;
4.19381;
4.59139;
4.6811;
6.91455;
3.53455;
5.45675;
3.51608;
4.17111;
4.75572;
9.16087;
4.99092;
1.66795;
3.55641;
5.35395;
6.47174;
3.15989;
4.99032;
3.57514;
4.1138;
2.94093;
2.51268;
5.00546;
4.60197;
3.96861;
8.93806;
4.2541;
3.01825;
3.44236;
4.46093;
5.0779;
4.37886;
4.11227;
3.35668;
3.78658;
3.90074;
4.44384;
4.24531;
3.2329;
5.54025;
5.64796;
4.02498;
6.23833;
3.1039;
2.01628;
4.35509;
3.81821;
4.50872;
4.49645;
4.20802;
3.18367;
4.36039;
5.10653;
4.57142;
3.56581;
4.29634;
4.33161;
4.17401;
4.17695;
3.05391;
6.09768;
8.44205;
7.67948;
4.38542;
5.16467;
4.19029;
2.95788;
4.03732;
3.0406;
4.66549;
3.14524;
4.34154;
2.57362;
4.00368;
3.99675;
3.18349;
4.12684;
4.29108;
4.70056;
1.83212;
7.05751;
4.98068;
4.25406;
3.8762;
4.61893;
4.38905;
4.09631;
7.07061;
5.17021;
4.3105;
4.63032;
4.94671;
3.73497;
5.31005;
4.72258;
3.75737;
3.55492;
3.9519;
3.61098;
3.89313;
3.72107;
3.2698;
4.30705;
2.32678;
4.2788;
5.10958;
5.93772;
6.56502;
4.40254;
2.60465;
3.51064;
5.02177;
3.16899;
3.17172;
3.46596;
5.02175;
3.74787;
4.91329;
4.86536;
4.43463;
3.01897;
5.15992;
4.02031;
4.71274;
6.51767;
2.66168;
6.14917;
3.42159;
3.22758;
3.02069;
2.89154;
5.00795;
3.70931;
3.09919;
5.09425;
2.95258;
4.03618;
3.00366;
5.39416;
4.54771;
3.69979;
4.05641;
3.28202;
3.18622;
3.67378;
4.89932;
4.41138;
4.24294;
9.07348;
3.71752;
2.8706;
5.60504;
3.24022;
3.31534;
4.57273;
4.38967;
2.9184;
4.04814;
3.25026;
3.02405;
5.61773;
3.29031;
3.09136;
3.651;
4.61273;
5.77458;
7.82833;
4.0433;
4.72625;
6.14924;
5.31738;
4.33577;
3.43392;
1.42544;
4.46959;
3.72996;
3.14321;
4.93389;
3.93477;
5.83401;
5.2051;
3.4578;
3.89556;
5.31574;
2.76323;
3.17761;
3.13975;
3.70972;
2.96195;
10.0317;
1.83612;
3.00136;
5.38807;
5.09436;
2.40964;
3.26286;
4.28072;
4.36962;
3.34066;
3.33588;
3.51274;
4.27225;
5.38172;
4.09774;
2.85387;
4.45406;
4.58664;
2.39068;
5.22868;
5.60294;
9.69913;
4.6443;
4.24642;
5.40107;
2.63782;
4.27944;
4.07965;
2.46391;
2.2222;
2.49422;
3.75657;
2.34589;
3.38854;
2.87804;
4.80756;
4.32838;
2.7722;
4.61179;
5.50769;
3.55229;
4.4293;
4.59261;
3.33561;
4.24662;
4.91494;
5.26495;
3.81857;
3.65527;
3.08987;
5.1489;
2.79408;
3.94521;
5.49259;
4.26597;
4.9591;
2.77565;
4.43068;
5.14398;
3.52524;
3.07507;
2.58638;
3.07538;
4.16276;
5.58281;
4.09255;
3.30738;
2.82796;
4.89527;
4.00857;
4.29122;
4.47674;
3.25779;
4.82402;
4.01567;
3.7936;
4.05018;
3.38762;
4.74679;
10.0676;
3.57748;
3.29678;
3.504;
5.01045;
4.02791;
3.82306;
5.21349;
4.23773;
4.60755;
2.44457;
1.72929;
4.20257;
4.28261;
3.8651;
3.72299;
4.49488;
5.2758;
5.54059;
3.63395;
4.49626;
3.05674;
4.31829;
7.10194;
3.71736;
3.07149;
2.80867;
4.98958;
2.77077;
3.77778;
2.25738;
4.28616;
1.88854;
4.35276;
3.37219;
3.17532;
3.52347;
3.03695;
4.0112;
5.69309;
6.13608;
2.96799;
2.60057;
3.75075;
5.36054;
5.31193;
3.24331;
4.34876;
2.22209;
2.39284;
3.72793;
2.32833;
4.20588;
3.48232;
2.68187;
5.40658;
2.44177;
4.53077;
3.44869;
3.44954;
3.63559;
3.14225;
5.39228;
2.40395;
6.42252;
5.02757;
3.28063;
3.47058;
2.49075;
3.25701;
3.78482;
4.07289;
2.34892;
4.78019;
5.9872;
3.66611;
4.52789;
3.75347;
4.71401;
4.68141;
3.95592;
2.84629;
2.88868;
4.68901;
2.51491;
3.58972;
3.32023;
5.14;
3.65862;
2.85681;
5.10739;
3.52034;
3.54355;
3.72181;
8.9795;
3.38272;
5.23909;
2.85571;
3.29862;
5.19424;
3.31187;
2.71387;
2.65267;
2.47922;
2.38041;
2.95286;
4.90617;
4.58163;
3.99973;
2.94911;
2.16658;
3.15173;
3.13942;
3.84208;
2.02445;
4.05418;
5.6118;
4.00089;
4.17403;
6.49609;
4.30865;
2.00552;
3.96209;
2.56567;
3.00045;
4.64968;
3.22983;
4.25226;
2.56965;
3.19571;
4.22875;
3.42807;
2.32258;
2.68307;
1.15837;
2.46205;
4.52212;
1.91363;
4.21696;
3.9624;
5.51176;
3.8158;
3.73728;
3.05808;
4.12043;
2.31074;
3.67661;
4.18212;
2.80688;
3.52718;
4.4053;
1.63987;
2.46839;
3.73403;
2.93327;
3.29734;
3.04681;
3.20022;
2.37148;
3.19186;
4.41195;
4.59846;
4.8392;
2.10393;
2.61498;
4.34594;
3.81543;
2.85953;
3.74542;
3.90136;
3.01178;
3.22672;
3.91481;
5.70233;
2.80472;
3.63709;
3.2346;
3.4848;
3.88156;
1.20386;
2.70976;
2.49807;
2.80547;
2.94717;
3.70703;
3.09372;
2.3331;
4.5017;
2.87153;
5.95194;
4.38952;
3.47147;
4.58133;
2.756;
1.73619;
3.06817;
3.87072;
3.13659;
3.94184;
4.33296;
2.30754;
1.91081;
3.93167;
2.58472;
2.80512;
4.26171;
2.98997;
4.90895;
3.60175;
3.33935;
3.39103;
2.24832;
1.92445;
1.56342;
3.67453;
2.91478;
3.21153;
2.47546;
4.38621;
4.45513;
1.42727;
3.96636;
3.65248;
4.81325;
3.50525;
2.30054;
2.77952;
3.83296;
3.68914;
3.0436;
3.63985;
5.5414;
3.14978;
3.7224;
3.9186;
2.96425;
3.50949;
4.35003;
4.37807;
2.57169;
2.75581;
3.26419;
3.28346;
3.46236;
2.44248;
5.45618;
4.75827;
4.59365;
4.05753;
3.15031;
3.69355;
3.40737;
2.5159;
3.61202;
2.36916;
1.79869;
2.32369;
3.3172;
3.38733;
3.34868;
6.11588;
2.82672;
4.9876;
4.00438;
4.13359;
2.92747;
2.77017;
2.34829;
3.49313;
3.66286;
3.08479;
2.99883;
2.7097;
4.58054;
2.83758;
4.5038;
2.28083;
3.30862;
2.73385;
6.05252;
2.732;
2.41374;
2.97742;
2.43222;
2.79759;
5.69408;
3.47957;
4.32799;
3.1638;
3.49605;
3.21316;
4.175;
3.56486;
3.1149;
4.02258;
2.8291;
3.9523;
4.0673;
3.11614;
3.28062;
4.04246;
3.21035;
2.51587;
4.29521;
4.3944;
2.61784;
2.30158;
2.00952;
4.4896;
2.75152;
3.69233;
3.90664;
2.4655;
4.67329;
2.72489;
2.3787;
5.19309;
2.8252;
3.69104;
2.65867;
1.44685;
1.90724;
3.37022;
3.1576;
3.59911;
5.01473;
3.28186;
2.02088;
1.9919;
6.02523;
4.41836;
3.64293;
1.87082;
3.75867;
3.21311;
2.32811;
1.98004;
2.58591;
1.99377;
3.32682;
3.84988;
1.41771;
1.58378;
2.11619;
3.33449;
3.57281;
6.70394;
2.7903;
3.00709;
2.62668;
1.93598;
3.30779;
3.12937;
3.24677;
3.93495;
4.05343;
1.44181;
4.42744;
3.42748;
3.81685;
2.08398;
3.37153;
3.81489;
4.23753;
4.26255;
2.95217;
3.13533;
4.87732;
2.11569;
4.32399;
3.4413;
2.63461;
4.20282;
2.817;
3.59753;
3.61741;
2.69531;
3.29098;
2.65766;
1.95666;
3.34643;
2.97572;
3.09011;
2.09474;
5.61237;
2.8917;
4.30821;
1.95128;
3.09682;
4.52448;
2.82592;
3.16649;
4.53794;
3.61069;
2.12909;
2.24906;
3.59412;
1.38962;
2.05852;
4.04068;
2.75823;
2.5629;
4.60651;
3.60103;
3.87814;
7.05408;
2.57454;
3.29911;
1.62496;
3.06353;
2.28589;
3.62724;
3.2964;
3.91182;
2.82348;
4.41907;
3.13681;
2.91807;
2.36867;
2.53182;
2.72445;
2.85746;
6.86782;
2.39102;
2.28932;
1.7036;
2.24581;
2.70826;
2.36285;
4.25102;
1.60096;
2.17652;
2.51713;
2.04494;
3.07634;
3.20136;
3.63624;
2.45842;
3.14073;
3.81879;
4.44973;
1.43214;
3.71648;
1.81714;
2.9316;
3.38471;
2.89832;
2.708;
1.20015;
1.65172;
2.45299;
2.27475;
2.90412;
2.95621;
5.27229;
2.82818;
1.55475;
2.54805;
1.96597;
3.45563;
4.33597;
4.59887;
3.45789;
3.80418;
2.95551;
2.28955;
1.9141;
2.60826;
2.44238;
2.10288;
3.40622;
3.01101;
2.27914;
2.83595;
3.12169;
5.55903;
2.67698;
3.63039;
2.24769;
3.66478;
2.89148;
3.62292;
4.41192;
2.89346;
3.51375;
4.31581;
1.75864;
2.50964;
4.19374;
2.04028;
2.59073;
2.25135;
2.85454;
2.60215;
3.0137;
4.12946;
1.9981;
2.59089;
2.02528;
5.4872;
3.12174;
6.17208;
4.78911;
1.48858;
3.47114;
2.98151;
2.21427;
2.32776;
4.0775;
4.63503;
2.72895;
2.94645;
2.39909;
2.90565;
1.85579;
3.72408;
3.61878;
3.34498;
1.87025;
5.61751;
2.40653;
2.97335;
4.70857;
2.09699;
2.33281;
1.29614;
4.25071;
3.07326;
1.51887;
2.73963;
2.26858;
2.32869;
4.74743;
3.64087;
4.23659;
3.50366;
1.97223;
1.43022;
2.97228;
3.26728;
3.88039;
3.64081;
1.77644;
3.62487;
2.755;
1.6878;
2.95743;
2.17745;
3.5411;
1.28625;
1.22026;
2.65317;
3.72988;
2.91013;
2.15885;
2.82801;
1.58575;
3.34889;
2.30738;
2.90135;
1.93722;
2.52917;
4.83473;
2.45988;
4.59926;
3.02409;
4.01572;
2.85331;
2.3787;
2.76695;
1.66963;
3.44295;
1.40349;
3.00402;
2.65303;
1.55303;
1.89534;
2.78046;
3.50372;
2.82327;
4.02407;
2.54607;
2.75828;
2.37382;
1.71616;
2.18941;
3.19757;
2.29481;
2.63895;
6.53007;
2.49292;
2.46453;
2.9961;
2.36918;
4.46504;
3.25184;
2.70961;
2.92811;
3.27121;
3.32945;
3.27108;
1.14043;
1.82392;
3.36635;
2.55175;
2.7478;
3.47183;
3.69308;
4.73751;
2.41906;
2.88831;
3.86739;
1.73639;
3.02001;
2.39114;
3.42014;
3.64195;
3.22979;
1.20953;
3.49732;
2.77476;
2.25117;
2.6218;
3.41629;
3.09371;
4.10344;
2.23636;
2.55576;
1.68111;
2.99804;
3.55129;
2.24354;
3.9823;
5.2557;
1.78317;
1.70216;
2.85047;
3.5029;
6.96665;
3.74611;
2.0503;
2.53502;
3.93477;
2.52736;
2.42208;
1.63448;
4.26584;
2.10782;
2.80985;
2.4517;
3.04356;
2.82135;
6.60615;
5.76373;
4.69422;
4.29151;
1.82562;
1.94877;
1.54865;
4.20288;
3.97171;
3.23784;
3.05115;
4.71592;
2.23752;
3.41119;
3.47786;
3.23855;
2.66623;
4.65071;
2.40352;
1.81117;
3.60714;
3.19193;
4.50332;
3.10676;
5.84719;
1.77571;
2.44107;
2.20838;
2.98629;
3.26395;
3.66768;
3.11284;
3.2129;
2.66517;
2.8249;
2.40437;
3.8864;
1.44183;
1.70817;
2.12457;
2.56092;
2.93314;
3.52311;
2.20054;
1.90956;
4.20416;
1.57664;
2.7014;
2.16089;
2.95386;
2.43866;
2.24572;
3.43394;
2.4481;
2.6819;
3.23071;
2.0163;
2.7875;
2.1899;
3.16099;
1.55905;
2.52365;
4.95965;
3.59498;
2.60743;
4.32425;
1.84661;
2.42851;
1.13175;
2.38955;
3.50993;
3.66115;
3.292;
3.91799;
2.17551;
2.5336;
3.28879;
3.01318;
8.37765;
3.43815;
1.40035;
2.54965;
4.04879;
1.07049;
4.32016;
3.89449;
1.6626;
1.91631;
1.48043;
3.42918;
2.47696;
3.93657;
2.66175;
2.95227;
3.34058;
2.32967;
2.93038;
3.14374;
3.49827;
3.01045;
5.34644;
4.4768;
3.93305;
2.90535;
2.30858;
3.57477;
3.1142;
2.67677;
4.54485;
2.5056;
3.99766;
3.10453;
3.24793;
2.73751;
3.20487;
4.6562;
2.24779;
2.5647;
2.57307;
2.97634;
3.36324;
2.81059;
2.68325;
2.44017;
1.57844;
2.66236;
2.40805;
2.16697;
2.69579;
2.35787;
1.80238;
2.37255;
3.09271;
4.96648;
2.42292;
2.05216;
2.69358;
4.12014;
3.41399;
2.39622;
3.41449;
2.40792;
1.64027;
2.87769;
3.89147;
3.22025;
3.11081;
1.67778;
2.50195;
2.75067;
6.88558;
1.59978;
3.1689;
2.2914;
1.48209;
1.3831;
2.86696;
1.91544;
3.38392;
3.63521;
5.99329;
2.34383;
2.18083;
1.96487;
2.29876;
2.50959;
2.91279;
2.10119;
4.27634;
3.87661;
2.29718;
3.29797;
3.10133;
2.90006;
2.3787;
3.85292;
2.64324;
1.83143;
2.25884;
2.7152;
3.1145;
1.79183;
3.63613;
2.3548;
3.745;
2.28263;
1.6605;
4.10935;
3.11367;
6.44669;
2.09098;
3.04907;
4.85106;
2.47705;
1.97192;
3.03121;
4.3281;
3.17902;
2.40183;
2.59353;
2.33802;
2.15697;
1.59869;
2.92022;
2.19332;
4.33647;
1.3424;
4.30795;
2.55247;
2.9767;
2.62655;
2.61734;
3.8483;
3.73634;
2.22515;
5.00977;
3.59809;
4.2282;
4.32669;
1.16159;
2.13033;
2.93332;
2.6414;
3.66503;
3.20856;
2.26974;
1.02161;
2.83842;
2.268;
2.53651;
2.98016;
2.68441;
4.14894;
2.49322;
2.79057;
2.44077;
3.41552;
1.78093;
1.39329;
2.85557;
2.53132;
2.96278;
2.02731;
0.94348;
3.28918;
2.16098;
4.82822;
1.5831;
4.51207;
2.23095;
0.948184;
1.91696;
4.40067;
2.00207;
2.57137;
2.97017;
2.74536;
3.21108;
3.73042;
2.09408;
3.33308;
2.58546;
3.17326;
3.11836;
3.06773;
2.76359;
1.33977;
2.16028;
2.72751;
2.83065;
1.30602;
2.5324;
1.85252;
3.70669;
2.73453;
1.42551;
3.87596;
3.38077;
3.25439;
4.1769;
2.61158;
2.87769;
1.47658;
3.13574;
1.81665;
3.61657;
3.3694;
3.15765;
3.5565;
2.25557;
1.45557;
2.29814;
3.01137;
4.38013;
1.98279;
2.54546;
3.06368;
3.00987;
1.59071;
2.94256;
3.95431;
3.37178;
1.83562;
2.37696;
3.77714;
4.31658;
2.89378;
2.4906;
2.77189;
2.21934;
6.15242;
2.21963;
4.39204;
2.82842;
3.09094;
3.33212;
2.26496;
1.96722;
4.19584;
2.83201;
3.93901;
2.77192;
2.42497;
1.18757;
1.05227;
2.68706;
2.30411;
2.16413;
2.44316;
1.22355;
3.85926;
2.28645;
2.15828;
2.21051;
2.00922;
1.76538;
3.214;
1.77916;
2.11543;
0.917654;
2.65867;
3.45659;
3.2572;
1.97445;
3.48727;
3.19655;
1.118;
1.66616;
3.86124;
0.926252;
2.40052;
2.94312;
1.5182;
4.00929;
1.599;
1.19657;
2.45264;
2.04026;
1.78494;
1.59705;
2.81336;
2.5692;
3.76839;
2.53218;
2.72639;
1.91774;
2.13055;
2.87753;
2.521;
3.18503;
1.73965;
2.21487;
2.52019;
3.03597;
0.69594;
1.56676;
6.36678;
3.02275;
2.28166;
2.44412;
1.4249;
2.81524;
3.52513;
1.6244;
2.95421;
4.81419;
3.87664;
1.38559;
2.23072;
2.07704;
3.07639;
3.04028;
0.30499;
2.99496;
1.35993;
3.70694;
1.15588;
3.77179;
3.09514;
3.09563;
3.49619;
3.79363;
4.24085;
3.05304;
3.05687;
2.10296;
2.49032;
1.83377;
2.14683;
1.9261;
4.00179;
1.55025;
1.52333;
3.12201;
2.57402;
2.02426;
1.65981;
2.74503;
3.17034;
3.38106;
1.72736;
4.44253;
2.9443;
1.76518;
2.71767;
0.561876;
2.64404;
4.38588;
2.55218;
1.89519;
2.56281;
1.78675;
3.76639;
1.14378;
2.20689;
1.85799;
2.92314;
2.21726;
1.94058;
1.83606;
2.07118;
0.908645;
3.65437;
2.38476;
1.81754;
1.79374;
2.3628;
1.7833;
2.81593;
3.78641;
2.61301;
3.25451;
3.57025;
3.55575;
2.79163;
1.6224;
1.37154;
2.37315;
3.02044;
2.7749;
2.52415;
1.12436;
3.43182;
3.90449;
2.56966;
2.02626;
2.35837;
1.14072;
1.6413;
0.874735;
2.24094;
2.20578;
2.23785;
1.50641;
3.14563;
2.42068;
1.87208;
2.06949;
1.52228;
2.13328;
3.2948;
1.72969;
1.20623;
1.73006;
2.10859;
2.16546;
3.23846;
3.13231;
2.42958;
1.69486;
1.1294;
1.52909;
1.64961;
1.45171;
2.85468;
2.50031;
3.91914;
5.30128;
1.93633;
1.57945;
2.04406;
3.39912;
2.13867;
1.39899;
1.54935;
1.60126;
3.68169;
2.08691;
1.50446;
2.29855;
1.92904;
1.17936;
2.32583;
2.66768;
3.58411;
2.20425;
2.1211;
2.24957;
2.54212;
2.88938;
3.4116;
1.78001;
1.81506;
2.76539;
2.24367;
2.13951;
1.94978;
2.00461;
3.36531;
2.21531;
1.7587;
0.856278;
4.05875;
2.15683;
2.00328;
2.04758;
2.81296;
4.21492;
2.26975;
2.07152;
1.41757;
2.09538;
1.68492;
2.55457;
1.80237;
1.85222;
2.3798;
2.24711;
2.66257;
2.5745;
3.09713;
1.20725;
3.52851;
3.60817;
4.12198;
3.21836;
2.40472;
1.79294;
1.48516;
2.45692;
2.33036;
2.76793;
2.92683;
2.66227;
1.06587;
2.14847;
1.06839;
3.45652;
2.18395;
2.0119;
1.34016;
3.21427;
2.48558;
2.66229;
2.49292;
4.09789;
3.52097;
3.0989;
4.2545;
1.73668;
1.89449;
2.57226;
1.35007;
2.26233;
2.12845;
2.95495;
1.17908;
1.38935;
2.80351;
1.99289;
4.18115;
2.01232;
2.36207;
1.49424;
1.54185;
4.09047;
1.93201;
0.973653;
2.5968;
1.58613;
1.79858;
1.6453;
3.59909;
1.9185;
2.78972;
2.28161;
1.75131;
2.54704;
1.63648;
2.06207;
1.80623;
1.49398;
2.61344;
2.49738;
1.86617;
2.618;
4.33542;
1.56117;
2.69473;
1.44507;
3.83049;
1.51003;
2.61649;
1.90916;
1.60826;
2.34988;
1.78524;
3.49127;
2.88253;
0.834541;
1.81244;
4.61983;
1.2599;
3.70741;
1.39003;
1.15309;
1.20296;
3.15417;
1.16822;
3.91651;
3.23883;
1.73508;
1.97124;
2.82345;
3.05985;
3.17361;
3.46311;
2.00907;
2.69204;
1.47171;
2.78172;
2.37374;
2.34031;
3.20282;
2.3628;
2.11908;
3.42973;
2.49841;
2.67025;
2.77731;
2.68963;
1.25785;
1.81803;
1.89762;
3.60669;
1.7924;
3.28162;
2.7605;
1.61216;
5.22157;
4.32655;
1.72031;
1.58798;
1.71938;
1.27482;
1.35629;
1.6193;
0.846141;
1.04207;
2.02528;
4.96859;
2.20856;
1.22907;
3.30042;
3.30427;
2.7934;
3.1993;
1.32369;
2.5966;
2.6526;
3.07854;
4.26298;
1.00527;
1.4978;
2.77932;
1.66669;
2.29272;
2.80742;
1.60914;
3.06951;
2.41096;
2.10835;
2.51044;
1.88637;
3.76103;
1.47401;
1.52617;
3.41252;
2.26011;
3.48763;
1.9943;
3.3889;
1.92111;
1.38821;
2.51539;
2.25534;
1.94346;
1.88721;
1.67777;
2.53186;
3.53089;
2.03612;
1.87448;
2.32194;
2.11241;
3.07961;
1.04653;
1.25892;
3.56389;
2.20843;
2.19911;
2.13384;
1.99326;
2.37744;
1.4522;
4.86422;
1.99105;
3.05386;
1.0121;
2.69118;
1.22117;
1.26721;
2.47177;
1.06931;
3.55955;
1.73585;
1.86526;
0.900462;
2.13932;
1.77415;
1.98992;
2.4346;
2.18517;
0.587328;
1.59977;
2.15215;
2.88699;
1.62182;
1.58447;
0.868657;
1.89648;
1.36664;
2.24351;
3.56846;
2.71486;
1.55534;
1.84049;
1.37348;
1.70074;
3.00872;
1.02948;
1.81677;
2.68323;
1.50238;
3.28338;
2.34027;
1.53773;
1.94596;
1.0045;
2.0513;
1.8264;
1.9969;
2.67568;
2.59532;
1.23544;
1.16419;
1.49179;
1.17237;
1.81129;
2.62255;
1.23287;
3.10774;
3.23577;
1.59288;
1.9204;
1.25659;
1.93856;
1.89178;
2.34203;
1.97752;
1.45066;
1.41109;
2.63945;
2.32428;
1.15307;
1.76057;
3.1716;
3.66419;
2.73482;
1.83624;
1.09397;
2.07963;
1.15076;
2.83056;
2.48711;
2.76542;
1.85845;
2.50451;
0.912441;
2.7871;
2.55436;
2.46623;
2.11263;
1.74609;
0.459442;
1.31263;
1.67758;
1.43529;
2.08818;
1.31251;
6.16813;
2.90259;
2.11617;
3.43787;
3.24665;
2.03978;
1.23328;
2.62259;
1.8883;
3.50124;
3.29997;
1.65528;
1.34212;
2.34808;
0.641242;
1.27907;
1.21991;
1.60856;
2.58068;
2.48346;
1.39387;
1.3408;
1.61015;
1.81309;
2.00596;
2.08483;
1.97994;
2.39321;
2.42738;
1.68801;
0.703619;
1.36121;
1.69654;
3.23288;
2.22166;
3.01969;
1.35371;
1.50854;
1.84713;
1.88648;
2.12184;
3.27962;
4.59921;
1.97396;
2.03296;
1.66835;
1.57711;
1.5679;
1.68978;
1.29493;
1.42952;
0.409509;
1.74281;
1.5781;
1.15123;
1.62173;
3.5263;
0.667838;
3.09382;
2.70877;
1.98574;
5.27987;
1.84844;
3.19218;
1.11522;
2.42711;
1.96023;
1.28334;
1.10317;
1.41205;
1.92265;
2.27075;
2.8101;
2.89836;
1.11474;
3.93225;
0.958503;
2.76211;
2.32753;
1.26527;
1.6276;
1.47608;
1.63618;
3.21335;
1.42254;
2.41827;
2.2045;
0.758284;
1.71018;
1.86094;
1.63776;
1.31757;
2.05026;
0.867265;
1.65594;
1.79284;
2.88914;
0.731802;
1.66253;
1.65233;
3.11839;
3.79164;
2.06217;
4.25213;
2.35924;
1.81771;
2.21991;
1.93196;
2.36148;
1.64372;
2.19235;
1.68202;
2.21403;
2.62089;
2.46533;
3.69329;
1.40431;
2.05944;
1.89995;
1.33044;
1.67671;
1.56007;
2.10721;
1.35625;
3.5689;
1.59667;
0.669864;
2.15233;
1.62001;
1.75198;
3.11207;
3.50823;
1.48038;
2.11983;
1.70835;
0.671231;
1.95257;
4.75461;
2.26219;
1.98987;
1.53705;
1.62801;
1.4431;
1.50745;
1.842;
4.98035;
1.99943;
2.3699;
2.46336;
0.55052;
2.11931;
0.785932;
1.13225;
2.59653;
2.05533;
1.84624;
4.183;
1.08838;
1.28184;
3.49349;
2.81999;
3.02427;
2.28058;
1.6697;
1.24472;
1.9212;
1.15606;
1.90245;
1.79879;
1.64356;
2.14417;
3.54072;
0.924509;
0.594893;
2.29059;
1.96273;
2.05293;
2.71432;
1.32245;
2.08621;
2.73541;
1.04389;
2.30354;
1.21231;
0.894729;
2.31106;
0.213057;
1.20817;
1.27905;
2.09864;
1.41535;
4.12792;
2.2637;
1.15299;
2.11328;
2.65347;
3.77745;
2.00992;
1.18473;
1.70431;
1.35618;
2.84107;
4.38307;
1.99602;
3.15297;
1.57373;
2.9875;
1.17272;
4.2126;
1.53882;
1.77166;
1.24069;
1.51818;
1.86308;
0.216583;
1.95923;
2.03786;
2.10342;
1.3391;
3.83703;
2.48397;
1.55348;
2.81522;
1.01775;
2.49793;
1.23259;
1.95701;
1.57325;
2.18618;
2.7656;
3.09085;
5.12375;
3.19223;
1.59398;
2.82925;
2.70931;
1.05253;
1.00647;
3.50415;
2.31593;
2.59665;
1.78964;
0.337166;
3.7871;
