10.9189;
13.8797;
12.8022;
3.6975;
12.4822;
11.9202;
14.5475;
12.3601;
11.1254;
14.9547;
12.3522;
17.293;
10.5274;
12.7541;
3.34669;
14.108;
11.6118;
13.4573;
14.5513;
5.5134;
12.3156;
6.94473;
6.83272;
16.9813;
17.5783;
14.0092;
10.3527;
14.0244;
6.88487;
5.98568;
23.1047;
12.0605;
4.20814;
19.4428;
11.9434;
15.4388;
12.9466;
14.8775;
16.4263;
11.1773;
4.18718;
16.2966;
11.5402;
8.14503;
13.8644;
14.733;
10.2136;
15.2871;
10.7086;
12.9583;
12.0108;
15.4926;
9.92091;
13.4624;
17.8731;
12.7107;
15.2238;
15.3889;
15.6649;
8.76383;
16.3888;
6.77209;
10.3878;
9.86079;
5.41163;
13.8866;
8.20259;
6.44967;
3.9498;
6.56925;
18.7452;
10.8717;
15.9341;
4.55871;
14.5166;
5.92703;
7.80128;
15.2499;
13.7786;
10.3153;
19.3376;
13.5407;
12.3415;
11.0404;
12.9281;
10.0292;
19.1066;
13.4531;
13.6593;
18.7361;
10.4273;
11.3811;
13.5805;
12.5063;
13.5285;
14.9894;
4.74137;
11.1298;
12.1719;
9.46407;
7.41997;
13.2622;
7.14759;
14.7825;
12.8861;
14.9658;
8.86567;
16.0498;
17.2161;
16.7214;
18.3442;
2.84367;
14.4523;
15.6823;
17.1392;
11.8561;
13.7238;
13.7951;
3.97929;
19.1249;
14.5075;
6.86563;
8.07163;
4.13903;
13.3076;
6.99876;
6.74324;
12.4999;
17.2262;
11.3498;
11.4786;
11.5325;
13.1921;
14.4602;
17.1135;
13.2017;
12.235;
16.1832;
20.1536;
11.6335;
11.6087;
10.8799;
12.9265;
10.7779;
15.3268;
12.6156;
18.5306;
16.8639;
9.00485;
12.5022;
12.7456;
16.6354;
16.5672;
17.7323;
14.6608;
11.0661;
9.60956;
16.5979;
17.8001;
10.114;
14.8086;
12.7579;
13.9945;
12.4344;
14.9404;
15.471;
14.4952;
16.6479;
10.3743;
12.755;
15.8336;
17.822;
11.6294;
3.25855;
11.3418;
18.0269;
11.502;
15.7703;
14.9634;
17.0348;
15.3262;
12.5361;
15.8837;
17.0982;
19.2483;
10.6889;
13.3004;
17.7531;
17.1757;
13.0527;
13.8021;
12.6764;
16.0436;
11.9185;
7.85058;
16.3792;
7.41805;
6.66479;
12.0687;
10.1204;
12.1145;
14.7551;
18.7064;
2.85516;
12.6414;
11.9262;
18.494;
16.3607;
11.9973;
11.5162;
18.9611;
14.1015;
9.18717;
14.1479;
14.2825;
17.1286;
14.2512;
17.8667;
12.4844;
20.6762;
15.0145;
13.9567;
11.9678;
10.6467;
11.9235;
10.5848;
12.4652;
17.4328;
16.1066;
14.4057;
11.8109;
16.9328;
5.44016;
5.74036;
12.6435;
5.03782;
12.135;
11.4169;
8.35457;
10.2141;
15.8402;
10.6545;
14.462;
6.35969;
14.2159;
12.7944;
16.6845;
13.4925;
15.3516;
10.4442;
6.81735;
6.78024;
16.3992;
12.0357;
5.1603;
16.7225;
5.08443;
14.2095;
15.0339;
12.4097;
8.80652;
3.8372;
13.2408;
12.694;
15.3455;
14.5176;
12.4421;
15.0788;
13.118;
12.3966;
14.2115;
14.5489;
17.1898;
13.5958;
9.13674;
13.7093;
11.4005;
15.016;
16.55;
13.3127;
9.10965;
13.0509;
21.2745;
13.557;
15.536;
9.09854;
14.3081;
11.4013;
15.5994;
11.207;
12.1251;
18.5905;
10.652;
14.3551;
11.4103;
10.7748;
17.4671;
13.1929;
8.15222;
12.1256;
11.7316;
7.44507;
19.8665;
7.92867;
13.1005;
14.0879;
15.098;
16.5449;
13.0349;
12.7975;
13.8242;
11.6064;
14.1482;
10.6558;
10.82;
6.07677;
7.8176;
16.9065;
10.7302;
15.8368;
16.343;
8.87703;
13.2744;
12.4432;
13.7229;
15.1578;
9.22857;
15.7175;
13.764;
15.3962;
12.3473;
11.3022;
11.3283;
11.9999;
17.7699;
14.0881;
14.8446;
14.8928;
9.93763;
16.1553;
13.3746;
13.272;
14.8686;
6.6036;
15.1931;
11.5842;
13.2091;
14.2162;
10.1129;
14.809;
10.7908;
11.0349;
10.9685;
13.0872;
15.5327;
20.1879;
14.581;
15.3603;
12.7887;
14.8272;
12.4751;
15.1253;
17.2198;
9.17782;
10.7324;
16.3077;
19.6717;
13.4384;
16.3362;
21.0769;
15.0219;
12.9088;
11.2873;
15.0401;
12.1928;
15.2197;
13.9503;
14.7447;
10.1414;
6.85796;
4.9887;
8.41786;
13.8568;
14.1099;
18.4404;
12.2365;
14.9454;
10.9537;
17.7463;
12.5276;
14.6674;
6.35464;
9.40053;
13.8931;
13.0714;
6.69446;
4.89506;
6.1917;
7.48771;
11.3522;
9.79941;
20.7742;
13.7843;
12.5072;
14.583;
6.89281;
8.61064;
5.52401;
4.20827;
10.5618;
5.01715;
13.1418;
12.255;
13.5052;
21.351;
14.1704;
13.0234;
14.648;
18.0228;
14.9759;
10.5162;
11.9809;
13.5676;
12.4853;
12.8438;
14.2234;
15.9294;
14.5046;
11.4238;
11.8408;
14.2796;
13.0538;
17.898;
14.1307;
13.593;
18.9656;
16.5985;
14.5255;
15.6301;
13.3506;
13.725;
18.6508;
16.0587;
14.1002;
17.7384;
9.86672;
10.8452;
16.15;
9.44664;
14.2121;
7.22205;
16.8466;
14.0686;
19.3763;
15.2194;
10.0368;
14.7376;
26.1137;
15.5904;
10.6412;
13.5989;
15.702;
18.1701;
14.3507;
10.4986;
12.1728;
14.5727;
18.3502;
12.714;
16.2458;
11.878;
14.7827;
18.6875;
12.5987;
14.013;
12.4228;
9.87909;
18.4804;
12.3943;
8.23068;
13.1506;
16.2991;
15.7136;
16.1742;
7.13992;
16.5237;
12.278;
11.5314;
13.9182;
10.931;
14.433;
11.0664;
14.4801;
10.7678;
16.0535;
15.3965;
15.0446;
11.1217;
9.32261;
16.4475;
14.7541;
11.9285;
17.0609;
15.0772;
18.8912;
19.867;
13.5288;
11.8326;
16.0089;
13.565;
16.856;
13.6277;
18.1856;
15.694;
13.2182;
6.08556;
15.3836;
16.7721;
9.06447;
16.3472;
10.4295;
14.4784;
13.9976;
8.08277;
9.66462;
15.2594;
12.7678;
3.14328;
8.91296;
18.5454;
11.8557;
10.2638;
6.70029;
16.4871;
15.9326;
15.9596;
12.0621;
14.6434;
14.4241;
14.6488;
16.1406;
15.7578;
15.8888;
19.9092;
17.2516;
18.0197;
11.8508;
12.8322;
17.2122;
17.8894;
10.5897;
16.5293;
13.6022;
8.16488;
17.8954;
9.93265;
18.3606;
13.3927;
5.18838;
15.2083;
8.70483;
13.339;
14.099;
7.72036;
21.4901;
17.2132;
15.0466;
8.02103;
6.1693;
15.2892;
13.9221;
4.04325;
18.376;
14.9567;
13.2969;
13.0447;
20.6175;
9.84576;
15.7026;
11.6607;
9.72012;
12.3559;
7.50606;
6.4854;
22.0874;
17.1638;
14.7422;
14.0329;
17.5586;
14.6923;
16.8415;
14.1214;
13.1749;
16.0692;
11.6842;
9.18231;
8.18386;
15.9874;
14.3213;
13.9515;
8.99924;
12.5546;
12.8753;
17.407;
11.5898;
18.9194;
14.1726;
14.5191;
13.1313;
16.7402;
15.897;
17.6556;
14.5215;
16.5107;
5.59079;
8.15161;
21.4507;
11.3279;
16.1194;
14.615;
13.8607;
16.2304;
9.24234;
3.43405;
19.3381;
15.6238;
19.0891;
16.2919;
17.6146;
18.5234;
12.6154;
14.414;
13.9176;
9.3683;
15.4053;
16.3468;
22.3409;
9.04368;
16.631;
13.434;
14.9352;
16.5628;
18.9726;
13.9957;
19.574;
18.5428;
9.53326;
10.8408;
10.8677;
15.41;
13.0863;
12.6662;
15.6157;
15.0543;
17.4508;
11.2809;
16.6305;
12.033;
13.105;
11.5441;
18.2146;
7.44119;
7.93002;
7.48553;
15.6259;
14.249;
14.3279;
15.8369;
14.1676;
8.32814;
18.792;
10.9804;
16.0853;
15.3423;
14.1128;
11.4079;
15.1531;
13.829;
12.3666;
10.8306;
16.3046;
13.734;
15.632;
13.0251;
12.7649;
9.08096;
13.9835;
12.5451;
11.5611;
15.5822;
13.5121;
22.3152;
11.8299;
11.6047;
10.2994;
13.3384;
13.5943;
15.9137;
13.3986;
12.0166;
13.3107;
15.1303;
17.1267;
20.2177;
17.0655;
10.269;
25.811;
11.8173;
9.01574;
11.579;
13.0597;
22.9526;
13.198;
19.7591;
16.7279;
18.1118;
13.6016;
16.8743;
14.4883;
13.2787;
10.8739;
18.9314;
17.3776;
5.7664;
14.8225;
13.6417;
14.1334;
10.8376;
13.5736;
16.6155;
15.9267;
14.9741;
12.5313;
10.4079;
19.7735;
13.7976;
10.3572;
15.2838;
12.774;
17.4289;
14.4634;
14.4858;
11.2701;
12.7284;
16.8451;
14.8247;
15.0741;
10.4146;
15.6045;
16.5137;
24.7312;
11.1445;
14.8178;
11.6664;
9.0041;
14.5162;
14.5696;
11.0929;
16.3121;
15.9535;
15.009;
17.5018;
12.6313;
13.8912;
15.7447;
18.5105;
18.3965;
14.2397;
12.3676;
14.7947;
15.4272;
13.023;
15.2011;
13.614;
7.52096;
14.6606;
14.3205;
12.6077;
18.2454;
13.9331;
10.4782;
17.9288;
10.3473;
19.8334;
14.1794;
13.6062;
18.8512;
11.3585;
13.3855;
13.1339;
19.1743;
5.67566;
6.46242;
14.8695;
15.8405;
13.6865;
18.0792;
15.7133;
13.6368;
13.9818;
16.8952;
14.0455;
21.4718;
14.3579;
18.2251;
11.9342;
16.268;
15.001;
12.7854;
12.0071;
10.7915;
10.944;
13.8576;
13.6172;
15.1507;
13.7755;
16.6132;
14.0694;
15.9611;
18.2838;
19.6867;
11.5623;
22.4222;
15.1688;
13.0531;
13.7936;
15.5632;
9.65596;
17.768;
20.7705;
21.541;
8.88609;
13.188;
14.3859;
19.0287;
17.3067;
10.914;
13.0056;
9.50524;
14.6738;
14.2307;
15.8953;
9.39614;
14.7689;
13.6655;
13.8177;
19.6534;
12.7316;
9.42587;
8.76961;
10.5762;
15.099;
17.9623;
17.157;
18.768;
12.4721;
15.1209;
13.2619;
9.56115;
17.0151;
12.265;
11.722;
14.479;
13.5088;
17.4526;
13.5112;
15.7881;
16.4779;
13.6493;
14.0692;
16.3467;
15.6036;
12.7345;
20.8434;
9.99389;
12.8328;
12.9987;
13.5852;
15.1415;
18.7361;
12.2456;
12.5789;
10.8475;
6.93289;
15.4868;
6.06925;
15.601;
12.41;
11.3294;
10.8147;
21.4416;
18.3102;
17.4709;
13.2426;
14.8006;
14.1855;
17.1884;
17.9407;
13.1978;
21.4667;
11.3591;
8.20378;
6.11877;
11.4472;
17.3803;
10.3981;
14.0699;
14.9869;
13.3091;
11.4452;
16.0002;
15.1728;
16.423;
14.9644;
8.95011;
13.6544;
16.496;
15.6538;
10.0476;
18.9123;
11.777;
9.79078;
14.3922;
12.1057;
14.8649;
13.8303;
13.974;
14.3051;
17.2823;
14.4165;
17.8076;
12.5221;
13.2999;
10.6771;
16.8932;
13.2459;
22.2712;
14.6133;
12.8026;
10.9036;
13.9264;
13.8348;
12.5767;
12.7744;
12.8547;
15.8017;
17.7061;
13.5508;
11.4992;
11.6179;
23.0279;
11.5409;
23.0628;
19.9895;
6.96407;
12.6442;
11.9066;
19.9738;
16.0443;
13.0288;
12.3278;
18.4206;
12.3786;
13.9515;
17.1738;
10.2735;
9.6449;
12.2737;
9.94304;
21.6243;
12.7025;
13.4593;
7.63975;
12.1364;
12.1639;
9.64613;
15.4388;
9.66368;
8.11397;
10.3443;
14.9665;
8.41205;
17.029;
11.3439;
12.2828;
18.6239;
13.9309;
25.8471;
12.696;
12.8775;
7.9158;
21.7708;
17.6334;
20.134;
15.7194;
14.3866;
13.7797;
17.1147;
21.5843;
8.95099;
14.9198;
11.4092;
19.4065;
10.8795;
4.5952;
15.8146;
5.44323;
16.3366;
10.725;
15.4045;
14.335;
12.7925;
16.9202;
14.5249;
6.69718;
14.0424;
19.952;
16.8782;
15.0043;
16.0236;
14.6767;
11.8835;
20.0585;
16.0682;
19.275;
19.3447;
12.4143;
10.9989;
16.3944;
22.915;
15.3024;
11.2898;
18.6533;
14.1489;
14.9592;
14.2676;
17.3893;
14.9709;
13.5401;
15.5697;
18.7461;
19.9104;
14.6996;
13.1317;
21.389;
15.6085;
17.6796;
14.1951;
12.4931;
15.1889;
14.1471;
14.5711;
18.3708;
20.864;
20.0338;
17.7998;
10.8268;
18.8297;
13.6219;
15.0123;
17.6606;
11.2736;
12.0599;
18.1552;
11.8453;
12.2194;
16.3376;
11.0318;
11.3149;
16.5314;
13.837;
12.5337;
19.3232;
22.3925;
16.2257;
15.0799;
15.0847;
11.087;
12.4704;
16.3632;
9.94284;
24.8884;
15.0022;
2.0398;
9.56626;
12.0391;
12.7725;
13.7835;
16.1887;
10.8641;
15.4098;
8.3531;
12.1816;
14.6789;
16.6766;
20.0446;
13.5838;
21.1086;
12.8906;
24.3717;
17.1062;
16.0827;
15.0332;
10.2744;
21.0454;
13.3343;
15.7149;
17.3774;
13.5799;
17.5827;
14.6796;
14.298;
11.9173;
16.9078;
10.7362;
18.3262;
16.7619;
13.4741;
16.0869;
15.0044;
14.7449;
18.1612;
14.7866;
15.1493;
16.1373;
14.3767;
22.0446;
14.4362;
19.5103;
21.1472;
16.3986;
14.5977;
21.466;
9.49398;
14.9836;
21.782;
14.7365;
17.7218;
8.742;
14.1334;
19.0214;
15.8237;
14.1971;
17.8828;
9.06406;
21.1916;
14.9957;
16.6485;
11.8849;
15.3451;
12.1555;
18.9484;
23.2277;
18.0223;
11.5272;
16.898;
8.42747;
17.7579;
20.4329;
11.6048;
17.7644;
10.7069;
17.0031;
11.223;
11.0748;
13.0467;
16.4576;
14.6396;
18.4748;
13.4749;
11.5669;
19.3947;
14.3026;
14.6307;
15.4885;
14.9304;
20.8849;
13.8324;
10.3304;
11.7965;
11.1895;
12.4628;
18.3783;
20.3132;
20.2535;
15.0145;
15.0488;
10.3856;
14.0589;
10.1424;
19.0301;
15.5348;
14.1769;
12.8944;
14.6273;
15.0445;
17.1646;
13.2091;
19.3179;
15.2494;
18.2821;
15.1707;
9.59504;
7.84434;
18.9274;
13.8476;
12.0367;
9.51256;
14.1702;
16.8635;
12.8517;
16.1348;
14.6018;
14.4937;
14.4859;
13.3127;
14.3232;
12.6397;
18.9234;
12.6689;
14.3728;
20.8921;
15.93;
20.2035;
17.523;
21.1067;
14.5984;
17.3164;
12.0118;
15.4656;
18.787;
23.7209;
14.169;
16.1252;
16.7839;
15.1758;
10.0319;
12.6115;
15.0608;
15.9297;
13.9106;
12.945;
18.9583;
21.3438;
21.7585;
14.6381;
19.2457;
12.5466;
19.5586;
18.7603;
11.4736;
12.3917;
11.0844;
14.7422;
12.9309;
13.4835;
15.4532;
15.8211;
11.9049;
13.7013;
14.3796;
14.1538;
13.8751;
13.5297;
13.5812;
14.5582;
17.2336;
11.8358;
15.0053;
17.076;
19.0549;
14.1675;
15.2713;
13.4092;
18.7343;
22.5602;
19.8275;
15.4486;
11.4834;
7.57225;
17.7259;
12.6512;
10.6914;
17.3472;
16.0816;
13.0215;
17.4297;
17.6642;
15.772;
14.6116;
13.309;
12.494;
12.313;
17.9081;
10.7409;
17.3243;
11.978;
20.903;
11.3059;
17.5213;
11.7591;
19.5466;
14.7594;
15.8659;
18.1432;
11.8807;
15.1945;
12.9156;
17.3854;
12.6285;
12.7847;
14.4651;
13.9807;
9.10151;
17.5748;
12.9045;
16.1892;
18.3095;
20.84;
13.6235;
19.2867;
12.2885;
9.91128;
9.32028;
11.0014;
14.8842;
15.4976;
10.8857;
15.286;
14.081;
14.5213;
10.5594;
16.7799;
10.239;
18.2432;
11.1812;
11.8224;
12.6752;
15.3763;
14.5316;
18.3771;
13.1522;
11.2902;
18.1639;
10.9242;
9.79483;
9.77317;
9.74257;
13.7621;
11.6379;
19.1738;
12.9909;
14.2526;
13.5738;
15.3421;
14.0092;
15.6727;
21.3899;
11.6151;
11.2517;
12.9962;
14.5292;
15.7968;
15.058;
19.1873;
11.3315;
14.5007;
19.0953;
13.1328;
17.2147;
14.1032;
21.1152;
15.1462;
18.8345;
14.693;
16.2354;
24.8246;
13.4191;
18.1733;
18.0887;
15.0534;
11.0019;
10.7179;
10.1862;
12.5233;
26.4452;
8.85284;
15.205;
14.6326;
14.3744;
19.9421;
17.6873;
12.5956;
14.4545;
8.15567;
10.2579;
13.6419;
15.1579;
14.847;
17.6545;
17.013;
20.0971;
10.2272;
21.0438;
19.8527;
11.3387;
13.0537;
14.743;
19.3444;
14.5022;
10.4977;
12.7564;
12.4265;
9.25785;
6.6589;
17.2254;
14.3892;
11.8854;
20.0557;
11.772;
14.2907;
13.3745;
15.4571;
12.1269;
16.4453;
20.8995;
7.44602;
11.8271;
9.14451;
12.2969;
15.7313;
16.2691;
15.8347;
19.1682;
17.94;
10.4067;
11.6653;
10.4862;
12.0707;
17.5999;
17.4711;
14.3726;
12.0509;
13.1137;
15.9122;
20.8163;
11.2117;
16.5682;
11.5476;
15.0135;
14.2225;
8.14815;
12.9643;
16.4843;
14.1029;
10.9273;
22.4814;
12.1605;
13.8744;
16.4763;
15.7385;
9.64107;
21.9838;
12.6194;
13.046;
16.8173;
11.1956;
14.2072;
15.4622;
9.36554;
16.1822;
19.8691;
13.2867;
19.9774;
13.6993;
18.9602;
12.6877;
16.1665;
13.6758;
14.2345;
14.8427;
16.3306;
9.86288;
11.1703;
15.2136;
13.8512;
16.7201;
12.3184;
15.6845;
17.0105;
15.3095;
12.2621;
15.6479;
9.04799;
13.5102;
12.8325;
16.705;
17.3531;
17.143;
14.61;
19.383;
17.2672;
17.2153;
19.4211;
23.2933;
14.0021;
15.4191;
17.0421;
15.5162;
13.7374;
14.5639;
13.6921;
9.04006;
15.1627;
14.4783;
11.7942;
13.8899;
17.3368;
8.70806;
13.4463;
12.6393;
17.1916;
15.4748;
16.4342;
14.0419;
20.1868;
19.4692;
11.4025;
13.2028;
12.0858;
12.0006;
12.0764;
15.8799;
14.2093;
12.7021;
16.5819;
19.7821;
13.6451;
14.6686;
14.9241;
19.1393;
19.3048;
10.0288;
13.3053;
13.0356;
15.2342;
15.9014;
16.4639;
17.0756;
12.6232;
13.427;
10.5345;
13.7245;
13.7068;
12.1963;
15.6236;
11.236;
12.7038;
15.5922;
12.6699;
12.4054;
20.3213;
12.242;
9.27664;
13.2479;
13.305;
14.0441;
12.8898;
13.6413;
8.33047;
25.3001;
23.201;
12.5954;
14.8118;
14.5239;
11.6494;
14.9585;
19.0997;
13.6403;
14.9391;
12.4219;
14.614;
9.87156;
16.0982;
11.0553;
10.5452;
17.6452;
23.6532;
16.1916;
17.5196;
14.109;
13.5846;
14.4221;
13.8315;
15.056;
11.6292;
18.1508;
18.9361;
15.5691;
15.6648;
14.5384;
10.7809;
15.0689;
15.2934;
16.4393;
13.3294;
13.7755;
12.2324;
14.2191;
15.1886;
15.0725;
11.627;
11.6805;
13.5669;
17.5859;
16.619;
14.2694;
12.7814;
19.8119;
11.4899;
9.9792;
13.4262;
22.2502;
14.992;
24.2318;
15.4966;
19.49;
16.5884;
15.6943;
12.3522;
11.8671;
19.5016;
10.594;
18.8717;
13.6944;
18.9198;
11.3468;
15.3805;
19.9968;
16.9818;
9.33269;
20.2035;
21.7076;
11.6226;
10.7473;
11.3347;
16.1576;
26.121;
14.6162;
13.2547;
12.2994;
14.309;
18.1349;
16.2692;
13.1964;
14.2893;
16.4726;
17.6194;
11.4793;
18.0392;
11.4542;
16.9226;
10.1807;
8.84303;
12.9818;
9.7771;
16.8295;
16.0071;
15.0306;
13.4445;
15.5752;
12.1846;
14.3983;
13.6107;
20.1823;
17.1327;
13.3683;
9.50345;
17.8175;
13.6559;
16.1374;
11.0624;
13.288;
11.1938;
21.498;
21.5198;
17.1474;
18.0788;
16.4884;
12.1593;
12.4177;
14.419;
11.5839;
11.7152;
15.7794;
14.6949;
11.937;
15.9431;
13.8526;
8.21441;
21.9036;
17.2704;
20.9177;
16.4826;
17.8508;
14.392;
12.1748;
11.9668;
13.6768;
15.1064;
15.4533;
12.843;
20.012;
19.8188;
10.3227;
16.3778;
19.3452;
18.2408;
12.379;
15.2324;
15.1917;
14.2462;
14.6745;
14.8131;
12.4783;
20.6791;
13.4559;
14.5103;
16.4031;
11.9988;
11.0034;
12.5209;
15.9016;
11.2608;
13.3307;
10.168;
14.2674;
10.8239;
15.8523;
20.3569;
16.4543;
18.0709;
14.7214;
11.8169;
18.7192;
10.675;
12.4548;
14.3857;
15.8359;
18.3157;
12.7005;
12.1197;
14.6853;
10.4615;
18.3794;
16.4039;
11.3574;
12.2767;
11.8405;
18.1877;
20.078;
10.4969;
17.2368;
15.2947;
15.8457;
13.8954;
13.4096;
18.1346;
15.0452;
17.0938;
12.3337;
12.5163;
18.2851;
16.6467;
12.5777;
15.0987;
12.0063;
13.8701;
15.1581;
20.3892;
13.0544;
18.603;
11.112;
18.0659;
11.6335;
12.6088;
14.3837;
15.8879;
10.7921;
18.5383;
17.5252;
13.3822;
11.546;
11.8164;
15.5444;
16.6854;
14.3328;
16.0757;
9.09995;
13.9231;
11.8324;
10.7563;
11.216;
14.3815;
13.824;
14.7661;
14.3226;
7.99124;
7.95575;
12.0549;
15.3997;
11.5516;
9.79777;
14.8729;
15.4623;
21.88;
17.3191;
17.075;
15.2525;
12.6822;
13.8295;
10.4448;
15.4526;
16.178;
17.4808;
10.5356;
12.4597;
14.9573;
19.2004;
14.2941;
16.9699;
13.4207;
11.1035;
16.3698;
23.1503;
12.446;
14.6478;
13.5884;
15.8837;
16.8047;
11.4994;
13.6852;
13.7108;
20.5172;
13.8639;
15.8066;
15.4866;
18.9901;
18.6593;
13.146;
17.0582;
21.8446;
14.5949;
16.6607;
14.2669;
14.5352;
15.4741;
11.2711;
21.139;
18.0754;
18.5309;
20.5791;
11.7719;
21.2194;
14.1184;
12.1036;
14.3067;
13.6658;
15.7253;
14.6378;
10.1758;
19.0315;
8.70529;
10.2321;
16.8082;
16.651;
20.1453;
11.5585;
16.4357;
17.2562;
10.8612;
10.9693;
20.5511;
13.6648;
13.1577;
11.6334;
14.0095;
11.2733;
13.1718;
15.887;
17.6486;
17.0513;
15.6298;
9.69154;
18.5122;
15.5482;
16.4363;
16.0352;
21.427;
12.5086;
17.4296;
11.4075;
13.725;
16.8773;
10.6301;
17.3436;
13.4296;
11.7336;
10.6755;
18.1351;
10.5291;
13.1165;
13.5625;
14.502;
17.7639;
9.83484;
23.0543;
7.90251;
12.8124;
16.8759;
11.2671;
10.7412;
15.8958;
12.3749;
14.4485;
18.1385;
12.2756;
18.5212;
12.8041;
15.4003;
18.0543;
18.2895;
12.9758;
11.7676;
24.5526;
18.0494;
13.8863;
10.9927;
15.0665;
13.688;
14.1718;
11.4683;
12.0911;
20.1015;
12.1364;
11.6029;
19.379;
12.4744;
15.0178;
12.3247;
12.9737;
15.931;
16.74;
20.441;
16.4728;
13.7048;
15.326;
17.6271;
10.4362;
10.792;
18.9623;
16.0762;
15.4473;
13.2852;
15.3701;
12.0709;
12.4451;
16.7535;
13.3242;
10.7023;
15.6017;
18.4294;
10.1549;
14.0456;
14.2348;
11.4146;
13.9117;
9.83652;
19.9276;
21.3505;
14.9955;
17.5522;
13.9338;
10.2401;
12.0779;
20.0519;
15.0246;
12.2179;
15.4791;
18.1963;
14.2604;
19.298;
16.4024;
10.8358;
21.8425;
14.7222;
13.2829;
13.5021;
13.5582;
6.87333;
14.2474;
16.9736;
19.103;
17.0127;
15.8149;
17.0267;
12.5819;
20.1817;
13.072;
12.9743;
17.4033;
11.559;
16.8673;
14.3017;
11.9968;
13.7675;
14.9393;
15.3091;
16.3674;
13.0241;
16.2562;
13.8402;
16.8434;
16.8962;
11.393;
17.2067;
25.4457;
17.0679;
17.1343;
13.3271;
14.6391;
11.5468;
17.216;
13.8595;
16.6779;
17.2372;
16.3258;
9.6818;
16.6773;
16.0583;
15.9004;
17.1446;
20.783;
16.5488;
9.52227;
11.3634;
13.3444;
19.2554;
7.78551;
14.7082;
11.6982;
18.7065;
12.4767;
11.6414;
16.0066;
16.4183;
14.4832;
14.5475;
15.0152;
13.0427;
17.0221;
12.03;
16.9764;
14.6014;
10.4108;
13.3245;
13.6218;
18.5297;
14.7508;
16.7066;
20.0525;
19.8227;
8.94341;
15.4957;
16.8818;
11.8125;
13.9676;
15.3382;
10.3127;
14.4202;
18.3282;
13.1865;
10.1497;
17.2183;
15.9371;
14.5642;
18.6854;
13.4459;
15.9266;
14.8698;
21.6724;
15.6904;
10.9602;
13.7889;
13.1322;
17.7587;
13.5405;
13.3503;
20.5156;
14.987;
12.066;
13.1862;
17.5002;
9.56241;
15.8976;
15.4985;
15.1649;
12.1119;
18.2478;
19.0601;
16.2379;
14.3271;
14.4916;
20.4188;
15.3777;
18.6523;
15.8618;
13.289;
15.7868;
18.6881;
18.9291;
14.1563;
9.88816;
15.9762;
20.9854;
13.3261;
12.9702;
17.2383;
9.30383;
19.5492;
13.7512;
12.8092;
16.6283;
16.4721;
14.7272;
17.8124;
14.3622;
17.0869;
11.6115;
14.7515;
12.4209;
11.4467;
11.5471;
10.0775;
13.7901;
8.30812;
15.521;
11.3428;
11.8111;
11.9946;
11.4386;
21.5961;
14.8021;
18.6129;
16.5574;
17.3591;
13.6268;
15.003;
13.8042;
11.0708;
17.2872;
9.00929;
14.7169;
13.5406;
13.948;
20.0497;
13.0675;
11.3958;
17.1135;
9.5439;
11.1015;
13.4085;
13.8108;
15.6262;
22.6064;
15.9989;
15.8515;
21.4964;
11.2741;
14.1592;
20.5816;
13.8468;
12.0759;
8.17908;
15.1172;
11.6863;
16.1045;
21.2328;
12.0537;
24.8145;
10.4514;
18.5489;
21.7945;
18.6826;
14.0469;
13.5974;
11.7591;
9.41413;
18.0708;
21.593;
24.5405;
12.571;
13.7891;
17.1662;
16.6236;
16.595;
11.7094;
19.937;
15.9992;
9.06979;
9.5618;
20.6449;
12.2214;
12.9762;
10.0388;
18.3919;
18.2109;
20.4031;
14.4213;
16.4109;
15.0706;
17.8048;
16.776;
15.5302;
19.6051;
20.9835;
15.0136;
15.2476;
15.2225;
13.581;
22.1183;
20.1024;
10.9791;
12.5291;
12.3992;
15.1437;
13.0104;
16.5784;
18.0822;
16.9175;
16.893;
15.2687;
13.5718;
15.8975;
13.4023;
16.1283;
12.1301;
17.3914;
19.9499;
14.194;
11.3158;
12.1941;
12.2261;
12.7159;
16.6476;
16.3879;
14.9666;
18.9758;
18.4287;
17.4643;
16.6487;
7.93764;
15.5899;
16.3222;
15.7563;
12.292;
14.4603;
8.52854;
15.8966;
19.4425;
16.1519;
16.5182;
15.4986;
14.4182;
14.198;
14.3459;
14.2695;
12.8045;
12.6892;
14.5867;
8.4122;
12.4168;
16.4499;
15.0703;
12.9247;
16.3064;
13.9291;
8.49036;
17.551;
15.6253;
12.973;
23.4577;
13.5775;
12.8347;
18.5265;
13.5986;
16.5237;
18.0662;
25.3283;
16.2736;
18.0187;
19.6739;
15.9027;
13.6673;
14.736;
25.6859;
12.3901;
15.9317;
12.2902;
15.0351;
19.4138;
15.971;
25.9315;
14.4971;
16.3536;
16.8774;
20.2273;
12.7922;
11.3355;
14.4598;
19.2499;
10.9627;
10.594;
18.4327;
17.4346;
14.641;
13.6488;
10.5093;
12.5262;
18.2439;
15.3253;
24.911;
16.9435;
12.6041;
14.74;
11.0691;
12.2811;
15.6685;
19.4865;
14.9455;
17.5851;
13.2951;
17.9176;
10.0988;
10.0561;
15.8286;
16.3947;
20.829;
15.8411;
20.7756;
11.5217;
13.7389;
21.4426;
14.4316;
17.8322;
17.2459;
13.6655;
13.792;
11.9338;
20.8854;
12.3501;
14.1297;
15.8454;
15.8107;
14.7975;
18.9638;
11.8434;
15.8362;
19.4422;
13.5676;
14.4754;
22.8223;
16.9438;
16.9242;
13.6407;
10.3081;
10.2481;
18.7963;
15.3242;
13.7563;
21.5168;
20.1546;
16.6361;
8.7596;
17.1893;
19.6492;
19.9932;
15.8881;
15.0396;
16.1714;
17.615;
17.7677;
14.0749;
9.22087;
18.5395;
19.2636;
16.998;
16.1341;
17.4249;
22.1647;
17.2132;
16.7292;
14.9836;
14.515;
17.6193;
22.7415;
15.5043;
15.4597;
12.79;
8.05587;
11.3174;
11.6004;
18.984;
10.4947;
17.4923;
12.6822;
11.7092;
10.1618;
14.9033;
18.6924;
13.9236;
14.9646;
16.8565;
22.2786;
17.1175;
15.5996;
22.1592;
14.9583;
10.5104;
16.1663;
19.3446;
19.2931;
10.5282;
14.9088;
10.6805;
13.7232;
14.7831;
17.7844;
14.9836;
21.006;
24.3848;
13.6846;
15.189;
16.5215;
16.5661;
13.0736;
16.2329;
14.2665;
17.4739;
14.4501;
16.1269;
18.3035;
9.74623;
13.8709;
17.5429;
5.98934;
21.1016;
16.1317;
13.7217;
14.2009;
17.8676;
29.8008;
15.1807;
15.0413;
13.5868;
17.9156;
17.0349;
23.5669;
15.0867;
22.1059;
18.4496;
12.663;
7.63933;
12.6071;
16.4542;
15.2867;
16.3613;
19.0557;
12.3578;
16.8462;
12.668;
16.7009;
16.1474;
15.3997;
20.5007;
13.9993;
14.756;
12.8779;
13.3475;
23.0066;
23.484;
14.5762;
12.9371;
12.4498;
12.6917;
12.6309;
14.198;
16.9595;
15.5915;
25.6719;
15.2744;
10.5653;
10.1142;
14.4865;
19.8556;
22.0047;
13.1627;
15.0162;
9.90543;
12.7669;
7.29652;
13.2135;
10.4877;
11.8272;
11.9414;
23.4144;
16.9252;
20.3729;
11.5569;
9.72985;
13.8742;
13.6268;
13.6283;
20.8342;
10.7768;
16.2698;
16.7118;
9.69487;
11.3698;
13.9206;
17.0121;
17.0927;
14.7891;
15.7958;
13.4823;
17.022;
26.5167;
18.0882;
22.0633;
19.9714;
18.034;
11.1277;
22.6046;
20.7121;
8.71548;
21.7342;
18.1662;
14.0028;
17.3137;
17.2821;
18.787;
14.0308;
20.2363;
20.4604;
17.2364;
13.7946;
17.5199;
23.2621;
17.5773;
12.7284;
17.2598;
24.6892;
10.6101;
13.2714;
17.2209;
8.83861;
16.535;
16.4903;
16.55;
20.4672;
22.3707;
19.2842;
11.8467;
15.919;
25.6451;
14.5836;
14.5511;
20.3415;
14.7972;
15.2622;
12.6682;
19.4831;
23.0915;
18.2806;
15.2311;
21.2528;
12.2322;
14.1942;
20.8339;
14.8793;
15.9425;
14.622;
18.948;
18.9368;
17.5326;
11.2869;
12.2381;
18.9558;
16.7678;
15.1587;
20.6514;
27.7899;
20.9272;
15.5477;
26.9514;
23.151;
12.7744;
16.1218;
13.6698;
14.5883;
10.5809;
14.3071;
12.8131;
15.7092;
11.9284;
16.393;
13.8359;
29.7857;
17.4126;
20.8402;
17.9688;
12.5056;
15.9548;
14.7305;
10.5425;
15.4272;
16.1764;
13.7542;
15.7055;
11.7573;
12.5261;
22.3394;
29.7436;
15.141;
13.5606;
16.8833;
12.498;
23.5433;
18.1887;
13.8597;
18.8629;
18.0658;
12.9296;
12.9462;
14.1715;
17.208;
17.1729;
17.3635;
22.0434;
11.8936;
14.6561;
26.7177;
17.1338;
28.5745;
16.1973;
11.603;
11.8412;
18.5981;
17.9161;
14.3816;
17.1076;
11.3333;
25.0614;
14.5908;
12.4929;
19.8566;
24.1758;
14.591;
26.6905;
16.0636;
20.9066;
11.3481;
16.9768;
14.1289;
16.5676;
15.0759;
19.2462;
15.4829;
23.2779;
23.3993;
12.0424;
19.7978;
14.8762;
15.1642;
15.4778;
18.4206;
21.073;
14.928;
20.3065;
18.3613;
15.4779;
16.8721;
14.5689;
17.1153;
13.5717;
14.6719;
18.7576;
15.3347;
18.9206;
13.3771;
13.8787;
14.1797;
15.892;
16.0455;
15.7278;
9.36635;
13.4509;
15.03;
18.5906;
13.2922;
20.651;
19.0035;
14.3091;
18.2379;
11.6351;
11.2187;
13.1303;
13.7625;
11.8982;
22.9319;
17.5536;
13.0359;
15.9531;
15.8879;
15.851;
16.5694;
15.3365;
17.6625;
15.7219;
11.6327;
13.6556;
15.3083;
10.2789;
17.9474;
9.71506;
16.5993;
17.558;
15.5011;
14.012;
20.7303;
16.2461;
17.5653;
11.3005;
14.5351;
10.1093;
18.5274;
18.4711;
32.144;
13.4219;
17.9493;
12.7404;
14.4715;
16.8681;
14.8804;
21.526;
16.1101;
13.5488;
12.5683;
16.0711;
12.95;
16.3476;
11.2018;
12.8209;
24.7157;
11.1444;
18.7638;
5.47991;
23.6105;
21.1471;
11.8832;
25.0718;
13.3043;
16.8267;
14.9955;
18.2318;
22.2871;
12.4207;
18.8709;
13.2925;
11.4592;
13.0023;
19.6211;
15.3827;
15.0319;
12.939;
17.351;
14.1374;
11.5692;
12.6885;
22.8779;
15.2795;
16.9969;
12.7646;
14.0558;
14.9363;
15.8279;
10.9971;
8.28142;
16.4524;
24.6221;
16.2044;
18.293;
24.2122;
16.3511;
15.0445;
17.1469;
22.0474;
22.9047;
13.1392;
10.5539;
14.641;
21.5223;
24.3206;
19.352;
17.6275;
15.3656;
23.2999;
10.0608;
13.8479;
20.9308;
19.4573;
16.6156;
13.4251;
18.4233;
18.0659;
16.8409;
25.1609;
17.6499;
18.9612;
16.1091;
18.9636;
12.7762;
6.13012;
19.411;
22.5421;
17.5357;
22.2204;
13.1663;
18.7528;
16.8868;
12.6132;
15.3142;
16.7409;
17.1884;
21.7567;
17.4256;
21.5287;
15.9979;
22.8102;
14.688;
13.4892;
13.8494;
18.4723;
15.0575;
18.3237;
19.353;
18.405;
25.5594;
15.1177;
17.1057;
20.2456;
19.9336;
13.1696;
15.9516;
11.0134;
14.9355;
17.2634;
21.3158;
13.2258;
15.3925;
16.6889;
12.5819;
13.3376;
19.433;
14.3283;
13.5834;
16.748;
18.3571;
17.1824;
17.4673;
12.7778;
11.4411;
13.4324;
16.0999;
14.4285;
12.5114;
11.3309;
19.5538;
10.7454;
17.6652;
15.2014;
12.8316;
16.5713;
15.3145;
17.2845;
15.7625;
25.4585;
14.6322;
18.2978;
16.547;
18.514;
11.3401;
16.9926;
21.2093;
19.523;
13.0083;
24.3351;
18.1906;
21.655;
20.8091;
10.1032;
14.0054;
17.3075;
20.5641;
16.2842;
13.495;
17.0757;
16.5776;
7.57705;
16.1985;
19.5181;
16.8313;
18.2712;
13.1523;
17.713;
15.7751;
17.6218;
12.2591;
12.618;
12.4448;
22.5968;
20.0062;
14.2038;
18.083;
20.2121;
17.1452;
10.5753;
21.5638;
25.7704;
16.2133;
21.6419;
18.3224;
15.124;
14.2848;
20.734;
19.2864;
15.5425;
11.2213;
17.6396;
18.4996;
20.3847;
19.0227;
22.0666;
25.6915;
15.536;
21.6951;
11.2869;
19.2341;
15.1389;
12.2893;
14.8071;
13.6356;
21.3554;
23.3013;
14.2049;
15.2576;
20.7224;
26.6878;
13.2811;
14.4843;
15.0932;
11.5095;
11.3083;
18.5378;
26.3158;
13.9606;
13.8629;
15.1313;
18.5424;
20.5454;
25.3993;
13.884;
13.1784;
17.3825;
25.8029;
18.9251;
16.2932;
14.8671;
13.6773;
20.3796;
16.6682;
10.6778;
16.7427;
12.8979;
14.9728;
21.2247;
18.7738;
18.0864;
11.5486;
15.6505;
13.958;
15.2952;
13.9041;
12.1509;
18.7585;
15.304;
16.5883;
12.1008;
21.7504;
20.6518;
18.7216;
12.1609;
23.804;
13.5286;
24.6767;
20.6436;
19.929;
13.2663;
14.4483;
19.5657;
12.9515;
9.3212;
12.7751;
14.0661;
11.3945;
19.1651;
17.0511;
13.5627;
14.4239;
15.6508;
16.554;
25.9161;
10.5523;
22.7394;
14.2697;
17.2472;
12.9221;
17.9846;
15.1599;
15.6576;
15.3104;
20.0401;
16.145;
17.1252;
25.9488;
10.8924;
14.9894;
15.7763;
14.5775;
7.45939;
13.5707;
16.9096;
15.46;
19.4562;
10.7692;
19.8778;
10.4909;
10.709;
11.8738;
17.7612;
19.4078;
22.8945;
17.2955;
19.833;
15.2384;
22.8591;
24.5473;
11.1186;
13.8843;
12.8716;
18.3732;
14.4102;
19.4973;
12.927;
15.1008;
11.7119;
11.0803;
21.3538;
11.5678;
14.9318;
15.8012;
17.0874;
18.7155;
21.8009;
12.6602;
12.4549;
13.3038;
13.9813;
12.7703;
19.3785;
14.2659;
18.7513;
15.6923;
11.8311;
19.5604;
14.8284;
21.8966;
23.5723;
17.3727;
13.6757;
25.0605;
15.8772;
30.9037;
22.2087;
15.2741;
24.1633;
19.5902;
29.3998;
15.8605;
15.9299;
18.725;
11.3494;
19.7879;
18.6607;
24.6251;
22.0666;
19.3161;
14.4099;
18.6085;
12.6894;
17.7961;
13.0938;
17.1104;
20.8428;
28.1995;
19.7458;
14.8087;
13.2793;
22.4758;
9.63229;
23.3602;
15.0796;
21.4114;
17.7725;
16.5567;
9.0022;
11.6556;
16.3135;
13.261;
13.8098;
11.9613;
17.688;
18.7598;
14.8075;
18.3022;
14.3984;
21.0791;
12.9953;
12.653;
12.3625;
14.9149;
12.1346;
19.5863;
14.3378;
20.9227;
13.6882;
14.41;
18.7961;
20.0474;
16.1495;
17.8033;
23.5428;
23.276;
15.8405;
11.5217;
11.055;
17.0622;
30.3509;
18.4661;
16.6707;
19.1361;
17.1683;
20.9303;
20.0865;
10.9137;
18.8629;
18.0492;
11.9439;
23.5623;
16.2593;
14.7275;
20.853;
10.9149;
20.2451;
21.7663;
30.4332;
15.5291;
21.6844;
17.76;
17.7318;
11.1695;
10.7772;
19.631;
21.9181;
16.8968;
10.7881;
18.0254;
15.499;
14.9726;
20.2618;
10.9951;
17.2667;
16.6374;
18.3723;
17.8731;
13.5624;
14.5064;
16.2282;
12.1148;
8.76901;
18.8519;
22.1478;
17.1462;
22.1475;
17.3585;
13.4306;
16.7657;
12.2707;
15.2005;
11.2191;
12.2717;
16.3167;
14.5569;
15.7136;
14.542;
16.3565;
24.6558;
16.5867;
18.7477;
18.0575;
11.1495;
9.05627;
18.9903;
18.8717;
11.9702;
22.7171;
12.9618;
22.7691;
24.4769;
20.3059;
7.0003;
19.6552;
15.2751;
19.3271;
13.3714;
18.3976;
21.8534;
7.50816;
16.377;
18.5589;
17.367;
18.2496;
9.99425;
22.3217;
25.4623;
14.6181;
14.9653;
18.6872;
13.9385;
19.1884;
16.5608;
20.373;
11.392;
13.6408;
15.7645;
17.1526;
15.292;
15.0126;
11.514;
18.7701;
14.0774;
14.6886;
13.9816;
17.9985;
14.6331;
14.2824;
15.1455;
18.1902;
11.4559;
20.8449;
11.7203;
16.9422;
10.0844;
14.499;
13.9144;
13.354;
10.4142;
23.5058;
16.8619;
20.6582;
11.5914;
26.077;
15.5189;
13.6107;
11.6042;
16.433;
19.6475;
15.2808;
14.6515;
17.8093;
21.4579;
12.1491;
23.4911;
17.062;
10.2142;
22.1351;
11.6556;
14.1528;
14.477;
20.9961;
16.341;
9.64358;
21.1425;
21.4464;
15.1195;
20.7467;
17.1287;
13.9493;
17.4077;
11.2313;
19.3599;
15.3025;
13.8279;
15.7184;
26.7695;
9.11077;
14.4127;
15.6607;
13.2004;
16.5051;
12.6653;
16.397;
12.2849;
12.6319;
20.1372;
18.4617;
17.3904;
20.4773;
15.5824;
18.6331;
15.1719;
16.7988;
13.6822;
18.0314;
12.8372;
18.089;
13.3341;
19.7245;
17.0508;
22.4433;
10.5019;
18.8225;
16.0284;
24.6447;
16.4734;
16.9105;
22.1878;
31.4233;
28.0002;
16.4336;
19.9181;
11.7664;
16.2798;
9.12218;
16.2798;
22.4062;
15.7049;
9.83991;
18.1225;
14.3958;
18.4953;
18.9557;
13.0598;
19.0881;
22.7484;
27.2573;
24.0472;
16.2049;
15.7173;
24.8623;
12.3535;
10.3614;
18.8431;
13.1019;
14.1547;
14.0109;
11.2253;
20.3699;
21.9248;
21.1965;
14.3082;
16.5981;
17.3105;
21.1204;
18.1215;
16.4435;
18.3308;
14.8611;
25.4279;
20.3395;
23.3115;
13.6865;
17.778;
11.676;
26.8719;
12.2503;
13.901;
12.947;
21.4285;
12.6442;
20.2405;
14.0826;
12.6293;
13.4989;
16.112;
15.414;
11.735;
17.5985;
17.0169;
13.2891;
19.7659;
15.7212;
14.5278;
16.0092;
12.1746;
21.5225;
22.9645;
13.582;
15.8947;
16.2913;
12.036;
24.9822;
15.0856;
15.1571;
21.4741;
14.142;
26.2029;
15.5042;
21.8814;
17.7067;
12.3412;
15.6061;
15.3808;
15.2574;
19.4073;
11.2166;
15.6362;
21.1337;
19.2685;
15.8197;
17.7161;
15.4555;
29.1015;
15.167;
18.6865;
17.0093;
19.9707;
29.6958;
20.3618;
22.1884;
13.5441;
10.2538;
21.3166;
22.8449;
20.4851;
18.3295;
15.5896;
15.1161;
21.8402;
8.12438;
19.0204;
29.2968;
23.3085;
25.123;
27.2778;
15.2711;
19.0192;
15.9144;
16.7246;
25.2101;
19.8597;
13.0632;
19.1851;
19.2446;
12.6668;
21.9877;
24.4068;
13.0242;
15.0739;
12.3748;
14.12;
23.9059;
16.8667;
16.6689;
13.7508;
13.6375;
16.8908;
22.9439;
17.082;
21.645;
10.1243;
27.3712;
16.8452;
15.8909;
16.9761;
17.3774;
18.5056;
13.4218;
15.6718;
19.0402;
10.2557;
24.0848;
18.5278;
20.5873;
13.5006;
17.1961;
11.6833;
15.8645;
15.3901;
11.7057;
13.4403;
12.3222;
9.49034;
15.7261;
14.4454;
18.4179;
14.6233;
29.8384;
20.9365;
13.3048;
12.3008;
14.227;
14.9099;
17.5799;
18.4083;
15.573;
12.4152;
15.2207;
19.8767;
14.4537;
23.8009;
25.1419;
16.5175;
12.2132;
28.6177;
19.3911;
16.7515;
16.589;
15.4928;
12.5256;
17.2266;
20.6816;
21.3363;
14.501;
17.118;
20.4977;
21.9302;
25.0792;
14.9154;
14.0775;
15.8039;
11.3111;
20.0966;
17.5048;
14.3513;
13.0717;
15.6849;
20.8385;
19.7684;
15.2296;
13.0452;
15.0999;
15.1254;
15.0414;
11.9192;
22.5893;
21.5058;
22.0651;
15.8564;
17.0189;
13.9227;
21.31;
13.7993;
13.5153;
12.6942;
13.2465;
19.0263;
19.4121;
23.4994;
19.9889;
14.2406;
31.5643;
17.6273;
16.4971;
12.5341;
24.4404;
14.9845;
19.7975;
10.383;
18.828;
22.3299;
24.6252;
15.3547;
14.8794;
10.9069;
28.255;
21.4389;
12.7955;
14.9065;
22.183;
11.3711;
21.5027;
15.2336;
17.2144;
30.6319;
18.0372;
25.9172;
14.4554;
16.977;
19.221;
12.8315;
24.701;
20.0122;
15.884;
23.3254;
25.9586;
17.0755;
14.8465;
14.562;
21.1399;
15.3974;
14.1228;
11.0765;
20.3199;
30.4298;
15.5583;
34.0208;
11.2309;
17.8834;
16.2497;
13.6018;
18.3929;
18.2622;
15.5864;
20.5216;
14.7769;
15.7227;
22.6093;
17.2057;
14.4738;
13.9142;
12.4774;
13.488;
23.5678;
15.6324;
10.4067;
12.7149;
16.5991;
21.8586;
13.7724;
28.8345;
17.2867;
13.728;
11.941;
16.7258;
13.2355;
16.6309;
20.5427;
11.2749;
15.7991;
24.5604;
10.8247;
14.3136;
22.1095;
23.4649;
20.4577;
13.4733;
13.3222;
14.4934;
12.5453;
13.8562;
10.1182;
18.3041;
16.9061;
26.658;
23.6863;
21.9711;
20.1724;
18.8824;
18.6309;
17.115;
15.0812;
11.1955;
11.5421;
21.0891;
23.257;
12.5384;
8.65069;
13.4993;
17.4481;
17.5483;
14.7859;
13.6311;
13.6716;
16.4381;
13.144;
12.6132;
15.0994;
7.13738;
15.3106;
21.0457;
19.4393;
16.2276;
13.8233;
12.3944;
27.8031;
27.9809;
23.1814;
20.5605;
26.218;
24.7239;
17.657;
18.0051;
16.8738;
8.82221;
26.3396;
12.955;
17.6073;
12.1814;
21.5615;
27.7573;
29.824;
14.0114;
26.3709;
23.4305;
16.7866;
19.5634;
15.0492;
19.8862;
11.0286;
12.6521;
13.1263;
17.0763;
14.2164;
18.3322;
20.4836;
23.3291;
13.5512;
22.8142;
20.3303;
18.8969;
20.6755;
24.0479;
13.986;
26.426;
18.9665;
19.2514;
16.8072;
30.9466;
14.5952;
15.5271;
17.8782;
17.1316;
18.564;
17.5121;
18.6698;
18.2466;
17.8245;
11.6594;
15.5301;
23.8394;
11.887;
18.7569;
13.8072;
10.9433;
13.77;
11.9643;
11.4495;
15.8431;
20.2872;
19.9447;
14.7583;
22.5669;
24.1336;
31.7008;
20.6151;
15.5937;
7.02456;
16.9367;
14.81;
15.7716;
23.4465;
26.8236;
23.8221;
11.5296;
15.6914;
26.213;
17.5271;
12.593;
12.6785;
16.9017;
14.4131;
9.51597;
11.0964;
18.622;
11.6504;
10.3672;
8.78062;
22.0452;
22.9869;
21.4977;
22.3058;
11.9485;
21.2218;
9.0911;
19.6862;
13.7599;
20.4175;
17.282;
14.6193;
30.9751;
19.9913;
21.199;
19.952;
23.2488;
17.0922;
15.6042;
21.8856;
23.2718;
22.5047;
11.6805;
14.6738;
26.7232;
16.5867;
15.1934;
19.1713;
12.27;
11.0626;
12.4062;
16.1062;
20.2255;
15.5208;
13.3203;
15.377;
18.722;
22.4802;
20.5077;
13.4871;
22.1865;
21.2532;
11.6107;
24.7989;
16.0894;
29.7682;
23.0559;
23.328;
25.2178;
13.6145;
21.8649;
24.5439;
17.8381;
19.4096;
25.4415;
16.6775;
22.2213;
16.4722;
16.0595;
12.484;
12.3439;
19.1799;
16.0823;
21.0661;
17.5818;
10.7105;
15.0686;
16.9775;
12.1667;
11.8927;
16.074;
14.0549;
20.1767;
16.1008;
14.3757;
14.9743;
22.9023;
16.5414;
22.2553;
15.0818;
14.0612;
17.5968;
23.0612;
21.0273;
11.1364;
17.4148;
13.8835;
29.7945;
27.6801;
21.4204;
12.337;
20.5924;
23.5281;
18.0655;
18.1534;
22.5721;
15.6352;
28.3801;
25.5308;
24.4237;
21.5596;
20.2998;
11.3049;
22.5947;
18.9925;
23.5445;
22.9817;
19.9728;
10.6683;
23.3646;
18.0344;
16.8396;
15.8381;
15.1688;
25.2504;
13.941;
20.1375;
14.1998;
10.6633;
15.5707;
16.3706;
21.3532;
22.7675;
22.9562;
14.6747;
27.5891;
14.189;
15.6742;
19.0366;
20.3716;
27.9233;
24.1292;
16.0883;
21.6253;
23.4498;
13.592;
19.9053;
19.9862;
12.2348;
15.4004;
18.4605;
13.8728;
14.3475;
21.0191;
11.5636;
16.3002;
12.8406;
16.2143;
14.8449;
11.6977;
25.837;
18.0068;
14.0885;
19.8705;
14.8378;
13.5493;
19.0627;
23.09;
23.1592;
13.9074;
15.3342;
14.8643;
13.636;
12.4305;
17.2523;
13.3696;
14.7582;
20.1245;
23.7124;
27.4497;
18.6011;
15.9933;
13.0821;
16.3189;
12.5424;
12.2124;
13.7208;
18.2335;
12.5309;
13.1341;
17.629;
12.9315;
16.9043;
14.0708;
14.1307;
20.6285;
20.8878;
19.7782;
13.2017;
16.4043;
12.2929;
14.9208;
18.2849;
9.94877;
14.6705;
10.3993;
25.7018;
19.4136;
13.4884;
12.4004;
22.7803;
17.7037;
13.9478;
13.111;
20.5838;
12.813;
19.6525;
13.1146;
25.3757;
28.2009;
15.0178;
12.1264;
25.4464;
16.5913;
17.9;
20.8906;
24.7031;
22.4033;
12.2629;
13.7448;
14.3775;
18.1156;
11.5859;
18.5155;
22.6625;
24.6789;
23.9363;
22.7665;
22.441;
17.8839;
15.9538;
11.2038;
21.3577;
20.1304;
17.9539;
21.3987;
13.74;
28.4246;
22.4755;
21.6772;
27.8986;
13.0959;
21.8552;
9.55194;
15.3875;
22.7578;
13.9896;
12.7221;
10.5852;
15.501;
16.4992;
16.0766;
11.3138;
11.2486;
12.3579;
16.3877;
7.89924;
23.4843;
21.9869;
22.0266;
13.945;
25.882;
22.0116;
18.6362;
17.4394;
28.1695;
20.4754;
20.993;
17.4516;
28.1565;
24.3425;
15.8424;
20.4871;
17.6145;
28.1049;
18.5354;
15.6309;
12.2641;
20.7937;
21.214;
16.3706;
18.9419;
20.4421;
16.4483;
20.6727;
10.9871;
18.1635;
13.6387;
24.9334;
15.4618;
21.9072;
15.5653;
9.30086;
23.7307;
17.7696;
12.6094;
16.3885;
23.1614;
17.054;
19.3372;
16.0653;
25.3965;
16.0498;
14.4551;
22.3565;
16.106;
23.4962;
22.2966;
28.3157;
22.1304;
11.6496;
21.1998;
26.8011;
16.758;
19.0738;
15.7364;
23.7466;
14.9731;
19.2796;
19.7881;
19.9216;
13.3596;
16.77;
13.9096;
17.1588;
17.5692;
22.0398;
10.3339;
22.4944;
14.9081;
22.4574;
13.1698;
25.1522;
13.1215;
13.8649;
13.8579;
25.8697;
23.7152;
19.5784;
19.9119;
11.5079;
9.23431;
22.0887;
22.6611;
17.0228;
13.7298;
35.1188;
19.085;
12.2467;
12.9779;
28.3076;
18.5321;
22.7587;
21.1566;
22.724;
22.051;
22.6605;
15.6372;
14.7628;
25.7641;
16.2784;
22.5822;
15.4445;
14.3205;
18.5837;
17.1552;
21.3856;
21.8773;
19.215;
13.7174;
24.4062;
24.6384;
24.7865;
15.1068;
14.6433;
16.0345;
17.247;
22.4816;
22.0977;
14.7564;
23.3129;
11.7591;
10.9027;
28.6425;
14.6948;
17.1311;
8.92514;
13.8387;
12.9406;
13.1786;
16.1026;
13.5542;
17.3759;
13.709;
11.2447;
17.4156;
19.6396;
22.7582;
21.9354;
23.1431;
11.779;
13.5684;
23.3217;
26.2888;
23.9638;
12.6845;
17.0616;
17.2018;
23.05;
12.2403;
10.5058;
19.9671;
25.1276;
22.5749;
17.8739;
27.7852;
24.53;
19.1384;
16.9066;
15.3605;
15.3533;
13.4137;
20.8453;
15.3813;
19.4464;
24.5338;
11.8452;
15.0848;
13.6409;
22.2706;
15.8103;
25.3941;
22.593;
27.1435;
19.6622;
9.46313;
12.6366;
16.1282;
16.3578;
20.3989;
15.56;
12.8836;
25.318;
20.1375;
12.7755;
21.5258;
17.9936;
15.0939;
11.9094;
12.1249;
12.6324;
21.5667;
18.6165;
21.0859;
23.4025;
18.1936;
15.1113;
17.4548;
12.9515;
20.9487;
30.4327;
14.9591;
23.8411;
15.5979;
13.2785;
15.0656;
19.8588;
17.4831;
12.2755;
18.058;
22.9461;
28.735;
13.5991;
15.2739;
13.3897;
12.3524;
20.9016;
27.0967;
21.6859;
23.5842;
16.2577;
16.16;
22.5626;
23.1276;
24.3855;
17.0158;
18.4722;
12.733;
16.1326;
19.1669;
15.3476;
12.6186;
19.9131;
10.7403;
15.5808;
25.9397;
29.3351;
12.6705;
12.1842;
17.5414;
21.5628;
24.1887;
23.9097;
15.2934;
12.2304;
25.8471;
28.8708;
10.9044;
24.8119;
21.9727;
13.6344;
13.1705;
19.6141;
21.4288;
24.5552;
20.3283;
20.2245;
26.7375;
19.1772;
14.8748;
17.8754;
26.5235;
20.7195;
17.4162;
26.9593;
24.1662;
20.3144;
25.5481;
13.7777;
24.7762;
23.2077;
13.1172;
19.924;
16.8104;
14.5551;
13.0496;
15.9407;
14.9355;
21.42;
16.0316;
13.9441;
16.6271;
14.5429;
15.8299;
15.3168;
25.9335;
18.0272;
15.1999;
11.5268;
10.3498;
14.3179;
16.0483;
12.8614;
26.5281;
15.7095;
29.0658;
16.334;
17.9995;
25.8503;
13.7306;
19.8296;
14.6726;
17.322;
13.5393;
20.6917;
14.8159;
12.1258;
19.1236;
28.3721;
16.9779;
17.907;
24.9214;
24.7821;
14.7859;
20.022;
14.1474;
14.2342;
22.005;
18.8663;
21.0351;
18.3147;
14.0017;
12.7571;
15.5072;
12.8958;
26.1835;
26.6479;
27.713;
14.4291;
29.3347;
18.031;
25.0912;
13.015;
22.3081;
15.431;
18.887;
14.5626;
22.4941;
21.7406;
22.303;
16.0582;
30.0871;
20.5124;
21.8445;
22.5002;
19.495;
20.7834;
12.0978;
13.287;
24.555;
20.3819;
18.4506;
24.8378;
23.5209;
27.3278;
10.7082;
15.4051;
11.8828;
17.505;
18.6473;
12.6598;
12.4338;
14.7326;
14.9598;
19.9211;
24.933;
23.367;
12.9217;
31.0778;
17.4041;
27.4377;
23.0249;
24.5447;
22.9632;
16.0455;
26.6117;
26.3306;
14.4102;
17.6842;
16.7723;
22.3966;
14.4984;
24.4428;
13.0444;
19.9973;
10.5538;
14.4547;
30.8339;
25.6824;
16.3949;
17.7868;
25.2045;
25.4225;
17.1851;
16.0207;
16.1754;
13.8135;
23.0527;
18.882;
21.0497;
23.2324;
15.0039;
21.8733;
14.5199;
13.4639;
24.5578;
13.7346;
23.7512;
13.9691;
23.413;
17.9629;
22.9964;
26.163;
17.1203;
17.0771;
20.7629;
23.4988;
15.3573;
11.9485;
15.5157;
13.4186;
10.7791;
16.4139;
15.5115;
19.2561;
15.6712;
14.7515;
19.7595;
15.3492;
21.1322;
22.7213;
17.9913;
9.59836;
9.74183;
16.7155;
18.923;
29.6399;
14.8365;
20.2596;
21.4355;
17.7358;
13.0193;
16.2849;
13.8151;
13.4313;
29.1425;
21.3413;
24.7386;
17.4603;
13.7277;
17.4497;
29.3747;
20.7229;
22.9508;
18.141;
21.6612;
31.1254;
25.4396;
25.4535;
18.6477;
13.9664;
14.5707;
17.5018;
25.3868;
10.9496;
13.7529;
10.6652;
14.122;
14.8803;
12.2739;
26.7406;
19.0958;
33.4164;
24.9663;
20.5645;
11.6186;
18.2719;
24.2884;
22.4735;
13.1;
14.3257;
13.0984;
27.1978;
12.6849;
14.4687;
26.1208;
13.4378;
23.3032;
18.9546;
15.161;
15.2815;
14.5957;
15.4579;
12.345;
12.6924;
12.9671;
14.6369;
11.4641;
11.8179;
11.6595;
13.7192;
19.6423;
17.3189;
24.6254;
18.0001;
19.5111;
22.5609;
15.7243;
13.8998;
15.532;
18.524;
17.5876;
25.5084;
15.3802;
17.3111;
12.9252;
14.4791;
18.0147;
15.5386;
18.9495;
13.2492;
16.1966;
13.2409;
14.5724;
14.0755;
33.4847;
19.1124;
21.5357;
12.8458;
16.7316;
24.9783;
22.375;
20.0215;
15.7926;
21.4942;
14.3778;
20.3848;
26.3066;
14.1382;
19.3878;
26.2451;
19.1267;
13.6204;
12.6953;
16.3938;
17.6033;
21.409;
19.86;
24.7099;
16.78;
16.0933;
13.6727;
16.3443;
11.98;
21.8605;
25.9383;
14.5924;
16.4082;
11.4473;
23.6666;
10.2412;
23.7928;
11.0771;
15.3691;
22.0852;
15.4907;
13.6508;
14.5424;
16.2797;
14.2938;
10.4721;
12.7365;
10.8388;
15.1089;
16.5277;
20.4332;
18.7144;
10.8993;
17.7557;
12.4265;
15.462;
17.3936;
12.5307;
14.1154;
13.2462;
16.4673;
14.4678;
25.9451;
9.0417;
14.6964;
18.1343;
20.5598;
13.908;
13.5065;
28.0279;
12.7578;
23.3477;
11.066;
25.3668;
22.239;
26.5906;
8.37212;
11.3292;
21.97;
16.4208;
22.4321;
23.1274;
13.5908;
26.9229;
23.5536;
21.1236;
12.0173;
16.6102;
12.4846;
14.8253;
15.0904;
15.2056;
15.7709;
14.3051;
16.3159;
23.143;
21.0702;
22.33;
25.7342;
11.0164;
14.9632;
21.6781;
13.9827;
10.7615;
14.9954;
20.6024;
8.68558;
28.6113;
19.8637;
23.7782;
30.9779;
23.8111;
12.1942;
14.245;
11.5645;
15.7448;
21.5153;
21.6122;
24.9269;
13.0516;
16.6117;
27.5556;
13.9641;
14.2645;
18.0034;
20.9086;
22.8858;
11.2324;
12.4242;
15.1636;
11.9384;
15.6911;
27.7352;
20.0931;
9.62917;
25.4457;
26.2754;
10.4604;
22.2405;
14.3816;
23.4351;
13.6721;
22.6324;
17.6164;
13.2004;
14.1076;
16.6428;
25.1933;
16.3119;
14.0336;
12.9045;
10.8305;
28.2266;
22.4421;
13.0127;
16.5514;
12.366;
14.296;
17.024;
24.2567;
12.5265;
25.2437;
24.3663;
20.4637;
16.6751;
19.5081;
11.0192;
21.26;
18.8445;
19.0407;
14.4636;
13.0084;
28.6568;
21.2539;
29.9329;
19.9667;
12.8795;
11.3933;
15.8033;
16.635;
14.515;
14.0212;
25.7544;
15.2244;
15.0496;
11.9731;
26.9699;
18.6929;
26.2332;
15.2653;
21.0068;
24.8301;
11.867;
11.1703;
12.1854;
20.2392;
14.2602;
11.3896;
14.2217;
21.5015;
13.6087;
27.0336;
18.0146;
15.2184;
25.3711;
13.8228;
28.1214;
20.5418;
12.4937;
14.9048;
15.3686;
11.3071;
17.2539;
11.8382;
9.94824;
13.5512;
20.8904;
17.0152;
15.7301;
16.6893;
11.5989;
11.303;
13.0354;
16.7435;
23.8045;
13.5453;
20.9045;
21.4434;
26.5927;
13.5231;
25.5022;
26.6012;
21.3202;
24.2869;
19.9133;
24.8422;
22.2016;
28.6188;
13.0637;
15.89;
17.2806;
11.9765;
14.5653;
12.6732;
22.4164;
25.6821;
13.4251;
12.5906;
14.2274;
17.6782;
23.6256;
11.6251;
12.3302;
12.846;
15.4618;
15.6716;
21.5772;
10.0426;
23.2104;
22.5096;
18.6321;
14.6797;
13.3015;
14.6711;
10.4972;
12.1763;
15.1133;
23.9416;
10.0283;
29.6338;
19.3627;
20.6869;
17.8386;
15.6139;
11.7081;
13.0271;
14.5496;
10.165;
13.9413;
14.958;
11.3496;
22.421;
26.901;
23.8499;
12.761;
11.3438;
19.2806;
22.1363;
22.2615;
21.764;
14.9135;
21.6191;
20.9159;
8.55245;
13.9462;
17.1445;
11.4837;
12.3369;
23.3057;
16.0783;
10.3201;
28.9912;
8.71456;
22.2264;
22.3141;
16.6579;
25.2799;
20.9398;
16.5414;
14.6805;
14.3805;
12.2833;
19.2507;
13.4262;
23.2886;
20.6561;
23.3027;
29.8895;
16.856;
12.2064;
10.6886;
12.5562;
27.3853;
14.7024;
21.5554;
25.0688;
26.7809;
18.2385;
25.0937;
25.2433;
20.0534;
13.7149;
26.4077;
26.9745;
29.6742;
26.1101;
22.9318;
19.8637;
12.4655;
17.0756;
21.4296;
24.9871;
21.6715;
13.2153;
12.5208;
22.3672;
22.4536;
21.7541;
13.544;
20.6797;
26.9766;
10.1165;
15.8292;
22.7452;
24.3801;
23.8176;
13.6539;
10.0341;
12.4748;
15.562;
26.1008;
27.3875;
24.0952;
15.4867;
12.4622;
17.4459;
22.7616;
20.7318;
26.958;
24.6549;
13.5823;
16.8134;
13.6388;
17.6884;
10.5585;
16.6861;
12.9022;
14.0226;
14.2707;
15.9665;
27.2728;
24.0385;
25.6569;
24.6419;
13.2493;
10.8585;
14.3153;
22.6017;
27.757;
18.7552;
21.0519;
8.21632;
23.2302;
25.2016;
24.0528;
10.976;
11.8329;
12.7739;
16.3166;
25.8364;
14.3376;
11.5989;
14.9069;
18.2202;
16.2392;
30.4006;
25.1526;
11.8851;
11.6934;
18.8725;
15.8324;
13.6471;
18.3686;
20.2789;
14.1111;
14.2408;
24.1292;
15.3578;
7.99801;
21.9765;
23.4245;
26.2392;
21.4158;
23.5868;
22.662;
26.7725;
17.0258;
10.3441;
14.9997;
17.9189;
16.9906;
15.0764;
22.5679;
20.8096;
11.1734;
11.7367;
27.296;
24.4372;
21.8883;
16.773;
27.159;
23.8127;
12.5311;
18.1725;
13.8984;
15.6395;
21.4443;
21.5746;
18.7796;
28.1269;
15.7795;
16.0274;
17.431;
25.6492;
19.5483;
17.2275;
23.8857;
21.2606;
18.3133;
15.099;
15.8845;
11.9243;
13.3021;
17.2839;
15.8242;
19.2588;
12.2213;
21.228;
17.1497;
25.6925;
24.7688;
10.551;
20.3458;
16.9756;
14.4222;
25.5245;
15.6388;
15.9021;
9.29682;
15.8545;
12.924;
23.5783;
11.0216;
27.496;
19.7489;
23.2869;
18.1273;
14.7377;
16.2151;
11.5767;
8.63343;
16.147;
9.01027;
14.0077;
16.0767;
14.5388;
12.7627;
11.2695;
15.4459;
11.7821;
13.0151;
13.7306;
24.7062;
23.4939;
26.1983;
15.8493;
15.1126;
28.7411;
21.4184;
22.4269;
21.3363;
21.2096;
19.0432;
13.9997;
12.2888;
18.4849;
22.8034;
21.2898;
23.5145;
11.708;
12.0413;
13.6642;
9.11848;
12.891;
21.3953;
14.3615;
11.5506;
17.2775;
25.3259;
15.074;
13.7487;
12.4443;
21.7408;
14.163;
17.1387;
13.2932;
24.5481;
12.4968;
14.4615;
12.6187;
20.9774;
11.9478;
14.1703;
10.1675;
15.861;
18.1049;
25.1138;
25.562;
23.1358;
16.3407;
23.0386;
22.2174;
19.8675;
23.3035;
12.5781;
14.1941;
12.8356;
10.726;
10.5492;
14.7644;
12.5697;
14.9686;
12.6692;
22.9383;
23.7161;
14.2865;
24.3824;
9.61008;
18.1685;
15.6429;
16.9728;
22.4864;
16.3499;
22.6774;
12.0301;
25.9469;
24.7064;
21.7018;
21.3786;
27.9743;
21.1084;
21.033;
15.4044;
16.1682;
25.5548;
11.772;
26.8947;
18.5335;
26.2733;
17.1414;
18.7633;
30.3312;
23.5617;
19.681;
18.2433;
14.242;
20.1441;
14.1884;
23.9997;
14.3366;
12.1834;
14.1712;
23.9859;
22.3454;
11.6349;
8.34566;
17.607;
27.5489;
20.7231;
22.2265;
23.8021;
14.3544;
20.1299;
25.97;
19.9192;
9.68065;
22.5449;
26.3668;
11.7589;
13.9062;
26.8397;
13.2127;
27.0762;
17.7959;
12.2022;
13.9618;
13.7038;
10.5194;
21.5695;
21.3308;
21.3274;
14.2485;
14.1257;
23.9923;
25.8157;
23.9852;
28.572;
14.642;
19.1607;
22.6178;
16.1;
21.3204;
10.9628;
13.5404;
13.4544;
12.3756;
20.9564;
19.5716;
22.3006;
28.5844;
13.9991;
12.8719;
21.0024;
20.2177;
17.0808;
9.25451;
12.8091;
16.7714;
26.7177;
10.0902;
14.9221;
11.8929;
12.9946;
25.5444;
23.5203;
20.8407;
25.821;
17.2223;
16.8775;
24.5953;
26.1085;
21.2123;
18.7092;
16.6399;
12.685;
20.5308;
24.1726;
26.7147;
13.9602;
29.6876;
15.4766;
12.1751;
14.9979;
19.5178;
15.6046;
15.5654;
13.771;
15.9028;
14.5329;
16.6602;
23.9951;
13.9281;
19.5175;
12.9816;
22.6671;
24.7826;
17.1813;
22.0456;
22.4867;
9.70972;
15.7371;
22.3706;
10.5667;
23.7933;
16.5886;
26.4864;
24.7463;
13.5716;
27.6831;
24.169;
28.4267;
22.9374;
15.5547;
12.2073;
13.418;
14.9428;
24.0442;
28.9589;
22.4761;
27.6878;
20.0169;
20.3501;
16.3343;
11.7647;
19.5415;
11.889;
24.5218;
24.1543;
29.3736;
19.5533;
11.134;
22.2217;
16.9547;
12.1008;
28.4817;
13.1832;
22.3033;
25.3681;
21.8533;
24.2532;
22.3489;
27.9242;
19.6219;
22.2235;
24.5316;
16.529;
20.8969;
25.8446;
10.8833;
21.6176;
19.9475;
18.67;
13.0987;
26.5252;
22.9031;
26.5991;
27.4556;
20.0284;
14.4852;
20.642;
18.4102;
14.3316;
15.2704;
9.57618;
13.7583;
21.9841;
20.3344;
12.2375;
14.7029;
29.0839;
32.0332;
16.101;
20.4311;
12.3066;
26.5741;
14.4969;
17.6897;
17.6456;
13.0845;
23.3161;
26.9628;
25.9528;
22.8904;
13.3077;
17.656;
19.0085;
15.3544;
15.0375;
21.2676;
15.9273;
13.2422;
11.4597;
23.2355;
23.7128;
28.3454;
18.7049;
27.6751;
24.1688;
10.3351;
13.6918;
14.9499;
14.5318;
17.3828;
19.6919;
14.9453;
23.0836;
20.6734;
22.94;
21.9793;
22.0679;
14.7183;
14.8027;
19.08;
27.8434;
20.9129;
21.9003;
22.455;
9.34684;
18.4221;
18.4944;
24.982;
22.7369;
25.6437;
18.8145;
20.4708;
11.2563;
20.6204;
13.3712;
15.0526;
21.394;
19.6609;
13.1011;
16.9356;
22.4226;
21.1408;
9.27151;
16.1941;
23.7418;
21.7448;
20.4935;
13.1215;
27.1223;
21.8061;
26.7742;
14.1131;
15.4154;
20.9108;
16.5964;
31.4896;
17.9516;
12.0573;
28.7197;
21.1934;
24.0002;
12.5038;
12.6494;
14.5667;
12.7971;
15.2775;
14.0105;
12.162;
17.9831;
16.1984;
13.3202;
21.5637;
21.8339;
24.5113;
10.8311;
10.1949;
14.9492;
17.068;
18.9773;
22.6371;
15.5191;
17.8448;
23.7599;
12.1823;
13.6257;
13.931;
11.3807;
12.6367;
16.9729;
9.56392;
17.7676;
14.2168;
11.9844;
12.9965;
10.659;
21.0617;
30.0444;
9.8904;
19.9439;
26.5356;
11.6593;
21.6219;
10.3914;
22.8808;
27.78;
12.7285;
16.0725;
22.7306;
19.7189;
14.5784;
11.4607;
26.1189;
21.5968;
21.0436;
21.4574;
15.366;
14.273;
12.924;
13.4356;
19.4695;
23.9712;
13.863;
26.6797;
17.745;
19.5532;
11.6372;
15.5332;
22.7186;
15.9924;
20.3072;
15.2509;
15.5841;
17.1268;
12.7304;
13.9977;
28.2733;
24.0628;
22.5324;
24.3883;
14.3983;
18.2578;
13.373;
12.4264;
12.552;
21.6557;
21.5995;
24.7981;
14.4573;
27.2662;
24.5925;
20.3828;
23.4565;
14.5582;
12.9465;
15.2383;
13.1031;
10.7545;
11.0675;
9.03775;
13.0698;
12.6524;
19.5295;
18.2429;
23.721;
15.1633;
20.7352;
13.8951;
11.7818;
13.5234;
22.5003;
19.3906;
18.3667;
19.0515;
27.6977;
21.3188;
21.1043;
26.9319;
20.4762;
15.0267;
25.8308;
25.1897;
13.9349;
21.3427;
22.3804;
18.6101;
21.1799;
20.5779;
12.8145;
21.9277;
22.9013;
24.1352;
11.4608;
17.3396;
18.34;
11.2045;
11.8989;
14.5102;
14.9406;
10.7626;
20.9065;
11.7161;
21.5045;
21.31;
17.3535;
29.5697;
18.6005;
12.8676;
14.0915;
20.8761;
22.1763;
25.3307;
17.1751;
16.6241;
24.8067;
16.8945;
12.4881;
23.3124;
23.9148;
22.1184;
20.2655;
18.9475;
21.8218;
11.7342;
22.5637;
11.659;
13.4161;
15.7323;
20.5131;
23.1756;
13.4513;
19.7679;
13.5418;
12.9208;
12.9196;
13.3999;
17.6838;
15.788;
11.91;
19.9659;
22.8266;
14.2834;
19.5108;
21.8197;
24.034;
24.946;
13.3536;
12.7648;
23.1355;
21.827;
20.7803;
25.1902;
12.2223;
22.6149;
17.7641;
24.4604;
23.0077;
20.1826;
29.1203;
23.7774;
21.7212;
18.2928;
13.5953;
12.8712;
12.9064;
20.7326;
15.1176;
12.3311;
22.4473;
11.9185;
10.2638;
14.8936;
11.3787;
20.8998;
22.4648;
24.848;
13.1905;
27.6153;
18.8805;
25.499;
24.3051;
17.1157;
18.233;
17.2174;
23.8505;
29.4741;
11.7526;
24.536;
25.6867;
23.1139;
11.487;
19.9311;
22.7666;
19.8719;
12.7743;
12.7913;
14.5453;
21.4526;
23.9828;
25.6904;
10.608;
23.1422;
13.8213;
15.1384;
17.1208;
18.146;
27.7649;
14.5952;
14.3105;
11.1429;
21.3429;
14.3292;
18.8423;
10.6143;
9.35224;
11.474;
13.847;
11.8022;
16.0397;
9.13163;
13.5794;
11.5839;
24.6254;
16.1343;
25.1232;
11.9512;
22.3847;
19.7987;
23.3591;
12.5181;
12.1504;
12.8945;
10.9327;
24.0908;
18.4834;
11.8412;
21.5493;
23.4285;
23.3407;
20.8084;
19.5514;
14.7446;
15.5653;
22.5014;
25.1943;
22.3837;
28.1123;
18.7318;
24.8282;
27.4122;
23.3065;
20.587;
22.3785;
23.0075;
14.0612;
20.712;
22.7746;
19.6089;
13.0854;
24.5449;
18.7081;
16.158;
20.0618;
18.7016;
25.3849;
19.9482;
17.3583;
20.5068;
22.7901;
23.2626;
16.7514;
23.2894;
22.676;
19.9571;
14.8581;
16.5427;
13.1487;
27.8722;
21.1007;
23.9819;
26.4437;
22.4973;
21.5542;
20.4361;
16.8885;
15.6457;
21.5598;
15.7003;
13.2368;
11.7538;
11.5481;
11.1739;
27.1837;
19.6782;
20.6964;
22.5185;
24.1506;
12.3641;
21.5613;
23.3749;
15.3892;
25.4196;
11.9663;
26.6632;
21.1253;
25.4208;
21.2893;
26.6985;
28.5184;
25.405;
19.7031;
24.9312;
13.7642;
23.3528;
18.7862;
16.0685;
23.0423;
17.5949;
14.9111;
14.4613;
24.0771;
15.9558;
12.0696;
24.7516;
18.489;
26.6174;
20.7363;
19.3711;
17.5836;
21.885;
17.6553;
8.79368;
11.4668;
12.2711;
13.8449;
14.1406;
18.3791;
23.8728;
18.7132;
16.816;
28.3262;
21.3519;
24.3204;
21.6615;
13.312;
14.7545;
14.4803;
12.6711;
12.4705;
25.3016;
20.3959;
15.9127;
15.3601;
11.2216;
23.4909;
19.5775;
20.1432;
14.2245;
12.8683;
11.5392;
14.1663;
14.7072;
22.9897;
11.9962;
20.6198;
16.5777;
24.3973;
12.9155;
20.7141;
19.1038;
22.8796;
25.2599;
22.6936;
22.5441;
13.6333;
20.118;
24.8761;
23.6733;
22.3402;
22.6867;
12.0183;
21.7376;
22.5366;
18.1598;
16.0044;
12.2724;
21.6106;
15.2214;
20.1866;
22.0824;
17.1215;
19.624;
26.9374;
13.4038;
22.4494;
22.4615;
24.4925;
23.3807;
26.7607;
24.2408;
22.0058;
18.917;
21.5259;
18.1951;
12.914;
15.024;
17.0621;
21.4543;
14.1818;
13.5861;
12.7656;
23.7351;
22.7418;
19.7856;
20.0375;
22.3297;
13.1681;
18.1469;
12.1801;
13.1623;
13.6515;
22.8036;
21.0164;
24.3843;
27.0096;
23.263;
28.7253;
19.2099;
13.3503;
11.835;
15.7175;
22.6013;
27.8542;
18.048;
13.8812;
22.5698;
17.4099;
19.6315;
19.2639;
22.9804;
21.533;
22.4368;
19.049;
20.3993;
23.5185;
14.3527;
13.5724;
13.154;
22.6955;
8.95102;
20.9167;
25.0324;
14.6128;
21.3011;
24.0929;
17.1261;
23.2522;
25.9607;
19.0834;
22.0918;
18.1379;
26.8171;
28.3871;
14.0686;
12.1898;
15.3918;
21.6681;
17.7631;
17.3313;
14.4331;
18.4566;
23.2131;
21.5273;
24.9504;
27.3379;
13.1159;
17.2669;
17.2189;
14.2621;
22.297;
14.6415;
21.996;
24.8361;
22.8817;
23.8461;
21.9793;
23.739;
15.8444;
15.8961;
13.9695;
12.8481;
22.1698;
22.2525;
25.4135;
21.3307;
28.457;
17.9373;
18.8543;
25.5561;
17.1821;
12.9334;
26.1657;
20.6511;
24.1425;
22.0622;
21.9897;
27.2067;
22.886;
19.6486;
12.3756;
24.5187;
22.964;
20.0281;
17.6743;
16.0743;
16.8336;
17.7619;
15.9679;
13.1103;
16.8225;
25.0003;
13.5102;
23.892;
14.5824;
12.548;
25.7267;
14.733;
16.4528;
12.5781;
28.8966;
21.8097;
24.5409;
26.3783;
25.5222;
26.5978;
19.5373;
18.6443;
15.2592;
14.2527;
13.9439;
13.225;
21.8528;
26.792;
20.958;
22.1002;
23.9401;
20.1066;
26.3935;
17.786;
23.0133;
17.5996;
14.5604;
28.0761;
25.6589;
19.3764;
21.2033;
20.8731;
11.058;
19.6779;
10.4239;
13.717;
11.8921;
21.9419;
22.5975;
15.4717;
16.395;
17.1153;
12.878;
12.9173;
12.364;
13.1743;
12.8141;
11.2431;
23.6683;
15.2877;
21.2884;
24.2143;
21.0916;
14.1347;
23.8283;
25.6366;
20.0793;
13.3634;
14.7971;
14.6506;
27.8089;
6.98743;
23.5348;
14.8289;
24.4514;
26.7519;
24.5611;
16.5214;
13.6619;
15.2595;
16.6971;
16.9109;
21.5226;
20.068;
27.699;
25.0817;
27.657;
22.4936;
14.2135;
20.7314;
22.5728;
29.1341;
13.5607;
12.4356;
23.2479;
17.0518;
13.0241;
17.0133;
22.0881;
11.8918;
15.7989;
19.1774;
24.1032;
20.9825;
21.7486;
16.4284;
25.081;
21.8728;
25.2502;
19.9737;
26.5402;
23.3194;
24.4338;
18.3937;
25.9034;
22.3751;
27.5241;
22.3938;
15.6437;
20.5208;
15.6261;
24.9709;
10.4684;
24.7275;
25.0076;
20.5722;
22.5703;
29.2681;
28.0868;
21.2544;
21.5536;
20.8233;
27.561;
26.3818;
22.1714;
15.3821;
12.2439;
23.801;
24.6687;
21.2169;
12.5438;
16.6324;
15.8434;
25.5485;
28.3318;
22.6183;
14.11;
11.0873;
12.8548;
18.9181;
11.6169;
20.5802;
20.6242;
26.6517;
23.2351;
22.9357;
19.6757;
23.9208;
21.575;
13.9058;
22.2433;
20.6315;
21.031;
28.3562;
15.4212;
22.8592;
22.2701;
23.8116;
15.7627;
14.058;
23.7843;
24.5894;
21.6166;
20.4957;
15.6177;
17.226;
26.0597;
21.1841;
14.4079;
28.117;
16.1039;
20.5085;
13.4028;
14.3255;
17.02;
12.2478;
15.0837;
14.5499;
20.4462;
13.7925;
20.3435;
19.52;
24.6494;
19.6854;
24.8117;
19.6383;
20.5227;
14.7612;
14.7057;
25.4061;
25.2093;
19.6667;
20.4238;
15.8821;
13.7241;
17.1987;
12.8891;
14.5108;
16.5876;
27.0559;
20.243;
13.7878;
17.4227;
12.1859;
14.358;
23.7725;
23.7499;
21.2615;
19.2562;
20.2648;
17.8146;
25.2782;
22.593;
23.354;
21.0172;
21.773;
22.0669;
15.9144;
10.3189;
16.9516;
13.9555;
20.4512;
26.8667;
15.0503;
23.3288;
22.6103;
23.5646;
26.8481;
17.7699;
23.3377;
20.2063;
21.0545;
21.2455;
20.9539;
19.476;
12.9777;
14.0204;
25.2969;
24.1271;
12.8022;
26.756;
20.908;
19.4858;
20.384;
21.8294;
24.1713;
15.2669;
25.9988;
13.1108;
14.3123;
15.6515;
24.1247;
14.7456;
23.1743;
21.8032;
21.0625;
25.7805;
13.4731;
11.3867;
22.6741;
21.023;
11.6237;
20.9789;
17.9519;
13.3487;
18.5997;
20.8667;
23.2847;
22.3028;
16.7768;
22.2925;
13.8751;
10.435;
12.2011;
18.8799;
28.0816;
19.2013;
26.5862;
10.1193;
24.1113;
19.9615;
24.2233;
24.2744;
12.9344;
24.9025;
23.8916;
22.5093;
19.1643;
14.5597;
15.3633;
15.5817;
25.583;
23.2389;
24.6597;
15.2231;
12.5601;
14.3714;
14.9122;
23.2402;
19.2236;
14.4681;
14.4524;
14.5607;
11.4235;
24.9554;
15.8233;
11.1417;
20.9696;
19.2377;
24.8476;
19.9679;
13.7815;
13.3094;
12.729;
18.2714;
22.294;
21.6634;
18.5428;
23.1551;
14.2118;
16.2447;
23.7617;
23.8547;
18.9039;
22.8974;
23.8954;
21.2503;
22.8482;
28.6438;
20.5892;
15.2355;
11.8553;
24.1131;
13.8706;
14.4197;
13.9061;
18.9563;
19.6001;
20.5225;
22.8845;
22.2057;
24.4773;
23.883;
18.9145;
18.0518;
13.0697;
26.8715;
26.2737;
15.042;
16.2197;
20.439;
16.5696;
22.9911;
21.919;
15.1573;
25.3719;
14.5916;
13.38;
21.1981;
14.5506;
13.8581;
24.284;
18.0945;
11.2653;
12.2414;
23.5834;
23.6738;
23.4532;
21.2729;
14.683;
20.4597;
24.3948;
17.7235;
20.3938;
10.6239;
17.0294;
22.0915;
24.5091;
23.764;
12.9604;
19.5302;
25.2661;
30.764;
24.2929;
27.5857;
19.7244;
23.6793;
28.1486;
25.0687;
18.8681;
19.5873;
18.7819;
15.4779;
23.7281;
22.8004;
18.814;
21.0305;
23.475;
25.0256;
13.5045;
11.9921;
15.8912;
22.7247;
14.3337;
21.7998;
22.7744;
26.6462;
13.3345;
29.7281;
20.1836;
21.929;
22.5518;
22.6851;
21.0953;
21.9603;
16.4623;
22.6616;
21.8883;
21.944;
25.7341;
17.0906;
12.3377;
13.3322;
18.8196;
18.7382;
19.4134;
25.7858;
14.5674;
14.8483;
14.1618;
19.5746;
13.1907;
20.9249;
23.3441;
24.1212;
20.8895;
15.943;
15.404;
13.4934;
25.6645;
24.8137;
11.1773;
14.7942;
22.403;
20.9694;
21.8636;
24.8883;
23.9905;
19.5211;
21.6193;
25.5508;
20.4851;
23.4441;
18.5325;
18.6814;
12.1294;
18.6695;
14.6622;
15.7861;
25.6452;
24.0006;
22.4518;
12.8638;
23.2315;
22.4416;
19.9932;
21.6941;
19.9465;
16.1942;
17.6459;
21.4869;
14.7904;
25.5845;
22.4347;
21.4828;
23.0558;
16.9088;
20.6383;
17.6284;
23.9668;
22.3239;
18.4301;
23.9601;
25.3739;
24.6261;
22.3494;
21.6883;
23.0945;
19.8852;
24.4228;
20.8552;
23.8713;
13.6557;
16.9287;
19.7781;
23.8446;
13.4886;
19.9287;
20.8099;
25.3065;
23.5581;
14.9654;
12.8845;
12.8117;
14.6158;
16.9702;
10.8089;
12.0818;
9.85374;
14.8753;
26.0916;
15.3888;
18.9436;
9.21855;
23.0825;
22.0451;
14.4722;
12.5432;
22.8148;
19.7658;
22.9227;
11.507;
18.2857;
22.1723;
19.02;
23.793;
21.9893;
11.3691;
19.738;
22.8579;
25.2451;
19.7783;
23.5653;
23.4321;
21.3528;
20.5764;
21.4284;
12.3563;
18.9003;
22.889;
22.9306;
21.3298;
17.4634;
15.1197;
24.7719;
21.1191;
18.7349;
23.6728;
13.119;
17.9912;
20.3938;
25.0977;
13.809;
15.0647;
21.2201;
16.4131;
18.8271;
23.4874;
23.5428;
23.4343;
25.7398;
13.717;
24.2483;
23.624;
16.7294;
14.8045;
26.5544;
24.8632;
24.1625;
21.2105;
22.5826;
15.117;
11.4946;
12.4206;
14.6849;
23.4371;
22.0026;
24.1812;
14.437;
20.218;
27.0245;
23.1979;
14.2093;
14.3868;
19.6111;
21.0336;
20.3199;
24.8718;
17.9922;
23.3478;
21.7663;
17.8618;
24.112;
22.4861;
19.6081;
20.2647;
16.3229;
17.8828;
12.3872;
20.9633;
12.5603;
14.0086;
13.482;
11.1251;
11.6286;
16.3544;
28.4182;
21.1093;
20.2132;
20.163;
12.6443;
12.123;
14.3924;
12.9552;
26.8072;
17.8725;
14.433;
16.674;
24.6137;
21.5593;
20.9806;
22.466;
20.8871;
26.8708;
11.2271;
14.3205;
12.2735;
18.5495;
15.6132;
22.2848;
19.367;
14.7103;
21.6831;
24.5377;
21.6728;
13.9262;
14.8405;
12.9987;
13.4905;
21.5235;
13.2845;
14.3443;
23.0389;
15.0668;
22.3087;
17.5456;
20.8766;
14.6574;
14.1893;
11.8738;
21.3864;
15.7696;
20.6375;
13.2928;
13.978;
23.5315;
22.2404;
14.3429;
25.1699;
20.938;
13.4126;
13.3311;
22.9035;
15.2186;
13.7372;
21.4397;
17.3777;
22.238;
12.7417;
22.197;
15.1506;
22.8615;
11.3085;
20.7609;
14.1432;
15.1972;
9.23877;
20.6586;
14.9505;
24.3628;
15.0564;
22.9582;
11.0809;
11.3713;
22.1074;
12.7227;
14.7823;
13.7853;
13.0417;
15.2714;
11.2833;
14.7206;
15.459;
19.7658;
14.3508;
19.7771;
10.4062;
22.0595;
9.21092;
22.8497;
21.8993;
13.1343;
22.7272;
16.4493;
14.1314;
13.5158;
16.5024;
13.6566;
21.9839;
22.7379;
12.941;
22.5587;
17.3525;
26.5207;
13.3305;
12.2577;
10.7115;
19.7499;
28.6298;
15.7578;
23.478;
15.8064;
15.7767;
15.9695;
10.8838;
16.6596;
20.4948;
21.2134;
13.6156;
13.614;
15.1511;
14.2255;
12.5313;
14.3038;
14.0022;
24.1179;
13.4423;
19.0812;
12.3438;
18.9631;
15.8646;
13.8155;
13.8812;
17.432;
12.4617;
18.0914;
13.2574;
21.1137;
12.3319;
22.5267;
14.5087;
13.7754;
15.5467;
15.5117;
14.6132;
18.1536;
16.427;
12.6545;
11.7341;
18.8303;
12.1573;
10.4987;
13.8558;
15.5713;
12.9587;
18.2518;
13.3837;
20.9473;
19.4101;
12.8735;
14.61;
13.1862;
21.0208;
17.6058;
12.5008;
10.1478;
10.7226;
24.6514;
17.0864;
13.0872;
13.0755;
11.7343;
23.1536;
15.6957;
11.5161;
12.4315;
19.4965;
11.8741;
10.3672;
11.5994;
12.6731;
14.6708;
15.1829;
14.1086;
17.3965;
14.2157;
11.6546;
18.1637;
15.4972;
12.3869;
13.6375;
9.24774;
11.3637;
12.1367;
20.0755;
14.2231;
7.90077;
14.4701;
13.1052;
12.1381;
18.7278;
12.7301;
11.9305;
14.6186;
11.2221;
14.517;
11.253;
15.0477;
17.184;
12.0497;
12.0881;
11.0164;
16.4097;
10.6679;
12.0333;
15.3799;
15.2022;
14.6739;
16.465;
12.961;
12.6929;
14.8524;
18.4634;
11.711;
11.9929;
14.2712;
9.61667;
11.677;
14.8281;
13.817;
20.5993;
13.1826;
13.0289;
10.9622;
21.5067;
19.2233;
13.0407;
13.3519;
10.3989;
12.8064;
11.8004;
10.7423;
12.4974;
13.3359;
8.87138;
13.191;
17.0786;
14.4861;
11.7021;
14.8776;
11.2536;
11.3505;
12.6792;
12.1365;
12.9697;
12.0165;
12.5614;
14.6425;
25.6009;
10.1788;
14.4265;
12.6001;
9.8264;
13.051;
11.6226;
21.8958;
12.0107;
11.7151;
13.2015;
11.2301;
17.7514;
13.5348;
12.5817;
8.87365;
10.2253;
13.336;
12.772;
19.7405;
12.2978;
9.47063;
11.9147;
9.02705;
12.1055;
12.1346;
15.1724;
10.947;
11.3342;
12.068;
11.3363;
13.6553;
19.0016;
17.5949;
10.0915;
14.3087;
10.9124;
20.3866;
9.40213;
9.46253;
9.38256;
9.5764;
13.2177;
21.8151;
12.359;
13.7191;
13.0501;
11.3525;
11.8544;
14.9594;
16.1024;
18.9826;
12.3276;
11.2545;
10.8446;
11.6921;
13.5509;
12.3357;
10.5667;
17.4029;
11.0573;
10.6065;
11.3752;
16.6591;
10.8666;
12.2941;
12.8625;
13.7876;
11.0449;
14.7781;
11.833;
13.746;
12.6024;
12.8014;
14.3684;
10.2672;
8.61762;
10.3577;
19.5462;
13.6454;
8.92703;
12.5553;
16.5043;
12.5596;
9.72892;
12.3741;
13.7087;
8.68273;
10.0966;
14.2673;
10.8531;
14.2756;
13.5761;
8.53625;
11.9841;
14.4449;
14.0556;
20.773;
8.06853;
10.2284;
12.5547;
11.7794;
11.7969;
20.9073;
11.883;
13.6249;
8.74102;
11.2263;
7.5257;
11.8787;
9.36996;
10.9883;
12.7701;
11.2308;
12.3709;
11.348;
11.7216;
10.2372;
10.7842;
12.0073;
9.26954;
20.632;
10.3118;
12.0796;
10.313;
20.68;
12.9078;
17.9921;
10.9351;
12.4699;
7.61349;
12.4543;
9.22287;
12.5626;
21.492;
11.4985;
12.3167;
12.029;
11.3698;
12.1594;
13.6369;
10.2863;
13.6863;
12.405;
11.6096;
8.81609;
11.3473;
8.72205;
9.63221;
19.3258;
12.3576;
10.0677;
9.53582;
9.96643;
11.1117;
11.9276;
11.2801;
12.4377;
22.0599;
12.9103;
10.2185;
10.3906;
12.0002;
12.7746;
12.7324;
9.69836;
11.5593;
19.8666;
15.246;
14.3652;
12.2116;
11.0679;
12.0399;
7.13341;
11.8684;
9.08099;
13.7393;
12.0695;
10.9165;
8.89438;
11.1016;
12.0935;
10.4344;
9.06031;
11.8032;
8.84998;
10.4076;
18.3066;
9.79247;
8.61557;
9.28349;
11.3978;
9.9137;
9.51479;
15.5708;
11.5176;
12.3936;
8.67454;
8.79338;
10.1696;
9.68843;
12.8786;
9.6505;
17.72;
10.1883;
7.7459;
15.5995;
8.48535;
11.1877;
12.3255;
11.053;
8.89681;
10.8402;
14.7159;
16.3002;
8.66877;
10.4863;
10.8322;
10.3749;
9.11129;
14.0002;
11.5469;
10.3147;
15.5656;
13.6609;
13.1406;
9.4371;
9.906;
10.3393;
11.774;
12.0616;
9.31504;
14.8365;
9.4783;
9.31231;
15.446;
11.0219;
9.66454;
11.7829;
10.4645;
10.6694;
12.1127;
11.8424;
8.76834;
7.58809;
12.1412;
11.8689;
9.31205;
19.5533;
18.194;
11.4611;
12.9072;
10.5693;
13.2212;
9.9909;
11.0348;
19.5243;
11.2955;
10.6485;
11.5174;
19.6603;
12.0128;
10.6261;
9.93109;
13.3821;
9.40364;
8.99917;
9.92993;
11.117;
13.3811;
9.30571;
10.5083;
9.40943;
10.6703;
12.2957;
10.3182;
8.43149;
11.0646;
8.53947;
11.5821;
13.5926;
9.22974;
11.5494;
8.26235;
15.426;
9.78926;
9.32929;
10.1643;
8.86834;
9.53536;
9.13641;
17.4017;
9.66962;
9.7557;
7.55721;
8.3342;
9.41139;
7.5989;
10.2286;
9.87786;
15.5175;
7.50433;
11.2989;
10.3839;
9.77177;
6.63601;
15.4895;
9.05714;
7.66754;
10.198;
12.0187;
7.67408;
10.9539;
12.2503;
10.478;
13.4234;
9.1366;
6.6319;
10.2592;
8.90172;
9.6989;
11.9057;
9.89609;
7.55355;
8.18651;
7.36907;
15.2373;
11.1585;
11.7929;
8.21978;
9.68283;
11.8829;
9.11173;
10.4245;
22.6174;
10.8644;
11.1889;
9.01052;
9.5258;
12.3773;
8.90427;
12.0701;
8.02881;
9.73004;
12.0676;
7.99991;
11.8343;
9.94727;
11.4486;
9.3932;
9.001;
10.5888;
14.4023;
10.1062;
7.4369;
10.1158;
8.30314;
9.70784;
9.92155;
15.1448;
9.24697;
10.8708;
8.78462;
8.15906;
10.8294;
9.26754;
13.6705;
6.5324;
6.89759;
11.9529;
8.90734;
8.2424;
9.3226;
11.1702;
9.76436;
10.4202;
9.31497;
6.90884;
9.4426;
6.76839;
10.135;
7.8418;
8.73946;
13.0047;
11.8368;
9.05552;
8.83456;
8.62152;
9.13541;
11.2538;
10.7169;
10.4532;
7.21324;
11.0561;
16.3023;
15.1415;
7.39685;
9.20648;
9.45907;
10.8071;
10.226;
10.3244;
9.61425;
9.61762;
11.6458;
16.2995;
9.12237;
9.08342;
16.8898;
8.88599;
7.54798;
8.37276;
9.63765;
10.1314;
13.2926;
8.39474;
6.77652;
7.09688;
10.8243;
10.7644;
8.44693;
9.96094;
8.98959;
10.1422;
10.9474;
8.5575;
8.06237;
13.0166;
8.39437;
8.35605;
11.0434;
10.1266;
7.82403;
7.3801;
12.2384;
10.8121;
5.41925;
7.63596;
9.07824;
9.44494;
11.1991;
6.85794;
7.88411;
12.9119;
5.95466;
9.4861;
11.4878;
18.8584;
6.74126;
9.37154;
11.0054;
12.9259;
14.164;
9.20025;
9.73479;
11.8016;
9.22546;
11.1142;
8.07936;
13.0606;
9.6517;
10.0187;
8.60569;
13.4739;
8.17832;
11.4166;
8.23116;
10.2735;
10.338;
12.6988;
8.49562;
7.02567;
18.2995;
13.3677;
12.1963;
8.78661;
7.01779;
7.13566;
9.89905;
9.82845;
7.9824;
9.34351;
9.49725;
11.8744;
11.1126;
7.27472;
9.86234;
10.427;
12.0623;
11.2138;
16.8763;
8.34222;
5.98753;
7.88485;
9.8111;
7.37;
8.73219;
13.3688;
9.38728;
9.7587;
10.7966;
10.1264;
9.70148;
6.66198;
15.2704;
8.59684;
8.29433;
7.71544;
6.86343;
10.3936;
10.5674;
7.41974;
10.2961;
15.1124;
6.94138;
8.58017;
7.54626;
7.41344;
5.86136;
6.73636;
8.79673;
8.70009;
10.5315;
6.7528;
15.9522;
9.46819;
6.66011;
7.5928;
7.32662;
8.34381;
9.49868;
12.8333;
8.62939;
8.56041;
9.35786;
10.36;
8.33962;
7.85385;
6.40849;
9.44528;
14.5851;
7.82542;
9.15355;
10.0568;
7.98204;
10.4925;
5.41646;
9.08002;
7.76372;
7.78796;
15.195;
7.75827;
7.45898;
7.50807;
7.3467;
8.9184;
7.80981;
11.8392;
15.1019;
11.306;
9.24384;
10.5036;
9.93403;
11.8463;
5.11594;
8.73377;
8.37361;
13.4097;
7.41892;
8.47772;
8.84828;
8.17816;
7.99255;
8.6919;
16.6543;
7.03782;
6.33362;
6.95061;
10.3083;
7.39055;
9.17092;
8.09574;
15.6381;
7.67484;
9.09461;
17.0752;
17.0561;
9.0907;
13.1755;
11.236;
6.07005;
9.35535;
8.22029;
9.91862;
8.81446;
11.9446;
7.52164;
8.954;
11.8609;
9.40283;
5.88224;
9.39966;
6.59403;
8.82615;
5.75026;
10.7395;
14.9817;
8.09763;
9.81329;
8.26475;
11.5525;
8.80544;
8.7131;
8.26704;
8.21697;
12.536;
7.54743;
8.01108;
8.77427;
9.61158;
7.43898;
8.63593;
9.39964;
5.26602;
14.2941;
8.6804;
7.40606;
9.00885;
7.37505;
13.9341;
9.12302;
10.4448;
6.64115;
6.672;
9.47827;
5.86308;
16.9068;
10.8651;
9.75771;
8.21214;
7.69718;
9.24674;
10.7741;
9.48675;
9.24835;
15.6033;
6.67301;
7.85625;
7.54663;
5.752;
7.58687;
8.15233;
9.94123;
9.60582;
7.65771;
9.61557;
7.12473;
10.0702;
10.1835;
7.79182;
9.1107;
11.9768;
7.88391;
7.15478;
11.2173;
7.82674;
8.44378;
5.26283;
11.5496;
12.0251;
7.44537;
6.3321;
6.68048;
8.12801;
5.57454;
7.58277;
10.5654;
7.51139;
6.74338;
8.67129;
13.5774;
8.5745;
7.82535;
9.54929;
7.47111;
5.45003;
8.41219;
9.94224;
12.226;
7.97036;
10.3407;
9.36498;
6.95693;
9.23558;
7.34275;
7.67507;
7.76033;
12.3663;
8.75216;
10.3657;
5.40712;
7.2032;
8.05824;
7.31652;
7.26747;
5.43079;
9.35255;
9.23593;
7.74493;
13.1625;
9.40552;
7.20021;
8.00464;
8.20301;
8.41925;
7.89873;
9.64637;
12.4373;
8.95315;
8.01851;
10.35;
9.65794;
8.887;
10.5304;
10.3251;
8.7053;
11.2489;
7.62318;
7.19609;
9.0813;
10.1115;
8.6635;
7.05309;
9.25426;
5.22987;
5.19999;
15.4456;
7.72952;
8.18306;
12.2539;
10.29;
8.48348;
6.27719;
12.6801;
10.5075;
7.15829;
12.2421;
7.94569;
7.7459;
7.10907;
10.1112;
8.40059;
7.29777;
6.91495;
4.7916;
6.55556;
6.65275;
11.0038;
9.34301;
7.70331;
7.32284;
8.92156;
7.34403;
6.44339;
8.02219;
10.0014;
4.95032;
11.007;
7.66291;
9.19592;
7.89177;
8.57272;
8.55839;
6.06941;
11.4467;
8.69431;
6.22599;
11.6662;
11.0632;
5.95456;
11.2013;
5.18754;
8.71182;
6.23062;
7.92497;
11.3799;
5.77702;
6.85658;
13.0224;
7.42139;
8.14715;
7.6476;
8.80461;
9.72151;
10.7786;
9.70581;
6.77404;
10.9612;
10.5263;
6.88531;
9.13371;
7.80527;
6.95309;
8.06644;
12.7888;
6.00445;
9.35292;
6.21012;
9.54359;
8.05721;
6.17811;
13.0719;
6.18912;
6.15509;
7.30336;
4.37834;
10.8344;
7.47609;
7.66804;
10.5537;
8.66183;
11.5544;
12.5604;
14.4854;
5.85102;
7.13878;
6.285;
4.78714;
7.45926;
7.48735;
7.51672;
8.16405;
9.90089;
8.94565;
7.89938;
7.884;
7.43206;
10.93;
7.6014;
8.04697;
12.904;
6.7281;
11.8614;
4.11179;
5.80961;
8.53987;
8.63078;
11.1929;
8.04113;
6.64022;
6.83462;
8.91776;
7.08085;
7.65823;
10.3628;
12.585;
6.94214;
7.01055;
6.48942;
7.06845;
4.96383;
6.40281;
11.9399;
6.86349;
8.54599;
7.36612;
7.24858;
8.08774;
5.28829;
13.7607;
7.09727;
5.20422;
6.22632;
9.2504;
7.87664;
7.97153;
7.6762;
9.69462;
10.7209;
8.26859;
8.07953;
8.83136;
6.54728;
6.2017;
13.5053;
6.87845;
7.18821;
7.46409;
8.17123;
6.73472;
7.38319;
9.11349;
7.40534;
8.6885;
7.26225;
6.81991;
8.81205;
8.72884;
11.2032;
6.40787;
10.0188;
7.13845;
5.84363;
9.55703;
6.27428;
6.40783;
6.25088;
5.77489;
6.56097;
7.0324;
14.9469;
5.83462;
7.49249;
4.52264;
9.82955;
7.94553;
7.8056;
10.8984;
6.69796;
8.21653;
5.32529;
11.126;
8.06129;
7.31329;
7.15402;
9.04377;
6.83642;
6.45625;
13.0525;
7.37474;
6.11724;
7.08206;
10.2162;
6.95538;
6.985;
9.48315;
6.30455;
12.7044;
4.82771;
10.2822;
7.06917;
8.31949;
7.48761;
11.2677;
6.47315;
10.2148;
8.0224;
6.24847;
7.87005;
8.12971;
4.83151;
8.63094;
5.84537;
5.6088;
13.368;
9.01956;
7.06094;
13.035;
6.17726;
4.80069;
5.94352;
6.3307;
8.72904;
6.47133;
11.7731;
9.54024;
10.7683;
6.63377;
5.1635;
5.46452;
5.59341;
10.0941;
5.61026;
6.46023;
4.46472;
5.51279;
5.78825;
12.8417;
5.43827;
8.92795;
5.744;
4.41949;
7.72182;
9.71022;
12.367;
8.54871;
5.34731;
5.01438;
6.6526;
6.84412;
5.73365;
10.9092;
7.47731;
14.2864;
6.56169;
5.39743;
5.36835;
6.61666;
8.25202;
7.74472;
11.0514;
7.27608;
7.57995;
8.11488;
6.63891;
8.04969;
9.45711;
12.0013;
7.80311;
5.32596;
12.4407;
5.71317;
7.661;
7.13113;
7.08354;
7.71494;
8.56759;
6.75835;
6.20027;
8.72236;
12.2403;
5.94761;
6.83912;
8.00103;
8.26697;
5.32954;
9.40089;
6.47883;
10.4229;
4.87253;
9.72705;
7.32619;
7.91;
5.49206;
6.62121;
10.9579;
6.58598;
8.3254;
8.21042;
8.18388;
4.79603;
5.75453;
7.06044;
5.87764;
7.88637;
7.14896;
10.7074;
7.31722;
6.8485;
7.60952;
4.37702;
7.58639;
8.46718;
7.3351;
6.83601;
13.0528;
8.02365;
5.60603;
5.66024;
5.6718;
8.29892;
7.4009;
11.1354;
11.2444;
3.65309;
8.24443;
5.70879;
5.87908;
9.46052;
7.6188;
14.5708;
5.45885;
5.11923;
7.05616;
6.79537;
6.45749;
7.12454;
9.84939;
6.79459;
6.11874;
8.29456;
6.60224;
5.95899;
8.09711;
6.48528;
5.727;
4.87367;
12.5571;
6.01527;
7.0756;
5.83546;
6.17383;
7.25315;
4.62822;
8.15427;
9.93063;
9.47678;
9.66294;
7.00465;
6.87104;
5.19386;
7.81521;
6.51182;
5.19702;
6.52538;
3.2864;
9.12467;
3.21215;
6.95744;
5.60622;
8.61732;
9.39785;
6.30196;
6.54719;
5.42603;
5.90503;
6.89478;
6.93296;
9.12176;
5.08504;
6.16095;
7.34354;
5.51609;
6.84097;
6.98655;
10.7919;
8.10369;
6.86978;
6.49879;
8.76451;
8.668;
8.41765;
6.89866;
7.64125;
5.44754;
9.07029;
7.18933;
10.4587;
5.7648;
9.26355;
8.6921;
4.00946;
7.12195;
7.06674;
8.25748;
5.78637;
7.87081;
7.71116;
5.73709;
10.1363;
6.19224;
4.42029;
3.94945;
4.41518;
7.65178;
8.11109;
7.25304;
5.49114;
9.01438;
6.46854;
4.5971;
6.91769;
4.08514;
10.9498;
7.26626;
5.67737;
7.20541;
5.7343;
4.58201;
6.12939;
6.88583;
6.52649;
6.58531;
6.27131;
12.3714;
4.27693;
4.65398;
6.69198;
8.3846;
6.26703;
6.74398;
11.7465;
6.53701;
5.74449;
7.90422;
6.48485;
8.19067;
6.20545;
9.82199;
6.30237;
5.22362;
5.48876;
7.86093;
5.59555;
13.6259;
6.22204;
7.51924;
7.88277;
5.45465;
6.48317;
5.84068;
9.01135;
5.18205;
6.45751;
7.45458;
5.60529;
7.01746;
7.73409;
13.2586;
5.0782;
4.47628;
5.4498;
10.5628;
6.91964;
6.03109;
5.99778;
6.52024;
7.342;
4.81926;
6.3551;
4.83486;
6.92186;
8.07788;
9.56125;
6.51893;
6.55767;
5.66222;
8.97956;
6.61317;
9.77231;
5.14006;
5.48272;
4.26819;
6.51821;
5.93525;
5.64946;
8.70816;
8.23695;
4.69761;
6.83868;
5.31367;
4.55695;
6.32473;
5.95871;
6.91841;
11.7757;
7.67383;
6.1798;
6.34783;
7.62431;
7.21212;
6.30182;
3.48227;
10.4418;
8.13589;
9.06326;
9.27926;
6.81327;
3.26656;
5.33352;
5.7251;
7.09184;
5.04773;
7.49156;
10.2741;
5.3884;
7.61021;
5.59873;
4.9951;
6.19036;
6.98207;
9.38398;
5.5316;
7.57896;
10.8802;
7.80309;
5.90718;
6.48927;
4.38698;
7.62434;
5.4954;
5.65244;
5.5632;
7.17779;
7.434;
6.77158;
5.73122;
3.01302;
7.04252;
10.1638;
8.89009;
5.59841;
5.8945;
5.34346;
6.09042;
7.88979;
8.65613;
2.48719;
9.47394;
7.02907;
7.47053;
8.20428;
4.93332;
5.39984;
6.45631;
3.75853;
5.81932;
12.8709;
5.72453;
7.55242;
4.87093;
6.2193;
5.97887;
6.69367;
5.22586;
5.14075;
10.4824;
4.90621;
4.86603;
5.26449;
5.07635;
4.91945;
6.8055;
6.5747;
5.34477;
6.91952;
3.70964;
4.58375;
5.02321;
3.56057;
5.59065;
4.45186;
6.36802;
6.43074;
4.74993;
4.65808;
6.37514;
4.96892;
6.00851;
7.78583;
5.09921;
7.31486;
5.01385;
5.2718;
5.67119;
11.3372;
5.28667;
5.54377;
6.60431;
4.58231;
6.15742;
4.4137;
5.50319;
7.75394;
6.50117;
6.14092;
9.10428;
5.47022;
5.61749;
4.15744;
5.06704;
4.96187;
3.90821;
7.045;
6.12244;
6.61618;
4.48181;
5.98287;
5.91455;
4.20919;
7.57614;
8.22522;
5.35517;
4.64059;
4.60494;
6.80191;
5.895;
5.59422;
6.08247;
3.58319;
4.96954;
5.36948;
4.73092;
9.79432;
3.92669;
7.21216;
5.35708;
6.47838;
4.10827;
5.7591;
6.83271;
5.10798;
7.35765;
6.08535;
4.16641;
10.1796;
4.91981;
5.55898;
6.13037;
5.74964;
6.32456;
5.81534;
5.62944;
5.86629;
8.35086;
9.31754;
5.26796;
7.63132;
4.93618;
6.068;
7.56719;
6.81684;
6.43597;
5.41229;
5.57586;
5.88337;
6.08843;
6.30356;
6.92419;
5.08075;
5.2772;
5.35014;
5.65767;
6.07311;
5.69036;
3.86205;
4.59819;
5.13968;
3.00209;
8.86591;
5.40638;
4.01571;
6.37118;
6.86793;
4.73352;
3.61289;
4.99081;
3.8282;
4.67562;
6.5428;
2.79151;
5.73871;
4.04117;
4.30767;
5.37514;
4.77196;
10.084;
7.21949;
5.11098;
4.74806;
4.08577;
4.09706;
5.40092;
10.5049;
3.04817;
7.50603;
5.80613;
8.36175;
8.58891;
3.64356;
4.31104;
6.16066;
4.9201;
5.07705;
4.72121;
6.34913;
2.25111;
4.93241;
5.23443;
5.52741;
5.26069;
5.67381;
6.11475;
4.76493;
5.83167;
6.62057;
4.46421;
4.02824;
5.05352;
10.1797;
7.06897;
6.09031;
6.80156;
6.24037;
5.85526;
4.67812;
7.06195;
7.15995;
5.81218;
5.12229;
4.12859;
5.31758;
7.21495;
4.45165;
7.71759;
5.61021;
4.67755;
4.71788;
3.81924;
7.9537;
6.42229;
5.7402;
4.89723;
5.91758;
6.11353;
4.73422;
5.9851;
9.40585;
6.60488;
5.98496;
7.86911;
9.72596;
3.95208;
7.85891;
5.09622;
4.42079;
6.59661;
9.63707;
5.19729;
5.40574;
4.91358;
7.40175;
3.62257;
5.42996;
7.62072;
3.87583;
5.31792;
5.97538;
2.81473;
5.17082;
5.2917;
8.92754;
6.28047;
3.93006;
4.56092;
5.11531;
7.04106;
6.53396;
4.80063;
5.28454;
9.17032;
6.46327;
6.97148;
4.96212;
5.3295;
4.32625;
4.37807;
5.37856;
6.73564;
4.87213;
5.76885;
7.45956;
1.9012;
4.27476;
6.67713;
5.84894;
4.15789;
5.01836;
5.83972;
5.55065;
2.87664;
7.28082;
4.19559;
3.7835;
4.93168;
5.19536;
4.43389;
4.68534;
6.94273;
5.49099;
4.39757;
5.74599;
5.98732;
4.95309;
4.52737;
10.1158;
6.11458;
2.6374;
3.96097;
5.34742;
5.16327;
4.6904;
8.08148;
4.33974;
7.94932;
3.02362;
4.99096;
5.24164;
4.52508;
3.56957;
6.31226;
8.07994;
4.82127;
2.77357;
7.73646;
6.10337;
6.57877;
5.32307;
1.21527;
4.95911;
5.07058;
4.7432;
4.89024;
5.82116;
5.64118;
4.04618;
3.66295;
5.67232;
6.39848;
8.78699;
6.13018;
3.55515;
5.97651;
6.78953;
7.08289;
5.192;
5.97623;
5.87435;
5.30046;
6.50675;
7.00758;
6.31093;
4.97436;
4.16983;
4.80644;
10.5257;
