11.1851;
12.2083;
11.1074;
16.042;
17.6855;
15.1925;
21.1612;
14.7846;
14.4175;
17.4434;
21.7748;
15.024;
15.6677;
21.0282;
6.8855;
21.4227;
19.2585;
6.3949;
19.2637;
16.2696;
30.0795;
26.3071;
15.8236;
18.5963;
10.9873;
23.3898;
9.34556;
23.1576;
10.3737;
19.1238;
11.4242;
28.2348;
3.7657;
16.0342;
26.0937;
12.3756;
27.3521;
21.2309;
21.8577;
20.6238;
18.1716;
16.5281;
20.3091;
20.1574;
24.361;
20.6256;
17.4971;
18.0205;
18.6769;
19.6474;
20.3123;
12.4586;
15.3593;
20.6825;
21.6256;
20.7549;
13.9992;
16.3907;
20.8296;
12.5236;
21.6859;
17.7438;
19.4827;
25.1887;
15.1016;
27.0844;
17.884;
18.0656;
18.8131;
9.96253;
14.6391;
26.8802;
25.6121;
15.5641;
20.3222;
14.767;
16.9144;
18.5648;
14.7819;
17.7969;
20.4282;
10.8614;
16.403;
15.8126;
14.3572;
20.7419;
15.5174;
18.0709;
23.7158;
8.67517;
18.3939;
13.9788;
12.4694;
12.8089;
24.509;
16.6495;
15.2074;
6.28565;
12.5679;
20.5212;
21.1547;
19.3042;
17.2754;
18.0227;
14.5162;
23.2871;
23.6782;
9.99292;
24.4309;
10.0171;
7.05033;
12.5595;
20.7028;
25.3172;
11.3431;
17.6007;
23.6117;
21.1322;
14.4156;
19.0292;
17.3749;
29.6237;
12.8422;
14.4175;
20.1755;
18.5048;
9.10038;
24.8403;
12.5947;
8.94554;
26.7721;
17.5224;
19.7583;
13.8523;
18.6154;
24.0195;
21.9562;
22.6832;
18.6513;
19.5845;
19.5441;
21.6607;
15.5632;
21.2589;
22.9849;
20.6044;
19.7832;
24.187;
14.3273;
24.1974;
16.7705;
21.2591;
18.8701;
23.7302;
19.5981;
21.7836;
28.6107;
16.1754;
12.1844;
17.6767;
17.0123;
14.0055;
16.8112;
19.8022;
26.1343;
20.8193;
21.4013;
18.0639;
15.2139;
22.5989;
18.2838;
19.5107;
10.1423;
21.2681;
20.224;
13.4988;
20.0529;
23.2723;
21.528;
21.2323;
21.9093;
21.5073;
24.4214;
22.7185;
25.6619;
26.7934;
17.6781;
12.4417;
14.5016;
19.1502;
19.964;
18.3073;
18.6971;
21.6888;
25.2379;
21.9972;
21.0164;
17.1818;
22.8379;
14.6577;
19.8609;
15.9049;
21.1868;
19.52;
19.5967;
18.6627;
21.4209;
21.9115;
21.8201;
26.6334;
19.2719;
20.0962;
27.6512;
19.7195;
16.7219;
19.3759;
11.1484;
27.5836;
17.7834;
20.7164;
12.6401;
12.3564;
20.9124;
18.2464;
20.2164;
19.8429;
24.5261;
6.48124;
7.89718;
20.903;
17.2064;
19.6553;
20.6389;
14.9567;
9.47417;
14.0839;
15.3459;
14.1983;
16.456;
15.0624;
16.7139;
25.1937;
18.4184;
22.1531;
17.2289;
20.5404;
20.1876;
21.3803;
21.1659;
21.527;
3.95865;
21.6896;
8.8317;
11.0528;
6.69476;
21.8952;
20.9405;
14.9287;
19.3139;
21.7934;
24.1378;
13.3092;
18.374;
15.6445;
21.5505;
20.749;
20.5353;
17.3828;
16.4387;
20.5555;
22.086;
21.5107;
24.3637;
20.0449;
18.0453;
14.3486;
19.3503;
17.6053;
18.5163;
19.6322;
23.8104;
17.1904;
16.4088;
19.7656;
19.8285;
16.683;
19.7749;
24.474;
24.4139;
23.5202;
26.7617;
10.9777;
15.933;
18.9148;
23.6007;
20.1339;
14.4407;
17.9963;
19.2626;
14.3593;
15.968;
20.4588;
18.1423;
25.3407;
16.8733;
18.1495;
22.5698;
18.9186;
17.1512;
10.9411;
18.1191;
15.0233;
16.6698;
15.3692;
13.1282;
25.3806;
17.5848;
18.098;
9.46347;
10.1444;
16.4413;
20.1253;
11.0758;
16.4642;
18.6008;
21.2673;
22.5706;
10.2253;
10.8884;
24.515;
18.7516;
13.8095;
20.2679;
16.7103;
24.5749;
26.7299;
16.8485;
20.4355;
15.9002;
20.5216;
15.4523;
20.1756;
16.7101;
19.605;
21.2759;
21.4401;
25.5889;
20.6634;
24.497;
17.271;
15.573;
13.9591;
13.3044;
12.8484;
16.2344;
16.1988;
15.5812;
22.7768;
17.1561;
9.86596;
21.7964;
14.4464;
10.9178;
23.8645;
22.3558;
14.6275;
13.075;
12.0436;
16.0203;
18.0659;
12.2571;
11.2992;
17.2655;
13.9353;
21.3734;
22.022;
13.0151;
11.9314;
16.8296;
13.5291;
13.2173;
28.6314;
16.2136;
18.2704;
11.8491;
16.6774;
25.6321;
21.8849;
15.4938;
22.7102;
27.1121;
20.8885;
26.9358;
15.3271;
22.4488;
16.4077;
29.0431;
15.8887;
17.8178;
17.8602;
15.5311;
17.6636;
18.2134;
19.7291;
20.8088;
20.3431;
24.3554;
17.4133;
16.6609;
19.2727;
15.8828;
14.2738;
15.4124;
24.5138;
16.7963;
15.9802;
26.9187;
19.417;
14.6054;
18.7395;
14.7858;
20.2843;
22.3203;
24.5897;
25.4658;
28.3282;
18.4309;
18.3596;
14.4687;
17.8973;
13.3105;
20.8667;
6.71855;
12.2467;
21.3915;
19.5249;
18.5257;
21.7133;
18.3783;
28.3213;
5.63183;
11.3548;
13.0439;
21.2759;
15.6634;
26.522;
13.5009;
12.1109;
17.7389;
19.3283;
22.1864;
21.9456;
18.3938;
16.5689;
18.4634;
22.0935;
24.471;
16.9855;
12.567;
23.3211;
18.9227;
15.8069;
22.6734;
20.3057;
23.7082;
9.39025;
15.2218;
17.1087;
8.9706;
23.1844;
17.9966;
20.296;
23.4194;
23.9002;
15.758;
17.9865;
18.5043;
17.7545;
20.7315;
15.7401;
11.8408;
18.0728;
11.1362;
21.0489;
22.4228;
14.9821;
8.20255;
10.8197;
9.73152;
15.0861;
13.6069;
17.4304;
13.1436;
21.2517;
17.2295;
21.7542;
18.6144;
25.5215;
24.0939;
25.8601;
22.7838;
18.5313;
18.0459;
25.7331;
14.9191;
22.2889;
21.9724;
22.9144;
18.9952;
6.11646;
23.8688;
14.559;
16.7782;
10.5891;
20.2613;
14.2381;
18.8442;
12.8052;
16.0639;
23.6537;
14.0153;
18.1371;
22.1384;
22.283;
17.9286;
23.5554;
23.3644;
18.6645;
13.5994;
22.1124;
29.9375;
22.3731;
15.703;
23.5067;
19.0815;
22.8233;
9.83061;
22.7826;
15.6313;
20.0396;
20.9497;
23.6388;
21.3718;
16.5;
20.232;
20.9905;
13.9752;
27.2461;
20.0268;
20.537;
16.8972;
14.6704;
14.0221;
7.01682;
27.3521;
18.9881;
24.227;
15.2567;
11.9219;
21.275;
23.5952;
21.3991;
16.0165;
19.8029;
17.6451;
22.9083;
25.3765;
18.3227;
21.4124;
21.9031;
22.8272;
23.0229;
19.3523;
25.2543;
13.1471;
10.6235;
25.1607;
18.6007;
16.822;
16.458;
23.5413;
18.2822;
16.3648;
21.9957;
5.07392;
22.666;
15.984;
18.8267;
16.4581;
29.4658;
29.6486;
21.7081;
18.7735;
19.4293;
8.39178;
21.9014;
13.4103;
16.9602;
18.7197;
28.5547;
14.4839;
12.9998;
17.1487;
23.834;
20.0253;
21.4327;
18.1171;
21.3872;
26.3546;
21.1388;
24.6679;
15.9893;
16.9855;
24.5367;
30.1723;
20.2639;
21.8337;
21.8323;
20.1614;
16.5487;
17.8599;
16.3039;
16.8066;
20.7367;
20.9779;
24.8161;
22.1828;
13.2533;
19.0297;
22.8505;
15.818;
22.4188;
30.6627;
17.0538;
21.4565;
7.83998;
26.8037;
26.5188;
13.2294;
18.8281;
20.9866;
23.6411;
14.7989;
26.9065;
14.912;
18.0269;
24.0978;
20.7384;
25.6994;
20.8988;
20.8593;
23.1777;
21.7522;
25.6417;
20.2971;
21.2284;
22.0065;
15.6958;
19.8393;
21.1856;
22.5894;
21.2212;
21.4885;
20.4579;
22.5401;
11.7064;
23.7552;
25.599;
24.4213;
19.2421;
20.699;
16.0485;
24.9761;
20.541;
22.0743;
19.3439;
24.2505;
21.973;
16.2012;
19.6217;
21.1973;
23.6736;
16.9372;
10.9997;
18.4335;
13.2427;
18.9951;
9.93031;
15.6477;
14.7772;
20.6033;
18.8999;
18.599;
17.2115;
10.6318;
8.3279;
24.9601;
14.0136;
23.2187;
25.2757;
17.2437;
21.4118;
18.245;
18.9829;
22.6632;
19.9602;
17.8038;
17.7611;
27.4971;
21.8241;
12.3562;
17.0129;
28.137;
17.8027;
15.596;
17.0188;
14.6868;
12.2828;
15.3875;
20.1172;
29.2871;
21.7617;
25.6604;
24.1901;
21.941;
9.68822;
8.08638;
15.8142;
25.5538;
19.0012;
19.7897;
19.3435;
14.055;
18.1897;
18.399;
13.2945;
6.8193;
9.31717;
25.8479;
15.654;
14.8215;
33.5491;
22.9373;
21.559;
17.8476;
16.9711;
21.2564;
18.7501;
25.7548;
27.7711;
23.1606;
21.0188;
21.7564;
25.4431;
24.513;
22.9454;
16.3497;
21.1925;
20.3072;
14.7151;
18.3804;
16.3542;
13.3872;
15.7966;
31.7263;
28.5211;
12.6773;
20.9309;
13.9565;
19.8636;
21.6682;
12.9473;
8.13719;
23.2082;
19.7961;
22.3437;
18.7945;
18.6454;
21.9987;
24.187;
29.7402;
19.6092;
21.825;
21.5705;
25.8575;
26.4824;
17.5579;
12.4253;
14.5283;
21.371;
13.0804;
9.92882;
20.6931;
22.868;
13.6116;
28.7263;
19.337;
14.0077;
23.6049;
22.8687;
24.01;
8.34142;
20.479;
16.6159;
10.958;
35.4918;
22.6612;
21.8481;
17.4604;
18.9307;
19.0936;
20.8882;
16.6954;
20.5587;
22.335;
14.4845;
28.9342;
18.9288;
17.608;
21.5895;
18.1346;
28.0927;
18.2143;
18.4199;
16.3766;
13.2376;
12.5866;
17.2278;
19.5805;
24.1044;
18.0256;
22.6548;
19.6497;
25.0121;
11.8539;
6.77965;
16.7343;
20.2305;
11.3878;
12.1076;
14.9561;
19.2458;
14.1486;
26.7093;
21.5835;
27.4732;
14.5286;
16.1482;
20.5967;
18.5959;
27.3543;
24.6663;
12.1018;
21.238;
24.7659;
21.3448;
29.235;
23.7604;
23.8611;
32.3179;
14.834;
19.7293;
12.8796;
25.1596;
13.9169;
18.6851;
21.9149;
22.5053;
17.052;
20.4706;
27.3425;
22.3264;
23.9184;
10.7882;
21.9328;
11.3634;
21.9227;
27.1073;
10.9034;
17.2125;
25.484;
15.4965;
20.7807;
18.1294;
25.7713;
21.491;
14.2011;
25.5752;
20.9645;
18.0824;
9.61555;
21.4737;
18.0518;
17.1615;
19.8052;
20.7208;
16.0242;
27.6683;
27.4403;
10.8704;
25.9427;
14.6784;
23.1079;
21.3589;
19.6714;
24.8249;
23.0797;
19.9085;
11.8001;
17.738;
20.837;
20.6877;
24.0756;
18.9228;
18.6945;
20.6102;
19.3859;
18.7984;
20.1712;
19.4764;
24.9352;
22.769;
19.2504;
26.4316;
17.5503;
12.9571;
9.96364;
18.795;
17.8736;
16.0947;
16.4419;
7.53182;
23.5123;
18.5606;
20.7305;
12.6495;
19.3034;
17.7684;
21.6423;
27.1238;
17.7111;
19.9737;
26.1321;
21.9642;
17.5147;
15.5978;
22.6547;
23.622;
19.7148;
10.0055;
19.8966;
12.2202;
14.2288;
17.9114;
15.9297;
17.1571;
18.5465;
13.0983;
32.2748;
18.2216;
18.6767;
32.1561;
20.0689;
16.1995;
18.2923;
23.9659;
22.0572;
10.805;
15.2247;
15.6452;
24.815;
19.8002;
25.9205;
29.8042;
21.9055;
23.9503;
15.7791;
17.5586;
24.9175;
22.6232;
14.9224;
24.4816;
19.4922;
19.8932;
27.0791;
14.155;
24.4537;
13.5101;
24.8408;
19.8426;
19.1523;
14.2553;
17.8004;
15.1094;
25.8857;
15.6073;
22.693;
13.8871;
18.0437;
23.358;
17.654;
15.3811;
14.8445;
18.084;
16.869;
26.1523;
13.8383;
19.5542;
16.8965;
13.4559;
21.406;
18.479;
18.326;
17.745;
18.0309;
20.823;
21.7247;
15.1669;
14.8155;
17.2474;
20.6844;
21.1418;
17.4582;
24.8394;
24.8425;
15.921;
22.2989;
27.2351;
15.3805;
23.2373;
23.5578;
16.1884;
20.7761;
21.3257;
14.6431;
18.9538;
15.8229;
16.9578;
18.5612;
14.7317;
12.0718;
24.697;
14.9347;
19.1205;
26.5653;
17.9777;
18.1602;
15.0941;
21.1584;
18.4321;
26.7194;
16.0762;
16.5202;
18.3099;
17.4498;
23.8919;
20.3449;
27.945;
17.3222;
19.2374;
20.1576;
19.2541;
29.3677;
22.4741;
24.04;
25.85;
21.2848;
23.5169;
22.6589;
22.7325;
19.0563;
12.4518;
25.522;
26.0703;
27.6827;
15.1895;
21.8542;
24.7752;
24.6948;
19.8543;
20.2631;
15.3262;
26.5603;
19.2113;
23.9653;
17.503;
19.2372;
31.7279;
26.1486;
21.7971;
15.4246;
19.6139;
16.7178;
16.0468;
19.9893;
14.658;
18.5109;
6.06343;
11.7875;
20.2038;
19.3704;
23.4466;
20.9223;
22.1353;
20.7648;
19.1448;
24.6384;
20.4854;
16.5902;
14.5817;
23.9917;
31.6213;
23.0716;
20.4686;
16.0485;
20.0832;
21.5464;
20.0623;
17.9078;
26.6922;
19.4178;
14.5634;
20.8743;
18.5492;
25.0587;
27.1498;
23.3509;
22.7945;
8.69238;
20.762;
23.2837;
8.75571;
18.7508;
20.7102;
13.9392;
16.7291;
18.9268;
21.2891;
22.0032;
18.8663;
15.9888;
23.9456;
18.2496;
24.8432;
25.1823;
22.3631;
23.1315;
20.1783;
15.9215;
19.9069;
17.0924;
17.957;
21.1896;
13.6983;
17.2235;
22.7474;
25.7957;
28.226;
22.7627;
18.387;
29.9033;
14.1679;
24.03;
24.4842;
17.5234;
19.7633;
17.6049;
24.2555;
23.7952;
19.6648;
26.5918;
20.8501;
21.6434;
22.1128;
25.7266;
21.4449;
21.409;
22.1671;
24.6909;
19.2471;
20.5269;
15.793;
18.4194;
16.9465;
23.9219;
20.0595;
17.3566;
29.6976;
25.8815;
24.8657;
22.5739;
18.4212;
28.5656;
14.1111;
25.8543;
18.0087;
20.0308;
26.7665;
20.6372;
15.8171;
13.147;
18.1127;
28.1645;
15.5877;
14.9052;
11.9708;
12.4704;
18.2345;
12.1557;
22.003;
17.4684;
18.0576;
12.8696;
20.7721;
20.1282;
13.0139;
17.4996;
22.5211;
24.7745;
21.2757;
19.6809;
15.8866;
19.618;
25.0772;
15.8871;
18.7576;
17.7699;
17.1193;
21.336;
24.7003;
27.412;
9.89402;
14.1923;
21.9415;
17.9103;
16.9164;
24.4698;
16.9999;
22.1714;
13.2785;
24.3704;
17.969;
24.1191;
18.2207;
23.5239;
13.7682;
24.8688;
22.6874;
17.0392;
19.8844;
18.1731;
24.0785;
22.8851;
9.87729;
27.52;
24.4207;
16.4435;
22.0308;
25.5858;
26.2401;
23.6927;
17.1173;
21.4413;
24.5177;
14.0022;
22.934;
16.1062;
10.1938;
15.4414;
20.3306;
22.4731;
16.6876;
20.7638;
21.772;
21.2549;
18.7976;
17.6121;
18.7198;
11.2868;
18.4394;
14.47;
22.4885;
22.052;
18.1039;
26.2832;
15.0472;
22.2121;
16.8153;
21.1877;
14.6492;
19.3046;
17.8121;
12.4419;
19.5376;
29.7689;
19.4324;
17.272;
18.7052;
24.2945;
22.5995;
25.9595;
19.667;
10.9848;
19.9819;
18.3285;
22.6996;
13.8815;
14.0105;
15.8355;
28.6986;
18.983;
23.6988;
19.1658;
10.5392;
28.7094;
22.595;
21.9013;
26.5933;
20.9319;
17.9958;
14.4451;
19.8305;
16.6657;
22.3819;
23.2406;
12.5245;
19.2795;
20.7113;
21.7249;
18.1081;
22.0909;
24.3372;
15.0209;
28.5282;
29.8039;
12.9369;
17.0649;
16.0889;
24.4308;
17.7781;
16.4309;
22.6317;
17.2135;
18.7455;
20.2527;
18.6155;
27.0714;
17.6618;
21.1511;
21.5747;
28.9095;
19.2795;
19.3119;
17.7557;
19.678;
15.7023;
20.7376;
17.9594;
19.334;
14.8139;
21.6214;
21.3058;
25.3431;
24.7124;
23.5746;
26.3521;
19.9268;
18.1632;
18.8284;
16.2349;
21.7092;
26.5718;
22.4993;
23.6909;
20.7329;
18.9501;
17.2407;
12.4327;
15.2683;
11.5093;
18.9356;
24.5051;
16.5277;
9.92397;
16.3564;
21.6308;
22.5217;
22.5573;
20.728;
30.1126;
19.1348;
20.8228;
22.0299;
23.7918;
11.6807;
19.1654;
24.3754;
27.0864;
30.3597;
25.7938;
20.8144;
18.6036;
23.8052;
17.3859;
23.6179;
15.0878;
20.5639;
15.6611;
20.695;
18.1685;
22.2876;
10.9637;
18.8971;
22.7594;
21.2786;
23.0085;
19.2311;
21.1196;
17.9632;
25.1843;
17.8749;
23.6584;
17.3903;
18.2717;
25.5396;
19.1028;
29.4659;
22.6567;
20.0009;
19.3508;
16.9456;
17.2622;
20.8634;
13.8038;
18.5659;
24.5462;
21.8313;
25.7601;
21.3517;
24.0853;
23.1626;
19.391;
22.3712;
13.9997;
26.184;
16.1243;
25.5391;
21.91;
22.175;
17.1509;
29.6371;
24.7421;
23.1598;
26.0169;
20.3794;
15.4043;
25.1901;
21.1907;
22.0171;
20.0758;
18.2624;
15.5213;
20.068;
24.7801;
17.7791;
25.5076;
21.418;
29.0688;
26.6968;
23.4905;
24.4718;
13.9379;
16.8438;
13.3209;
22.8316;
20.3531;
19.734;
18.0123;
25.9286;
22.7823;
19.3723;
16.623;
24.9356;
22.4034;
14.9302;
22.9529;
20.3813;
23.807;
23.7808;
20.279;
18.1908;
22.403;
15.2213;
22.0749;
18.1349;
21.7786;
24.0645;
16.8165;
26.2106;
19.8044;
16.0877;
20.6912;
18.2913;
21.5246;
21.7677;
12.0722;
24.1643;
17.2483;
18.6257;
19.6664;
18.8436;
16.5181;
17.0258;
22.8997;
15.1949;
23.873;
21.2857;
19.512;
18.3967;
14.2564;
18.8071;
18.4166;
25.3122;
20.3305;
11.6717;
16.0725;
20.3513;
16.7357;
14.0125;
13.0443;
21.3392;
20.6108;
28.2853;
21.9328;
26.4991;
17.9869;
16.3344;
11.0135;
9.80308;
14.796;
20.0767;
23.3983;
23.1455;
24.383;
21.1587;
23.446;
13.8006;
19.8093;
21.0969;
20.4153;
25.222;
22.3485;
12.7519;
21.7439;
22.5316;
24.4285;
17.1148;
25.8005;
18.1597;
22.4997;
16.6352;
17.2614;
25.8305;
17.0098;
25.0561;
23.3012;
16.9162;
30.7391;
23.3569;
24.1884;
27.1486;
21.9655;
22.7159;
6.52864;
18.8372;
19.8621;
16.3887;
21.2756;
21.953;
15.7111;
29.5739;
17.0011;
24.1582;
22.962;
20.8113;
20.5964;
14.0535;
15.4371;
20.4806;
12.7311;
15.3741;
13.2388;
19.4518;
32.2722;
26.1288;
27.0883;
19.785;
24.3487;
14.9556;
19.6149;
21.782;
17.7672;
14.1703;
11.378;
20.5996;
16.0653;
25.521;
18.2776;
25.867;
23.6739;
21.4197;
21.9456;
22.4161;
19.2717;
23.1763;
15.2832;
16.9183;
20.6087;
17.4017;
19.2772;
24.3759;
21.7788;
15.3181;
17.8884;
26.9278;
18.9494;
30.0049;
22.2607;
30.9041;
24.1288;
22.9171;
15.4105;
19.9957;
9.67705;
20.5425;
13.596;
23.8863;
22.5713;
15.072;
24.4789;
21.433;
19.7027;
22.4608;
15.5697;
21.344;
28.4872;
23.9149;
18.4663;
17.4664;
15.1925;
19.6212;
17.9635;
19.5323;
24.8429;
17.5114;
21.4376;
14.2053;
23.7329;
21.9358;
20.4123;
18.7603;
13.3893;
18.6268;
14.4269;
28.8868;
22.9893;
23.1582;
20.8181;
17.7685;
18.9591;
23.5603;
18.9852;
25.5108;
17.8662;
23.6111;
33.0971;
24.0832;
24.9063;
26.1641;
22.2803;
17.0146;
21.4907;
16.7756;
20.1455;
17.856;
22.9431;
24.6211;
25.7257;
26.8903;
20.3709;
18.446;
17.5202;
18.5179;
19.4448;
19.8339;
22.3656;
26.0971;
14.6116;
20.5705;
19.8279;
20.0165;
24.6328;
20.2623;
15.7039;
22.7435;
17.966;
18.8268;
18.4117;
19.214;
21.4113;
15.6195;
18.9509;
16.9504;
26.8384;
22.93;
20.1512;
17.5569;
21.062;
17.3258;
10.146;
22.5284;
26.3528;
16.2971;
23.3957;
21.4815;
14.6445;
19.4444;
15.9848;
15.863;
17.7334;
15.1;
26.6862;
19.2048;
19.9188;
23.4123;
19.5178;
22.7845;
25.7985;
29.499;
25.5957;
17.879;
21.7051;
19.448;
22.9234;
20.0315;
20.475;
28.011;
23.2882;
19.2333;
14.5651;
21.9434;
18.8124;
16.8895;
21.1025;
23.3234;
21.707;
21.977;
24.1854;
21.9988;
20.8202;
14.5736;
20.1579;
24.5895;
23.6007;
24.2588;
21.2367;
19.7875;
20.9591;
21.0879;
20.8154;
12.9081;
16.8772;
21.4114;
23.4312;
27.8695;
23.9697;
20.2042;
19.2792;
22.843;
18.1217;
20.5166;
18.3367;
16.998;
15.7943;
13.5813;
14.2463;
17.7344;
18.2549;
18.5455;
17.1634;
18.2157;
22.7211;
25.6636;
12.6603;
18.667;
25.7819;
23.2843;
21.9302;
20.1113;
11.709;
21.6865;
13.2722;
30.1133;
14.766;
19.0131;
15.2619;
12.8774;
19.5347;
23.5775;
21.756;
24.5044;
20.1775;
24.173;
10.7175;
22.0954;
16.0069;
22.6263;
22.0788;
13.0416;
15.6272;
18.3235;
19.5935;
18.2844;
13.8329;
17.8984;
19.5213;
22.8645;
23.9079;
16.374;
13.7856;
24.1212;
14.3662;
14.4003;
22.4204;
23.3456;
14.0983;
16.5803;
17.2057;
23.8991;
18.1617;
17.1807;
19.8158;
23.7134;
19.1538;
13.508;
20.5705;
29.1753;
17.9254;
19.0714;
21.0275;
19.2155;
17.3885;
22.2923;
16.4202;
18.0507;
15.6252;
14.0158;
20.8852;
25.7333;
18.0294;
16.3633;
17.6545;
11.6134;
23.1803;
24.6713;
23.0215;
17.2612;
20.3768;
25.916;
20.1929;
16.9317;
17.6055;
15.3208;
21.4325;
19.4057;
25.208;
10.6605;
18.7238;
22.3513;
18.7947;
20.8943;
18.8884;
22.5127;
20.4687;
17.0832;
22.8952;
18.2512;
16.2712;
20.6505;
14.2595;
18.5336;
16.8633;
15.0393;
15.8742;
20.0421;
21.2525;
24.6127;
20.6503;
12.3446;
19.7788;
15.2533;
15.3122;
26.7001;
14.5661;
23.0435;
17.0297;
17.0773;
18.6222;
21.9821;
18.482;
24.5649;
23.2083;
12.9231;
24.3003;
21.4526;
17.2738;
16.5644;
24.7468;
24.0695;
26.0456;
18.4196;
25.209;
18.3069;
19.6947;
15.9988;
20.0065;
25.6052;
22.9093;
24.666;
25.904;
19.5243;
20.7615;
17.8511;
28.0123;
22.5932;
19.0703;
19.2139;
20.7163;
15.2251;
18.9818;
22.8632;
22.7232;
32.2394;
21.0879;
16.9457;
14.0285;
19.1014;
20.2265;
22.4123;
16.2231;
19.5407;
19.6384;
32.1814;
16.6996;
20.3432;
21.1131;
16.0549;
16.6629;
24.8198;
14.1025;
20.1673;
18.6867;
18.933;
21.1401;
23.0783;
23.1959;
23.2986;
24.2565;
21.9937;
20.186;
19.1623;
29.7352;
17.6509;
14.137;
22.7536;
20.678;
15.0174;
17.4779;
19.5443;
22.6412;
19.9611;
27.1606;
12.6372;
15.3665;
21.3707;
28.661;
19.3706;
17.8486;
18.557;
16.2984;
26.9862;
21.7688;
11.0973;
21.9477;
25.4572;
24.8111;
20.4302;
18.0664;
12.8293;
14.1367;
18.9984;
23.7001;
25.0986;
16.308;
23.5705;
26.9046;
18.5315;
16.5404;
14.9119;
21.8874;
14.5043;
18.2684;
20.5526;
17.3451;
26.8456;
22.1711;
18.9166;
21.9061;
18.4035;
24.1836;
23.9727;
20.233;
17.7426;
19.378;
26.2001;
28.3155;
19.2591;
24.485;
30.7552;
23.5966;
12.0951;
18.5123;
26.48;
18.3591;
19.527;
23.5551;
22.5681;
24.7635;
20.7007;
27.9429;
18.2171;
15.5523;
20.007;
27.7047;
23.6115;
22.8865;
23.6163;
20.2094;
25.6606;
20.0929;
18.1449;
27.2913;
23.5976;
16.6025;
13.986;
20.3919;
26.7081;
17.385;
15.2561;
27.0514;
23.6448;
24.3732;
29.0191;
18.3564;
17.5667;
17.7679;
17.1449;
27.025;
23.1637;
18.3769;
23.2332;
18.9187;
25.123;
20.3708;
24.727;
21.5033;
32.2163;
15.0058;
20.2587;
23.3984;
22.176;
20.926;
20.2523;
19.409;
16.598;
15.2916;
28.1778;
19.2667;
18.9016;
20.7363;
13.9437;
20.7854;
18.9242;
24.394;
17.0442;
31.4652;
17.5831;
20.6427;
26.5132;
15.7295;
15.2096;
22.4542;
18.9094;
15.7095;
18.6997;
20.8612;
22.0536;
14.0685;
19.9787;
17.4805;
17.3143;
16.5591;
16.0993;
21.1352;
26.3453;
14.2314;
21.292;
24.5769;
25.8155;
27.5611;
23.0301;
26.0951;
22.7547;
19.2513;
19.1322;
22.8106;
13.2722;
18.8612;
20.7448;
19.5487;
18.6354;
27.3939;
24.5006;
20.1985;
23.7183;
15.349;
17.0947;
21.4296;
12.0961;
23.9819;
21.4935;
18.1745;
15.4842;
20.6287;
21.538;
23.0741;
16.8881;
18.9499;
15.2916;
23.1394;
17.3455;
18.2644;
21.9713;
28.6402;
15.2002;
15.8832;
21.0594;
23.6038;
20.7318;
15.2023;
27.3702;
25.4362;
14.6094;
20.8523;
23.6186;
21.3779;
25.0656;
22.3053;
20.2562;
19.324;
23.2014;
15.952;
16.2304;
16.1987;
19.2104;
14.7773;
16.7497;
22.2702;
26.8548;
25.8168;
20.5182;
22.6255;
26.0452;
22.8266;
20.1146;
24.0493;
21.3471;
21.5814;
14.5132;
29.9458;
20.7788;
11.8304;
22.6383;
17.6603;
20.2878;
20.385;
17.844;
22.2886;
17.2306;
18.0795;
15.1813;
25.7438;
20.8391;
25.0442;
19.1722;
22.8041;
17.3657;
31.2907;
14.4533;
28.0656;
20.4531;
24.1081;
21.672;
21.9538;
16.004;
16.4356;
18.2359;
24.9018;
13.9418;
22.8409;
19.2161;
20.9296;
20.8097;
30.6012;
24.3309;
14.3841;
15.3838;
26.5444;
23.501;
14.6502;
16.6336;
10.449;
18.9887;
16.3078;
18.7737;
21.5771;
19.2267;
28.201;
19.2035;
34.764;
15.1063;
25.1104;
24.9181;
18.3434;
20.4974;
22.2752;
19.4261;
25.3246;
16.6604;
12.5498;
19.3638;
15.8119;
21.5687;
21.6062;
10.2746;
14.557;
15.4701;
15.6998;
22.5721;
18.8622;
27.5891;
16.9139;
22.513;
18.093;
25.6098;
17.3501;
19.9064;
22.3658;
11.5174;
15.2602;
20.4891;
25.5907;
11.7414;
17.1464;
18.5349;
13.2433;
18.7172;
22.4345;
20.6033;
18.2455;
16.7877;
24.916;
17.8659;
22.6242;
17.4956;
18.5175;
23.2495;
22.6023;
27.9746;
17.1503;
21.2546;
14.8061;
20.1092;
14.2873;
21.8667;
21.0102;
25.1416;
22.5601;
16.4409;
15.2053;
15.9823;
23.5165;
20.6144;
28.2154;
14.4044;
27.8559;
24.0179;
23.0243;
16.3021;
18.2547;
21.694;
21.9497;
23.831;
24.5213;
14.7315;
20.0848;
17.5219;
27.1199;
24.6131;
20.5823;
16.6878;
30.0165;
21.2878;
17.7894;
25.2709;
21.7461;
18.4172;
22.3715;
17.4221;
19.7665;
26.2866;
16.0828;
15.1214;
19.5666;
17.8217;
19.178;
12.7849;
21.9553;
27.3791;
21.9672;
16.9732;
14.8567;
27.8475;
19.3916;
21.1844;
16.045;
20.4896;
19.6317;
18.7057;
21.1323;
21.1499;
17.1065;
16.8144;
14.8583;
27.1964;
25.4851;
23.0715;
23.0494;
16.3825;
13.3727;
18.7377;
18.2802;
20.4671;
12.6643;
19.806;
21.5923;
26.0426;
15.6029;
24.7504;
19.4123;
12.3147;
16.0699;
17.9437;
16.9417;
18.6013;
22.8324;
14.7176;
20.5176;
25.1025;
19.2075;
14.8249;
17.6985;
16.687;
24.5911;
13.1725;
30.2149;
25.5463;
26.0151;
23.7462;
10.9675;
18.4066;
31.3269;
28.1605;
20.216;
20.9552;
20.5919;
21.4386;
17.7113;
22.0563;
20.577;
15.1527;
25.6594;
16.3942;
18.7646;
22.4609;
19.3107;
25.4996;
27.4561;
17.3566;
20.8172;
28.4123;
15.3715;
18.0932;
20.955;
16.5807;
24.8214;
18.13;
18.2537;
21.5246;
17.9905;
19.2051;
21.136;
14.5312;
20.3333;
27.4978;
21.993;
19.1333;
22.9373;
18.7484;
25.4681;
17.3947;
29.5195;
24.3928;
16.5003;
19.2689;
18.8936;
23.2274;
22.6594;
30.534;
20.9185;
20.7742;
22.2699;
18.1605;
24.9387;
27.851;
18.6675;
19.6368;
35.2216;
23.2869;
19.7271;
13.9751;
15.2084;
19.1698;
23.6934;
26.8541;
17.0256;
17.5959;
25.4615;
11.7998;
29.6692;
18.5671;
28.1927;
25.5118;
17.4716;
21.5757;
25.8608;
12.8968;
25.5516;
19.3832;
27.196;
21.9145;
20.7389;
17.681;
25.2717;
21.6141;
21.1506;
20.4047;
23.8859;
21.1297;
24.4227;
17.1032;
21.7109;
16.7701;
28.4795;
23.4354;
16.6962;
16.0996;
13.169;
14.4746;
22.9175;
18.9574;
18.0388;
26.9082;
24.67;
15.5278;
21.306;
24.8803;
15.2207;
19.9062;
25.8066;
15.1103;
20.416;
20.752;
14.9661;
29.7963;
17.3993;
27.4129;
26.2308;
25.3781;
16.9978;
17.7719;
18.2969;
27.7512;
20.7989;
24.3964;
22.0221;
20.7687;
21.1895;
32.0323;
24.8876;
21.6641;
16.4585;
19.8343;
16.6239;
23.3351;
27.9244;
26.3803;
24.4675;
20.363;
20.4783;
17.5241;
19.3411;
18.966;
25.6254;
23.6149;
26.5368;
17.4569;
19.9574;
15.4832;
16.7916;
21.9631;
23.5874;
14.3019;
24.5035;
23.8941;
23.1221;
16.7387;
22.62;
21.2699;
22.1905;
24.3892;
21.5555;
17.9584;
22.9554;
31.5797;
28.0961;
29.3578;
14.3055;
32.8446;
19.8346;
21.3817;
24.0149;
13.8296;
24.7403;
14.3877;
21.1157;
20.53;
19.3769;
20.8331;
24.6416;
24.5656;
19.7741;
20.6777;
26.3851;
20.9087;
20.9238;
22.0047;
12.7726;
17.5599;
14.3512;
17.965;
22.1607;
17.0647;
17.277;
23.9893;
21.8642;
26.1882;
20.0952;
16.2353;
12.0172;
20.456;
22.5938;
15.5878;
15.9143;
19.4443;
18.9165;
20.8805;
24.3872;
20.0749;
25.8418;
20.1707;
32.8601;
21.0507;
20.1708;
13.0384;
18.6354;
21.8041;
18.7153;
19.7214;
17.6136;
20.2208;
23.3734;
21.851;
17.6939;
14.264;
23.482;
22.7043;
21.8721;
23.85;
20.9516;
16.5281;
30.1051;
22.3335;
25.7135;
21.0143;
24.8494;
22.8833;
15.6161;
29.9027;
17.494;
12.244;
21.9375;
17.7342;
12.3129;
25.5321;
20.0847;
18.5163;
20.266;
24.7514;
28.0554;
20.3693;
23.2517;
23.5344;
19.6372;
17.3397;
20.7693;
22.0749;
17.4415;
17.6784;
22.9192;
23.6898;
20.9113;
19.5569;
32.4042;
24.5645;
16.2146;
16.3406;
22.4891;
25.2876;
25.2922;
23.6176;
30.4811;
18.6692;
19.9433;
21.1515;
27.0948;
27.2881;
18.1877;
22.5347;
21.4635;
21.624;
27.0085;
16.5081;
21.0008;
20.3508;
17.1482;
24.7408;
18.5913;
19.9332;
19.8471;
29.0912;
18.5796;
19.5164;
20.3298;
22.5938;
25.6852;
22.3319;
17.988;
17.3876;
24.3345;
17.7142;
20.5005;
25.9283;
18.2477;
19.4173;
21.6202;
24.4317;
14.1737;
21.0414;
20.6764;
24.4882;
26.0517;
22.7683;
18.7771;
25.3973;
19.2869;
23.8829;
19.7256;
23.985;
15.4676;
23.7853;
26.6051;
26.1058;
21.0573;
22.8129;
23.7168;
22.5559;
17.0621;
19.0274;
23.3269;
31.7822;
16.7051;
31.1704;
21.9511;
18.4315;
23.2876;
26.9172;
18.8365;
21.2743;
29.6638;
21.3946;
29.1305;
20.0929;
26.9394;
24.3629;
17.2233;
18.0804;
18.9257;
15.712;
25.5033;
21.306;
15.1032;
16.4483;
28.4983;
21.8996;
18.8587;
25.1273;
19.0915;
23.5678;
24.3385;
19.7541;
14.9078;
18.1233;
22.2456;
13.3749;
19.0242;
28.3304;
18.0635;
24.2372;
18.5864;
18.8144;
27.1291;
23.0118;
23.361;
23.4356;
20.435;
23.9049;
17.1699;
21.5322;
25.1828;
19.4245;
28.0815;
22.892;
20.3329;
27.7477;
15.8164;
20.7903;
21.1965;
17.695;
14.0029;
26.0034;
18.4782;
19.0506;
18.5191;
19.6522;
13.8433;
11.7334;
17.8499;
21.7163;
25.8716;
23.0405;
14.8576;
29.2033;
17.3578;
23.3974;
22.076;
23.9314;
18.5283;
18.8132;
19.9392;
20.2228;
22.1863;
25.5226;
22.6593;
16.8333;
31.4196;
23.787;
14.2342;
19.8698;
30.5895;
22.8896;
20.0135;
24.4632;
20.3955;
26.7258;
17.8413;
25.0732;
22.5941;
18.25;
13.3806;
29.3572;
17.1522;
17.5846;
23.5462;
17.6528;
24.0243;
16.4597;
25.2314;
18.6392;
17.6042;
23.66;
19.7903;
29.1764;
19.5045;
20.8358;
23.0012;
26.1488;
23.1913;
24.0716;
20.72;
24.2392;
20.7962;
20.7444;
20.5412;
21.282;
21.3555;
22.0259;
23.3569;
19.2385;
21.076;
28.2196;
16.1968;
22.8796;
16.7977;
14.6862;
21.3274;
18.0308;
19.6011;
25.5822;
19.0554;
19.4189;
31.4732;
14.3021;
20.6938;
23.0493;
21.4814;
20.5217;
20.7618;
24.3655;
14.5053;
16.3742;
21.3063;
16.947;
23.0335;
25.2334;
25.4026;
15.1434;
20.0135;
20.8199;
17.5967;
19.1053;
26.9555;
21.6998;
28.2494;
21.2838;
28.4908;
18.5223;
24.2053;
19.8923;
21.0402;
27.1704;
21.9931;
30.352;
17.5645;
22.637;
23.7468;
22.3621;
15.298;
25.8671;
25.9787;
26.628;
28.8269;
14.634;
20.7922;
24.6867;
30.3867;
21.5632;
22.9493;
21.4734;
23.0491;
23.5325;
28.7261;
18.3799;
23.0266;
12.4275;
20.2988;
32.7159;
16.9296;
33.432;
20.3619;
17.4312;
24.7947;
38.7316;
26.5463;
34.8338;
15.7388;
20.6405;
23.0886;
19.7733;
17.5337;
23.1144;
12.5753;
19.2882;
22.3418;
24.3812;
28.9489;
18.9586;
16.35;
18.9149;
18.6686;
24.5138;
17.6081;
27.7174;
17.4231;
27.9477;
26.7351;
24.0967;
19.7637;
28.1955;
26.2616;
20.9345;
24.1017;
22.3677;
20.7044;
13.9674;
21.1438;
19.6137;
22.188;
22.9282;
15.7601;
23.7668;
20.6778;
21.5773;
24.4091;
25.8374;
27.5892;
15.432;
14.3707;
20.418;
21.3168;
20.1959;
27.2624;
17.8114;
23.8256;
26.7134;
24.7393;
29.2158;
29.8571;
16.5948;
20.6439;
17.6831;
37.3457;
23.7512;
17.2029;
23.8683;
14.2289;
27.5053;
32.1134;
23.2821;
23.7374;
17.5154;
24.2889;
17.4935;
25.7103;
16.4332;
21.6715;
21.9268;
24.5899;
14.6837;
22.3719;
22.9395;
19.0532;
27.3446;
25.8824;
19.142;
28.3532;
21.9741;
26.8885;
22.2812;
22.1378;
27.5393;
16.7305;
24.9654;
21.0401;
17.6728;
28.4863;
26.6863;
26.4098;
22.2086;
27.9612;
17.9405;
20.008;
21.9036;
17.5725;
24.0406;
24.0622;
25.8034;
27.3786;
21.7338;
24.3742;
23.5518;
29.8292;
19.2486;
13.3242;
17.1604;
24.1489;
32.1802;
26.0092;
20.9261;
25.0903;
22.1103;
20.2013;
25.8887;
30.1992;
18.3119;
18.3807;
23.2067;
18.3867;
25.886;
15.0976;
15.7805;
20.4356;
24.8749;
20.4213;
29.8344;
26.3781;
30.1303;
16.3477;
20.8858;
17.0878;
22.0388;
25.9528;
26.9123;
27.6245;
20.4912;
19.6461;
21.1957;
24.8382;
14.6645;
24.4661;
19.4491;
20.6899;
19.3458;
17.4816;
20.8322;
19.5235;
15.7397;
20.6616;
24.1508;
26.2546;
28.1773;
12.1539;
19.4825;
23.0433;
31.6365;
20.5102;
27.6765;
22.2795;
22.281;
20.3475;
16.6016;
23.4183;
23.9143;
23.5962;
23.6751;
18.4448;
20.4992;
30.7975;
20.0292;
27.192;
21.8331;
21.543;
17.5681;
18.0961;
23.1294;
18.7295;
25.5179;
19.7531;
22.4184;
19.5462;
24.887;
27.6726;
23.0681;
23.474;
23.1272;
20.8555;
28.1316;
17.6763;
35.3994;
20.4035;
17.815;
25.4866;
24.7286;
19.3643;
22.7457;
33.3131;
14.7258;
20.9528;
14.0531;
31.4532;
24.5085;
18.6712;
26.039;
23.9919;
18.6777;
22.9282;
27.4122;
15.9428;
19.8939;
20.4142;
19.8857;
14.5511;
22.0434;
25.06;
18.3452;
24.6972;
17.2702;
18.8986;
21.7218;
17.8393;
28.3935;
24.1927;
23.0483;
17.5717;
17.7985;
14.9897;
19.0515;
24.5447;
18.5797;
38.2709;
33.9805;
18.2715;
27.2479;
21.3189;
19.7261;
22.5413;
17.8813;
21.7103;
20.1289;
23.9934;
21.6457;
18.8688;
18.6475;
21.6931;
14.7131;
16.1733;
17.5621;
23.818;
17.2603;
16.0691;
25.9192;
25.0867;
28.6969;
19.8917;
22.958;
25.4807;
20.0956;
22.6834;
27.3229;
27.8432;
22.8591;
27.2421;
18.0301;
28.0672;
20.0737;
19.2666;
24.8282;
30.7306;
13.1816;
18.8711;
25.4251;
32.8156;
19.4636;
12.62;
18.6385;
30.0266;
14.9002;
20.7695;
25.3175;
26.3756;
24.5763;
23.6363;
29.1533;
24.4944;
15.335;
18.2962;
14.5277;
25.6674;
23.7961;
19.7516;
17.0089;
12.7719;
17.8284;
22.5908;
20.4476;
15.4029;
18.6029;
18.6107;
27.3653;
20.5644;
23.2715;
14.5113;
34.2323;
23.1779;
17.222;
26.8341;
23.526;
17.58;
27.1413;
24.1937;
20.8007;
24.1105;
20.7799;
30.595;
29.0115;
21.2824;
20.0484;
25.4058;
26.8358;
22.0238;
26.4214;
17.6651;
25.1661;
17.348;
22.551;
16.8123;
23.0813;
19.256;
17.1681;
23.8366;
17.7975;
20.1342;
24.4472;
17.351;
16.4344;
26.4607;
19.2654;
22.6851;
27.5132;
21.215;
20.5105;
20.1005;
19.3144;
23.6716;
17.0901;
35.1043;
19.2339;
15.7954;
15.4923;
17.9393;
18.43;
26.6436;
27.7804;
21.4591;
18.5978;
24.7537;
21.1046;
26.7108;
21.3972;
17.9824;
23.471;
20.6688;
17.2563;
22.9014;
27.1647;
22.9598;
15.8211;
27.5216;
14.7123;
18.4244;
22.7686;
23.6861;
15.369;
21.4632;
18.9886;
25.0154;
26.1816;
29.8339;
21.5973;
21.0019;
18.066;
22.458;
18.7279;
20.5183;
35.7916;
21.9694;
36.2577;
17.231;
23.4802;
16.4464;
21.666;
21.6362;
24.2045;
19.8231;
26.6773;
18.4123;
20.339;
25.8829;
24.9546;
23.24;
16.5316;
22.2862;
19.1198;
17.0984;
26.5111;
16.6638;
19.2659;
23.0371;
21.3695;
23.57;
26.9618;
19.3125;
26.4635;
14.6639;
19.3421;
20.7375;
16.9627;
27.7841;
21.6409;
22.2774;
18.6765;
26.8364;
23.1349;
19.4176;
19.2992;
16.7503;
23.2367;
20.8906;
15.8223;
30.3988;
25.397;
28.1476;
27.2247;
25.388;
18.7223;
21.1055;
28.9484;
18.8612;
20.6259;
25.62;
25.1111;
19.5151;
17.6857;
18.501;
23.5337;
17.3174;
16.6163;
21.9771;
23.4506;
18.942;
16.5285;
17.7886;
18.4079;
19.4553;
21.725;
21.0289;
18.2219;
19.6104;
15.7735;
16.2651;
20.3027;
22.8952;
20.6074;
20.6554;
15.6703;
29.1932;
19.4996;
19.4228;
16.2689;
15.5049;
17.6726;
25.2951;
25.5157;
14.2721;
18.2303;
19.7855;
18.396;
22.0042;
23.1343;
24.2807;
28.6317;
24.4765;
14.3421;
18.6705;
22.1526;
29.4024;
16.2577;
14.5907;
29.2696;
23.7893;
18.2768;
25.3443;
20.329;
16.9378;
20.567;
19.7974;
24.2092;
25.0143;
26.4025;
14.9458;
18.3591;
23.5067;
18.1913;
17.7699;
14.8678;
22.221;
18.5357;
16.5527;
15.9599;
20.0102;
17.487;
16.2507;
22.5231;
31.5587;
25.6739;
14.5186;
28.2877;
13.0009;
23.4144;
17.0008;
21.8967;
18.3063;
27.8834;
23.8251;
26.1416;
26.5893;
24.3915;
14.7508;
24.7982;
21.7809;
27.4813;
19.1729;
17.8297;
17.3155;
20.9104;
19.3329;
14.8829;
20.4437;
17.866;
25.3214;
21.5023;
13.7928;
29.9824;
15.9343;
24.2142;
15.2477;
27.4871;
20.3433;
24.3932;
23.6114;
17.7089;
16.6836;
13.7345;
28.1582;
24.3662;
14.7651;
25.9979;
24.893;
13.6362;
23.812;
19.2197;
20.9203;
12.0783;
15.9995;
20.9946;
21.1406;
20.6429;
28.8324;
17.0079;
26.0996;
26.7937;
27.6251;
19.2192;
18.923;
25.3089;
23.0851;
26.4419;
15.6378;
24.3683;
22.7683;
23.2375;
19.7058;
22.5457;
29.1758;
21.1381;
20.9218;
23.1778;
21.9561;
26.509;
28.9584;
15.9529;
19.4085;
23.7702;
14.8267;
21.2514;
19.8759;
17.6181;
21.8321;
21.1972;
17.3198;
39.6949;
24.7592;
25.9945;
18.4871;
27.681;
19.7941;
23.1818;
23.9887;
26.7074;
26.4465;
20.3589;
22.9555;
23.1545;
19.2932;
23.9775;
17.795;
15.3686;
20.8385;
31.3228;
22.0555;
22.607;
18.1573;
17.7848;
17.2585;
18.7574;
22.618;
16.3076;
22.3113;
31.9375;
24.2311;
16.7377;
17.4651;
20.3439;
27.3711;
14.3361;
28.4842;
20.4175;
16.2666;
25.6623;
29.4566;
17.3928;
13.6384;
13.3918;
29.1216;
23.4469;
16.3903;
26.084;
23.0856;
18.8986;
26.2226;
19.4425;
20.524;
29.3599;
15.963;
17.3796;
20.3633;
28.5871;
15.3944;
24.0425;
30.8929;
26.5078;
25.2852;
18.9689;
20.288;
20.1113;
23.8554;
20.8802;
22.1106;
20.1856;
32.4279;
18.5106;
19.3469;
26.6519;
16.9319;
32.7733;
18.1987;
26.266;
22.1264;
19.0194;
29.5273;
24.5958;
23.8034;
19.468;
26.6019;
23.387;
24.7;
22.8654;
23.0542;
27.693;
13.8621;
16.8031;
22.2937;
25.6878;
31.4889;
17.5033;
25.8436;
15.2935;
17.9017;
27.8994;
22.1596;
21.2784;
25.67;
20.5427;
21.5641;
25.0677;
21.2235;
20.26;
26.8688;
23.4959;
15.6596;
15.3364;
17.539;
19.5966;
14.5022;
20.2976;
23.7471;
30.3295;
13.7336;
21.8799;
20.8702;
22.5289;
18.7802;
17.9738;
23.9985;
20.8148;
18.7865;
17.9678;
26.3823;
22.5885;
21.8258;
16.6255;
22.4216;
28.3188;
18.5451;
14.1913;
21.4946;
30.094;
21.2534;
25.1092;
27.685;
15.5524;
27.5782;
18.1164;
19.4324;
29.6693;
26.0665;
18.236;
27.6657;
26.5006;
31.5565;
26.1324;
22.0317;
11.6192;
17.8708;
18.5529;
24.9243;
27.128;
24.3452;
25.4063;
19.3869;
19.704;
27.2852;
21.6488;
17.694;
18.4469;
21.9486;
19.4472;
24.0447;
16.1121;
25.8275;
16.9454;
21.0863;
19.551;
28.5805;
30.2199;
25.0199;
18.1256;
18.701;
16.6947;
21.5728;
23.3257;
19.5207;
22.2676;
22.6474;
13.3554;
28.7352;
37.0163;
16.9821;
21.971;
16.3759;
24.1172;
17.4876;
28.2358;
26.8641;
26.4443;
33.6816;
18.0069;
13.7024;
16.4499;
19.7062;
19.89;
24.3176;
27.7513;
19.1891;
22.3795;
28.2597;
21.388;
24.6488;
26.9587;
17.2099;
19.4748;
25.8776;
16.9301;
24.5871;
19.7035;
29.2508;
15.6102;
19.0409;
27.9636;
23.0319;
20.3144;
21.4295;
23.2426;
17.6221;
18.051;
17.5271;
14.8253;
20.0889;
22.4708;
25.2609;
20.4683;
33.4265;
19.8649;
24.129;
11.5547;
23.6432;
20.8527;
23.116;
29.6645;
26.2355;
29.8431;
19.5808;
17.3847;
19.471;
22.2275;
22.5666;
25.1685;
22.2787;
19.5658;
20.0876;
16.4819;
19.7913;
23.2161;
29.2169;
27.886;
17.0039;
14.8971;
25.8132;
20.1649;
25.4669;
22.8168;
26.1245;
22.1529;
28.0107;
15.6963;
16.7312;
28.3928;
22.4643;
20.9819;
23.178;
14.0927;
17.9031;
22.2929;
14.8424;
21.4173;
23.113;
17.123;
26.7704;
18.1195;
26.6276;
17.6277;
21.5382;
15.9487;
21.3115;
17.1049;
20.1793;
18.68;
24.4884;
18.167;
22.3868;
20.2559;
29.4925;
22.7763;
16.1569;
24.9634;
22.2133;
25.954;
14.8124;
20.2089;
18.0948;
31.0553;
23.3459;
31.438;
20.213;
20.102;
19.4163;
20.7573;
19.7593;
16.1218;
16.8493;
23.8628;
28.2508;
23.6517;
20.6217;
27.5847;
24.4603;
21.292;
19.8685;
20.536;
23.0027;
20.4587;
15.3544;
19.8982;
30.0608;
29.478;
36.8654;
14.76;
15.993;
19.3498;
19.7257;
22.9705;
19.6325;
30.0998;
24.0149;
17.2346;
20.2283;
27.602;
25.1214;
21.6456;
17.9658;
21.0493;
19.6589;
17.5137;
24.3457;
13.8976;
19.2484;
22.4303;
30.0909;
27.8863;
23.3891;
17.0342;
18.006;
24.281;
30.6402;
18.9281;
17.4736;
18.8278;
16.9156;
19.212;
19.6848;
25.9012;
15.9783;
30.1714;
23.6978;
20.7642;
21.3564;
20.8398;
24.7682;
22.3531;
22.4012;
19.6926;
21.605;
19.0647;
22.3513;
22.384;
20.4193;
19.9701;
16.4864;
30.1251;
39.2316;
27.398;
19.6031;
21.011;
18.5041;
25.0203;
22.7985;
26.4882;
26.4091;
12.8476;
27.2785;
29.7308;
15.6616;
16.6094;
27.7635;
23.5662;
34.8284;
21.1767;
19.5208;
24.8781;
25.3638;
22.7194;
16.5244;
12.1417;
19.586;
18.8311;
26.6309;
16.6129;
24.0394;
20.9806;
15.5093;
20.7137;
12.7214;
19.516;
21.9893;
14.2224;
20.5471;
25.2487;
17.0213;
30.8775;
20.3899;
22.2915;
23.5904;
17.0257;
25.7389;
16.6508;
21.6806;
26.2251;
17.5177;
27.8676;
23.2002;
34.0958;
15.6947;
18.4025;
22.1561;
19.4821;
21.8645;
18.5972;
16.8527;
17.0976;
19.6856;
28.0044;
25.1928;
22.5642;
18.1954;
24.6612;
18.8589;
15.5727;
24.7074;
22.2529;
32.8078;
25.9772;
21.8754;
18.1218;
17.4163;
18.7933;
19.047;
18.4941;
16.1083;
18.5159;
16.4791;
22.0481;
29.6385;
17.0304;
16.2955;
29.5835;
13.8112;
25.7522;
18.5911;
23.5466;
32.6206;
20.0865;
22.2743;
30.3321;
21.3279;
18.3297;
24.6193;
20.6055;
16.5349;
20.461;
23.8204;
26.9297;
16.6812;
27.7158;
23.1929;
20.5013;
24.0352;
20.9787;
16.9096;
27.129;
17.4074;
19.503;
15.8782;
17.0832;
12.9301;
16.3679;
19.686;
22.4486;
23.6476;
17.8481;
21.2036;
22.9591;
15.1502;
21.9253;
18.566;
27.32;
17.61;
27.9142;
23.3459;
26.063;
21.4004;
24.7151;
12.1002;
21.4274;
18.1977;
20.9131;
22.9275;
14.1447;
16.1378;
23.4833;
30.5117;
25.7073;
20.3947;
24.0545;
25.2687;
19.4226;
22.4619;
14.8858;
23.3901;
22.0281;
15.1997;
17.6812;
21.2113;
32.2598;
19.4691;
29.6886;
27.279;
19.1245;
31.2307;
25.4077;
24.1671;
31.4132;
17.2978;
24.4135;
19.3592;
22.2107;
14.3384;
22.8955;
18.6863;
19.1549;
18.1013;
18.6204;
16.6766;
16.6643;
17.1257;
16.618;
13.1338;
18.292;
19.6389;
23.0158;
19.2235;
15.9853;
13.8958;
16.5275;
25.4019;
24.4575;
29.0383;
20.7336;
26.6614;
19.1948;
19.6621;
22.7731;
21.1298;
23.9784;
19.8533;
17.3487;
25.8961;
21.7859;
20.2519;
18.2692;
26.7293;
23.1003;
27.9967;
14.9553;
19.121;
14.357;
19.6974;
19.9944;
18.2668;
22.0527;
16.7676;
17.3837;
19.2544;
24.6318;
22.4233;
23.2972;
23.6092;
25.207;
23.6422;
27.9518;
28.8332;
19.7493;
37.5549;
23.0022;
11.904;
21.2782;
20.2902;
29.534;
22.2073;
24.3149;
16.7827;
11.8382;
24.709;
20.5251;
20.8466;
25.2023;
16.4952;
30.8525;
25.9019;
21.0499;
17.5389;
10.9587;
21.7164;
25.8279;
29.9019;
15.9289;
17.7376;
25.5128;
23.8014;
15.3006;
17.6121;
20.7496;
16.4403;
24.6816;
16.3924;
18.6454;
23.7849;
14.1886;
23.9747;
20.2686;
17.4824;
16.7612;
15.5158;
21.9134;
17.5623;
22.6469;
21.3143;
16.9138;
22.2439;
18.6152;
23.0796;
28.5346;
24.6897;
15.2146;
20.2638;
19.1096;
17.1223;
23.9931;
24.2712;
25.5926;
34.4862;
17.0724;
22.7371;
31.5201;
24.9152;
26.3799;
24.3156;
12.2279;
12.6794;
25.5441;
18.3262;
17.4989;
22.2174;
27.0384;
18.6481;
21.2365;
26.2479;
17.5645;
12.8464;
19.1704;
21.7964;
18.5069;
20.0253;
19.0729;
14.1843;
17.468;
17.1142;
23.3765;
17.9082;
17.8884;
21.1102;
13.556;
20.1279;
20.5459;
18.0613;
16.111;
19.3797;
15.2126;
14.6457;
18.4355;
25.5557;
31.0523;
19.1292;
21.6781;
15.3992;
24.3518;
18.5972;
13.0537;
21.5739;
17.0256;
16.8915;
14.1426;
25.6331;
18.9851;
20.8306;
25.5453;
17.1644;
18.3397;
16.0223;
25.6602;
21.1784;
11.3516;
17.1586;
19.7797;
14.5776;
26.1011;
16.8596;
20.611;
18.6509;
18.2397;
21.2105;
21.3094;
22.5277;
13.0734;
21.3572;
26.4437;
23.6108;
20.8536;
23.9633;
22.7278;
19.0019;
25.93;
17.6658;
17.8793;
16.5594;
15.5457;
11.6052;
20.6592;
16.9763;
19.568;
24.4488;
24.3537;
18.0078;
24.1994;
18.4765;
15.5807;
25.1004;
19.0439;
16.4377;
28.808;
21.3226;
14.4896;
28.9467;
21.2956;
28.7195;
16.2371;
22.5122;
20.782;
18.0863;
24.9004;
18.9784;
22.8624;
33.6049;
30.4666;
25.796;
21.8955;
17.2643;
22.5155;
16.5023;
15.8212;
17.822;
13.0489;
17.8214;
20.6319;
19.7177;
18.5127;
23.9947;
29.0175;
26.3861;
25.4442;
19.9634;
23.3979;
20.9151;
29.6159;
28.1396;
37.4812;
20.8161;
19.9215;
18.5868;
23.6235;
27.6903;
23.1888;
19.0289;
20.1875;
20.3372;
20.0104;
25.1359;
22.3825;
20.7729;
22.2565;
29.4084;
24.0588;
17.9288;
13.4275;
17.349;
20.7769;
12.52;
18.9024;
25.3078;
22.0719;
22.1269;
19.1123;
20.3038;
16.8646;
21.0977;
18.5427;
23.4006;
26.473;
21.2482;
20.472;
18.0247;
21.8496;
20.0478;
19.2047;
14.2509;
21.9505;
24.6967;
23.9725;
30.1853;
22.5133;
20.762;
17.2844;
19.1233;
21.4407;
24.3587;
20.2817;
21.4732;
16.8699;
26.4257;
19.4707;
25.9468;
19.4389;
27.3417;
27.4849;
23.8391;
23.5237;
24.6654;
23.2959;
17.8405;
12.8421;
18.8743;
28.9908;
19.6606;
19.6124;
18.1426;
28.4793;
18.6948;
19.1855;
16.8225;
22.5702;
17.4535;
15.7127;
17.344;
17.4452;
18.7048;
33.0413;
27.4656;
16.5784;
21.3082;
32.3617;
26.8082;
27.8347;
24.7551;
23.953;
26.9807;
23.9358;
21.2175;
15.3485;
16.898;
24.6811;
23.0013;
24.6333;
14.2401;
18.5323;
14.7765;
20.7534;
16.2016;
25.0235;
28.7442;
27.4591;
29.2651;
17.9058;
16.4816;
17.1559;
16.5867;
17.8615;
24.0741;
16.7988;
22.8709;
18.7353;
18.4901;
14.2826;
32.7298;
26.5991;
21.5875;
19.2507;
21.3133;
13.1978;
22.0321;
21.1796;
14.3571;
15.7709;
28.4575;
21.3925;
18.9858;
23.9531;
22.3149;
10.7578;
20.3014;
24.8399;
15.8299;
14.6973;
21.2077;
12.8582;
20.6906;
23.8513;
28.8135;
14.2128;
17.4329;
24.2504;
22.6567;
21.8188;
15.2883;
15.2715;
14.1104;
23.6634;
17.6596;
23.3877;
26.8017;
18.9366;
22.1632;
19.8127;
24.2363;
27.7279;
23.1717;
21.7102;
26.8851;
18.6964;
26.4422;
22.2284;
26.7547;
28.9846;
23.47;
18.1222;
17.7943;
13.5615;
24.6707;
28.6277;
13.2728;
15.8768;
17.5882;
17.583;
20.1863;
17.5155;
22.0208;
18.1701;
14.5862;
24.204;
23.2158;
20.3233;
17.0755;
13.3905;
11.2416;
26.6999;
17.6944;
21.938;
11.9795;
23.6484;
30.02;
25.2634;
23.057;
18.3872;
19.1514;
19.0812;
18.3239;
16.1196;
16.7075;
25.0794;
22.0174;
18.6777;
27.9811;
23.9694;
16.637;
27.5303;
27.2701;
17.2332;
13.5261;
18.0131;
28.154;
11.95;
23.694;
17.3478;
18.1043;
17.1838;
19.266;
28.2832;
27.8579;
25.9654;
13.9654;
17.2404;
23.0673;
15.9014;
22.1793;
16.9741;
24.4228;
26.2131;
21.6968;
22.9718;
18.3871;
17.8078;
16.5303;
21.1883;
18.3286;
19.4935;
17.2189;
21.2366;
29.2111;
27.726;
15.6644;
18.8282;
22.6325;
20.5687;
20.8534;
22.9955;
22.094;
17.7963;
16.4468;
15.0218;
28.7568;
25.1372;
13.579;
16.5316;
18.3021;
19.4597;
24.2469;
17.4569;
29.2423;
16.7117;
21.9236;
25.6547;
16.5335;
28.9112;
14.5432;
29.3722;
21.7098;
18.2843;
35.1497;
24.3608;
15.4968;
15.4206;
22.9304;
18.1747;
27.9665;
22.5441;
13.5799;
26.8205;
24.9417;
31.4375;
16.5632;
15.7883;
20.0985;
36.4096;
22.1089;
16.6977;
16.0414;
20.2416;
19.5965;
16.4224;
16.6012;
30.0245;
23.0773;
25.8473;
17.4598;
14.2816;
16.6889;
13.8252;
27.2293;
26.2465;
20.4124;
17.6381;
25.9877;
27.7891;
24.0042;
31.8707;
20.6285;
22.1157;
22.7948;
19.4266;
17.3657;
17.6355;
17.0112;
15.0204;
20.2817;
19.1394;
20.134;
16.8494;
16.9015;
15.1936;
22.5889;
24.967;
31.1247;
26.6725;
19.4699;
21.2808;
16.6724;
19.5516;
19.0182;
20.9329;
15.9573;
21.9903;
13.8951;
16.7798;
17.3248;
19.4659;
24.0036;
14.1971;
24.2813;
35.7867;
33.0879;
16.017;
20.6858;
27.3028;
22.8628;
21.1952;
15.4122;
26.1514;
15.9691;
17.912;
18.8166;
12.528;
22.8034;
22.4664;
16.5331;
18.7797;
15.1773;
18.4875;
16.8812;
21.1093;
17.8454;
31.6403;
25.061;
20.9041;
25.2383;
19.9105;
20.6408;
16.9887;
20.7023;
14.3887;
18.72;
26.9915;
16.7596;
20.3382;
20.7089;
16.5311;
11.563;
27.7026;
16.4881;
21.4294;
20.4978;
20.0238;
16.6203;
17.281;
18.6987;
20.2181;
19.8321;
17.2088;
20.2827;
21.7871;
13.4558;
17.1488;
29.2163;
18.2177;
19.3997;
22.3922;
25.9009;
26.2246;
23.621;
20.3443;
14.612;
23.5555;
19.9275;
26.2342;
25.0408;
29.3415;
19.1329;
30.6402;
23.367;
24.8947;
23.6445;
17.1193;
18.1711;
16.8279;
26.6418;
29.3224;
23.4768;
22.8432;
13.2641;
17.5773;
25.0066;
28.561;
30.2219;
20.5314;
21.6938;
30.0499;
12.2559;
19.8266;
18.4614;
22.165;
16.8164;
28.307;
22.6837;
26.3827;
29.1255;
16.6695;
27.2088;
17.4576;
17.772;
19.9337;
16.7461;
18.365;
17.724;
18.913;
15.4206;
22.9434;
13.6424;
20.0123;
25.4354;
29.1727;
17.7526;
27.6317;
17.3769;
24.4491;
13.9807;
12.4593;
29.0237;
27.3448;
14.8171;
29.5832;
29.7913;
21.6937;
28.7494;
26.3254;
24.5184;
27.2434;
22.8719;
17.0547;
15.8576;
16.8786;
16.0055;
17.9379;
19.4321;
21.0736;
16.4586;
15.658;
15.8439;
13.5239;
25.5676;
18.2349;
26.1692;
22.9134;
24.7861;
23.8236;
27.6811;
16.0803;
20.9556;
13.4068;
25.8314;
27.6288;
28.0581;
38.4311;
18.9028;
18.1;
24.3288;
18.2264;
15.6407;
22.4637;
16.0208;
20.2373;
23.9977;
18.5318;
21.5355;
27.9135;
19.3956;
26.6563;
20.5517;
16.6031;
22.6526;
25.7305;
22.0762;
24.8617;
16.3151;
21.8135;
20.9129;
18.1458;
16.8153;
19.1751;
28.527;
15.5552;
17.9183;
28.6433;
24.0098;
19.426;
19.4141;
17.4229;
28.1181;
18.2193;
18.6403;
24.4022;
21.6595;
15.4182;
26.308;
26.7698;
26.1546;
31.4572;
27.3289;
26.6742;
27.4747;
18.3326;
26.5845;
14.3206;
18.4828;
18.659;
20.484;
14.6933;
26.0986;
23.813;
32.7876;
12.4307;
22.9354;
18.9798;
19.2382;
17.5762;
23.2238;
25.6663;
25.7067;
18.2586;
16.1388;
15.8663;
13.5594;
20.0931;
23.4265;
22.6542;
27.9056;
20.7074;
16.9029;
21.0441;
22.1351;
17.4735;
26.4932;
20.2663;
17.6461;
16.4318;
17.8792;
18.3745;
24.6799;
32.01;
20.3331;
22.9935;
21.5741;
18.1189;
21.4315;
26.1073;
17.6201;
16.4107;
23.4315;
21.4277;
13.3569;
18.5355;
24.2191;
19.5068;
14.6564;
18.5445;
15.1351;
21.8728;
18.3398;
28.4633;
24.9311;
13.2753;
28.9231;
31.7131;
30.8279;
18.8168;
18.5522;
16.1286;
16.6822;
26.2088;
18.2784;
14.4542;
30.1976;
36.7398;
17.5762;
22.8416;
17.9523;
21.257;
32.1035;
17.9995;
20.3866;
34.1867;
29.8367;
20.4725;
18.7428;
22.7528;
22.0978;
17.511;
23.2715;
20.7478;
25.4816;
21.2011;
15.908;
19.7044;
11.3855;
14.682;
18.5843;
16.7073;
19.0571;
23.8172;
17.8002;
14.6621;
15.8017;
18.3958;
15.6686;
22.3672;
32.1643;
26.1648;
23.7309;
21.3315;
16.955;
24.4476;
20.5447;
28.4266;
16.3339;
15.1867;
18.4921;
27.5456;
19.8392;
25.6896;
16.5404;
16.733;
18.045;
24.655;
22.3545;
26.6951;
15.8318;
17.909;
24.2328;
32.3508;
27.582;
14.0067;
16.8603;
18.6385;
19.9351;
31.5783;
22.054;
18.113;
16.4593;
16.5334;
23.7035;
17.1561;
24.0951;
17.3824;
17.8974;
27.7901;
30.5067;
23.3421;
15.0857;
27.467;
27.5618;
20.9161;
18.0366;
18.503;
24.5463;
21.1107;
23.3685;
21.6939;
15.9613;
16.4157;
16.9701;
17.6356;
24.5453;
16.7353;
14.9787;
20.0089;
16.5613;
19.6415;
21.246;
29.7862;
20.8328;
30.7961;
28.9546;
27.1805;
18.1244;
21.2583;
13.4576;
26.9886;
14.7424;
18.9617;
14.4307;
17.7149;
22.6657;
18.8179;
11.9909;
16.049;
16.3685;
23.3612;
21.5175;
26.9157;
18.8687;
13.6378;
16.1581;
22.755;
15.8691;
12.4492;
24.5094;
18.6621;
15.7986;
14.9477;
16.903;
13.9459;
19.6547;
20.4852;
22.7026;
18.0295;
19.1881;
19.6409;
21.3995;
23.2611;
22.7505;
25.8103;
24.036;
25.1952;
27.3305;
16.0962;
29.6141;
22.7973;
18.6444;
28.5582;
26.182;
21.5511;
20.794;
22.8574;
29.3086;
25.4101;
22.6024;
18.4553;
18.6205;
18.5277;
22.1815;
19.5553;
14.9016;
29.0568;
15.3223;
29.3918;
26.3222;
29.3884;
25.8489;
18.9816;
13.482;
26.4726;
17.7633;
15.1476;
18.1548;
19.2751;
24.4905;
20.7253;
29.5252;
29.4245;
16.4215;
15.8085;
10.6455;
15.4915;
24.5873;
23.7172;
22.61;
14.6908;
14.3321;
14.4276;
20.5508;
22.3301;
16.9664;
16.6721;
15.8881;
18.3965;
15.7143;
20.0317;
17.3104;
21.5695;
15.484;
15.9541;
22.5681;
25.5232;
16.6817;
25.2317;
18.3773;
20.3309;
23.72;
18.1235;
14.0775;
19.8814;
17.1711;
28.9986;
23.9892;
28.2805;
30.1047;
18.4707;
13.7134;
22.8885;
22.2437;
18.203;
10.6235;
16.3618;
17.43;
19.0915;
17.8342;
19.7659;
22.9447;
22.1926;
28.3703;
29.1354;
30.3164;
23.2872;
20.4094;
18.6791;
22.2771;
21.2498;
27.6055;
15.3368;
14.9492;
20.6;
26.6632;
15.8187;
27.0372;
18.5299;
30.5049;
28.4001;
28.8823;
26.0176;
15.7896;
16.0073;
18.1528;
20.7655;
16.2902;
23.9915;
21.2583;
23.1748;
26.3734;
22.0902;
23.198;
24.7429;
15.6384;
14.5619;
26.818;
22.4534;
17.8963;
15.0414;
17.2129;
15.5436;
19.1719;
19.3952;
16.297;
13.498;
19.6105;
18.7209;
16.8204;
17.6307;
14.5809;
11.4039;
15.2908;
20.1109;
30.4455;
18.8899;
19.4619;
15.0618;
19.8306;
22.137;
23.8354;
21.0773;
21.4125;
24.4149;
31.855;
21.6453;
27.6307;
26.5072;
21.3492;
12.1595;
22.3641;
27.1426;
15.2045;
13.8769;
21.1003;
21.411;
27.2284;
20.7113;
23.0284;
26.0393;
26.1373;
24.5868;
11.8333;
27.7437;
17.546;
23.4997;
23.368;
14.9352;
24.7348;
16.5437;
15.168;
26.3259;
9.90471;
30.2164;
24.3491;
24.9705;
17.7402;
17.6477;
15.422;
16.8647;
13.4095;
22.1535;
29.4938;
18.7483;
15.4718;
24.414;
24.4197;
17.1127;
17.8116;
13.6647;
27.8549;
27.5682;
17.9424;
18.4086;
19.6047;
20.9618;
16.5666;
22.4761;
27.6096;
24.0156;
14.7281;
27.4817;
18.8177;
12.2964;
19.6235;
15.3757;
16.653;
17.9261;
12.4424;
17.4994;
15.832;
31.6766;
30.6198;
15.572;
28.8244;
16.5209;
12.7992;
19.5011;
16.8793;
21.3445;
15.7731;
23.7817;
22.9215;
29.2245;
22.6127;
14.5506;
16.7424;
16.3543;
19.2076;
22.5319;
22.5287;
28.9319;
18.5597;
15.6521;
24.5112;
13.4932;
21.1781;
15.3283;
13.4002;
17.6321;
18.1298;
23.3982;
14.3259;
27.9331;
26.0536;
20.5253;
14.3314;
17.8287;
17.466;
13.8694;
19.6112;
21.0471;
14.8204;
20.2189;
28.5833;
25.4334;
28.5007;
25.9965;
26.5937;
22.822;
27.0849;
25.6113;
30.8568;
26.1491;
15.7899;
30.4633;
20.0513;
16.9856;
15.224;
19.0009;
19.8574;
13.7872;
14.6483;
14.1099;
13.5716;
25.0187;
14.8971;
21.0517;
23.4965;
16.5119;
16.5026;
26.6201;
27.6474;
16.0207;
19.3855;
14.3732;
18.194;
20.8785;
22.6216;
30.3018;
21.7705;
15.4737;
15.1025;
17.8908;
18.7249;
28.2089;
23.9336;
21.0066;
21.7506;
23.9398;
27.6017;
21.8764;
20.493;
17.918;
17.1206;
19.9513;
18.6941;
17.5541;
18.1316;
26.3007;
29.0987;
20.2664;
13.4651;
25.0291;
24.3298;
24.1288;
19.8508;
15.3165;
29.5214;
30.9484;
26.8914;
24.7048;
19.0616;
17.826;
26.2205;
25.0024;
20.0249;
24.8712;
25.4865;
22.9444;
28.1416;
13.376;
25.4744;
12.8795;
9.90891;
16.8251;
14.72;
26.1815;
13.4623;
32.9197;
19.2849;
27.709;
24.4022;
28.2035;
26.2456;
20.3559;
16.4355;
21.9405;
17.0451;
25.7915;
22.4546;
20.244;
20.4895;
21.6305;
19.3029;
22.7668;
23.8834;
16.7717;
13.2371;
14.3534;
10.6528;
25.3677;
25.32;
13.9549;
30.474;
16.222;
15.6078;
26.1317;
17.5044;
26.3366;
24.9569;
23.1008;
18.3856;
26.4581;
30.2001;
12.7928;
14.727;
20.5707;
17.3284;
20.1799;
11.7393;
18.8055;
13.2209;
17.3915;
18.9439;
21.7815;
18.0036;
15.9117;
17.6249;
19.754;
17.2152;
19.7999;
20.4543;
21.3357;
25.3835;
24.5442;
23.9074;
24.9391;
17.4232;
18.9399;
15.9763;
17.7806;
20.7588;
14.3084;
25.6133;
18.19;
19.7484;
18.1349;
16.8131;
13.879;
15.7389;
27.2403;
25.1116;
15.0262;
21.8136;
22.53;
13.6118;
14.463;
28.3002;
26.0973;
24.1684;
21.1181;
23.3351;
24.7234;
22.2773;
13.1353;
29.0309;
25.3427;
19.4946;
16.3668;
21.2974;
22.5515;
22.6502;
22.8985;
26.1843;
21.2954;
17.5191;
22.6985;
24.9947;
22.9482;
24.1383;
29.8104;
22.1085;
23.3809;
15.0907;
15.0879;
24.6335;
15.7942;
22.3306;
21.1576;
26.9729;
28.0702;
30.0024;
29.8647;
17.969;
19.5222;
15.6333;
23.7219;
23.8991;
23.6298;
22.2157;
23.3601;
16.2426;
25.6219;
19.0241;
17.4105;
17.5003;
19.559;
21.731;
30.6693;
20.4693;
28.715;
21.5678;
23.5805;
19.0453;
16.6291;
18.3685;
24.2641;
21.7995;
28.9986;
19.8691;
25.4015;
24.433;
18.5028;
17.4757;
16.3718;
14.2636;
29.421;
25.7972;
14.1581;
13.9239;
19.4378;
18.7619;
18.6394;
24.7743;
24.9501;
22.0188;
20.0186;
24.1745;
25.5602;
22.6341;
21.0812;
15.322;
18.1676;
13.8492;
13.056;
13.026;
14.0471;
14.4868;
21.8124;
16.8475;
27.6427;
13.7486;
16.6326;
15.3661;
16.3206;
22.666;
27.0345;
28.5428;
26.4764;
23.2295;
12.9491;
28.2173;
26.5717;
27.9797;
17.7956;
18.1928;
22.9235;
22.284;
26.1678;
19.7445;
27.7291;
26.0281;
24.3065;
22.9427;
21.0799;
27.9693;
24.465;
17.6021;
23.75;
16.7271;
25.0109;
15.2504;
22.206;
15.5996;
18.6667;
23.5066;
18.2075;
16.5249;
12.2566;
25.4027;
26.2712;
16.1031;
18.8253;
16.7757;
22.6509;
18.404;
30.8664;
20.2922;
19.6091;
28.0268;
23.6943;
22.1408;
25.3396;
26.164;
31.5253;
17.9801;
16.6844;
22.7271;
15.3153;
23.9933;
19.0164;
15.8223;
19.8708;
15.9819;
17.5665;
24.8452;
19.6085;
19.7247;
23.7968;
17.4018;
19.3844;
22.7857;
18.0069;
21.7114;
28.965;
21.9428;
15.997;
17.8108;
23.7897;
16.9726;
32.0914;
23.8504;
17.487;
28.5487;
18.4962;
24.8754;
15.1594;
13.5459;
26.6079;
19.4524;
18.2408;
24.7185;
22.7288;
14.3212;
14.3077;
24.1941;
16.8283;
18.8737;
22.5447;
17.8938;
21.9178;
14.3323;
16.1862;
20.5561;
23.4129;
20.1504;
13.4995;
24.6852;
14.6095;
11.1301;
28.7072;
17.3873;
18.3161;
14.7495;
12.3692;
13.9194;
24.2796;
17.2331;
25.0603;
14.1117;
23.8343;
30.7246;
24.1308;
24.9026;
24.1096;
20.6082;
25.1254;
26.292;
15.9673;
13.1592;
13.2817;
16.0361;
12.0404;
28.5121;
20.8801;
13.4396;
31.1309;
16.1352;
16.8449;
19.4884;
20.5285;
29.4457;
29.6121;
27.7656;
14.4498;
17.451;
20.9086;
17.9017;
22.8944;
22.0946;
17.0882;
30.2647;
20.8174;
18.3104;
30.4777;
16.0467;
18.3904;
23.0635;
19.0879;
18.1974;
19.6492;
19.0089;
21.8345;
19.0773;
15.0649;
18.1959;
13.8943;
30.6776;
21.7357;
15.0301;
15.0414;
18.7729;
27.9022;
26.3976;
24.3389;
11.0101;
18.9269;
14.0396;
29.7002;
24.3523;
24.7896;
14.4411;
24.3854;
20.1025;
13.801;
27.797;
22.0515;
26.2231;
18.502;
12.6201;
15.3454;
20.6138;
22.4189;
10.862;
13.3194;
21.7632;
19.164;
23.3161;
17.0498;
23.2607;
27.3988;
28.8659;
20.8475;
12.4879;
17.3638;
21.1447;
24.1662;
16.4009;
24.4726;
18.2972;
22.4891;
15.2386;
26.6397;
26.6408;
22.3098;
22.6912;
15.877;
21.7785;
22.4219;
22.9687;
19.0148;
18.3464;
16.5662;
16.7586;
15.6036;
19.8871;
24.3949;
23.4133;
27.3494;
24.7227;
24.5009;
24.0855;
21.8716;
19.7316;
19.0647;
29.405;
14.6887;
24.9828;
27.5725;
30.9272;
23.8063;
13.5428;
24.1572;
16.5148;
28.9651;
22.4069;
19.9173;
27.0262;
23.792;
27.8987;
27.1332;
22.6601;
24.1251;
28.2146;
24.6973;
21.1204;
12.5399;
25.32;
31.0567;
27.8162;
14.0944;
17.91;
27.9037;
24.6325;
23.5931;
18.8606;
28.7046;
24.725;
18.1059;
16.7352;
19.8156;
27.0467;
19.096;
26.9034;
16.5822;
16.8109;
29.2144;
14.8104;
16.2518;
13.7359;
19.2279;
19.9126;
18.1628;
29.3625;
15.9193;
16.0351;
21.6821;
27.0817;
23.1695;
22.996;
16.6341;
26.6591;
24.9665;
17.9963;
23.4666;
23.9278;
13.9103;
9.40227;
14.165;
13.9754;
14.9451;
17.6926;
20.3797;
21.4989;
23.604;
27.1977;
15.3032;
16.06;
13.9132;
22.1133;
25.7738;
21.3151;
26.3588;
25.5999;
27.8042;
16.2105;
11.3289;
16.4557;
28.3183;
13.8786;
26.5069;
25.8892;
16.3787;
25.7908;
26.8147;
28.874;
20.0583;
17.8946;
18.2517;
24.4703;
23.9085;
11.4684;
17.3465;
26.0317;
13.4151;
14.8498;
22.612;
19.4899;
14.0491;
24.0696;
29.7144;
22.2129;
19.0197;
18.0594;
19.7044;
22.5622;
18.0528;
25.7302;
25.1041;
25.0463;
23.6258;
18.9357;
15.5764;
17.4529;
19.6533;
18.2512;
23.6802;
23.6493;
21.3217;
20.3894;
17.4577;
17.5186;
16.2564;
22.6072;
25.39;
23.57;
25.1958;
12.4305;
25.5149;
26.394;
21.0488;
23.6289;
20.8257;
17.7383;
15.3175;
16.4123;
13.5847;
28.5598;
20.2677;
9.79879;
15.5706;
11.6969;
17.5432;
14.9583;
19.2934;
22.2956;
12.7431;
20.554;
23.6274;
15.4547;
22.2652;
16.1678;
21.441;
21.9072;
21.7122;
18.7687;
19.9875;
18.1454;
26.6389;
27.7203;
12.2956;
15.7451;
15.7704;
15.6644;
16.302;
22.4497;
17.912;
20.2449;
24.8068;
15.3767;
10.5144;
26.8194;
22.1687;
16.7096;
23.1529;
16.8157;
14.9059;
24.7814;
19.4067;
20.9057;
12.3134;
15.1967;
25.6837;
24.8673;
20.6172;
13.8587;
12.0229;
20.8165;
22.2744;
27.2227;
17.3153;
21.5929;
18.7527;
19.6096;
17.6232;
16.8826;
24.8591;
24.2586;
16.5787;
16.89;
20.3786;
26.3374;
20.8153;
17.9195;
16.209;
25.8749;
20.3951;
22.13;
25.8087;
20.4676;
19.8047;
19.6643;
19.1152;
33.5652;
19.2548;
10.1915;
22.6438;
18.7916;
16.2583;
16.7989;
20.0871;
22.9715;
18.9879;
19.1436;
20.0363;
25.1519;
16.8899;
25.3725;
18.2639;
23.0603;
16.3413;
16.2388;
17.7627;
27.5523;
22.8161;
25.2376;
17.5518;
26.9355;
15.7646;
17.7581;
13.1992;
17.8096;
22.8608;
20.8168;
20.6023;
23.0286;
30.2595;
24.0984;
20.1107;
29.5972;
16.3008;
23.3753;
23.2802;
13.5896;
12.6595;
13.7296;
13.8961;
14.4837;
28.152;
22.8616;
19.7728;
21.9924;
25.2213;
17.4007;
15.083;
24.2619;
25.5295;
15.6459;
12.0728;
17.4645;
17.3511;
17.1165;
16.2705;
23.029;
19.0078;
26.7929;
22.0124;
25.0148;
30.1592;
23.8623;
15.1276;
15.554;
12.4594;
23.5352;
22.7033;
22.2109;
19.307;
15.6169;
25.4688;
28.638;
12.2381;
13.085;
13.6149;
16.2274;
16.9622;
13.625;
16.8999;
18.1438;
24.9179;
24.246;
15.5006;
21.9228;
14.2906;
13.9675;
17.3709;
29.1537;
28.397;
16.7618;
21.746;
24.6573;
15.6259;
28.6496;
14.2989;
21.8401;
16.7455;
20.6246;
22.9207;
22.184;
23.3231;
17.2652;
15.151;
22.3187;
22.6599;
20.5114;
21.0869;
26.6098;
20.0292;
15.221;
12.9063;
23.5547;
16.834;
25.6979;
16.0358;
24.4158;
24.3717;
17.7084;
28.1451;
19.8338;
24.0602;
22.54;
24.3691;
20.4765;
25.4855;
24.0746;
12.9444;
11.7651;
12.3836;
21.708;
21.3939;
22.6919;
25.2658;
18.4125;
29.1769;
26.5415;
22.1716;
23.6601;
23.5825;
15.296;
28.3165;
25.011;
14.887;
23.0524;
26.9094;
21.6648;
23.9655;
21.4046;
22.6509;
18.8309;
11.4743;
29.6824;
22.0468;
18.539;
24.9832;
19.8986;
27.167;
25.5772;
16.0943;
24.2453;
22.0043;
22.1553;
13.485;
12.1311;
16.795;
21.0923;
24.8431;
17.9722;
23.0825;
13.8924;
22.5554;
22.0208;
17.8829;
21.38;
29.8043;
22.0366;
12.7795;
25.5713;
22.3185;
20.0626;
19.9298;
17.0285;
18.1909;
21.6651;
25.139;
23.2166;
16.5911;
17.3759;
18.9844;
17.6395;
20.4658;
19.8335;
18.8131;
27.9158;
26.0716;
14.3309;
27.9257;
23.8463;
21.9558;
25.6865;
19.5948;
19.8656;
14.6628;
14.2059;
22.3243;
22.3878;
21.9017;
29.7753;
29.7069;
15.0443;
23.7152;
29.121;
23.1385;
21.2244;
23.9834;
23.2899;
17.3307;
13.1829;
18.846;
15.5556;
12.3287;
19.1464;
26.7897;
15.9653;
21.9952;
23.4587;
24.6551;
18.2851;
25.9247;
13.3195;
13.77;
21.3575;
26.5515;
27.5726;
25.0339;
22.5452;
23.062;
21.5828;
27.5457;
24.1939;
23.7129;
20.305;
27.0962;
20.3986;
25.9516;
26.0823;
25.777;
22.7758;
9.74189;
23.2492;
16.7658;
23.685;
13.225;
15.3522;
30.8603;
17.6451;
26.5387;
15.5524;
20.0168;
22.6787;
17.618;
17.1229;
12.7028;
22.135;
24.981;
26.966;
18.1693;
16.2673;
15.4508;
13.7611;
15.3059;
18.7215;
27.132;
25.6594;
14.3742;
15.4991;
26.7513;
16.2705;
13.1728;
14.4399;
12.4167;
15.2081;
22.9004;
26.9277;
26.3511;
15.6137;
28.9242;
24.8276;
23.479;
26.2455;
15.6837;
13.9344;
27.4926;
18.1929;
13.6209;
20.7378;
27.3186;
18.5101;
14.6945;
18.1328;
12.275;
14.8036;
15.6959;
28.8584;
18.8221;
23.118;
27.0514;
17.9585;
25.8152;
14.8454;
29.3406;
14.7841;
26.1285;
22.195;
13.0548;
20.5938;
22.0379;
16.2485;
24.0285;
11.5285;
22.9724;
18.4926;
23.0098;
18.3687;
16.4267;
24.4342;
24.3362;
24.519;
24.941;
26.1615;
26.5755;
24.3522;
20.6158;
13.1506;
16.7036;
19.2719;
18.0698;
26.7995;
24.4446;
24.2793;
12.622;
15.7174;
23.523;
19.1529;
21.5875;
23.2442;
22.158;
16.7825;
14.8681;
23.5739;
24.6064;
21.0827;
21.4698;
24.4907;
23.5453;
20.5807;
16.1557;
15.2876;
15.8475;
17.0585;
25.0611;
19.4922;
21.5716;
17.0751;
25.8574;
24.6669;
18.7451;
21.4532;
24.2938;
22.1764;
17.838;
14.365;
21.9024;
20.7494;
21.1967;
12.8896;
18.6249;
19.6795;
18.2748;
19.0099;
21.6458;
23.4315;
27.5536;
22.1234;
16.4872;
18.1556;
21.3948;
13.2241;
11.3602;
12.2712;
21.0221;
21.2924;
19.4862;
11.8592;
21.0571;
23.1337;
20.0965;
24.999;
14.4603;
15.071;
24.1726;
29.3818;
19.3023;
22.9037;
16.3012;
22.9284;
22.0526;
30.5853;
29.5846;
25.3721;
22.1423;
28.499;
19.7863;
24.2843;
24.2106;
13.6674;
18.1652;
16.4795;
19.354;
19.2142;
13.0331;
11.8757;
19.2534;
16.5863;
25.2558;
16.1506;
24.3547;
24.7755;
16.1995;
14.0931;
25.9979;
13.0425;
12.9483;
13.0555;
24.132;
18.3075;
13.2459;
16.5743;
24.7987;
27.5359;
13.2586;
17.5061;
17.7575;
23.4517;
22.5635;
25.6351;
17.9851;
17.4112;
15.8091;
13.9;
27.13;
16.637;
24.8045;
25.7696;
27.3908;
16.1288;
20.8934;
22.901;
23.7892;
22.6631;
18.8712;
27.8866;
24.4998;
17.1845;
21.2884;
26.7308;
21.8232;
27.1169;
14.98;
15.5819;
22.6803;
22.8053;
26.9077;
27.8428;
20.944;
18.2808;
15.938;
28.5561;
26.749;
15.1339;
13.3196;
13.9351;
16.2257;
16.1867;
25.6553;
21.9213;
12.4833;
14.681;
25.1694;
18.0469;
26.752;
22.6279;
23.658;
25.5355;
12.2941;
23.8929;
20.4947;
26.9303;
21.788;
20.2321;
17.8481;
18.2125;
22.4624;
22.3821;
26.7312;
28.5649;
15.2013;
22.0637;
16.4983;
15.1628;
14.672;
14.6245;
15.7064;
28.281;
23.488;
16.7486;
19.3221;
18.5209;
22.4695;
24.8021;
11.6853;
22.5222;
22.2431;
27.4552;
23.4374;
30.2518;
26.2577;
14.4541;
13.605;
12.8518;
18.0558;
18.3569;
24.3473;
15.0002;
18.5482;
23.7292;
26.0824;
18.694;
20.3463;
25.4934;
11.7845;
16.8418;
21.9699;
25.4057;
23.5677;
24.7843;
16.5719;
25.0241;
14.8343;
17.9663;
23.9622;
27.6504;
28.9821;
14.6849;
13.2545;
14.524;
13.9221;
14.3144;
19.613;
17.6193;
26.6545;
24.2812;
23.0769;
27.4067;
15.6568;
16.1491;
22.9778;
25.614;
24.6699;
16.8928;
27.7158;
16.8108;
13.8096;
14.6459;
20.4311;
25.4826;
23.2327;
24.4397;
25.7594;
18.3195;
28.3792;
14.3539;
22.084;
28.0104;
22.1656;
25.0421;
23.8957;
13.2633;
19.4993;
21.7384;
20.8519;
14.1523;
13.5999;
26.6903;
18.5029;
22.7635;
14.0112;
19.5918;
18.3308;
17.9275;
12.1688;
13.8211;
14.4531;
13.9861;
15.8418;
15.4627;
17.4187;
24.3608;
22.389;
23.8498;
24.3481;
15.5974;
13.1436;
20.829;
23.9081;
31.1263;
23.0129;
18.7417;
25.268;
25.4034;
20.9189;
19.3561;
23.223;
19.9218;
15.9956;
20.072;
27.1257;
16.2308;
21.3814;
22.4338;
10.612;
17.3022;
13.8178;
16.5615;
16.064;
20.9506;
14.1518;
15.2653;
15.7344;
19.3698;
15.6575;
20.0651;
17.9338;
11.494;
24.4714;
14.6702;
16.5453;
22.7592;
15.7466;
22.2134;
27.5215;
25.9251;
20.8827;
24.3711;
20.4176;
23.8691;
24.1323;
14.5148;
23.6963;
18.2436;
14.3423;
21.0914;
26.5166;
19.6767;
19.8913;
21.6742;
25.0789;
22.513;
21.0504;
27.52;
24.7624;
20.0388;
12.8014;
22.5876;
22.8081;
22.8027;
26.0491;
20.2991;
18.568;
28.2725;
30.2903;
16.3476;
18.7219;
25.1961;
23.7474;
22.8643;
20.5787;
15.3839;
17.2404;
23.6523;
24.3404;
21.9503;
25.0502;
27.3933;
21.722;
20.0912;
14.5633;
20.2779;
12.001;
24.2233;
28.3851;
20.1132;
25.8631;
21.9415;
24.8377;
17.5679;
20.5572;
16.5805;
16.2215;
24.0575;
20.8942;
19.6642;
17.0003;
21.6218;
17.0442;
13.6803;
20.8069;
20.574;
26.5061;
21.545;
15.7179;
30.448;
25.8071;
16.2457;
19.4053;
14.741;
17.1855;
27.4885;
26.1434;
21.5684;
32.1814;
19.635;
27.6595;
23.9337;
16.0888;
25.5518;
23.8616;
20.3799;
13.3748;
27.1221;
20.5445;
19.6551;
20.9478;
13.5113;
14.0873;
15.3091;
14.3851;
22.0462;
18.3439;
22.1282;
20.3811;
17.3853;
21.4372;
15.7474;
19.7407;
23.178;
17.12;
22.5448;
24.5679;
13.8957;
29.5712;
13.7934;
16.034;
23.5399;
19.7332;
21.5199;
17.2598;
14.2857;
12.1991;
24.6016;
22.7591;
28.3034;
23.331;
22.3557;
20.4174;
22.009;
16.5614;
15.038;
25.2358;
20.7666;
20.7431;
16.2203;
16.5673;
16.747;
17.5029;
19.45;
23.9295;
22.7384;
18.7533;
20.6096;
16.8422;
18.8438;
16.9793;
22.0805;
19.5573;
20.4031;
27.4459;
28.0561;
27.9363;
16.3748;
13.9739;
26.2647;
12.8412;
22.0187;
21.8201;
13.9201;
22.9906;
22.7321;
21.0724;
23.3964;
20.3919;
15.5355;
16.2656;
16.0455;
14.5664;
22.0253;
22.7359;
21.9928;
21.2679;
29.2155;
25.6267;
21.6974;
26.0026;
24.1407;
19.9612;
22.4282;
21.0917;
28.2816;
20.1133;
22.9466;
16.331;
27.7371;
24.0043;
21.6976;
22.8899;
21.955;
21.9202;
19.0581;
18.6225;
24.3489;
20.2671;
16.1452;
24.9313;
27.9129;
26.5142;
13.3923;
14.7964;
17.9044;
15.1634;
11.772;
17.9892;
21.8297;
28.2542;
24.3173;
20.2076;
24.4235;
22.5201;
23.3193;
19.7989;
18.9743;
24.8054;
17.2059;
21.113;
23.2014;
23.9462;
12.9541;
24.7834;
23.2535;
13.4267;
18.2139;
27.7471;
25.378;
23.9624;
15.8829;
13.8562;
9.75546;
23.7326;
23.4259;
22.6338;
27.2209;
20.9463;
21.6984;
22.3501;
21.0829;
24.197;
23.2373;
21.8196;
20.0072;
24.7683;
20.8784;
24.527;
25.1002;
15.2578;
14.0102;
16.3104;
23.6171;
22.9995;
23.9522;
22.899;
24.1745;
21.3658;
24.6546;
23.6806;
21.4186;
24.038;
22.2762;
19.8892;
25.5843;
21.0733;
13.4733;
15.5973;
24.5266;
15.1191;
17.9606;
20.3468;
14.645;
16.2482;
12.5035;
13.5351;
16.2102;
23.7228;
16.4672;
23.8098;
25.7439;
25.4495;
25.0963;
17.4018;
15.4607;
12.5368;
13.9306;
27.0052;
22.9242;
17.0851;
13.0657;
13.222;
24.3574;
18.3348;
23.7798;
24.7526;
23.9534;
19.9536;
17.6241;
17.3676;
16.417;
22.7966;
16.7746;
17.0317;
18.3347;
27.6602;
20.6489;
24.1003;
22.804;
21.2864;
15.2734;
16.8619;
23.1353;
22.2123;
20.6802;
20.2258;
28.8492;
20.0666;
13.6038;
26.0464;
17.5807;
14.0375;
28.6502;
21.8209;
24.6643;
20.5217;
22.9438;
27.4156;
21.1687;
22.1263;
23.6367;
19.5498;
22.0383;
14.3728;
15.834;
12.4975;
17.8322;
17.7409;
19.4582;
24.4362;
23.4941;
25.8232;
23.8158;
24.0693;
22.6835;
25.9434;
21.9365;
23.7727;
19.5205;
27.4361;
24.483;
23.4308;
21.1055;
22.593;
24.8857;
21.1062;
15.6003;
12.5714;
24.2045;
13.6923;
13.6514;
14.9806;
14.1678;
14.9205;
23.2691;
20.3119;
23.8853;
21.8792;
21.7719;
17.9747;
15.7293;
22.5895;
23.3581;
24.8035;
22.2036;
23.0236;
21.6054;
24.719;
22.2185;
23.5239;
22.6946;
26.457;
23.4436;
27.1563;
24.1858;
19.2576;
19.3619;
15.2304;
21.9972;
22.5874;
16.436;
11.6599;
22.594;
21.1196;
24.6995;
20.9226;
23.256;
18.8714;
23.4095;
19.9989;
17.1205;
22.4412;
23.8751;
24.0192;
18.4338;
26.163;
20.8379;
19.7859;
14.6871;
13.4841;
24.5649;
23.2253;
20.0398;
14.2678;
14.2537;
24.509;
19.8958;
22.2989;
13.6745;
17.0997;
12.258;
13.3012;
20.1342;
22.4072;
30.0001;
22.9951;
14.6155;
13.7925;
16.4399;
16.1657;
15.3067;
22.9969;
22.2486;
26.8196;
20.8444;
15.7253;
23.9633;
15.3833;
26.0309;
26.1343;
26.8904;
23.0532;
20.8343;
20.8114;
19.8542;
22.0617;
27.8727;
22.181;
14.9488;
23.2066;
23.6014;
25.1186;
22.2356;
17.742;
15.4628;
15.7969;
22.2049;
24.7775;
15.3303;
13.6615;
13.8335;
14.3414;
13.6839;
13.9154;
15.8627;
21.7899;
15.3163;
14.675;
21.2256;
21.1352;
23.0534;
27.1494;
16.5536;
20.6752;
26.0274;
16.3425;
22.6685;
22.1706;
20.583;
28.7387;
13.3478;
23.2361;
20.5028;
26.3835;
23.6916;
17.5916;
16.0098;
23.613;
26.3484;
18.0672;
22.0282;
15.9843;
13.915;
14.6669;
16.1832;
15.854;
26.4737;
12.3382;
14.1134;
16.6245;
13.3115;
14.3714;
27.194;
19.9285;
17.4579;
22.022;
15.3788;
16.0665;
13.4572;
17.7956;
13.6597;
23.4132;
12.9566;
15.6864;
15.2616;
16.9647;
13.1608;
27.4426;
14.084;
19.4283;
12.7001;
15.4172;
14.2225;
12.163;
22.2155;
18.1367;
21.2756;
23.8047;
21.0106;
21.1733;
11.1055;
14.1244;
15.2859;
15.0162;
14.0507;
16.2596;
15.7254;
20.2334;
17.2181;
23.2722;
20.2527;
18.4159;
23.7003;
16.3042;
21.6528;
23.8555;
24.9595;
13.6539;
24.0839;
27.143;
17.2029;
21.7097;
22.5798;
22.3389;
20.7525;
22.4878;
18.7522;
20.1933;
16.1331;
18.4931;
22.8489;
25.4947;
10.9353;
14.4164;
15.2111;
22.9518;
19.9158;
20.9884;
18.679;
17.0921;
22.1707;
18.6762;
27.6968;
22.4547;
23.3013;
23.1118;
14.4709;
26.139;
29.8239;
23.3014;
24.121;
28.2394;
12.8183;
18.4769;
22.9766;
24.6053;
21.66;
15.2425;
16.4684;
12.7098;
19.2906;
24.3299;
21.3405;
15.4978;
23.1462;
21.6303;
21.3544;
21.5047;
16.3401;
12.8108;
22.3833;
22.3113;
22.2494;
23.1244;
17.6368;
21.1969;
22.8907;
24.0188;
23.1106;
21.9891;
23.0435;
22.0468;
22.6788;
19.9445;
22.2974;
19.1542;
21.9389;
24.396;
24.512;
20.3427;
9.92152;
23.3881;
21.2861;
17.8573;
19.8393;
23.0098;
21.3942;
21.9252;
20.7522;
22.9029;
20.7374;
22.0225;
17.5179;
16.2151;
21.564;
18.5336;
17.622;
15.1404;
15.3044;
14.9991;
16.11;
22.8245;
24.01;
22.0311;
12.4256;
16.7322;
21.2821;
17.5185;
24.3068;
25.033;
22.574;
18.9663;
26.3457;
20.4956;
14.8408;
15.2459;
19.5762;
25.5948;
21.1221;
18.218;
16.5208;
16.8146;
22.6975;
21.0175;
20.366;
12.802;
14.4029;
16.2248;
19.7308;
12.5609;
15.3539;
16.4799;
15.2792;
22.6079;
16.1507;
29.066;
26.4339;
12.1373;
23.2421;
18.1758;
16.153;
21.6988;
17.7932;
16.0168;
11.9878;
14.3884;
13.7059;
13.9125;
13.9249;
19.5536;
20.3118;
20.2446;
27.5085;
11.2776;
15.2458;
17.2469;
26.1608;
22.4379;
12.8435;
13.5095;
23.6112;
20.2105;
17.3256;
12.8519;
17.3928;
18.0746;
23.3384;
23.8182;
16.7616;
19.7686;
17.2708;
20.2229;
18.7098;
24.7619;
23.726;
23.7662;
20.7666;
28.1389;
13.5033;
18.8138;
20.6446;
18.8938;
18.8014;
21.0312;
20.9553;
23.127;
20.1934;
22.2751;
25.1409;
20.8416;
19.5601;
26.562;
25.9595;
22.3872;
17.9123;
21.6408;
25.2407;
21.613;
25.0225;
22.1775;
20.4195;
20.6789;
22.2564;
23.0058;
22.7202;
11.3996;
16.9663;
20.0227;
24.3628;
16.9077;
19.3956;
19.1937;
21.6493;
24.5704;
15.9284;
15.7427;
19.9058;
21.5294;
20.8478;
20.0499;
12.0918;
17.7895;
21.2972;
22.7864;
21.9573;
12.6418;
19.0861;
23.4917;
20.1592;
20.3664;
22.9301;
28.5146;
21.0619;
23.4001;
24.7398;
18.5102;
21.1037;
17.3133;
22.3777;
24.957;
24.0457;
24.2315;
15.84;
14.7612;
21.7019;
17.0616;
15.9281;
25.4267;
21.6744;
21.4109;
14.74;
25.5171;
22.675;
28.4431;
20.3164;
24.4956;
23.3322;
13.633;
24.6692;
18.2897;
12.3858;
18.9333;
25.4439;
23.9961;
22.5668;
21.313;
12.3542;
16.1868;
20.5056;
21.6037;
14.9364;
20.4838;
22.6906;
21.7883;
21.2423;
22.6621;
21.9091;
20.9963;
14.6761;
21.1141;
19.5716;
15.8514;
15.2411;
22.6342;
20.3794;
24.427;
23.3099;
21.7695;
21.002;
15.3118;
15.9679;
18.7668;
23.8865;
26.0702;
24.4731;
24.5918;
22.9101;
23.6806;
23.9363;
14.4705;
12.9681;
14.2169;
15.8091;
19.3104;
20.2843;
12.4749;
17.6232;
20.8555;
24.7327;
13.3933;
17.3475;
18.0503;
19.9856;
24.4613;
15.961;
21.1647;
12.4171;
23.2036;
19.3036;
19.3217;
23.5079;
23.7477;
22.9247;
22.9592;
22.9054;
19.4146;
13.2195;
22.8723;
27.4385;
19.428;
18.7602;
22.0867;
24.174;
23.0302;
23.5346;
20.3288;
25.0969;
20.1779;
21.0198;
22.3591;
25.0032;
23.6165;
22.9022;
16.1818;
18.7574;
16.1565;
19.4944;
16.3269;
22.8935;
19.2408;
16.1355;
13.3589;
13.976;
23.7458;
25.0158;
22.1013;
22.1493;
14.7133;
21.7554;
16.7513;
23.1482;
12.485;
22.2077;
22.1431;
13.8922;
15.1069;
13.997;
20.8289;
23.5239;
23.4613;
13.4271;
11.8688;
14.8111;
15.5494;
16.1502;
17.8674;
15.7913;
12.4654;
10.7589;
20.4688;
19.1861;
22.2181;
20.6221;
17.1092;
23.8933;
16.4667;
19.8007;
22.0849;
13.5787;
16.5176;
24.0067;
17.6242;
19.8958;
14.3297;
13.6823;
19.318;
17.7421;
22.1537;
23.2967;
17.7397;
14.4248;
15.4463;
21.9886;
21.7684;
21.0625;
22.0791;
21.9951;
25.4122;
21.9449;
24.0688;
18.3838;
22.4625;
22.7567;
26.4635;
24.7014;
12.746;
19.1534;
20.4038;
14.3368;
21.4166;
18.364;
16.8254;
20.315;
21.883;
20.4143;
19.5581;
22.0475;
18.3837;
17.0141;
20.9645;
23.329;
23.645;
11.212;
19.1185;
17.7668;
25.3908;
16.7149;
21.5356;
18.2967;
22.2539;
19.7324;
20.9775;
21.584;
13.3849;
15.2786;
14.3506;
21.7776;
18.2627;
23.0992;
19.8544;
21.7359;
19.7166;
18.8776;
23.7266;
16.1662;
23.1226;
16.8675;
20.3923;
21.118;
13.936;
19.0764;
21.7086;
24.7919;
22.6446;
24.3527;
16.585;
14.1841;
13.197;
14.0435;
22.527;
15.4119;
20.9891;
21.5867;
24.5661;
23.7306;
23.1249;
22.7351;
12.8967;
14.4425;
16.5833;
24.2996;
18.0918;
18.5813;
22.262;
22.7312;
20.6508;
14.6707;
23.6888;
22.1843;
23.5498;
13.4617;
21.5849;
18.5836;
22.7598;
22.8557;
19.9134;
18.8617;
19.3348;
13.079;
23.4088;
15.6092;
18.0383;
23.5117;
22.0717;
23.5516;
19.3664;
22.1474;
19.3291;
21.5586;
24.1829;
24.3071;
19.5153;
23.5338;
15.0213;
24.219;
23.3965;
22.7773;
26.7738;
23.3112;
13.9153;
18.5766;
14.0708;
14.0672;
20.7025;
17.1337;
13.3545;
19.2199;
16.0045;
25.1993;
20.7587;
21.4495;
20.596;
21.3143;
21.2147;
21.2996;
22.5845;
21.8899;
17.292;
23.4397;
21.9699;
15.6408;
19.8142;
19.2548;
18.4493;
26.554;
23.2608;
13.1851;
14.3164;
16.4268;
20.5534;
22.5514;
22.6482;
21.788;
23.8014;
22.2709;
20.2858;
14.357;
19.1243;
19.8447;
18.2632;
21.7271;
22.5385;
21.7257;
23.8175;
21.1057;
26.5995;
18.5384;
21.6699;
21.9469;
21.0766;
19.1179;
19.7957;
13.986;
12.9264;
13.7724;
14.6009;
13.7966;
19.1911;
21.7811;
20.2737;
22.3423;
22.9896;
19.6379;
15.3467;
14.7738;
17.5228;
19.0325;
11.9332;
14.9055;
23.0295;
20.2067;
20.2544;
18.8767;
22.9968;
12.9895;
22.8958;
20.3362;
22.3048;
14.8571;
22.2743;
25.4677;
22.1335;
20.017;
18.9714;
13.4328;
23.408;
14.7484;
14.1539;
13.3637;
23.1313;
20.4815;
20.9341;
18.2187;
13.5232;
16.553;
20.9034;
19.1012;
20.9476;
22.7684;
20.2823;
24.9456;
17.2994;
21.5333;
19.4535;
18.3974;
21.3264;
15.0627;
21.3563;
24.1694;
17.3573;
22.3456;
19.1618;
21.5867;
19.3612;
21.507;
24.6028;
22.1014;
18.5196;
22.992;
21.268;
24.7153;
20.6602;
20.8503;
20.9609;
16.0834;
15.6763;
19.3935;
19.2453;
17.3889;
21.212;
12.1547;
16.6112;
16.7525;
18.826;
18.0219;
20.1521;
21.224;
17.373;
15.3558;
23.3009;
19.3241;
15.0598;
15.0415;
15.8919;
21.477;
19.7268;
24.0059;
21.2645;
16.0313;
23.2319;
22.6086;
13.7374;
16.4214;
22.6982;
19.8386;
17.9176;
21.2136;
20.1242;
25.6637;
17.4709;
22.3331;
21.7863;
21.7802;
20.4363;
23.2336;
18.9695;
18.643;
19.8683;
21.1647;
23.2241;
20.6216;
23.1032;
17.5095;
20.985;
17.2733;
21.8713;
19.9844;
18.4327;
21.8553;
18.5928;
22.6269;
22.8743;
24.8653;
14.6478;
12.4012;
21.6678;
23.8199;
21.8171;
23.6544;
18.002;
15.4605;
13.9785;
20.3959;
22.89;
22.8233;
24.7791;
18.4341;
23.1614;
14.1617;
20.9237;
21.5569;
24.9872;
22.0527;
22.5471;
19.1257;
19.843;
22.3427;
18.4491;
13.0384;
13.0384;
18.602;
16.8224;
20.2995;
20.6725;
20.8277;
20.9017;
23.5283;
20.3282;
22.7991;
26.05;
24.0074;
19.566;
21.474;
15.7701;
14.4421;
17.6964;
18.9862;
19.5306;
18.2206;
17.0606;
18.8989;
18.7675;
23.4157;
15.7327;
23.3155;
19.3923;
14.6593;
19.3712;
18.6538;
23.5536;
21.4615;
23.94;
19.428;
24.622;
19.5087;
23.4684;
18.8908;
15.0881;
12.9192;
20.1354;
14.9408;
16.4663;
19.4358;
15.8463;
13.7718;
15.571;
19.2995;
21.2369;
14.2035;
20.1726;
16.2326;
19.4361;
18.7178;
19.8404;
19.4145;
18.8924;
22.5977;
20.7151;
23.2493;
14.559;
15.786;
14.962;
12.7885;
15.782;
17.5383;
11.5112;
19.9039;
14.772;
23.0146;
24.9874;
22.5134;
21.754;
18.5512;
26.7474;
18.7687;
21.6095;
21.8576;
22.6771;
18.7363;
21.7481;
18.7341;
19.8863;
18.6493;
10.9318;
15.3641;
21.7471;
16.7084;
21.1072;
20.5581;
17.9194;
21.1218;
19.1875;
17.3592;
19.7567;
20.4299;
22.9129;
23.7011;
15.3038;
11.9758;
14.4358;
23.4316;
18.4686;
24.2173;
22.3641;
18.7013;
20.5988;
16.1653;
19.8346;
24.1074;
21.601;
20.9143;
21.6006;
13.5151;
21.5747;
21.8078;
22.9963;
17.2605;
21.1371;
24.1003;
20.5418;
19.1917;
12.7868;
13.6847;
21.6174;
18.0348;
20.2139;
14.1158;
16.1693;
15.5313;
20.2659;
14.4114;
13.0474;
15.1837;
19.7759;
21.4245;
23.5244;
25.2338;
14.4182;
25.8425;
22.2009;
14.6435;
14.7481;
17.6469;
21.3863;
19.5546;
14.1544;
18.0104;
17.1767;
18.4114;
23.4308;
20.199;
17.7479;
20.8288;
17.788;
23.922;
22.223;
16.3448;
17.1094;
21.2589;
21.6179;
20.2201;
20.8262;
19.5754;
21.288;
21.3188;
18.2244;
22.1351;
13.7665;
18.1834;
20.1765;
12.0407;
11.7219;
15.6019;
14.8419;
22.3328;
20.1702;
18.4285;
20.5731;
20.7501;
20.8111;
21.3938;
23.1894;
20.6542;
16.9527;
20.5474;
23.2676;
16.9155;
13.6237;
21.184;
22.6033;
14.3794;
15.5714;
22.6248;
16.7863;
19.8396;
24.3459;
21.202;
17.3926;
21.1824;
13.2369;
17.0667;
23.1372;
14.6763;
18.6847;
20.4637;
20.4464;
20.4913;
22.8834;
16.7946;
18.0165;
13.6513;
14.8762;
23.1089;
17.9479;
19.7995;
24.1936;
19.8491;
13.4442;
16.3559;
15.9278;
16.8284;
18.9019;
17.4062;
24.7847;
21.1391;
22.8731;
22.2509;
21.2633;
22.2681;
13.9152;
14.1403;
17.6443;
23.4665;
21.081;
18.4712;
19.1951;
17.9989;
22.8507;
15.3577;
14.975;
15.1026;
22.2246;
19.6704;
19.1479;
19.1907;
21.535;
16.7328;
14.1028;
20.4894;
22.7471;
23.9047;
22.2518;
21.5322;
19.1721;
18.421;
20.8652;
19.6313;
19.2848;
22.0719;
23.2975;
24.8593;
22.653;
20.9512;
16.263;
17.2633;
20.1418;
23.103;
17.8533;
20.3034;
13.6868;
16.2102;
16.4777;
21.3396;
17.2076;
21.7126;
16.5944;
17.1;
14.5366;
15.7509;
20.1842;
19.1229;
14.1073;
19.6065;
18.3294;
20.1754;
20.8189;
21.8065;
19.4834;
24.3651;
16.5529;
18.4106;
18.3539;
14.9709;
18.9174;
13.7028;
15.0319;
17.0847;
14.1907;
11.4456;
18.9442;
20.6047;
16.525;
23.3476;
15.2077;
19.956;
14.7769;
20.685;
20.8556;
22.3879;
12.3195;
22.5135;
19.3673;
22.2733;
20.6946;
17.6919;
18.7756;
17.5982;
14.1013;
21.3306;
21.2047;
21.2352;
18.8116;
17.6648;
19.4443;
17.187;
22.9831;
22.9624;
21.6342;
22.9881;
22.408;
18.6834;
21.2191;
19.824;
21.7801;
21.6578;
22.13;
20.4215;
19.9674;
19.3483;
19.9615;
21.0252;
22.8251;
21.5458;
21.283;
16.3669;
19.8017;
20.452;
19.8422;
17.4179;
17.4802;
18.1711;
19.2852;
22.7761;
19.956;
22.274;
16.8382;
21.6345;
14.3536;
16.7621;
21.8013;
19.9396;
22.0474;
22.2692;
14.5315;
20.9172;
16.1936;
19.086;
19.2258;
20.9648;
18.1894;
16.1964;
14.8512;
14.1214;
14.5977;
15.309;
15.1476;
19.6175;
21.5535;
20.3835;
19.211;
16.1791;
20.8492;
16.2203;
17.027;
15.7159;
20.9156;
19.692;
22.016;
20.2033;
19.5833;
21.4622;
18.928;
18.444;
21.8916;
16.1124;
20.8664;
20.6717;
19.5215;
17.1636;
24.2569;
22.4823;
21.8697;
19.0849;
17.8957;
20.6788;
20.2557;
14.3722;
17.2139;
20.6386;
18.3023;
22.4966;
18.2743;
19.6181;
20.1053;
18.3405;
20.6156;
21.8738;
20.1241;
16.9178;
17.7965;
15.7024;
20.2386;
12.7917;
20.6973;
20.0216;
14.9059;
20.7252;
13.3042;
19.4398;
22.5901;
19.3861;
19.5308;
20.8125;
20.0271;
20.6234;
20.7377;
19.4469;
19.7333;
16.9405;
20.7216;
14.966;
17.6342;
24.7283;
19.3553;
21.147;
18.3234;
20.0301;
14.5828;
18.3799;
20.4699;
19.4252;
22.2355;
22.8412;
17.4783;
12.7109;
21.1118;
17.6203;
20.5657;
20.4776;
20.5322;
19.8401;
19.2146;
21.4751;
12.9719;
18.0289;
20.4034;
21.0303;
18.7745;
17.5956;
17.4068;
20.9533;
18.7125;
23.9313;
19.353;
18.0066;
17.5792;
17.4688;
20.2688;
18.2662;
21.068;
19.7643;
19.3951;
19.6805;
19.3835;
22.5447;
15.2031;
21.4911;
21.0847;
18.7721;
19.0903;
19.9555;
18.0167;
20.3808;
21.9291;
21.5977;
21.9872;
18.5916;
19.1219;
14.6176;
15.11;
17.363;
14.4755;
20.9187;
19.1742;
20.8568;
17.8926;
18.4855;
20.8437;
19.7901;
22.4271;
19.5248;
15.3441;
12.1075;
16.4593;
20.3048;
14.6794;
18.5177;
18.9825;
17.7544;
15.7192;
19.6878;
19.4433;
20.3629;
15.3629;
18.4038;
12.9933;
15.315;
15.8616;
15.0384;
13.7805;
14.6567;
13.6169;
18.8919;
18.9255;
19.4858;
