19.8648;
16.2605;
7.75006;
9.62043;
21.5188;
16.7768;
16.0953;
16.2574;
25.0027;
18.9596;
23.7814;
18.7531;
19.7417;
19.7626;
15.1722;
20.1289;
21.3502;
15.1946;
19.9507;
16.7756;
19.8734;
19.9297;
19.5445;
18.6056;
16.2024;
20.2942;
16.2421;
22.067;
19.4299;
23.5379;
20.1849;
14.7999;
19.1366;
17.1434;
20.8309;
16.1745;
19.2702;
20.9856;
11.5115;
19.3445;
20.128;
17.008;
16.1545;
22.8783;
15.672;
23.4736;
16.7036;
18.2439;
21.8421;
19.3144;
17.7383;
18.8627;
17.4894;
19.64;
19.5648;
20.537;
19.0565;
17.0598;
21.0726;
12.6038;
16.534;
18.2074;
14.8527;
17.7912;
18.0685;
18.9371;
21.7069;
18.3019;
18.4071;
10.2988;
19.7569;
16.2127;
22.7844;
8.58558;
8.29159;
23.4787;
7.30228;
23.54;
11.4754;
14.1314;
7.57196;
19.0811;
16.8944;
18.3856;
6.96978;
7.04001;
17.4734;
8.37377;
20.0074;
15.7843;
9.54243;
11.775;
7.69062;
18.1981;
21.7639;
22.3962;
8.6501;
18.9601;
20.0139;
19.257;
17.2528;
20.7047;
17.6617;
8.30108;
15.8619;
15.8867;
6.01098;
21.28;
15.6491;
23.4106;
13.5019;
16.8402;
16.8422;
17.5703;
18.8628;
17.6253;
8.20369;
20.8636;
17.9219;
19.3611;
23.5095;
21.1461;
21.7222;
18.1932;
22.7512;
15.4804;
20.5483;
15.6051;
17.1028;
17.9005;
20.9118;
16.502;
19.4767;
19.407;
22.5106;
14.9411;
9.94987;
7.29822;
23.1919;
9.02988;
20.8238;
14.8656;
8.42805;
25.5411;
17.605;
11.4998;
18.0514;
21.9723;
20.0993;
16.3412;
21.3102;
15.3974;
14.3146;
17.932;
20.4417;
17.5714;
20.9657;
8.72686;
17.277;
16.7835;
23.2297;
18.2689;
19.1516;
18.4702;
8.6776;
21.347;
17.463;
15.8336;
6.98575;
19.7193;
15.2702;
22.8214;
23.6541;
18.5519;
17.0519;
19.9146;
7.99527;
22.6799;
17.866;
17.849;
6.91372;
15.7599;
24.866;
22.5684;
14.5161;
20.6766;
19.0753;
15.7289;
9.81501;
16.509;
16.9298;
15.3747;
20.865;
21.9421;
18.9671;
25.3005;
13.3837;
7.65112;
19.9776;
14.4196;
18.6072;
8.83349;
20.1357;
18.9157;
11.3659;
17.2684;
20.0437;
13.9809;
19.3693;
18.54;
16.1065;
25.1378;
18.2828;
19.1222;
21.242;
19.0151;
15.6291;
16.3471;
10.8634;
21.0631;
7.09833;
20.4726;
6.14146;
17.5716;
15.6301;
20.5947;
7.59858;
15.6351;
9.21831;
23.3179;
21.5346;
11.4996;
19.8883;
14.3415;
18.9819;
15.4757;
18.8924;
16.3984;
14.7712;
19.0446;
8.31308;
16.8924;
17.4672;
10.8747;
20.7637;
22.6905;
21.1899;
21.4226;
25.2821;
21.4984;
18.158;
15.9209;
14.666;
21.0652;
19.4783;
18.5238;
6.8436;
17.2136;
14.4333;
15.665;
17.5176;
16.9973;
12.0242;
17.1458;
15.5509;
19.4534;
9.89788;
21.0033;
16.7233;
15.3196;
7.38578;
7.06291;
5.68821;
16.8312;
18.8869;
17.565;
13.0009;
17.1423;
16.3438;
16.9849;
6.24671;
12.9751;
18.346;
16.4044;
21.2239;
11.921;
15.7183;
11.0779;
9.04643;
20.2849;
19.5423;
18.0599;
14.7851;
15.4375;
17.7543;
7.32141;
18.1775;
23.4262;
16.5871;
16.0184;
18.4546;
15.8699;
20.8924;
20.1094;
9.5283;
10.3463;
10.844;
19.0446;
17.8983;
15.1713;
12.5644;
17.4981;
13.0024;
22.7441;
23.1679;
6.75841;
20.9402;
16.4305;
17.9699;
8.0247;
16.1391;
18.8303;
21.905;
19.6481;
17.9806;
22.2986;
25.8302;
15.1638;
20.4357;
19.9601;
21.9285;
9.1195;
18.007;
18.6983;
9.54445;
17.8217;
16.3551;
19.8257;
21.071;
18.5791;
14.0954;
11.5399;
19.1825;
16.7592;
18.9663;
8.80982;
21.2741;
14.9455;
17.3875;
18.2091;
19.0646;
17.0128;
22.1051;
20.7578;
15.7968;
17.2532;
17.5547;
19.5426;
11.2625;
21.2713;
19.224;
12.487;
13.9704;
19.2916;
17.7395;
17.3102;
9.86885;
14.1071;
12.6671;
17.6653;
21.5925;
17.4826;
10.4151;
6.2877;
28.3194;
20.3395;
17.5646;
18.5366;
21.0026;
16.1239;
17.4077;
21.6487;
16.8356;
19.0072;
18.0237;
10.6006;
6.1433;
21.4724;
20.5813;
22.2715;
11.5688;
14.4277;
20.3057;
20.0188;
23.1589;
10.0289;
10.679;
14.6414;
18.1763;
19.295;
14.499;
18.3163;
16.5911;
20.9745;
22.5579;
15.2921;
8.52751;
19.1014;
18.654;
8.63744;
10.1242;
23.2728;
23.9001;
12.7343;
16.7666;
20.8886;
14.3878;
13.0721;
19.3877;
11.1632;
17.9576;
18.3357;
29.7649;
18.0787;
8.56772;
12.1938;
16.0411;
6.17481;
17.0579;
17.7523;
14.0228;
16.5566;
16.3357;
17.3265;
15.5887;
17.1925;
17.6124;
20.415;
26.7991;
13.9481;
17.9148;
20.6496;
13.8967;
16.5956;
13.9374;
19.1265;
14.8891;
16.9333;
20.4833;
11.7949;
17.39;
17.752;
22.0287;
17.2281;
21.8882;
23.6043;
18.333;
21.3203;
17.3268;
27.2823;
17.928;
17.722;
16.5844;
13.9139;
15.553;
14.8703;
18.1109;
18.7703;
21.7637;
17.0005;
19.342;
21.9309;
20.3301;
14.6744;
17.8055;
19.0441;
17.3272;
25.4179;
16.0318;
22.0546;
25.2976;
16.423;
14.5625;
19.5729;
18.2642;
18.3048;
19.9074;
19.5889;
17.1477;
22.1343;
15.5778;
15.1167;
17.0735;
19.1856;
17.8775;
18.0217;
20.5884;
14.8921;
19.332;
20.595;
15.2167;
18.3418;
13.9541;
23.3035;
19.0799;
15.952;
22.9775;
16.4293;
13.2007;
17.0567;
19.3376;
17.8618;
22.7081;
20.7049;
18.9945;
22.5419;
20.3797;
17.8956;
18.388;
11.751;
14.8678;
21.4082;
21.7448;
20.8139;
14.9744;
19.8762;
14.5034;
24.7002;
20.2327;
20.3328;
16.5964;
20.6407;
16.0227;
18.8601;
21.3696;
17.0366;
8.58161;
11.214;
14.0162;
17.4036;
18.3288;
16.4655;
19.3458;
16.6715;
10.1534;
14.1059;
18.2942;
11.1046;
15.6691;
14.328;
18.2055;
16.4997;
15.8343;
18.9355;
17.0231;
21.564;
13.5238;
8.11126;
14.5936;
16.7591;
15.5716;
13.2042;
16.0435;
14.7397;
17.925;
11.5148;
16.5659;
9.80347;
7.39933;
17.2011;
15.2427;
8.93498;
15.7497;
15.5631;
10.2898;
20.2658;
15.6466;
21.3503;
16.3507;
18.1889;
14.3238;
11.9167;
23.4499;
19.1692;
23.048;
14.5683;
16.3559;
15.8649;
21.1514;
18.8464;
8.90276;
14.3203;
10.0955;
15.6639;
14.3109;
9.82864;
17.5957;
6.17282;
10.4653;
19.999;
14.3994;
19.4895;
17.7226;
10.3981;
17.3145;
20.0107;
18.87;
19.2581;
16.2948;
15.6578;
11.7394;
18.7514;
18.3464;
19.3609;
21.2872;
17.2078;
20.2612;
22.5319;
17.999;
18.3486;
17.8573;
17.9139;
6.16485;
13.1623;
13.2609;
17.2813;
13.3244;
18.0072;
16.7893;
19.7406;
10.0842;
24.2171;
11.2145;
17.0573;
9.42506;
6.74546;
8.05237;
14.6918;
22.6099;
15.1248;
24.5196;
15.0717;
21.5389;
10.3343;
18.195;
13.308;
18.2987;
16.0908;
14.8811;
14.6235;
15.3796;
10.2202;
10.3365;
20.8201;
21.8922;
12.0055;
11.2103;
18.9747;
15.9227;
16.6701;
14.6213;
20.6187;
13.2077;
20.9253;
16.9396;
23.6413;
11.893;
14.9605;
15.8157;
20.4908;
14.7951;
7.81653;
19.264;
19.2799;
18.4257;
14.66;
19.8854;
11.7651;
7.67544;
14.7037;
24.263;
14.5942;
23.8794;
10.9641;
20.2764;
10.2041;
17.4552;
13.9376;
20.3389;
13.2356;
19.4161;
23.2839;
17.3307;
15.1787;
10.6255;
16.0229;
23.3607;
18.5281;
17.0178;
21.8083;
19.7693;
20.2246;
21.4123;
15.1789;
15.5895;
22.0677;
12.4569;
21.023;
18.7135;
21.3913;
21.5508;
17.7844;
13.4638;
19.5563;
17.4652;
8.14172;
10.8893;
18.1342;
13.8511;
19.238;
18.4956;
18.4635;
18.3147;
18.8265;
10.8977;
14.7653;
18.4569;
20.414;
15.8631;
16.6182;
20.5736;
19.3717;
14.1105;
15.2002;
23.7945;
18.7706;
17.5401;
18.8648;
22.0756;
19.8529;
18.1645;
21.4328;
17.3833;
19.69;
12.1962;
16.2608;
17.4607;
17.8517;
11.1873;
17.612;
26.3189;
19.6297;
22.9907;
9.49296;
15.7616;
22.1693;
24.9973;
20.232;
19.2589;
20.7967;
23.3666;
29.2776;
18.5482;
15.203;
13.0299;
19.687;
18.75;
16.2615;
15.2446;
16.388;
19.7144;
15.7114;
20.2272;
19.7603;
16.8876;
15.0677;
20.6992;
16.3079;
15.3917;
21.5909;
17.2724;
15.4791;
15.4372;
18.5864;
17.1804;
17.938;
9.19831;
19.8654;
15.3417;
15.2215;
15.3927;
16.8487;
19.0723;
12.8686;
21.5324;
16.1373;
12.0533;
16.5193;
19.4375;
20.214;
17.0047;
7.92361;
16.8051;
15.6379;
16.3253;
13.2913;
21.2994;
16.2499;
10.0948;
19.496;
7.52059;
19.888;
11.5712;
21.2764;
15.6137;
11.8265;
16.5489;
19.5209;
17.071;
19.0033;
9.95852;
9.98973;
12.2682;
22.8607;
18.9727;
20.5312;
20.4612;
11.2448;
13.0517;
17.0496;
18.74;
13.0188;
18.6737;
23.3033;
22.2889;
21.5065;
14.7382;
21.7889;
13.8615;
15.3058;
21.7123;
12.2457;
12.1691;
13.442;
17.9697;
12.557;
11.4775;
20.1759;
9.74108;
22.351;
16.7866;
19.3931;
19.2565;
13.3877;
15.5713;
21.9764;
13.6844;
18.6123;
19.6532;
16.8814;
14.7903;
14.5506;
16.8727;
13.6973;
20.2287;
18.4003;
13.6854;
14.5213;
16.1012;
25.4005;
25.5207;
20.2044;
13.7219;
15.6257;
14.7454;
19.0029;
8.95992;
16.5333;
10.0525;
14.3326;
17.3655;
19.211;
14.2651;
19.9569;
13.904;
20.2575;
22.7442;
10.4268;
16.9487;
19.8273;
18.8869;
16.983;
11.8101;
15.6007;
17.8373;
14.5798;
14.9047;
17.058;
14.3237;
17.3209;
17.6902;
16.4453;
18.6591;
15.5011;
13.0785;
19.7081;
17.8689;
8.72103;
19.9724;
13.9345;
12.8379;
16.6836;
17.6035;
19.1149;
18.5261;
13.2071;
13.2808;
15.4362;
26.6127;
19.8086;
20.3745;
17.2198;
17.0212;
16.338;
16.7216;
13.1623;
19.516;
14.769;
16.4956;
11.5243;
14.8015;
11.3259;
9.18188;
9.97961;
10.5589;
8.7345;
25.8013;
19.8568;
14.5373;
15.3541;
17.2613;
17.0656;
14.1881;
10.8744;
18.2309;
21.0307;
20.2192;
5.79124;
22.0415;
16.9159;
12.6167;
21.6768;
19.6116;
26.8874;
20.0706;
20.0195;
9.96733;
20.6245;
14.9172;
22.2565;
17.7006;
30.4386;
15.5857;
17.5158;
18.4743;
16.4527;
19.1618;
15.5937;
15.0232;
18.2836;
11.4994;
13.8056;
17.7389;
21.8563;
19.2177;
14.18;
18.8947;
20.0524;
14.2459;
8.85358;
13.3659;
12.0401;
17.0251;
18.2285;
18.7363;
13.0935;
15.9652;
21.0707;
17.8327;
18.7335;
23.1774;
18.1707;
14.2371;
16.6876;
18.2528;
17.0054;
13.7644;
14.7484;
16.7609;
11.5924;
13.7468;
14.7378;
17.5166;
19.6648;
21.424;
13.6661;
18.106;
11.2655;
17.3258;
16.3626;
15.1832;
18.0698;
17.7539;
18.7897;
18.3634;
13.346;
20.8747;
17.344;
21.9118;
14.6117;
14.9331;
8.54259;
10.3337;
11.0104;
12.3813;
8.59488;
19.5199;
17.5906;
15.6752;
14.5371;
17.9771;
17.5761;
17.3706;
19.0662;
16.6537;
18.6265;
22.384;
18.1527;
19.46;
9.36923;
21.5614;
12.403;
16.3921;
23.5175;
21.0644;
17.8719;
13.1872;
18.6999;
21.5999;
18.0887;
19.7018;
19.288;
16.1562;
16.3612;
10.4636;
20.1106;
12.5407;
19.2174;
16.1648;
17.7222;
17.3137;
18.742;
9.61677;
26.1883;
13.5595;
16.3168;
14.2029;
16.9167;
19.0559;
20.0042;
11.6819;
18.6104;
19.7246;
16.2605;
18.976;
17.0497;
14.6535;
20.4481;
19.0239;
15.5654;
14.871;
17.0339;
17.5041;
10.297;
11.0795;
17.8021;
13.5623;
14.2905;
17.2156;
19.6068;
12.4233;
14.6988;
16.1826;
21.6592;
20.2883;
15.6046;
15.8873;
15.5794;
15.2455;
16.6558;
12.4091;
19.1986;
17.1424;
18.0962;
16.1073;
22.2045;
15.2399;
20.6444;
9.4132;
23.3252;
15.3092;
15.7349;
15.2185;
21.3536;
22.2794;
19.6414;
19.7003;
23.6739;
15.9758;
13.2883;
19.75;
19.9665;
20.6382;
15.7941;
19.8058;
14.2688;
21.3334;
19.7815;
14.95;
20.9651;
17.8528;
12.9355;
12.5887;
20.0276;
15.8983;
19.0273;
17.505;
12.9857;
14.7705;
15.6289;
18.7551;
16.8773;
19.2844;
23.4161;
14.0434;
18.2508;
15.4805;
19.083;
12.2085;
15.792;
16.6727;
13.0661;
17.6304;
18.9562;
18.6563;
19.8984;
16.8441;
15.0524;
13.1864;
21.4587;
19.517;
13.9358;
17.3623;
18.7897;
15.9741;
17.8363;
13.6258;
13.5877;
15.0397;
13.21;
18.7896;
18.8187;
20.2317;
17.6957;
11.733;
24.6107;
11.6005;
20.7634;
22.4335;
16.2485;
18.132;
19.1398;
17.0213;
13.8469;
24.5307;
13.7111;
16.4247;
15.5306;
17.8409;
15.1207;
15.6396;
19.4239;
15.2749;
15.797;
22.0345;
14.0909;
15.4009;
18.0895;
14.8112;
15.2871;
18.6364;
16.7959;
11.7529;
15.475;
15.3182;
21.909;
13.5606;
17.207;
21.0132;
11.0945;
12.495;
9.0158;
15.6606;
9.19633;
6.17528;
11.0631;
17.8062;
15.6572;
19.7988;
14.9462;
21.9699;
14.4881;
23.9757;
17.6513;
16.2719;
17.0432;
17.483;
12.6294;
16.5591;
12.8431;
17.7025;
18.8926;
16.7303;
14.2752;
18.9186;
13.805;
16.0143;
19.6172;
14.3314;
14.1947;
15.5708;
24.5503;
16.6792;
5.41549;
19.0707;
11.6981;
16.9394;
12.061;
11.3171;
12.8432;
21.868;
16.5029;
17.7157;
20.8129;
16.4207;
15.8221;
16.3043;
15.3309;
17.3126;
23.034;
17.3307;
14.5332;
16.1582;
17.9392;
25.0185;
24.1357;
19.0187;
17.5712;
14.0381;
12.5614;
14.5969;
15.5345;
15.7945;
14.3935;
16.2632;
18.3906;
18.5204;
18.6287;
20.7525;
13.6278;
20.0898;
20.9274;
22.7421;
19.4819;
25.6563;
14.6373;
16.8124;
21.5388;
14.5788;
16.8953;
18.2098;
22.1285;
18.8015;
18.4405;
15.1278;
16.834;
15.8348;
14.6495;
13.2595;
17.6215;
10.6606;
17.3693;
16.765;
15.2352;
17.4646;
8.7455;
15.9865;
14.4894;
17.7132;
21.1585;
17.8216;
15.6408;
9.4515;
15.26;
18.3647;
12.9519;
20.9941;
25.2482;
18.3467;
11.9863;
14.8777;
17.7751;
18.6027;
21.2992;
17.2998;
14.5403;
14.6036;
14.668;
15.0319;
15.0627;
16.1212;
20.772;
12.9656;
13.4568;
14.1932;
17.4334;
11.6276;
9.84015;
18.8511;
14.0607;
15.5464;
12.4713;
14.4944;
16.8355;
17.4878;
15.748;
11.9297;
16.6036;
20.9573;
13.5566;
14.8474;
15.9005;
16.9962;
15.5123;
20.9999;
11.0763;
12.6797;
12.2824;
23.5418;
16.6873;
14.7834;
13.8784;
19.2605;
12.2175;
20.5063;
18.5862;
17.8791;
17.8927;
15.8028;
14.7003;
21.0989;
17.7474;
11.5548;
15.5967;
22.6217;
14.9251;
18.3449;
23.2507;
13.3994;
20.1194;
16.6872;
20.5022;
16.7239;
18.3636;
12.9557;
16.6097;
17.4942;
15.9813;
13.9457;
15.2385;
15.5591;
30.4876;
16.1106;
16.6905;
17.5928;
19.6463;
22.1028;
18.2343;
13.3164;
14.935;
15.531;
17.8632;
19.43;
15.1346;
18.6799;
13.1595;
22.9084;
17.7504;
15.202;
15.5152;
19.4294;
20.6966;
15.9122;
17.6128;
18.0503;
19.4678;
14.4001;
16.3907;
22.7292;
16.3833;
23.273;
18.0332;
23.4573;
15.9111;
16.0434;
16.8603;
19.4957;
26.1464;
17.292;
15.9804;
15.2777;
17.2705;
14.0787;
16.3402;
19.207;
19.0059;
17.2433;
15.8695;
15.4063;
18.0467;
19.1496;
21.9813;
21.1984;
11.5389;
22.0747;
15.7219;
13.7818;
11.3046;
23.1495;
15.4572;
14.9458;
16.7174;
13.2618;
11.7265;
17.882;
16.678;
17.6092;
18.2785;
12.7451;
17.9259;
16.6679;
12.5377;
11.1988;
20.9022;
18.6869;
18.3701;
20.7735;
16.8099;
12.8292;
12.1016;
15.606;
12.8193;
22.056;
17.8071;
17.5775;
21.8809;
16.5279;
11.5568;
19.8187;
16.6184;
17.9983;
14.5578;
19.0812;
13.9953;
17.1104;
19.0558;
19.2988;
22.4847;
17.6569;
14.5197;
14.7768;
19.3599;
26.4718;
15.6044;
21.5634;
18.1696;
18.255;
15.682;
16.185;
13.3422;
20.0183;
15.5627;
20.3766;
19.2762;
12.5066;
14.173;
12.6378;
16.8843;
13.0316;
17.6907;
26.2056;
15.5354;
14.7362;
23.6534;
22.1427;
11.1945;
18.0583;
25.2003;
14.0403;
10.5744;
17.795;
16.3628;
20.7782;
14.1114;
13.7002;
12.2861;
14.696;
14.6408;
21.7174;
19.8977;
11.0149;
15.8955;
10.8904;
20.085;
16.0464;
12.4486;
17.0861;
16.5547;
19.8137;
15.5925;
18.5162;
12.3436;
17.9756;
25.6845;
12.3468;
13.9975;
14.9482;
10.3043;
22.9776;
18.8557;
14.0915;
18.0323;
13.0716;
18.8479;
13.4485;
16.4719;
14.9123;
16.2376;
19.8334;
16.0957;
13.034;
14.8409;
23.0448;
14.5533;
8.57105;
12.5309;
13.9958;
13.7567;
15.7599;
20.5887;
15.889;
13.5658;
18.6906;
14.6495;
17.6392;
13.7009;
19.4914;
12.6529;
21.0898;
14.0732;
16.5383;
13.2799;
22.5985;
14.9081;
11.3059;
16.7747;
16.4306;
14.0587;
18.9046;
12.6892;
16.16;
16.1226;
17.9463;
14.2272;
11.8293;
15.708;
15.462;
16.881;
17.3014;
14.1367;
12.9903;
15.0515;
14.075;
16.5814;
12.1205;
14.7631;
13.8756;
13.0994;
13.8388;
16.2978;
14.3503;
15.559;
13.4341;
11.1526;
13.0849;
18.3028;
13.9232;
15.3815;
21.8651;
11.4138;
14.6602;
19.4413;
21.3841;
17.9127;
18.7269;
16.7645;
13.3798;
15.4262;
19.0441;
11.119;
19.4011;
16.8692;
16.2135;
16.7565;
17.1419;
17.4747;
12.5232;
14.5644;
18.0122;
12.4063;
14.24;
21.4698;
18.2917;
19.8233;
15.5371;
11.3135;
18.2755;
14.3175;
13.8255;
15.7111;
18.4432;
19.4485;
18.1988;
14.1981;
15.1077;
18.7537;
15.9693;
14.3958;
14.2535;
16.6563;
13.3565;
17.964;
20.3602;
17.589;
19.0921;
18.8337;
24.23;
17.4108;
18.6026;
17.1544;
18.1566;
16.7289;
19.8691;
17.9686;
15.0902;
12.7394;
14.0053;
20.9009;
18.7267;
16.2548;
25.1417;
13.2821;
16.0407;
18.824;
13.9158;
18.7802;
13.1017;
14.7093;
20.2967;
17.0363;
17.1618;
17.3785;
8.65813;
17.1011;
12.2357;
21.4953;
10.1478;
12.9716;
14.6754;
14.8746;
13.4692;
16.8135;
12.9903;
15.8546;
11.4119;
18.2826;
14.9899;
12.8109;
13.8372;
14.8055;
14.9421;
14.6482;
10.8972;
13.746;
15.2228;
15.5341;
19.3566;
12.6393;
14.9212;
17.7322;
21.3228;
11.9205;
13.3506;
18.9715;
13.3298;
19.2767;
11.2257;
21.0823;
13.1229;
10.7754;
13.4203;
21.2244;
15.2963;
13.8929;
17.7064;
13.2323;
13.3213;
17.2625;
17.4005;
14.936;
12.8124;
15.8043;
15.7771;
10.3186;
21.3082;
12.1035;
18.819;
15.2398;
13.594;
11.8895;
15.4836;
16.9668;
20.9261;
7.24914;
20.0376;
22.6564;
13.5422;
18.4492;
17.2107;
14.362;
12.0153;
15.0219;
21.6734;
17.9895;
18.9344;
18.7092;
14.9204;
17.9431;
11.2162;
12.2111;
17.7573;
12.5428;
16.3665;
15.4958;
20.2116;
15.5737;
14.9067;
12.7556;
18.2743;
15.0439;
16.3863;
17.642;
12.5011;
21.4757;
23.027;
17.7518;
17.1424;
14.6774;
13.4796;
11.9966;
19.0187;
20.3862;
14.0446;
12.5631;
10.5857;
19.6301;
14.9127;
13.9338;
19.027;
14.8378;
20.2212;
16.7042;
16.9712;
13.9278;
16.8538;
20.0335;
11.6365;
17.6964;
17.7016;
16.1602;
15.8367;
14.2121;
20.8431;
19.6118;
15.4799;
17.733;
11.692;
14.8797;
15.3483;
15.414;
16.4879;
14.9118;
11.1722;
14.9012;
10.6814;
14.5216;
9.11536;
16.8137;
11.6504;
16.5581;
17.2398;
20.3287;
15.032;
21.9524;
17.0145;
15.5982;
13.0025;
10.9416;
13.5791;
17.7689;
15.1582;
20.9372;
26.7713;
11.5087;
15.1666;
18.2346;
17.9142;
11.0714;
15.7647;
16.3862;
13.0029;
14.5715;
9.51963;
15.8817;
16.105;
13.723;
17.1104;
15.2635;
12.9354;
12.1581;
24.0369;
18.2147;
19.2513;
20.1582;
16.5712;
19.6014;
10.0344;
8.1214;
17.8624;
14.6193;
17.5833;
17.4904;
12.1572;
18.3407;
12.3374;
19.1435;
16.3156;
21.4861;
14.2353;
16.4886;
9.27579;
18.0749;
18.1887;
19.1215;
16.6347;
13.4866;
16.1599;
21.7285;
14.3839;
14.9571;
19.794;
15.6262;
18.9353;
15.8093;
17.5062;
15.4189;
16.9517;
18.7924;
13.9599;
18.4093;
15.6213;
19.6551;
15.52;
10.9415;
18.2491;
12.9242;
17.5786;
13.9192;
13.4453;
11.514;
13.6958;
15.4794;
17.6463;
17.7687;
12.3245;
20.1532;
18.1152;
15.7331;
14.014;
16.2213;
10.1248;
9.20222;
15.3789;
13.6987;
19.8811;
12.1121;
15.9628;
14.8396;
19.1387;
15.6766;
12.4102;
16.5563;
15.4214;
22.7041;
15.6615;
17.0725;
17.9718;
15.5113;
18.7558;
11.8302;
19.0875;
17.9653;
16.4528;
27.5745;
19.5261;
17.56;
15.5161;
17.9129;
16.8161;
15.7056;
21.9156;
18.6409;
15.4832;
18.7591;
14.786;
21.0639;
20.5082;
15.8842;
9.89414;
11.3233;
13.4879;
16.0015;
21.121;
14.5519;
15.5454;
18.4082;
18.2902;
13.5616;
15.7223;
18.4622;
16.2186;
18.7378;
14.0759;
17.9062;
19.7976;
14.2014;
12.9279;
13.7715;
20.6432;
12.3048;
21.3503;
14.2842;
13.1783;
17.4025;
14.8726;
18.7666;
29.641;
19.6405;
9.90211;
20.5367;
11.8307;
14.5824;
19.9314;
16.417;
19.466;
13.5817;
14.129;
16.8195;
14.2093;
19.4476;
15.7518;
16.2192;
14.597;
17.2952;
9.77884;
16.1661;
20.7601;
18.47;
23.4266;
17.8388;
18.0068;
15.1763;
14.8941;
18.9445;
22.253;
14.5487;
14.2951;
23.3006;
16.9353;
21.1492;
23.4803;
14.5997;
16.1722;
17.7088;
13.28;
21.725;
17.9172;
12.5308;
12.1625;
18.698;
18.5917;
19.3026;
11.5638;
14.7822;
13.3841;
9.04664;
18.7761;
13.5344;
14.6867;
18.3378;
14.9738;
13.2582;
20.0866;
15.595;
13.7318;
15.1888;
15.4387;
14.4889;
18.6644;
11.5073;
13.7713;
16.0727;
17.6656;
16.9899;
18.4551;
10.8982;
12.9395;
19.382;
11.1175;
14.7053;
12.2552;
17.7369;
17.3069;
12.1314;
12.0833;
16.3872;
14.2604;
19.2078;
15.7741;
22.4923;
14.8817;
14.4236;
13.6965;
13.8139;
25.5838;
14.1709;
15.8454;
18.2861;
13.1523;
17.6357;
17.537;
17.1136;
17.3217;
17.295;
14.8839;
17.8036;
11.6889;
15.5223;
18.0333;
12.0082;
12.5498;
18.4429;
13.9417;
12.9795;
18.5309;
14.8361;
16.8915;
23.3273;
13.6457;
17.3785;
12.8437;
14.0219;
14.0176;
19.268;
22.2262;
16.5017;
15.116;
19.482;
13.3869;
14.2229;
16.3164;
23.6426;
15.8237;
15.2943;
12.3278;
17.8734;
14.9642;
17.7004;
16.9786;
15.0985;
12.6073;
17.8732;
14.9354;
14.5117;
17.3503;
16.207;
13.0248;
17.7077;
11.1885;
12.5685;
11.1981;
12.9726;
17.0031;
18.2601;
17.3085;
16.4267;
16.8701;
15.9232;
14.4903;
16.3817;
15.3048;
14.2322;
15.9045;
22.4333;
15.4987;
13.2315;
12.6073;
15.4175;
18.6701;
26.3089;
17.1697;
19.034;
20.464;
14.9831;
14.4495;
19.6492;
12.6628;
18.4223;
15.8155;
18.4613;
17.3312;
12.7765;
20.0416;
19.9391;
17.1737;
14.3155;
17.8666;
19.3028;
20.1311;
15.6884;
13.4009;
14.6257;
20.7534;
18.0341;
13.8668;
23.4283;
22.699;
17.0701;
17.1084;
17.4131;
18.5137;
20.3014;
10.5603;
16.6527;
15.3859;
21.0828;
21.264;
16.0633;
20.1703;
13.2709;
15.8994;
12.7503;
20.8446;
15.0805;
14.3224;
16.4729;
20.1698;
21.3914;
14.3816;
18.2929;
22.2962;
22.4415;
16.0586;
15.8151;
19.006;
19.781;
18.1955;
14.9162;
17.1111;
13.3095;
18.6557;
12.6379;
9.73262;
13.3856;
24.3607;
19.0434;
13.2743;
15.8691;
20.0488;
15.3847;
21.3261;
17.4514;
13.1748;
17.1849;
14.9615;
15.2584;
19.5636;
12.9631;
15.4672;
16.096;
16.3209;
17.2957;
18.732;
18.2674;
15.3626;
16.6314;
18.0163;
16.1034;
14.5898;
17.0612;
19.8034;
12.414;
16.9877;
12.421;
17.5531;
8.68193;
12.0472;
15.9507;
15.4106;
18.9613;
19.553;
17.2713;
15.4165;
16.3615;
17.109;
13.1148;
11.7698;
19.8635;
12.9031;
17.1383;
12.5;
19.9937;
14.5742;
14.6455;
13.9042;
13.4407;
15.5968;
17.0688;
14.4041;
15.5347;
16.0105;
21.4067;
14.1405;
21.9616;
13.3571;
12.352;
12.6115;
11.1445;
14.6461;
16.9063;
12.4458;
17.2498;
10.5054;
21.0901;
11.8036;
21.8122;
11.0604;
10.9737;
10.8823;
19.2296;
24.3978;
16.1423;
17.0455;
23.985;
15.9708;
11.8538;
21.9404;
17.8859;
18.2195;
19.689;
10.7642;
15.6363;
12.5054;
15.3686;
20.4782;
13.1182;
16.5263;
18.3063;
19.174;
11.839;
19.8827;
14.37;
17.5914;
18.2738;
11.3845;
25.255;
10.9332;
21.0427;
17.6562;
15.4834;
15.2062;
11.0031;
17.0288;
16.7501;
14.4969;
20.9185;
18.4184;
17.0905;
12.2606;
16.0529;
16.6173;
14.0946;
25.7406;
14.4344;
14.6487;
13.5267;
17.6684;
18.3294;
14.1969;
22.0167;
14.0469;
10.2006;
10.5088;
15.896;
13.8031;
16.8937;
11.0426;
14.9888;
15.2295;
14.1757;
21.2422;
14.1942;
15.6652;
20.3673;
19.6994;
11.9912;
17.8449;
13.6472;
13.9263;
18.9759;
13.8148;
14.6349;
21.0869;
13.9694;
14.4242;
16.0778;
16.0258;
15.942;
18.3339;
16.408;
22.7954;
18.9494;
16.5123;
23.9836;
11.9781;
19.1322;
13.6618;
17.5317;
22.0037;
15.3157;
20.3304;
13.1736;
19.567;
13.7965;
20.2944;
14.9553;
15.5401;
14.0572;
20.2838;
19.609;
13.3245;
20.0052;
16.3719;
24.4116;
19.027;
12.5549;
19.3807;
18.0315;
14.9317;
18.6989;
14.1842;
15.4318;
16.2218;
17.3833;
12.5912;
13.1858;
20.9666;
13.8505;
15.7867;
23.0456;
17.3834;
15.3029;
13.8122;
15.8892;
18.6921;
16.2397;
19.0569;
14.9004;
20.9169;
21.2921;
13.011;
18.626;
19.9471;
16.5709;
13.3066;
17.1106;
22.4182;
20.7071;
20.2638;
16.618;
10.2046;
19.7236;
15.3236;
16.2481;
15.8076;
19.2978;
12.3754;
20.6024;
14.9861;
23.3981;
13.104;
22.0702;
21.3623;
10.9042;
18.2286;
13.3365;
17.0342;
12.4378;
14.6029;
17.7352;
13.2191;
14.7801;
14.5176;
13.888;
13.1943;
20.5587;
17.4949;
12.3753;
21.2404;
18.5949;
19.4297;
14.579;
19.7805;
19.2195;
14.1608;
16.5589;
16.7167;
14.3665;
16.9279;
15.6135;
12.442;
19.7939;
18.6595;
17.1569;
21.3789;
19.6355;
17.2796;
18.8887;
25.7477;
17.5377;
13.767;
24.2274;
14.9418;
17.2598;
20.5243;
16.9725;
17.1466;
11.4347;
14.6986;
21.2979;
7.41185;
10.9041;
17.7859;
19.0302;
20.8052;
13.6415;
13.7524;
17.889;
23.9002;
15.2919;
20.3572;
20.9721;
15.3862;
13.4589;
12.3236;
18.9558;
28.1551;
12.8526;
23.1719;
16.3793;
13.7572;
15.3697;
13.7558;
21.3924;
17.8785;
20.9107;
15.9209;
15.2717;
10.1595;
18.988;
12.9737;
18.6652;
21.0534;
21.1301;
11.3766;
13.4943;
21.3674;
19.5821;
17.4523;
18.0511;
20.1202;
23.6416;
15.614;
17.4053;
15.5336;
19.4206;
12.7513;
15.1063;
14.8137;
15.4035;
21.1929;
14.5423;
11.9523;
14.1654;
15.638;
10.0384;
15.0519;
20.1651;
18.7231;
14.9998;
13.4853;
17.2545;
14.213;
13.523;
17.4209;
18.0203;
11.6502;
23.2842;
16.5244;
15.5901;
12.9896;
24.1572;
21.9187;
14.4865;
12.2508;
16.8514;
18.6703;
14.3758;
19.2388;
22.9682;
11.7528;
17.2045;
17.5743;
15.7301;
19.998;
15.0899;
13.8785;
19.1421;
14.5423;
16.9885;
19.9643;
17.8213;
15.9235;
19.0396;
11.9593;
19.6686;
14.8447;
11.7678;
17.2217;
15.2841;
14.5023;
14.0112;
12.0022;
14.9783;
13.5145;
10.6947;
12.5124;
27.5094;
14.8147;
13.8852;
15.0712;
19.3516;
18.7543;
13.4274;
12.2391;
20.2892;
16.8458;
10.3132;
24.6464;
13.8995;
15.064;
17.1972;
12.7531;
16.2083;
17.24;
19.5786;
18.9242;
18.2379;
11.4345;
17.842;
18.2879;
19.4718;
19.8535;
16.2262;
15.1262;
14.7631;
22.8909;
14.8022;
18.3712;
18.2167;
20.7533;
14.9651;
17.8132;
17.6553;
17.2881;
14.7876;
19.1783;
21.1292;
18.254;
14.2399;
13.5054;
21.063;
19.0988;
9.40295;
16.5271;
17.2339;
11.6029;
19.7063;
16.6824;
18.2094;
11.2338;
21.3105;
14.224;
15.4373;
14.9894;
17.7797;
19.7659;
13.1648;
18.1659;
18.239;
17.0773;
22.4435;
15.863;
26.4515;
12.1409;
18.7755;
22.4509;
13.3141;
16.8665;
10.1665;
16.0174;
20.3526;
14.655;
19.9799;
16.1586;
15.5407;
13.8805;
14.8764;
18.2912;
14.5072;
13.7657;
19.8883;
14.9118;
14.3641;
13.06;
15.0322;
23.8265;
19.0506;
17.7458;
16.3017;
15.6692;
15.6823;
19.8043;
23.8819;
17.4004;
16.0043;
14.7638;
16.0415;
24.2464;
30.3323;
11.3014;
20.134;
15.8361;
16.0308;
13.2491;
17.7463;
19.621;
16.5908;
17.7561;
14.0925;
14.0112;
14.5599;
14.6667;
19.2969;
21.0698;
12.2946;
14.368;
19.5359;
12.5198;
18.9265;
15.1709;
12.3741;
16.9295;
15.3039;
19.0408;
14.6748;
14.4478;
11.9304;
19.5742;
17.1214;
15.0897;
14.3216;
15.8818;
15.321;
13.9565;
14.0843;
24.3727;
13.961;
10.4948;
19.2835;
8.77237;
14.3116;
15.7584;
25.2051;
15.4244;
11.3423;
12.2717;
14.4522;
12.2677;
12.7163;
14.8887;
13.0384;
18.7255;
18.7285;
16.5029;
16.8054;
18.2451;
19.295;
19.2216;
21.897;
24.9848;
19.64;
18.5153;
13.698;
18.9759;
14.1785;
19.8511;
13.1702;
12.1905;
19.1128;
17.4721;
22.6764;
12.9449;
16.0712;
20.2498;
23.5817;
15.4842;
14.1631;
14.9459;
18.1635;
12.7457;
15.305;
15.2226;
14.761;
15.1559;
22.7533;
19.1388;
22.4614;
17.3564;
15.3974;
17.948;
15.6116;
22.9026;
17.3223;
17.0266;
22.4185;
11.1814;
17.3718;
18.8249;
21.8538;
18.1062;
20.1742;
12.7127;
21.7084;
16.1605;
12.8909;
17.5694;
14.5418;
20.0152;
20.2872;
15.6153;
17.8638;
21.2418;
12.3932;
17.3005;
17.2314;
19.3585;
14.0144;
19.3976;
16.6682;
13.5986;
24.6995;
16.4215;
15.0389;
18.8523;
24.1518;
14.0732;
15.9675;
20.2844;
23.3874;
15.3238;
17.1663;
15.2291;
17.3962;
15.0562;
20.3885;
19.1791;
19.3264;
16.6591;
20.7209;
19.8274;
13.7959;
16.8626;
15.0777;
23.1589;
15.4294;
15.5012;
11.3582;
20.1192;
17.1198;
14.943;
17.799;
26.476;
20.6008;
14.8206;
23.8555;
18.119;
12.2977;
16.7006;
12.8538;
23.2338;
15.5325;
14.5144;
17.7501;
13.5013;
31.8671;
20.8697;
16.8085;
15.307;
18.0559;
20.2735;
14.4657;
13.0968;
15.7662;
12.1419;
18.2274;
16.4052;
15.3736;
18.6106;
16.8501;
12.5212;
19.2473;
27.2974;
25.15;
14.6519;
12.6526;
15.9706;
15.4373;
18.2084;
18.051;
16.8761;
17.2204;
17.1922;
14.3701;
20.1143;
22.8554;
16.7198;
20.5378;
14.5122;
19.1154;
11.4494;
16.8618;
19.7997;
13.6768;
17.0527;
11.0469;
15.961;
21.5906;
17.3445;
20.5244;
23.4132;
16.4153;
17.2889;
16.0064;
26.6447;
15.8734;
16.1482;
15.0974;
15.8837;
16.7119;
9.96931;
14.9012;
18.9147;
18.5758;
9.7813;
26.8581;
15.8107;
16.3248;
13.8454;
15.8888;
14.8378;
25.7782;
18.7074;
15.7815;
17.2115;
16.1467;
21.0493;
20.1387;
18.2173;
14.7738;
16.5904;
23.4085;
20.7586;
19.9116;
15.8415;
14.7044;
24.7409;
18.1813;
15.4578;
17.329;
19.295;
21.4121;
23.5579;
15.2405;
16.6937;
14.1639;
17.0062;
16.2087;
19.0077;
24.0816;
24.2253;
18.8309;
18.454;
15.3686;
20.1199;
13.6107;
15.4723;
21.2591;
20.4374;
22.4066;
12.4669;
17.3329;
21.212;
24.0232;
23.0594;
15.9558;
25.6131;
21.7583;
18.4327;
15.4178;
13.8565;
13.8508;
16.5394;
15.2262;
11.2456;
14.3283;
18.1132;
20.1906;
12.8737;
17.8796;
16.7195;
12.5972;
15.436;
16.8039;
17.5485;
17.2335;
11.0161;
26.1214;
21.0911;
18.3121;
10.1867;
17.5264;
17.8104;
14.8927;
19.8853;
15.6251;
19.2149;
17.1822;
18.9156;
10.5685;
15.7672;
12.2911;
14.9284;
13.2798;
15.4488;
14.8583;
18.7263;
19.022;
14.4842;
14.5041;
17.4197;
15.1086;
14.7145;
15.7636;
14.5139;
14.8139;
15.6845;
16.0196;
17.1708;
15.2762;
11.6418;
16.8566;
11.7894;
20.8715;
12.3996;
26.8485;
14.8124;
17.2248;
16.7662;
18.1249;
23.9851;
14.7198;
17.9576;
12.013;
17.0311;
14.0527;
12.4621;
21.2067;
15.631;
19.2976;
16.458;
19.2813;
16.8025;
11.8869;
17.8501;
23.8713;
18.619;
17.7551;
16.0749;
24.1829;
16.891;
20.3072;
11.5426;
21.0963;
14.8569;
15.0731;
23.9502;
17.1849;
18.3165;
17.9951;
19.7307;
20.483;
12.7856;
17.0916;
16.6155;
18.4863;
13.0857;
12.9883;
14.9574;
12.8886;
13.631;
23.8779;
16.6115;
13.4115;
16.4188;
16.9158;
14.431;
13.4789;
14.9534;
13.3626;
14.1876;
15.8292;
12.3039;
13.7576;
13.6546;
13.9403;
17.1711;
13.4734;
10.2782;
20.3452;
18.2756;
14.11;
21.106;
24.2528;
20.3874;
24.4548;
18.8497;
19.3532;
16.0306;
16.1006;
15.7148;
23.9163;
25.2873;
18.4409;
13.8151;
26.2442;
14.7204;
18.4758;
15.1117;
22.6645;
12.6311;
14.628;
25.5597;
18.679;
21.3799;
16.9844;
25.7819;
18.645;
21.2551;
13.3897;
22.8453;
24.792;
15.9582;
11.2216;
24.1834;
15.2743;
18.7483;
17.1765;
15.3287;
22.2754;
27.0022;
24.1847;
15.7983;
21.9645;
14.5107;
20.0277;
19.9236;
18.727;
17.7489;
19.0865;
11.4839;
17.4133;
19.7118;
11.6336;
18.5711;
14.517;
16.5169;
18.3016;
23.6736;
16.4604;
22.7064;
18.3445;
11.1236;
14.4817;
13.6159;
12.5669;
22.7671;
15.9579;
20.1871;
15.0129;
17.7806;
32.5741;
13.0908;
13.8688;
24.7995;
18.0392;
16.3128;
15.7585;
20.0128;
13.0399;
22.2865;
15.4085;
11.5721;
20.4018;
12.6138;
17.4797;
19.6142;
16.6602;
14.8885;
13.0416;
27.4304;
17.6847;
14.0987;
24.2083;
14.3229;
13.1301;
17.0166;
11.1823;
26.7754;
20.3805;
30.2681;
24.0341;
18.1267;
17.2466;
21.2411;
18.1281;
16.0447;
24.3089;
21.266;
26.2883;
11.02;
16.1392;
16.4542;
23.9313;
21.6127;
15.918;
11.1038;
15.5386;
17.3885;
13.3234;
26.9571;
20.8888;
11.1829;
18.3888;
20.7753;
16.9682;
20.5987;
11.8588;
14.3866;
14.8716;
23.2884;
21.9812;
22.1358;
15.8997;
19.0758;
15.9929;
19.5022;
26.7996;
24.7083;
27.4533;
16.4655;
20.2814;
14.9967;
13.6269;
11.4799;
13.4323;
18.175;
19.5925;
12.8689;
14.6692;
9.09241;
14.8914;
19.3992;
28.6632;
12.0063;
20.2751;
14.7684;
13.4608;
15.3163;
15.7637;
13.1833;
13.8346;
18.4592;
14.9444;
16.3921;
18.1315;
22.7282;
12.7116;
18.1607;
14.8927;
14.8266;
14.4992;
12.2665;
15.4155;
15.0926;
19.9945;
14.7837;
13.72;
23.7953;
19.89;
22.4027;
19.6824;
15.9015;
23.5875;
15.4907;
15.838;
24.8339;
11.3194;
22.0284;
26.2375;
20.3422;
13.4703;
13.3852;
13.5778;
15.3585;
14.8245;
17.4913;
13.1464;
18.4284;
14.0115;
19.1073;
15.499;
11.8869;
16.6032;
25.0443;
17.6373;
14.4269;
17.6445;
13.8706;
13.4426;
15.0916;
15.2789;
14.2564;
12.238;
17.9715;
14.2652;
20.273;
12.7437;
21.835;
11.4308;
17.4269;
16.5327;
15.2812;
17.6781;
12.9051;
16.1178;
22.0917;
20.4985;
14.9052;
18.3094;
19.0852;
14.5605;
14.9849;
18.4062;
17.9323;
13.1369;
15.3052;
16.0232;
23.8001;
13.0845;
15.4101;
18.0479;
23.2261;
14.4029;
25.2629;
25.328;
23.8783;
18.2419;
17.0832;
14.4527;
13.8237;
15.0193;
22.5987;
20.1912;
16.6389;
12.5609;
13.2214;
18.4256;
17.7106;
14.8081;
17.1731;
17.3627;
15.4324;
14.471;
20.0955;
18.0693;
17.1169;
15.587;
9.35817;
13.659;
13.4355;
17.2354;
14.4158;
21.9991;
15.6337;
17.0958;
12.7763;
16.443;
14.7446;
14.4169;
16.7889;
19.425;
10.1157;
17.3982;
21.9021;
19.4068;
14.9203;
15.2714;
12.8516;
14.3223;
13.9107;
14.8857;
21.5177;
22.2896;
12.0885;
14.8238;
12.0524;
12.2778;
15.6208;
13.4683;
16.0652;
22.4932;
21.5933;
23.9725;
13.8851;
18.8216;
23.7489;
16.0857;
19.4745;
12.8829;
17.2244;
13.5663;
14.607;
16.0208;
18.0636;
22.2121;
17.1941;
8.72413;
15.9984;
11.8798;
21.1692;
11.2879;
12.7197;
15.1814;
17.1676;
12.6883;
23.9139;
22.7028;
18.7064;
24.8938;
28.6456;
17.8448;
13.9485;
29.2534;
28.0802;
19.74;
19.5088;
17.0112;
17.7524;
16.7551;
17.3709;
18.3346;
23.2928;
16.5855;
16.2019;
22.2772;
15.6452;
24.462;
18.2538;
24.256;
25.0827;
15.7737;
19.2746;
13.1885;
13.2694;
13.3879;
13.466;
10.559;
14.4906;
20.4545;
18.2621;
20.112;
20.5382;
21.0393;
29.4602;
15.9728;
13.9555;
13.6667;
22.6567;
16.145;
25.5447;
19.2449;
18.4669;
26.2715;
18.3699;
16.7121;
18.7122;
14.6207;
11.5496;
18.6092;
24.3689;
14.1959;
12.4725;
14.7802;
14.9004;
16.7483;
20.6759;
18.6277;
24.4029;
20.7149;
11.7646;
17.1856;
13.1414;
18.7629;
12.8688;
19.6549;
18.1283;
18.7507;
16.5762;
11.2129;
16.0452;
24.0971;
12.204;
20.1446;
14.9066;
10.4744;
26.136;
14.3606;
21.2545;
15.6192;
27.2551;
24.589;
17.65;
10.1638;
16.2003;
13.0165;
12.3381;
15.6397;
22.0204;
19.2497;
20.0055;
23.5419;
19.9998;
16.8045;
15.9166;
18.2844;
13.3444;
18.4219;
20.6097;
20.3652;
21.7752;
19.9648;
21.3348;
19.5633;
16.5789;
17.557;
22.9934;
22.8157;
17.5312;
15.1803;
16.1972;
15.182;
18.6837;
12.1309;
19.0806;
13.667;
18.0519;
15.9016;
13.6024;
15.3587;
11.3337;
16.8786;
14.9912;
22.0694;
23.5631;
17.9718;
15.2894;
14.8325;
18.3413;
20.3493;
18.0223;
15.0226;
9.91437;
24.2797;
24.2782;
22.5276;
20.817;
20.6831;
19.6885;
18.1507;
17.1764;
19.0539;
12.7081;
18.3654;
18.434;
17.0267;
18.3113;
15.6292;
20.089;
21.9289;
16.1967;
11.6613;
16.4252;
20.4678;
14.4646;
18.1763;
10.8704;
16.9516;
17.236;
22.5661;
14.1604;
26.9019;
22.1978;
20.3704;
22.5344;
17.4394;
16.4854;
15.8857;
15.2156;
30.1156;
19.0445;
15.5037;
20.467;
15.1948;
12.6351;
16.9471;
20.4853;
25.1307;
28.9868;
18.122;
29.5246;
18.1774;
25.3984;
13.4998;
16.3084;
13.9678;
14.7997;
14.2113;
12.1418;
13.2796;
26.5623;
16.2974;
13.5406;
30.5862;
26.9454;
17.37;
17.6327;
26.3502;
24.586;
17.6836;
23.5929;
19.4594;
14.7849;
18.3165;
15.608;
14.0891;
15.3369;
18.9915;
16.9875;
16.9547;
18.8017;
12.7056;
15.402;
17.5353;
20.9591;
15.9953;
21.281;
18.8762;
23.4929;
29.2098;
13.7638;
20.8679;
15.1287;
25.1726;
23.5727;
18.3999;
16.9109;
24.074;
25.3186;
15.4545;
19.2562;
25.3403;
11.2933;
16.3545;
18.172;
15.9917;
23.0888;
13.9667;
18.6018;
11.2583;
13.9047;
24.2683;
14.8529;
13.5624;
18.4532;
28.397;
21.5656;
16.3041;
19.1572;
12.5624;
27.1133;
17.9821;
24.2011;
12.8266;
23.9487;
17.4038;
22.43;
19.0675;
20.2618;
24.6225;
26.8714;
18.9544;
18.493;
14.1479;
15.0742;
11.9166;
14.7383;
15.7814;
15.2204;
17.0883;
26.1077;
26.0336;
19.7751;
22.151;
15.4915;
19.3245;
20.5978;
19.6194;
16.7446;
24.7304;
24.6909;
17.3082;
20.5726;
15.9226;
19.1538;
15.1463;
13.08;
28.1998;
28.2033;
17.6475;
20.297;
15.3664;
14.6834;
11.7853;
13.228;
12.899;
18.8677;
11.4741;
21.8628;
14.1897;
29.2966;
22.4367;
17.1834;
14.8371;
14.4118;
23.1319;
11.108;
16.366;
15.3638;
25.6956;
21.054;
17.0579;
18.0186;
24.1836;
13.5141;
18.1392;
24.5577;
24.0716;
15.5252;
16.3951;
15.2179;
10.9402;
26.8372;
22.9985;
18.966;
24.0962;
20.5352;
25.693;
17.2943;
17.3605;
18.8341;
15.5181;
16.8325;
16.4811;
15.861;
14.5989;
19.3205;
21.6407;
21.1369;
19.4546;
22.0103;
22.2352;
21.2601;
26.7236;
19.971;
17.8866;
15.5909;
11.0191;
15.866;
29.7097;
13.3258;
19.511;
18.2022;
14.6351;
21.7872;
23.1309;
19.5501;
18.2832;
19.6475;
13.5485;
17.7498;
28.8649;
16.9662;
19.5433;
19.9207;
16.9053;
11.2358;
16.6947;
18.7432;
16.8985;
22.5169;
16.1254;
17.7139;
13.6434;
16.2856;
11.4278;
13.799;
22.0696;
16.3872;
14.644;
11.2097;
17.7626;
17.6516;
14.6001;
18.8908;
16.2621;
14.1056;
19.4255;
16.573;
24.5193;
18.1701;
24.6407;
11.0833;
16.0815;
14.6799;
13.843;
16.3106;
22.6372;
17.4302;
29.0149;
12.9589;
11.8028;
16.8626;
20.0695;
14.5666;
19.9209;
9.90956;
15.2718;
14.8951;
19.4949;
19.658;
13.8494;
23.6917;
24.2235;
14.722;
13.2884;
13.1547;
16.3325;
16.9977;
18.4303;
16.3195;
25.2897;
21.3065;
15.8331;
23.1815;
19.9302;
14.4991;
18.7441;
11.9553;
13.3251;
13.122;
19.4772;
14.8458;
13.5767;
16.1068;
17.2589;
12.4607;
12.4012;
22.1205;
21.4542;
12.0642;
20.4688;
20.6418;
13.3231;
14.1922;
26.6883;
22.9236;
25.1549;
18.15;
17.0363;
18.5059;
14.3708;
12.3;
14.1312;
14.877;
16.0603;
19.6752;
16.7873;
13.2483;
16.2884;
16.5582;
14.5548;
17.7306;
20.0366;
18.6128;
12.7325;
13.4909;
11.929;
10.088;
14.7578;
16.7857;
16.1079;
14.0662;
17.2315;
14.1659;
16.8782;
20.1907;
16.2989;
13.4796;
13.501;
20.0557;
15.6023;
18.4373;
16.0392;
14.2784;
12.1242;
16.9347;
21.4563;
11.034;
19.5559;
24.066;
24.2984;
13.2342;
22.7084;
17.808;
21.862;
22.1433;
19.1101;
24.1758;
16.8084;
23.7215;
15.0401;
10.2976;
12.8661;
12.6284;
14.46;
26.1816;
12.3716;
13.636;
16.6069;
15.9296;
15.1791;
17.6748;
22.6204;
22.0798;
23.6601;
18.4231;
21.7488;
25.3143;
14.7992;
13.5029;
27.8451;
15.1602;
18.3827;
12.8293;
21.8718;
18.3904;
22.0296;
19.6271;
19.8808;
16.2738;
22.7369;
14.954;
14.5206;
20.8952;
19.667;
15.0901;
23.0234;
28.8;
16.5763;
22.4427;
31.142;
20.3355;
19.6904;
31.2944;
14.0198;
21.5155;
16.7069;
15.2969;
17.1069;
14.1551;
14.2739;
22.7995;
11.3324;
13.1216;
14.0659;
14.3704;
23.0294;
23.6562;
22.1866;
19.022;
19.3895;
12.5155;
19.9048;
21.8163;
11.2803;
17.2462;
18.4299;
14.5303;
25.1576;
16.3048;
21.902;
12.9234;
16.0093;
14.9889;
15.6839;
20.4374;
21.5668;
19.915;
15.8058;
20.4554;
15.7834;
11.3778;
11.4846;
14.6774;
13.8839;
14.4305;
19.2571;
13.4566;
12.2754;
15.8321;
14.1126;
17.1244;
17.6031;
14.5358;
21.4269;
20.0095;
11.9259;
14.0343;
14.7998;
16.3923;
15.189;
13.8812;
14.2359;
20.7124;
14.486;
13.0768;
26.6865;
23.6983;
20.018;
19.9426;
20.1286;
13.4535;
21.3063;
16.4557;
21.0311;
22.8468;
12.5878;
18.0782;
13.3223;
13.9109;
14.1877;
25.6764;
15.8268;
19.3419;
13.2505;
13.8794;
12.0096;
14.4456;
17.5139;
10.2002;
16.3767;
17.2032;
13.9907;
22.5363;
23.2536;
17.7986;
15.2999;
16.5583;
18.6063;
12.1485;
28.7607;
18.7518;
24.4588;
14.9674;
15.2289;
10.2968;
15.987;
17.1651;
16.4676;
18.3835;
17.6446;
14.743;
15.7735;
18.5494;
15.3482;
14.3045;
17.9004;
17.8913;
24.3818;
20.2699;
20.3785;
22.2306;
21.8434;
25.0924;
16.87;
19.6852;
21.258;
25.1988;
18.3137;
14.2034;
20.2871;
9.7589;
18.1917;
14.27;
18.0507;
15.505;
12.6843;
14.9905;
15.5657;
15.0371;
12.9935;
24.0716;
21.7578;
18.722;
15.189;
26.1997;
13.7334;
32.512;
21.1707;
11.7117;
16.8905;
13.7832;
18.8445;
9.66803;
24.5008;
19.2826;
14.874;
17.1063;
16.7576;
24.6138;
18.0477;
19.6363;
11.9834;
25.3927;
11.3787;
12.5999;
16.1336;
14.3486;
25.4801;
16.3882;
19.4142;
15.8202;
13.0704;
17.0741;
14.0933;
19.0451;
18.0948;
14.7664;
16.8184;
12.89;
25.3254;
14.5497;
16.5667;
18.5962;
10.6481;
15.1081;
26.6045;
14.7872;
17.4315;
24.2327;
17.0873;
14.6175;
21.0848;
14.0636;
15.3576;
15.0939;
16.7606;
15.9785;
12.9241;
9.25285;
9.56571;
13.02;
15.6405;
20.2365;
13.1134;
12.4947;
8.51016;
18.7572;
13.6893;
12.8954;
11.9519;
12.7504;
10.2421;
16.3433;
14.2088;
14.2727;
11.1228;
17.4565;
15.2058;
14.2154;
16.5719;
18.1992;
11.9753;
16.5731;
14.2121;
13.5462;
16.2902;
12.5767;
13.4543;
13.2892;
21.8179;
14.6107;
26.5926;
19.955;
20.8591;
12.9259;
15.576;
15.6905;
10.9286;
14.5026;
16.9222;
16.0636;
19.3815;
15.5797;
19.8439;
15.7192;
25.138;
14.669;
27.4629;
18.0259;
20.7756;
24.3786;
22.3402;
19.643;
25.2818;
16.0934;
20.8618;
21.9701;
18.7429;
10.5904;
15.6277;
13.3416;
14.5238;
13.8893;
21.4558;
17.916;
11.9808;
20.3337;
15.1742;
15.646;
21.8498;
23.9367;
24.0979;
13.1616;
13.8295;
20.5162;
19.7237;
14.1355;
28.7581;
16.8256;
22.0788;
20.5048;
22.7016;
16.036;
13.7512;
17.0669;
21.6391;
13.402;
15.8289;
15.8684;
17.2326;
14.3372;
12.0633;
15.3162;
21.1456;
20.6073;
14.2634;
14.6546;
16.9315;
24.5457;
19.3414;
21.4318;
13.0655;
22.5946;
25.5124;
15.7526;
14.6978;
12.4461;
15.9479;
12.4961;
15.5037;
17.4243;
11.6572;
16.8289;
17.0306;
28.3745;
20.3995;
17.1033;
19.7941;
18.0958;
14.516;
16.9644;
19.1702;
17.8939;
11.8303;
16.6394;
22.7674;
13.1826;
21.1789;
9.85728;
23.7832;
14.9816;
19.7644;
21.7439;
21.3386;
11.7938;
16.44;
17.0556;
14.323;
10.1978;
12.0339;
15.1109;
13.8574;
15.1711;
20.4385;
24.0601;
12.9623;
20.4077;
28.9542;
22.2199;
26.1273;
22.0904;
23.8889;
18.4802;
21.8441;
17.744;
14.6042;
19.314;
19.3348;
12.0603;
17.7055;
20.4675;
27.7113;
17.0856;
25.7024;
15.1102;
15.3331;
15.4434;
25.6277;
23.2664;
21.1125;
13.3672;
24.8918;
19.6976;
21.3017;
19.2641;
13.782;
15.9632;
18.9564;
24.2894;
11.1579;
10.7253;
16.533;
25.3672;
18.3813;
18.3118;
21.4455;
14.0843;
13.5943;
11.5099;
28.071;
21.3216;
19.4771;
18.6174;
21.0053;
15.0078;
9.85918;
16.3547;
15.4298;
12.626;
14.3572;
13.6136;
18.5995;
9.71249;
14.1519;
21.811;
13.489;
17.1065;
17.2727;
17.7231;
13.9818;
8.36057;
15.6495;
18.1778;
23.0905;
15.1156;
13.1353;
21.9707;
20.1495;
18.7116;
14.0315;
13.205;
21.5867;
28.0048;
27.4318;
16.2716;
18.4899;
14.746;
16.2123;
15.8192;
16.0687;
20.6463;
22.188;
23.3008;
13.8035;
12.4773;
8.53699;
16.0993;
27.2201;
17.0628;
11.2844;
16.6741;
13.4485;
14.7974;
22.4028;
21.84;
29.7432;
25.4955;
14.7298;
24.0276;
20.7752;
25.0903;
15.5001;
17.3603;
15.6061;
15.8974;
22.754;
28.0517;
19.3342;
23.8162;
17.7516;
26.7502;
25.0984;
16.8826;
23.635;
17.2895;
23.0491;
20.5328;
14.4546;
18.7073;
22.1878;
13.8539;
19.2919;
14.768;
21.0148;
19.8811;
12.9908;
23.6186;
11.4014;
11.9029;
11.0465;
12.6092;
14.3555;
12.6171;
23.4136;
16.0403;
17.355;
10.5242;
21.1838;
24.9602;
16.4712;
12.6269;
23.116;
13.3286;
20.3042;
13.6083;
11.045;
25.1529;
16.8466;
19.3953;
23.8399;
17.8619;
18.8315;
25.0431;
26.0493;
14.9746;
22.451;
20.2928;
22.631;
13.2392;
14.1846;
17.3022;
27.0772;
14.5409;
23.5841;
13.4113;
13.5554;
16.7121;
16.5926;
21.8195;
15.1052;
17.7641;
20.7754;
14.6835;
18.4618;
17.1655;
12.8796;
27.8832;
13.0354;
14.1312;
12.3407;
15.7263;
20.8528;
17.3701;
16.5112;
24.4999;
23.3108;
11.4971;
14.6912;
13.3205;
14.8931;
16.5184;
13.7607;
24.9561;
25.0373;
16.7008;
26.2006;
14.739;
14.6737;
15.6174;
13.8721;
14.762;
26.6322;
25.9409;
24.823;
16.4625;
16.0327;
24.3991;
12.5902;
27.8476;
16.3591;
12.4215;
20.4031;
11.0403;
11.935;
28.098;
24.7146;
24.3608;
18.5476;
12.8689;
15.2175;
15.2273;
20.1448;
15.1616;
23.5918;
10.4772;
12.6984;
18.6904;
15.4429;
15.3436;
23.4145;
25.1401;
19.5861;
14.819;
16.5222;
17.1179;
9.62988;
23.6316;
24.9896;
19.4678;
19.9795;
19.8159;
25.2058;
26.6593;
15.9145;
10.8081;
17.981;
25.2988;
16.6042;
12.5631;
9.36842;
23.564;
17.4606;
20.9467;
21.5232;
12.6112;
13.2862;
11.6674;
15.2439;
16.2233;
15.1903;
16.0435;
16.0555;
25.2474;
22.8436;
21.0513;
13.607;
13.9855;
12.8841;
20.7324;
17.2952;
19.4112;
25.2359;
18.7963;
20.493;
13.8601;
11.7514;
15.9296;
15.1007;
17.9719;
14.0636;
16.0673;
15.8981;
24.4262;
13.555;
18.8998;
18.7742;
17.9;
15.5724;
11.5881;
15.1462;
10.8146;
18.1317;
26.5278;
22.0984;
28.4803;
22.1319;
20.3157;
20.0881;
9.86394;
17.9722;
14.1429;
14.4348;
16.0915;
15.6625;
11.4366;
15.3907;
15.8693;
14.5159;
11.7356;
15.5432;
12.773;
18.793;
18.7493;
22.7608;
11.4095;
14.271;
13.3512;
21.2258;
18.3854;
25.0941;
25.8402;
11.1419;
14.709;
25.2059;
13.5748;
20.1663;
12.0118;
18.8443;
23.9332;
18.3311;
11.2459;
18.8217;
12.0999;
12.0369;
13.0149;
25.5531;
11.7941;
14.6662;
16.1863;
25.6904;
18.5589;
19.3311;
21.5039;
18.3904;
24.1801;
18.0427;
14.5155;
18.9671;
9.22837;
14.7323;
18.0438;
13.2743;
18.5779;
15.6869;
19.3274;
21.6489;
27.2595;
18.1743;
20.7692;
26.0342;
17.6588;
29.0882;
15.1163;
17.0978;
11.5606;
14.2839;
15.632;
11.6779;
22.6835;
18.9529;
25.7424;
11.3446;
15.575;
22.0091;
12.7271;
19.6071;
20.1694;
13.1468;
14.9305;
23.2551;
11.6915;
22.4117;
13.706;
13.2633;
23.438;
11.67;
14.7965;
20.1997;
20.6652;
13.7416;
20.5211;
19.039;
18.055;
17.9622;
18.9728;
11.8093;
13.0057;
22.9085;
22.6272;
15.7647;
22.1893;
20.7509;
25.8932;
24.3592;
16.3332;
14.0381;
23.4288;
22.8611;
14.3862;
13.8525;
14.4844;
14.9981;
13.591;
24.5172;
14.6753;
12.4951;
12.3489;
15.1424;
14.5597;
23.3005;
16.7888;
23.5494;
23.8259;
15.3715;
11.0002;
19.7434;
12.1785;
18.1717;
26.4127;
19.4978;
16.8588;
14.3906;
26.6239;
13.6635;
22.4212;
21.5541;
14.1874;
13.2415;
16.1175;
12.4622;
24.7867;
11.8378;
16.2375;
14.4144;
13.196;
17.5918;
18.6231;
15.7615;
10.6499;
14.6296;
18.3406;
10.6808;
24.2513;
21.2453;
11.2585;
20.5554;
21.1588;
17.2034;
16.0585;
15.425;
26.8363;
20.7907;
22.039;
13.2417;
16.597;
14.9682;
19.4928;
10.3146;
16.5686;
14.6746;
16.8158;
28.6676;
12.7236;
15.7219;
24.4407;
18.3399;
33.3246;
19.0011;
12.3271;
15.9014;
20.4049;
14.7703;
18.1777;
20.5046;
10.2442;
11.0952;
15.4932;
22.1858;
18.2954;
22.5372;
13.0645;
15.2575;
19.6449;
22.4878;
23.1995;
14.872;
12.9239;
18.3197;
16.3811;
20.3246;
15.6651;
14.2983;
12.3615;
19.0145;
21.4647;
16.7446;
17.592;
22.3077;
24.3685;
18.4642;
18.324;
11.8656;
13.5526;
24.4329;
17.9682;
17.1166;
19.8685;
19.85;
22.3636;
14.8534;
19.1665;
18.44;
13.9666;
14.8323;
12.4684;
21.9404;
25.3835;
10.9928;
15.1078;
18.8707;
17.0174;
20.3071;
18.4812;
17.298;
18.7208;
17.5149;
20.7415;
24.292;
17.1217;
20.1026;
18.8946;
19.386;
13.9739;
12.6255;
16.0207;
15.6169;
21.3228;
11.375;
12.3653;
10.4988;
14.2458;
14.8903;
13.6074;
13.7741;
22.6539;
15.1129;
23.6036;
17.3389;
14.8953;
20.0049;
27.6973;
14.5597;
10.6728;
20.1648;
21.9046;
21.1612;
18.2044;
15.8172;
14.482;
12.6501;
14.009;
13.0837;
14.7291;
16.538;
21.5601;
8.58875;
16.1943;
19.0971;
11.2881;
18.7493;
13.9373;
23.3433;
25.0462;
13.1792;
13.8102;
11.9779;
13.9648;
12.6184;
27.7117;
24.6937;
14.7289;
11.929;
13.1174;
13.9372;
13.8913;
18.1635;
14.9225;
11.8657;
15.9344;
16.4384;
14.6855;
24.9844;
11.4756;
18.4333;
21.6499;
24.1613;
17.8539;
12.857;
11.4348;
16.4577;
13.8847;
14.1796;
15.7277;
26.6594;
18.5553;
20.8774;
17.1823;
19.2657;
17.4704;
15.9488;
19.5518;
18.831;
15.0264;
11.2442;
11.3462;
12.0611;
28.8011;
16.4717;
12.6535;
20.9224;
13.0362;
25.935;
12.6033;
14.4016;
28.5758;
21.7025;
11.3909;
11.1801;
12.0106;
18.5303;
11.9514;
25.8019;
18.1813;
24.1045;
22.9729;
10.1822;
11.0105;
13.5624;
17.7316;
12.2934;
13.1163;
16.2783;
14.8996;
10.9993;
9.53201;
17.5295;
18.9376;
25.5053;
23.491;
19.6996;
18.7214;
15.1434;
20.5299;
25.4257;
18.6708;
18.1759;
18.2716;
22.1005;
23.1347;
21.173;
22.1697;
25.5453;
25.3503;
14.6438;
20.9595;
18.347;
20.6856;
20.6201;
17.7716;
11.5767;
24.6264;
22.3966;
25.241;
22.568;
21.5261;
26.1169;
20.7188;
13.8426;
16.0448;
15.1389;
14.4043;
11.9111;
23.5881;
19.4697;
20.2189;
15.9076;
14.4634;
24.3224;
19.8047;
16.8236;
16.7527;
15.6422;
20.4661;
9.48429;
11.4149;
10.3096;
12.0598;
20.2273;
26.501;
20.5934;
13.177;
12.1967;
10.9573;
13.7852;
22.3917;
25.3916;
22.4938;
16.3334;
11.3702;
16.3366;
14.2189;
23.4613;
23.9834;
19.1805;
16.9589;
24.077;
25.9035;
18.772;
25.1747;
24.945;
20.6626;
15.6086;
20.4914;
12.7957;
19.1513;
18.2948;
17.5891;
22.4319;
20.2405;
20.1481;
12.6652;
14.0499;
13.9581;
15.2194;
13.956;
13.9544;
21.5423;
24.7366;
19.9545;
12.9556;
11.0358;
28.134;
11.9717;
14.4744;
13.4475;
14.6711;
14.6733;
16.4598;
15.9784;
12.0237;
14.6746;
13.8501;
14.2842;
12.4127;
20.7277;
11.045;
10.748;
24.1494;
13.1617;
14.4376;
11.3738;
13.8901;
12.4865;
15.891;
13.1066;
11.3209;
14.8965;
14.4443;
23.3464;
11.9056;
14.0266;
16.6198;
19.9622;
9.19531;
17.0582;
16.9939;
14.7417;
12.6747;
13.8083;
19.4075;
20.3591;
13.9012;
17.5487;
17.4619;
18.5408;
21.3066;
13.2954;
12.9783;
20.8199;
18.176;
9.67993;
14.1822;
14.2074;
12.6682;
18.8794;
9.68105;
13.9248;
14.3176;
13.1127;
14.3058;
14.4529;
24.5446;
19.2484;
18.9262;
27.7512;
16.2989;
11.7012;
11.1486;
15.5986;
12.7396;
14.6756;
12.8126;
20.9751;
11.6406;
12.4045;
18.2833;
18.0606;
19.2098;
22.0051;
10.4277;
14.6178;
14.0608;
12.32;
15.3707;
20.1521;
18.1947;
14.1433;
18.1659;
17.0557;
24.5192;
24.667;
25.2742;
15.8324;
14.4393;
23.6742;
24.5588;
19.7509;
20.6994;
26.7103;
18.4171;
11.1369;
17.9249;
19.7552;
13.3977;
12.7335;
16.1335;
14.8312;
19.6763;
20.6022;
16.0394;
25.5079;
23.2075;
12.9659;
17.7256;
18.5982;
13.7016;
19.9343;
17.8037;
24.1585;
13.8341;
17.0756;
11.4647;
16.1196;
16.5166;
13.6213;
13.3207;
10.5437;
10.0811;
11.997;
9.81277;
10.9069;
10.144;
15.3324;
12.2849;
10.2301;
11.4718;
13.0986;
13.1767;
13.4089;
9.72342;
16.6082;
17.5154;
15.6098;
18.1644;
13.7431;
11.9446;
10.5578;
23.5802;
21.5245;
13.8796;
20.5031;
21.6307;
23.0336;
15.9852;
20.3755;
22.0637;
15.9237;
20.9415;
22.6942;
9.71691;
17.8542;
23.1775;
17.4748;
14.832;
12.9651;
17.2985;
22.2991;
12.1529;
13.1535;
23.22;
24.318;
22.592;
21.9487;
24.2657;
21.3258;
21.8422;
18.7374;
21.5369;
22.4407;
13.674;
14.7395;
22.8607;
28.2454;
21.7094;
12.846;
12.4009;
12.5712;
16.8754;
22.2118;
17.8875;
22.0096;
18.6183;
21.5016;
20.4058;
15.8133;
14.1721;
14.4946;
24.7279;
22.2917;
15.7738;
22.4565;
11.2339;
24.2747;
19.4297;
19.5012;
8.53648;
11.1904;
9.95414;
11.2385;
10.3992;
16.3806;
16.9227;
23.7667;
9.80873;
13.68;
14.0332;
20.4483;
23.5439;
12.2336;
15.1914;
14.5256;
12.946;
21.0944;
12.9726;
9.53078;
12.3631;
12.9784;
13.9604;
10.8173;
12.6211;
20.9008;
22.1802;
19.8965;
15.7693;
21.4446;
12.3762;
13.0938;
14.1286;
9.57202;
23.5978;
12.8567;
10.7071;
12.4689;
13.7127;
13.8256;
25.6501;
18.3075;
25.4374;
17.701;
11.3638;
12.0145;
22.5558;
14.9953;
19.3799;
15.5468;
20.9693;
19.3552;
11.593;
12.0902;
13.8929;
15.7297;
9.34352;
12.8407;
23.3436;
22.8539;
15.8362;
21.9848;
21.8848;
10.9214;
15.6532;
20.278;
18.4877;
13.6694;
23.3628;
11.0389;
14.8391;
12.445;
13.4037;
20.951;
12.027;
11.2663;
15.5775;
13.3985;
15.7334;
19.1511;
23.4314;
20.7227;
11.2943;
15.9539;
10.8232;
16.6645;
10.3256;
12.2401;
12.794;
9.01058;
10.9532;
25.6779;
17.4397;
18.2208;
21.7562;
18.0701;
10.4188;
21.9825;
13.5556;
14.4801;
15.5166;
15.202;
17.3856;
14.8486;
18.8348;
21.769;
18.7464;
13.7413;
14.3039;
23.5715;
15.0876;
16.3883;
11.538;
12.7067;
18.3289;
19.7538;
16.2967;
19.7224;
11.7138;
15.4499;
12.7005;
15.1213;
22.5391;
20.0874;
12.9523;
14.1554;
16.9581;
13.0939;
12.7852;
20.1707;
18.8548;
13.7763;
14.5701;
13.6509;
14.9654;
21.9416;
9.58565;
11.7935;
21.181;
20.4977;
23.2619;
22.5279;
21.6749;
22.2152;
23.1012;
11.678;
8.89965;
11.9921;
14.3072;
15.3729;
13.172;
23.2158;
10.971;
14.2255;
14.0931;
23.988;
21.9619;
24.7985;
12.1262;
14.7616;
15.0175;
11.4039;
19.5912;
17.3269;
11.8227;
16.2559;
23.4312;
15.5716;
21.1611;
13.0694;
13.7712;
19.7059;
23.1051;
21.1211;
19.6321;
15.9357;
15.1014;
10.5839;
24.3662;
19.621;
13.4944;
15.9937;
14.2142;
16.9337;
18.1762;
21.8237;
12.4963;
18.0363;
11.7986;
14.4074;
10.0564;
10.4203;
20.4016;
18.5163;
13.9611;
9.87705;
9.08499;
11.4567;
14.5214;
13.0736;
16.0346;
14.8984;
13.0037;
23.8195;
17.2558;
13.6284;
23.3134;
18.7472;
12.2283;
12.6127;
10.2109;
23.7581;
13.005;
10.2178;
14.4287;
14.3847;
20.289;
22.2928;
18.3453;
17.6751;
18.6214;
20.2063;
20.5768;
13.0581;
11.3449;
16.5752;
19.7278;
16.97;
14.0575;
23.5701;
11.4298;
17.6012;
11.2227;
19.8805;
13.661;
20.2786;
21.9085;
18.3854;
20.237;
16.7419;
17.5373;
25.1391;
15.3513;
16.0824;
10.4712;
21.0166;
10.4096;
11.4216;
13.8731;
14.9765;
15.9597;
15.8558;
12.7662;
13.0038;
22.5929;
5.79707;
8.69097;
17.8876;
13.378;
14.2673;
12.7694;
20.7495;
9.85067;
15.1268;
20.4528;
13.6562;
20.9776;
20.8711;
12.7791;
10.8545;
11.9809;
14.9684;
21.2153;
10.4956;
19.1276;
15.8044;
17.6822;
13.2086;
13.2728;
23.492;
12.5069;
12.7517;
10.8926;
10.9229;
11.4746;
11.637;
10.8228;
12.9859;
16.3209;
16.4418;
14.288;
12.7839;
11.9457;
14.1113;
11.3228;
22.4028;
7.99435;
16.4919;
8.68297;
18.1465;
13.4149;
12.6014;
13.8608;
21.6366;
13.4434;
15.0582;
8.94587;
17.354;
15.3712;
15.5983;
20.623;
14.1265;
26.1105;
9.35311;
20.1563;
11.5118;
20.5383;
15.0033;
15.3121;
14.1456;
13.1629;
16.3892;
14.6379;
17.5075;
13.6937;
22.1273;
17.2661;
11.0085;
13.144;
12.5958;
13.1292;
12.7471;
12.2315;
16.5485;
16.1558;
26.8474;
16.4977;
13.0851;
14.4332;
8.83582;
20.5434;
19.3924;
11.5151;
21.4904;
13.6224;
12.8699;
12.0395;
17.6117;
19.7033;
14.4073;
11.0194;
11.1612;
14.8902;
19.5404;
11.7847;
12.5275;
13.2788;
20.0868;
10.1516;
16.9877;
11.611;
19.5598;
12.0259;
18.1277;
11.9295;
11.2864;
14.4755;
17.1873;
12.0698;
17.4458;
12.0706;
17.0715;
12.8332;
18.1853;
12.2364;
20.0261;
12.6237;
12.6672;
19.8066;
8.1004;
21.8945;
12.6831;
22.3905;
20.8098;
16.0446;
23.753;
12.65;
9.28208;
9.79561;
10.2144;
19.5193;
14.0013;
20.8962;
13.1436;
7.72422;
17.9953;
11.1965;
19.0826;
21.4326;
13.3491;
28.7951;
19.0343;
13.1896;
11.9822;
13.7344;
12.7081;
11.3529;
12.8551;
18.5588;
9.81292;
21.2068;
10.3267;
23.0438;
10.2562;
22.7798;
10.532;
18.168;
13.1586;
21.9729;
14.2543;
17.8052;
15.2403;
16.1029;
12.665;
12.8056;
7.65144;
15.6038;
17.866;
14.2339;
14.1252;
10.5547;
10.937;
13.6304;
13.6913;
20.6393;
11.8801;
20.4911;
12.5391;
22.8332;
11.6032;
12.8873;
15.1463;
21.6046;
8.18777;
12.0255;
11.038;
18.4236;
12.9638;
10.7813;
11.2979;
15.9886;
14.1579;
10.2127;
20.3308;
8.03195;
14.5324;
12.1862;
23.854;
15.134;
19.0739;
15.1281;
12.8141;
9.6917;
23.1153;
14.232;
18.1342;
13.5723;
12.2688;
12.0584;
18.3312;
14.3827;
9.38056;
12.6141;
12.9037;
24.3877;
13.3201;
23.2623;
11.459;
23.7779;
11.1421;
20.6577;
10.403;
12.9408;
8.36231;
15.069;
13.1776;
13.9053;
10.8037;
16.7999;
11.6326;
13.5544;
14.5454;
17.6267;
11.5726;
11.5313;
10.533;
12.4143;
22.8847;
13.2293;
18.9068;
8.94899;
21.6045;
10.5168;
18.9471;
12.2888;
20.2468;
11.5838;
17.883;
11.6416;
14.9801;
9.83703;
24.5916;
10.6854;
20.2765;
16.9223;
11.6574;
20.4622;
9.76296;
11.5198;
14.4257;
14.6998;
9.94809;
14.5172;
15.5136;
15.3244;
19.2211;
14.8636;
12.9721;
8.84302;
10.6402;
9.57613;
13.4905;
12.9359;
11.1151;
10.0171;
14.4466;
9.28968;
18.5437;
14.1784;
23.668;
10.6093;
11.2015;
11.3618;
11.2791;
23.0358;
12.497;
16.5192;
18.0356;
20.3325;
12.899;
14.1153;
7.6101;
12.6583;
19.7993;
14.4252;
13.7093;
21.8849;
11.3904;
12.0508;
20.5029;
14.0086;
20.3616;
11.8138;
12.945;
13.4445;
8.97267;
21.0346;
11.9108;
17.2339;
19.7521;
14.5276;
9.8034;
12.3333;
15.1948;
13.1398;
11.0926;
11.6543;
17.3806;
12.4649;
15.7744;
14.1474;
10.7533;
11.03;
11.6267;
18.1347;
12.4237;
12.8613;
22.5718;
12.7215;
11.8097;
19.1625;
13.5076;
11.3908;
12.1423;
14.854;
16.9484;
21.4171;
12.1889;
22.8645;
11.5182;
14.4712;
16.5549;
13.0147;
17.0437;
11.1585;
23.1847;
12.8133;
19.5276;
10.0384;
12.2081;
12.4749;
13.1708;
11.6748;
20.3597;
9.58765;
10.6989;
11.6529;
13.4333;
17.8921;
10.6588;
15.6713;
12.8409;
18.9746;
11.3871;
15.5779;
15.4924;
9.92072;
16.1661;
11.1213;
22.2195;
15.5815;
11.9883;
18.7712;
16.5701;
12.1466;
10.2533;
11.8636;
10.5439;
19.0578;
13.161;
10.9351;
16.6572;
10.0146;
12.396;
10.6972;
13.4298;
9.26237;
8.16857;
12.9541;
19.1731;
10.8317;
11.8435;
21.5337;
8.10696;
17.7781;
13.2183;
21.3513;
10.1552;
15.281;
24.48;
12.2601;
19.1129;
21.276;
8.40393;
18.8829;
14.0738;
10.1157;
14.3181;
18.5061;
12.1245;
19.3991;
11.4989;
12.1065;
11.3247;
10.2145;
22.0846;
18.1981;
10.8937;
17.602;
12.7843;
25.8123;
13.6607;
19.6905;
12.1385;
17.1485;
13.2603;
7.49746;
7.23374;
15.3224;
11.7802;
14.1596;
9.18108;
8.82151;
8.56529;
13.2618;
13.1424;
22.4813;
9.12816;
18.8324;
9.77919;
19.6306;
14.0107;
17.6953;
15.6356;
15.53;
16.415;
18.1578;
9.59248;
21.5483;
11.9632;
17.748;
12.1408;
10.2789;
15.7742;
14.5341;
8.73894;
9.47986;
10.9796;
21.6168;
13.5491;
10.2451;
12.2908;
11.6971;
11.5976;
18.9057;
10.6158;
13.7168;
11.7785;
19.0837;
11.0312;
12.3957;
13.2443;
15.3595;
24.3788;
11.691;
8.49897;
10.9526;
18.3527;
10.4753;
7.58658;
11.6343;
13.4336;
16.331;
15.7849;
7.66062;
9.29303;
13.0043;
14.0052;
10.0663;
16.1623;
19.899;
10.6488;
14.871;
11.562;
10.1445;
12.8268;
11.6723;
12.1673;
9.71798;
8.34113;
12.7601;
8.69459;
12.8596;
19.4652;
12.1726;
14.9455;
10.691;
10.7236;
10.1078;
12.7823;
12.5924;
12.0574;
10.8461;
22.2582;
10.8406;
17.2869;
9.4934;
22.9286;
11.2055;
15.4056;
12.3334;
10.181;
9.34121;
16.8228;
10.363;
17.3547;
12.5573;
10.3714;
9.7141;
12.5774;
12.7659;
13.7709;
9.79728;
10.7575;
8.70677;
11.6271;
15.0502;
17.9621;
13.3462;
14.767;
12.5511;
10.5255;
23.7159;
8.29233;
19.546;
11.1369;
19.9849;
19.647;
13.1326;
10.5278;
12.5089;
22.4204;
6.84685;
11.5857;
14.4857;
14.0974;
13.2005;
10.2533;
7.11517;
11.5511;
9.55427;
8.74292;
11.8925;
13.5758;
13.5015;
13.6785;
11.548;
14.6884;
11.2274;
8.43232;
12.2119;
14.956;
9.41129;
22.9759;
10.2487;
13.6539;
13.3165;
19.0043;
13.0212;
10.6705;
11.4527;
14.4945;
11.8453;
7.62669;
12.2751;
17.3465;
15.1156;
19.2416;
9.05436;
8.22327;
12.6678;
13.6736;
11.6228;
9.31048;
9.19787;
11.0647;
9.6885;
10.4501;
11.1816;
13.603;
9.73993;
11.1594;
9.5667;
11.3072;
11.33;
17.0111;
10.5288;
10.2383;
10.8178;
16.5656;
9.5784;
16.5299;
12.0264;
19.8165;
9.93991;
9.97514;
8.25147;
18.576;
11.8605;
14.8456;
13.3529;
11.2575;
8.49649;
18.2741;
8.44046;
10.5998;
12.7244;
21.8772;
11.1209;
18.7071;
11.2558;
18.7896;
14.3849;
9.7605;
8.81188;
13.3083;
21.4474;
11.1542;
14.1082;
17.1938;
13.3265;
8.83925;
10.8569;
6.22462;
11.3534;
12.467;
12.51;
9.30246;
8.27287;
11.4217;
13.5072;
10.5271;
13.5119;
12.4346;
9.13111;
9.52127;
9.74696;
10.1427;
8.92996;
13.5247;
8.68535;
10.3105;
8.4364;
8.48158;
13.4996;
11.5412;
9.4601;
9.43718;
10.9855;
10.0006;
9.44524;
8.0607;
10.3514;
15.9032;
11.3469;
16.6236;
12.6715;
15.3836;
10.777;
12.8656;
15.7244;
20.6134;
7.51441;
15.6347;
10.0859;
10.6316;
13.8533;
12.1938;
12.0167;
10.6609;
9.04164;
8.96907;
9.93136;
9.70686;
8.92367;
13.0588;
11.0133;
16.8563;
10.1447;
9.11045;
18.3309;
9.22922;
19.2527;
9.62508;
15.5128;
12.9765;
19.9676;
11.3616;
7.58611;
12.8075;
11.3197;
12.5675;
12.577;
10.5509;
15.4179;
15.8548;
8.39152;
11.2668;
9.55421;
10.8776;
11.2318;
9.73607;
10.5076;
11.821;
11.2532;
8.64281;
8.86193;
8.58488;
9.21274;
10.8571;
11.2829;
12.1737;
11.3035;
12.6665;
8.18818;
8.22404;
10.289;
11.2781;
16.4749;
7.25123;
13.7238;
7.70849;
14.4183;
7.77883;
13.5881;
13.5167;
14.1006;
11.3276;
15.6877;
21.4872;
12.2725;
14.3694;
14.3499;
8.58274;
12.5944;
19.6544;
10.7838;
15.1735;
8.72886;
15.6408;
10.5082;
16.8262;
11.2798;
13.4511;
11.1361;
9.88232;
6.31106;
11.4686;
11.7375;
8.60463;
9.73919;
20.1002;
7.32226;
15.6146;
9.49805;
16.2605;
9.30063;
11.3466;
12.2203;
13.4067;
13.2688;
12.5367;
18.7321;
13.2331;
19.3779;
17.2142;
11.2489;
15.4838;
9.63007;
13.0334;
19.8626;
10.1506;
11.372;
10.5259;
9.25504;
10.1674;
14.6148;
10.0296;
10.7265;
13.0453;
11.8065;
12.5877;
9.0986;
18.5394;
10.7647;
14.9663;
7.58948;
10.19;
7.9803;
17.015;
7.86998;
8.95319;
12.3753;
16.1693;
9.89172;
21.0313;
12.9162;
15.4971;
8.83183;
18.3473;
15.715;
12.8484;
12.8864;
11.1917;
16.3354;
15.4475;
10.9722;
12.0175;
8.41612;
17.3357;
11.1385;
16.4731;
7.99256;
13.3029;
10.3231;
14.9596;
14.3595;
9.10966;
11.7691;
10.6387;
11.0228;
6.38258;
8.9701;
9.62071;
9.22729;
7.66052;
12.8068;
13.2466;
10.6171;
11.5473;
9.6001;
6.94254;
9.78559;
10.066;
9.19413;
10.3214;
9.33305;
10.1382;
10.1152;
10.1108;
7.87674;
14.5853;
12.1545;
12.1833;
9.72701;
16.228;
12.6122;
13.1172;
8.07445;
14.3638;
14.5337;
11.5048;
6.86545;
9.87582;
15.3974;
12.5038;
11.6148;
9.40929;
12.4901;
14.0607;
9.4631;
6.58851;
6.69035;
10.7801;
9.88097;
8.68595;
10.3595;
10.3666;
11.1617;
7.27718;
15.8333;
9.46505;
16.0368;
10.9156;
10.3295;
11.9986;
15.0284;
10.2502;
12.9827;
9.3739;
9.32248;
8.48191;
16.7494;
6.19732;
11.2264;
10.7033;
6.26091;
10.4109;
16.3805;
11.4544;
12.2738;
12.7484;
10.5779;
11.7543;
8.93695;
8.63409;
9.40533;
10.2476;
8.77293;
10.2579;
9.76564;
8.63687;
14.0487;
13.8605;
9.63479;
9.35322;
9.90687;
18.379;
7.77754;
17.7762;
16.2454;
8.96066;
12.2986;
10.3541;
10.8766;
12.6143;
15.7883;
11.9586;
14.9944;
10.0817;
13.5869;
8.53804;
13.4098;
8.83393;
7.78555;
9.86744;
10.0298;
8.1376;
8.98046;
10.8374;
8.12572;
9.70922;
11.3061;
8.27905;
11.2487;
8.03189;
16.6129;
7.79961;
15.9674;
7.64999;
11.4588;
11.5776;
9.59752;
8.76584;
8.66109;
6.99567;
13.9905;
9.109;
14.7314;
8.55495;
14.4555;
10.3025;
9.28177;
8.23374;
10.8284;
16.2847;
9.59282;
15.7463;
12.7175;
12.3162;
13.127;
8.18856;
16.5178;
9.4345;
14.0611;
7.43805;
14.506;
19.8173;
11.014;
13.6353;
10.0721;
17.0896;
6.60479;
20.3531;
17.6696;
11.4122;
9.88752;
9.94273;
12.9022;
11.0648;
10.8539;
9.76181;
9.7096;
9.71832;
6.33021;
8.63374;
17.319;
9.74959;
7.6716;
10.9422;
17.4094;
8.25297;
10.7765;
9.73637;
18.7141;
7.64746;
12.7141;
8.79921;
9.45862;
10.4648;
8.38626;
8.82991;
17.2652;
6.8094;
15.3648;
11.868;
11.8215;
7.54423;
20.5772;
9.86953;
11.9902;
10.0529;
8.90587;
8.80924;
10.7798;
9.33362;
11.8243;
11.3963;
10.1021;
8.06919;
12.5145;
8.63738;
7.946;
17.8102;
12.1973;
13.1146;
8.04776;
12.824;
8.25922;
6.88195;
9.9578;
9.46673;
9.25486;
10.1169;
11.2894;
20.2014;
8.43035;
10.7877;
8.12548;
8.16192;
9.46795;
9.30119;
9.71889;
14.1846;
9.975;
8.57778;
10.6506;
11.8393;
8.37642;
15.4676;
12.9595;
14.9751;
11.3975;
16.3462;
10.0664;
9.29219;
9.72947;
10.5876;
8.69823;
9.04067;
8.29743;
10.5563;
10.5676;
9.30532;
9.66481;
10.138;
9.40428;
11.0077;
9.95168;
5.3905;
8.16894;
12.6675;
9.40527;
9.88789;
8.61828;
13.5093;
10.1385;
14.9139;
9.89928;
10.6086;
7.00993;
8.20336;
9.70073;
9.51833;
8.81691;
9.08502;
17.9076;
7.01176;
8.95228;
11.0296;
8.2442;
8.06163;
10.8314;
9.69888;
15.7985;
8.21372;
12.927;
7.35122;
10.79;
7.58838;
5.89641;
10.7226;
10.261;
11.2377;
8.72617;
7.89906;
7.85726;
10.2895;
8.96361;
9.8161;
10.4418;
8.49504;
12.1281;
9.44167;
7.37181;
11.0944;
7.71343;
13.7036;
9.42865;
12.1153;
10.2846;
8.25676;
6.52007;
9.62472;
10.3126;
5.90554;
9.80483;
11.5605;
7.26959;
14.1371;
11.7164;
5.22379;
7.8014;
12.2266;
8.85915;
9.25897;
9.65925;
11.1654;
8.24311;
10.0487;
6.45791;
8.58299;
10.93;
10.6567;
5.44548;
6.91647;
5.9003;
11.6662;
8.94965;
15.2269;
10.8284;
7.89327;
9.23453;
10.7352;
7.31346;
15.8517;
8.44686;
18.5223;
7.83707;
12.2348;
6.81324;
10.6261;
7.32985;
9.51691;
7.05547;
6.34027;
10.4098;
5.92491;
7.91349;
12.3015;
16.5686;
6.87839;
7.7144;
10.0005;
15.4921;
7.45468;
9.57746;
5.89843;
9.76689;
18.4032;
8.9647;
7.82049;
8.22173;
6.27292;
9.1765;
12.5242;
5.3199;
10.4457;
7.57945;
8.8315;
6.90142;
6.05651;
6.34715;
8.87536;
8.41195;
8.03864;
8.64074;
10.9956;
9.85846;
11.9848;
10.1619;
6.36392;
13.4438;
10.9043;
6.0196;
11.4139;
11.6431;
6.42039;
8.53199;
8.75225;
6.85024;
9.03874;
8.50703;
10.1612;
6.58441;
8.16571;
8.39642;
8.56437;
12.6488;
7.71903;
10.4801;
9.21967;
9.83148;
8.52047;
10.7431;
7.36058;
8.64273;
7.46347;
19.5908;
7.02551;
10.014;
13.2081;
7.72814;
8.01488;
9.64336;
8.53163;
10.1689;
7.65641;
15.7262;
7.86443;
10.9473;
8.41916;
7.97021;
6.36207;
6.50167;
9.98478;
8.69078;
10.2944;
6.51582;
9.0573;
7.64372;
8.86375;
14.7503;
8.18233;
8.29066;
8.78104;
9.37614;
7.82246;
13.1585;
6.37577;
9.40985;
9.16213;
14.0677;
8.0019;
9.98651;
11.3763;
7.89728;
6.36069;
5.78467;
7.00293;
9.48653;
11.2362;
10.7079;
13.5064;
9.73205;
8.08868;
11.1473;
10.2297;
6.25447;
9.54889;
8.48269;
6.10422;
6.8878;
7.23999;
6.8795;
8.05658;
8.56709;
6.94966;
7.6062;
8.04739;
7.79924;
9.93433;
8.97649;
11.3529;
5.85965;
7.92269;
10.9862;
7.14382;
11.4457;
6.72205;
8.59525;
8.72228;
5.6089;
8.09361;
10.8804;
7.58103;
9.09738;
4.80277;
10.4023;
9.50348;
10.1353;
9.98598;
14.2644;
8.72502;
8.01167;
8.69394;
8.15175;
7.38769;
5.59266;
9.61603;
7.39998;
6.85843;
11.7821;
9.48813;
6.29735;
8.67266;
7.3295;
4.78245;
5.78528;
8.0236;
10.3584;
5.97062;
7.5914;
7.04217;
15.5617;
7.50965;
6.60461;
10.1285;
8.13883;
6.87713;
7.23853;
7.54414;
8.55588;
8.29551;
6.91669;
7.69792;
9.7606;
7.30716;
7.0348;
7.82002;
8.02161;
7.00295;
5.57433;
8.41314;
6.48301;
6.52757;
7.20475;
9.48345;
5.80456;
10.1987;
6.75287;
7.33099;
7.27013;
9.34964;
7.16185;
6.47225;
7.09356;
6.67521;
6.02894;
7.06822;
9.0916;
12.4285;
6.1394;
6.5061;
7.54625;
9.63528;
5.17611;
5.95405;
6.97926;
10.0589;
9.23405;
7.38178;
9.30123;
7.5901;
9.1386;
8.38875;
8.01658;
6.80464;
7.92017;
7.57049;
11.3659;
7.98041;
6.66035;
6.14832;
7.57854;
5.06591;
8.25329;
6.35113;
8.6348;
8.31732;
7.21062;
10.9869;
8.20011;
7.33591;
9.31393;
5.74205;
6.10367;
7.41321;
7.11226;
14.7179;
6.54269;
11.1279;
13.0046;
7.64935;
7.76894;
6.45594;
9.23736;
6.846;
5.62706;
6.01475;
8.59723;
5.91348;
5.93978;
6.45025;
5.00904;
7.10223;
8.38283;
5.97088;
9.47984;
8.06018;
6.46105;
4.8977;
8.74767;
5.21223;
9.857;
7.97979;
8.33502;
12.1866;
7.36062;
8.15563;
8.13338;
7.36823;
9.15422;
8.20669;
7.09894;
6.68009;
6.51978;
8.21463;
7.21751;
5.26046;
4.69196;
4.81749;
7.98711;
7.6907;
7.41546;
8.99267;
8.3579;
6.77048;
7.57744;
6.12425;
4.96435;
7.35714;
6.93015;
6.46605;
7.28911;
5.75712;
8.65673;
7.75727;
7.12092;
5.56039;
5.9574;
6.77314;
6.79042;
7.59976;
7.33958;
4.55653;
7.90583;
5.1273;
7.34845;
6.44473;
7.89926;
6.64325;
5.85203;
6.19631;
5.28215;
8.0645;
7.81537;
7.97415;
6.96948;
12.7226;
6.02639;
7.36546;
6.98526;
9.5548;
7.2923;
9.54625;
6.28046;
9.91042;
8.09943;
6.14407;
7.59241;
6.44603;
5.33973;
7.30354;
6.0676;
8.23107;
8.31141;
5.86661;
6.74535;
8.82115;
4.59344;
6.16218;
6.48164;
5.55153;
7.10416;
6.11842;
5.89186;
6.12227;
7.1479;
6.8298;
9.51247;
8.31746;
8.64479;
6.52675;
5.5598;
5.7229;
7.10383;
9.26001;
5.90005;
6.58881;
5.16524;
8.83722;
7.1889;
8.59353;
7.61025;
7.18015;
7.95921;
6.02714;
4.97101;
7.24112;
8.61769;
5.53323;
4.86484;
4.27503;
8.31477;
9.75204;
3.62429;
3.69879;
6.88131;
8.06818;
7.5789;
8.75511;
6.9171;
7.00117;
6.05589;
6.96218;
7.14638;
5.12981;
5.9912;
7.40087;
5.94078;
5.34746;
6.99018;
6.83286;
8.13776;
4.58699;
6.25301;
7.01907;
6.54355;
6.51708;
4.92744;
8.66767;
7.32568;
6.76069;
12.0191;
6.68641;
6.97351;
7.31916;
7.14909;
7.2503;
7.6265;
4.87886;
8.29816;
6.70615;
6.45045;
6.9912;
6.38903;
8.10654;
8.72334;
7.93779;
3.81585;
7.36876;
6.62189;
6.14622;
6.11823;
9.50179;
7.46012;
7.28078;
5.4917;
3.4946;
7.47515;
6.31943;
6.05164;
9.19517;
9.5068;
5.78195;
5.9219;
7.25333;
5.88798;
7.18091;
5.42086;
3.55348;
6.85948;
4.32021;
4.58576;
6.98215;
11.1017;
8.67886;
6.51695;
7.45111;
7.69999;
4.61533;
6.79957;
6.91389;
4.95134;
6.35012;
7.00208;
5.79399;
4.08836;
8.22368;
6.92284;
10.575;
6.09514;
6.43528;
5.7114;
6.41733;
7.35919;
4.81891;
6.2837;
10.4481;
8.19587;
8.09349;
6.06976;
5.81917;
4.97371;
4.76491;
6.99064;
8.78526;
11.6732;
6.31672;
4.68518;
4.50296;
10.807;
7.20266;
7.63831;
6.37277;
4.58382;
7.98141;
6.13328;
7.66475;
7.90701;
10.5815;
7.03061;
8.18681;
5.68131;
5.12077;
6.24771;
5.26092;
7.32736;
6.49269;
8.2099;
8.1363;
6.46598;
6.93718;
6.92037;
4.81189;
9.41844;
6.66419;
4.86889;
10.3304;
7.98466;
8.15378;
6.29376;
10.1038;
6.00785;
4.48781;
7.10799;
4.30454;
6.48964;
4.93873;
5.50365;
4.00894;
8.55467;
5.4119;
7.05572;
6.08042;
6.86339;
7.74942;
10.6416;
14.7154;
5.6949;
7.07435;
5.34208;
6.65372;
3.86668;
11.697;
4.76455;
4.3943;
6.37606;
4.38873;
4.62778;
4.66178;
5.38813;
3.31742;
7.62986;
5.3841;
6.47925;
6.10492;
5.94228;
4.78993;
5.34022;
6.28193;
5.99265;
5.6714;
5.45817;
6.75612;
5.39034;
7.8262;
7.29334;
4.21061;
6.15139;
6.78251;
5.22324;
6.35243;
6.5472;
6.05909;
7.16997;
7.33365;
5.04132;
6.52346;
4.54369;
4.8491;
5.39759;
6.13758;
7.10347;
5.74831;
5.44628;
6.47756;
12.3192;
5.68607;
7.65026;
5.73041;
5.59514;
7.13778;
8.83928;
5.53501;
6.89958;
11.28;
3.8848;
6.2511;
5.35276;
5.98106;
6.33214;
10.524;
5.68841;
6.35455;
4.01223;
6.6112;
4.76019;
3.78773;
6.71749;
5.15898;
5.47192;
3.39918;
4.69665;
3.9977;
4.65308;
6.46829;
8.31979;
7.81682;
5.86333;
5.24743;
6.07679;
8.23608;
4.90268;
4.28748;
5.10617;
6.29694;
8.32764;
4.67494;
4.23471;
5.11255;
5.24618;
5.36605;
7.52608;
6.64715;
5.24236;
8.93151;
6.18636;
4.30599;
9.45801;
5.41102;
4.92153;
5.11057;
8.12914;
4.33554;
7.28794;
4.69639;
5.18782;
6.0655;
4.06271;
6.17138;
5.32627;
3.60948;
7.86732;
4.13019;
6.98787;
8.92971;
4.38647;
5.63252;
4.01032;
7.4267;
3.69648;
4.7315;
5.9348;
5.19621;
3.16565;
6.44802;
9.57645;
5.73591;
9.93493;
4.5301;
4.38315;
6.32439;
4.16462;
5.18432;
4.3483;
6.4379;
7.07298;
5.57362;
8.30155;
6.00174;
5.19321;
6.47429;
6.40175;
6.10024;
7.29102;
5.59014;
5.98312;
6.16053;
5.42546;
5.73298;
4.85653;
4.65449;
8.46838;
5.86621;
7.31084;
6.26554;
7.59907;
5.40878;
6.21534;
6.88782;
6.88994;
9.91847;
7.39559;
3.76481;
6.09576;
5.78337;
7.02734;
3.99163;
3.72284;
4.90624;
4.65166;
3.81577;
4.52562;
10.7855;
6.28119;
5.19423;
5.25261;
5.3653;
5.11965;
7.03572;
6.16749;
5.78423;
3.62372;
4.9605;
6.64988;
5.54466;
12.0605;
3.49275;
4.50136;
7.16695;
5.26492;
7.54537;
6.3069;
5.80935;
3.9784;
10.3253;
4.41367;
6.8672;
5.18717;
4.18775;
5.76592;
5.41052;
5.56181;
4.71705;
6.20639;
6.21859;
4.92389;
6.16601;
7.73698;
6.116;
5.76033;
5.43372;
5.06447;
7.36692;
10.5036;
5.85295;
3.81016;
5.50399;
3.97541;
4.35489;
4.94063;
5.06815;
4.65066;
7.80183;
5.58023;
6.29848;
5.21805;
7.82776;
4.10943;
6.31318;
6.30282;
9.31942;
4.85793;
5.45656;
3.14088;
6.66303;
4.72526;
6.17314;
11.4043;
4.29108;
6.08743;
6.51405;
5.92741;
5.13931;
3.71823;
10.0729;
4.75249;
7.22321;
8.52536;
9.69011;
4.44962;
5.0167;
5.17051;
6.70324;
6.64228;
10.7196;
3.67437;
5.13208;
2.31006;
7.94024;
8.06894;
5.21431;
5.42581;
4.32451;
5.39224;
3.97508;
4.09596;
7.99011;
5.99918;
5.56632;
5.09518;
4.33432;
5.11455;
8.76282;
4.81476;
8.78271;
4.22368;
3.97241;
5.03574;
5.35367;
4.49959;
5.69511;
4.3013;
7.78362;
7.57378;
4.35968;
4.53797;
6.48608;
3.51523;
8.19093;
3.49096;
3.19539;
4.29883;
9.18519;
4.3397;
6.74107;
6.4205;
4.50154;
5.30958;
2.98615;
3.51655;
3.62825;
3.39619;
3.70909;
4.62797;
4.59016;
5.52675;
5.67755;
7.31498;
4.81863;
6.38455;
5.76099;
3.82906;
6.08103;
6.14632;
6.10472;
5.80752;
6.703;
5.08884;
4.53638;
6.14746;
4.94926;
3.24581;
5.6619;
4.68189;
4.51908;
4.08771;
6.23716;
3.59787;
5.7158;
7.44388;
5.70825;
3.66652;
5.67465;
7.59426;
6.83826;
4.94646;
8.07964;
5.5472;
5.07278;
1.4497;
6.51503;
4.25756;
5.55015;
6.71343;
6.34459;
3.68449;
5.80952;
6.01426;
4.24493;
5.61368;
7.47959;
2.43569;
3.51014;
11.4571;
6.29265;
4.90309;
5.75169;
5.76164;
5.13621;
8.09461;
7.52645;
9.63333;
2.77467;
7.6044;
2.94488;
4.87223;
4.96443;
7.66111;
2.48076;
3.35666;
11.9549;
4.66973;
5.42696;
3.07658;
6.25394;
5.19318;
4.34305;
4.96654;
6.33229;
9.18155;
4.63978;
6.44897;
5.03299;
7.32494;
3.58044;
3.88355;
6.51691;
3.84182;
5.01564;
4.89307;
3.78324;
6.07521;
5.33367;
4.17586;
7.20732;
4.81207;
6.64967;
5.28105;
6.93927;
5.27471;
7.30337;
4.12821;
2.92656;
4.49638;
5.02413;
6.42503;
3.21746;
8.66163;
4.68218;
6.33412;
4.86027;
5.14383;
7.14739;
4.25754;
5.02209;
5.44738;
12.5306;
5.56558;
4.813;
4.50726;
5.84583;
4.43737;
4.46443;
5.733;
8.50874;
3.71745;
6.38862;
6.45745;
7.30201;
5.90008;
9.99652;
4.22333;
4.39944;
6.79086;
4.58004;
4.12967;
4.10509;
5.41113;
5.51718;
7.49764;
3.71467;
3.8984;
4.24521;
9.02749;
5.89616;
4.69569;
4.17565;
5.73953;
3.91232;
4.29747;
3.0558;
3.96857;
4.99632;
4.67484;
5.85737;
5.37415;
5.30365;
3.55031;
5.46734;
3.84511;
3.87973;
2.47818;
5.08909;
3.64912;
3.49806;
4.81644;
5.40575;
8.51228;
6.18582;
2.77993;
4.66376;
6.46255;
4.83036;
5.91859;
3.18626;
2.85261;
5.51913;
9.80405;
4.83818;
6.03323;
4.22198;
4.05681;
5.71541;
4.23244;
8.72847;
5.96482;
6.95195;
3.23401;
3.11554;
4.27647;
4.19276;
3.98879;
6.17564;
10.5275;
5.43071;
5.91189;
6.02859;
5.0102;
2.7869;
4.88876;
7.95296;
10.057;
5.40592;
5.04349;
6.80222;
7.39378;
6.95376;
4.5264;
8.03314;
6.56298;
7.08944;
5.12073;
5.01783;
2.82212;
3.61639;
9.47618;
5.29265;
5.26334;
7.17329;
5.79631;
6.19782;
4.77204;
8.64624;
4.31694;
3.95272;
4.85573;
2.96913;
7.07822;
4.17418;
5.86035;
4.74038;
4.33826;
5.97018;
3.92793;
7.02504;
4.66558;
4.77257;
10.3037;
4.12125;
4.45263;
4.05714;
3.96386;
7.32403;
4.2489;
9.87295;
4.35232;
4.95844;
3.64604;
3.98556;
3.93491;
7.07788;
7.95989;
5.45627;
3.76714;
3.80891;
4.4836;
4.28106;
3.88418;
5.00042;
8.62101;
3.87472;
9.70639;
8.11784;
6.63509;
4.0625;
2.12519;
4.31129;
4.68191;
5.21356;
7.62989;
7.11211;
4.8979;
5.98505;
4.39093;
3.44916;
4.2904;
5.65415;
8.45045;
3.64425;
4.81262;
5.30899;
5.84158;
5.23126;
3.4961;
7.3035;
4.80908;
3.62692;
6.19026;
4.356;
8.79705;
6.34437;
4.56627;
4.51226;
4.72519;
4.85546;
7.97853;
7.48132;
4.60694;
9.97834;
4.09216;
8.15298;
4.57413;
5.33661;
5.73344;
7.91668;
7.11894;
3.8921;
4.74513;
4.55066;
8.23329;
3.14317;
4.93082;
4.85741;
4.95193;
3.27157;
5.88331;
9.0298;
7.02371;
6.12093;
3.05891;
2.47976;
7.21344;
4.0992;
8.94801;
2.86198;
4.62191;
6.24745;
4.27964;
4.71645;
4.57466;
5.07928;
3.59679;
4.23906;
4.34553;
6.27154;
4.70355;
4.82686;
6.1573;
3.85735;
4.2111;
4.86263;
5.46509;
7.73251;
4.88641;
4.31417;
5.47719;
4.67422;
9.30239;
4.61593;
5.17335;
5.87682;
8.64647;
4.38293;
3.76334;
5.40819;
3.26204;
3.79263;
4.30882;
9.58886;
5.41006;
2.56664;
4.18687;
3.4038;
5.83252;
4.00611;
5.18882;
5.01814;
4.34386;
4.62751;
4.9853;
4.53851;
5.73309;
4.14465;
3.44794;
6.46302;
5.25014;
8.63673;
5.86163;
6.2003;
6.63878;
4.34938;
6.19394;
5.38803;
4.24978;
4.46827;
7.07488;
3.68932;
5.01659;
4.34116;
5.29545;
4.18794;
6.29241;
9.50658;
5.52077;
4.46619;
4.69798;
3.69501;
4.58621;
3.31438;
6.09557;
4.73477;
5.57739;
5.57126;
3.89968;
4.75184;
8.0752;
2.67883;
3.09494;
7.84318;
4.36009;
4.86041;
5.44605;
3.79566;
3.45701;
4.02308;
5.91962;
4.01101;
6.88868;
3.67188;
7.35907;
5.18104;
2.82663;
4.06277;
5.63264;
6.69949;
4.12514;
9.60379;
2.12196;
5.41606;
6.69442;
5.52147;
5.0432;
5.60275;
6.04897;
2.88585;
6.71574;
5.82815;
7.06747;
3.90716;
6.22632;
6.04361;
2.65619;
3.74119;
3.7881;
2.85869;
5.27439;
5.046;
11.0347;
4.12656;
3.69898;
3.8519;
5.30336;
4.7173;
3.44655;
4.38037;
6.67337;
3.3066;
6.55463;
5.32201;
3.80449;
2.94089;
3.36417;
3.9199;
3.81519;
6.96422;
3.12974;
6.98104;
4.83461;
2.53052;
4.78622;
3.18688;
6.26369;
4.91431;
4.71055;
4.75454;
2.98924;
4.18462;
5.83895;
6.5025;
5.22094;
5.25745;
3.00895;
4.82641;
3.5993;
6.20512;
2.03851;
6.83477;
5.09952;
3.72557;
4.30024;
4.23206;
5.10845;
3.94492;
3.55656;
2.57722;
5.98393;
9.29451;
4.0456;
4.5196;
4.28456;
4.25057;
3.70178;
4.63847;
4.65939;
6.80127;
7.11934;
5.01129;
3.92689;
3.35354;
5.04523;
3.62858;
4.26429;
4.51181;
4.60439;
4.4057;
3.85907;
2.82573;
3.94072;
4.73758;
8.69619;
6.50074;
3.69106;
4.85659;
6.95064;
3.83383;
4.83657;
5.13227;
8.78154;
6.09747;
4.04118;
4.23873;
2.56591;
3.83815;
4.55376;
9.72605;
5.97172;
6.12377;
4.49199;
4.80579;
5.63678;
4.90259;
3.04206;
3.68425;
7.17978;
3.8772;
3.46184;
4.96784;
4.30728;
2.37652;
3.65186;
5.76611;
7.36246;
5.09147;
2.78206;
3.28471;
2.75878;
5.67059;
2.52701;
3.70511;
3.77878;
5.86948;
5.63223;
4.19029;
3.77817;
4.30036;
3.48862;
5.02212;
5.39057;
6.84017;
4.4076;
4.48735;
5.03403;
5.42751;
5.34226;
2.45518;
4.51667;
8.64865;
4.5983;
5.0828;
3.36348;
3.16816;
3.98059;
5.6727;
3.60187;
3.94652;
8.45399;
6.04753;
2.47514;
3.34455;
4.68512;
6.68695;
4.42173;
9.16799;
3.77672;
4.84263;
2.82485;
7.49856;
2.79746;
5.87989;
3.13905;
5.09274;
4.14569;
5.91138;
9.59992;
3.2839;
4.06;
4.74159;
4.30311;
8.30396;
5.40896;
3.95018;
7.73702;
3.60387;
3.49276;
5.22735;
6.94373;
6.38491;
7.38721;
5.905;
1.889;
3.86388;
3.80943;
4.59255;
5.94928;
3.60996;
3.55979;
4.19965;
3.25365;
7.8051;
8.20147;
4.77852;
5.18305;
5.46201;
3.01459;
5.07521;
3.1715;
3.18811;
4.37287;
3.24247;
2.72705;
3.35323;
4.83901;
8.50913;
2.60964;
4.40714;
4.90336;
4.54092;
4.83703;
4.95992;
6.00178;
5.7166;
3.64745;
2.78346;
4.50419;
6.27301;
2.10947;
5.10939;
3.47948;
3.46853;
3.8683;
4.08977;
5.93458;
4.62958;
4.283;
4.92583;
5.49839;
5.63813;
6.73299;
4.58341;
5.59455;
5.363;
5.98408;
4.55609;
6.9578;
3.66658;
4.11889;
4.67437;
3.87791;
4.57775;
2.26278;
3.57011;
5.77557;
4.4292;
5.08299;
5.03798;
2.75646;
2.58879;
2.73903;
3.59802;
5.09425;
6.08884;
4.61506;
3.85747;
6.16377;
2.83023;
4.13332;
2.45398;
4.39399;
6.07108;
4.68183;
3.49163;
3.10604;
5.59622;
4.3054;
4.21455;
4.64897;
3.04923;
4.03019;
3.1548;
5.84516;
3.146;
5.14277;
3.77317;
3.46831;
3.78057;
4.959;
5.13534;
5.19762;
5.31728;
3.47592;
3.6804;
7.59498;
4.42662;
2.89131;
4.60209;
4.38026;
6.55326;
2.89318;
4.6021;
4.45161;
5.32426;
3.48379;
5.99266;
4.18603;
3.29364;
6.92225;
4.94392;
4.84874;
4.34043;
5.88369;
4.70001;
5.56299;
5.01806;
5.49888;
6.02995;
3.52683;
6.85605;
2.64068;
4.62567;
3.28434;
4.55898;
4.80993;
7.88094;
9.37236;
4.61604;
3.72287;
5.80063;
4.9088;
4.04868;
3.59616;
8.18003;
6.83882;
3.22161;
4.04745;
3.245;
3.26575;
5.019;
4.2591;
9.46355;
4.69065;
1.98187;
3.52711;
4.53855;
6.29595;
3.98479;
6.63238;
6.39493;
5.41165;
4.36271;
6.48043;
3.92045;
3.93953;
5.06472;
4.39734;
3.44364;
3.50902;
4.4501;
6.01608;
5.46368;
6.04648;
4.26009;
4.01871;
6.4225;
3.10893;
2.91878;
3.36087;
6.73948;
2.23998;
2.92028;
2.9941;
6.17833;
4.36894;
3.17398;
5.28422;
5.11616;
5.9039;
4.74139;
4.40778;
1.98187;
1.8781;
2.94873;
3.73519;
3.4001;
5.71134;
3.27739;
2.23397;
2.85606;
8.72103;
3.1273;
2.94502;
5.70286;
5.13102;
3.90514;
3.67292;
5.99791;
4.41036;
1.76245;
3.30355;
3.02921;
3.8341;
2.40161;
1.79991;
4.68247;
4.20842;
6.90581;
9.11771;
2.82735;
3.00531;
4.07471;
4.90662;
2.71286;
4.82884;
9.09117;
6.16758;
4.8682;
5.34303;
5.9329;
3.43332;
3.79358;
6.5957;
3.41917;
5.07588;
4.25569;
3.1447;
4.01542;
3.86947;
4.20252;
2.39666;
8.23786;
3.16313;
3.39863;
4.31468;
4.97905;
6.06048;
4.25483;
7.12584;
2.72875;
2.31906;
4.25171;
3.38891;
6.72962;
6.61982;
9.20085;
3.9978;
7.12483;
8.25302;
3.11262;
3.66487;
5.50569;
3.53577;
3.17136;
3.25039;
4.16417;
4.5156;
5.81046;
5.08136;
4.46947;
3.94365;
4.21149;
6.10836;
5.56349;
2.33768;
5.15435;
3.65887;
3.83837;
3.96047;
4.08669;
7.32465;
6.64409;
4.29677;
2.97751;
5.96875;
3.69533;
3.02619;
2.64426;
5.57852;
3.22648;
5.42581;
5.56553;
4.75522;
4.68572;
4.50514;
5.12259;
5.25561;
2.50751;
2.01577;
3.06746;
3.02936;
4.78273;
3.47266;
4.44703;
4.64964;
3.91132;
4.60107;
3.84851;
2.67697;
4.85067;
2.11966;
1.84289;
3.82106;
3.35555;
5.57263;
5.07065;
5.94217;
5.77665;
3.56944;
3.89839;
4.62426;
4.94855;
5.9565;
3.19262;
3.70542;
8.38195;
