8.71348;
11.5468;
10.813;
10.9796;
9.13307;
16.6326;
17.2859;
10.719;
9.66948;
9.8049;
10.7133;
11.6562;
16.5402;
10.732;
8.84781;
10.1528;
9.52276;
10.5812;
10.9016;
10.0965;
16.2807;
10.296;
10.2103;
17.4625;
11.4844;
10.8556;
10.4583;
11.2618;
8.55655;
10.665;
10.1522;
10.5966;
10.4753;
17.607;
10.2063;
11.7492;
9.99535;
11.2018;
9.2495;
9.72292;
9.00343;
10.7314;
15.5229;
10.9308;
16.9681;
19.5477;
18.2104;
10.4383;
9.77208;
9.64591;
10.4813;
8.2872;
17.2766;
8.98869;
10.793;
9.85482;
9.90722;
8.47974;
9.81648;
10.1523;
16.0894;
10.0532;
9.74674;
10.0318;
11.2979;
8.8113;
17.9937;
17.0934;
16.9532;
8.81815;
9.44658;
8.66527;
10.2487;
8.96517;
9.1848;
10.2308;
8.22644;
9.30341;
9.01688;
9.15051;
10.5595;
10.1328;
10.2961;
9.06877;
9.12889;
10.814;
10.3461;
17.057;
11.0102;
18.2034;
10.8257;
8.98628;
17.2477;
10.3371;
10.1018;
10.7262;
10.9942;
8.67769;
11.4385;
10.5532;
10.7959;
17.6751;
9.60441;
16.1218;
16.137;
16.7111;
10.2083;
8.79502;
8.79582;
9.00919;
17.5801;
9.99561;
15.7467;
15.2583;
18.1263;
11.3867;
10.3007;
9.05832;
10.0795;
9.71237;
16.9478;
17.1354;
10.0763;
8.00023;
9.15974;
10.2188;
9.61582;
9.78514;
9.45953;
9.04;
9.40221;
10.1509;
10.6428;
9.30015;
10.813;
10.2362;
9.85349;
9.56364;
9.58209;
15.8492;
10.2295;
8.99106;
9.49452;
16.0158;
9.2025;
10.5748;
10.5174;
8.96819;
8.68319;
9.86897;
16.1956;
10.8218;
16.8772;
9.45355;
10.4696;
10.4084;
9.28628;
8.53527;
14.5828;
8.8551;
9.74589;
10.8323;
9.54413;
9.74694;
10.0747;
9.4681;
8.94408;
16.419;
8.58283;
16.5422;
14.3761;
9.66941;
9.48285;
9.67474;
7.91417;
8.17447;
9.1851;
7.96188;
10.2822;
10.6747;
16.5563;
15.0132;
10.1523;
9.53223;
9.7449;
9.86385;
9.39308;
14.9948;
7.42968;
10.3763;
8.40894;
9.51595;
9.67199;
10.1659;
8.93161;
14.9015;
9.60757;
9.82839;
9.50802;
9.54499;
8.37618;
8.57193;
9.97464;
8.75106;
15.5549;
8.21065;
8.49058;
8.78429;
8.95564;
7.55683;
10.6954;
10.1172;
8.11118;
8.63968;
15.6206;
13.5639;
8.55234;
10.8014;
8.68084;
9.08561;
10.033;
10.2936;
8.49803;
15.19;
9.08284;
9.37245;
8.97525;
10.9454;
10.0241;
8.7994;
9.02267;
8.7735;
10.0989;
9.69163;
14.2537;
12.2217;
8.42726;
8.53216;
10.1549;
16.6258;
15.3724;
15.5799;
9.68075;
13.8768;
14.3061;
9.91426;
15.8282;
14.9158;
8.93809;
9.77598;
10.3476;
9.15579;
16.6937;
9.87257;
7.11126;
9.28723;
9.99546;
9.66104;
10.1018;
14.3305;
9.49974;
14.7632;
9.9119;
10.2064;
12.7325;
9.21076;
9.33319;
9.54602;
9.48654;
9.18012;
15.8098;
8.79937;
9.11432;
9.33494;
9.71962;
15.8813;
9.58447;
9.61339;
7.65526;
8.44088;
8.83953;
14.8003;
9.08782;
14.6034;
16.7412;
15.7801;
10.6911;
9.74718;
10.1547;
10.4271;
9.18496;
9.49108;
8.66919;
9.22928;
9.01138;
16.6525;
15.7868;
10.059;
9.83072;
9.01252;
9.1862;
10.0457;
10.0925;
9.08728;
9.05885;
9.49553;
8.32587;
11.0557;
7.55532;
8.84406;
8.82394;
11.0017;
8.76623;
8.06553;
10.431;
10.6295;
9.08246;
8.83765;
8.09954;
8.15741;
8.6541;
10.6599;
8.66426;
8.84686;
10.1516;
10.1709;
9.0735;
14.8991;
9.31156;
14.9963;
8.62144;
16.1573;
9.59549;
15.5754;
7.05895;
9.11252;
7.38304;
9.31283;
9.06547;
8.98463;
9.76983;
9.87713;
12.5228;
10.3826;
10.2156;
8.13106;
9.09281;
10.1669;
8.84654;
9.93637;
9.64205;
9.17039;
8.21245;
14.4373;
8.96099;
6.64496;
6.84005;
8.86678;
11.1722;
8.78846;
9.03989;
8.49772;
9.98282;
8.68337;
7.5263;
7.32696;
9.92428;
9.31644;
8.39757;
9.32924;
8.72442;
8.1917;
8.12436;
7.61259;
8.32154;
8.4957;
8.31421;
8.44095;
10.3118;
6.78477;
9.42771;
8.64167;
8.56224;
14.4474;
14.4618;
9.81681;
9.43485;
10.5054;
11.5092;
8.52486;
9.08271;
8.5941;
9.21804;
7.00264;
8.84815;
8.88159;
8.50084;
14.7514;
6.31298;
13.0821;
8.57274;
9.40707;
9.77005;
8.62078;
8.07006;
8.93299;
7.09604;
8.60683;
7.62487;
13.1661;
7.71841;
8.69964;
8.90223;
9.35126;
9.54051;
8.73063;
6.48469;
8.16476;
8.57837;
13.9611;
8.81341;
9.72181;
8.23469;
8.48952;
8.85288;
10.0624;
9.28866;
8.36581;
9.73665;
9.62428;
14.4355;
7.68533;
10.1732;
9.02604;
8.40957;
9.03658;
9.97564;
9.17489;
9.51324;
14.8847;
8.22454;
9.14914;
9.02326;
8.47652;
6.91417;
9.10281;
8.03981;
14.66;
8.84852;
7.3182;
9.78555;
9.32829;
8.22285;
9.24269;
10.0408;
16.0962;
14.3518;
8.07384;
8.97056;
9.32521;
7.73225;
9.11088;
14.1505;
13.7696;
12.6901;
7.94027;
14.3092;
7.94136;
8.20422;
8.97859;
7.29007;
7.99002;
9.03818;
7.05262;
9.11032;
14.5334;
15.9132;
9.11186;
8.49961;
7.08051;
8.4387;
9.2667;
8.22383;
6.26438;
7.65324;
8.47041;
13.4431;
9.11454;
14.3984;
13.625;
9.65298;
8.47795;
7.78;
8.1761;
14.0734;
8.72148;
14.4129;
13.2481;
8.07292;
13.5757;
7.36731;
13.1021;
9.37046;
9.33523;
9.28011;
7.28384;
9.76091;
8.69724;
9.81829;
9.37484;
7.94359;
8.91084;
8.61484;
8.1289;
7.5816;
8.05062;
8.14923;
13.2314;
14.1856;
8.41579;
8.01907;
7.36074;
14.6748;
9.80537;
14.8169;
13.2189;
14.9363;
8.62715;
8.05305;
7.41144;
6.69417;
13.9851;
7.93151;
14.344;
15.629;
8.65903;
9.54239;
7.72831;
7.43283;
9.22546;
9.78936;
7.42785;
7.56322;
7.87249;
8.27336;
7.45927;
10.2152;
8.94615;
8.73846;
8.10281;
7.90147;
8.19477;
8.12321;
8.96552;
6.33705;
7.50444;
9.35859;
7.82521;
7.58319;
6.67862;
7.64236;
10.7624;
7.73278;
9.50734;
14.4675;
8.5915;
13.9433;
12.7211;
10.2939;
7.92138;
7.41621;
7.9577;
13.0198;
12.8815;
9.01208;
7.79547;
8.4515;
9.92403;
7.46542;
7.70462;
13.2996;
8.77904;
9.29328;
6.68628;
9.55669;
8.15825;
7.98676;
8.06944;
8.30495;
7.27046;
9.55177;
9.79588;
7.90872;
14.3035;
12.3365;
8.09603;
7.86061;
14.9971;
9.90048;
8.24404;
7.72443;
8.61659;
11.1876;
13.5361;
7.47554;
7.5864;
12.8548;
9.14526;
10.0192;
12.379;
13.3057;
7.96141;
7.32672;
10.2688;
6.9361;
7.44706;
6.94171;
6.72472;
9.69597;
7.93829;
7.79971;
8.75018;
8.00035;
7.29064;
6.92723;
8.7427;
7.72507;
9.67292;
6.24444;
8.89766;
6.13597;
8.27276;
7.9951;
6.50237;
7.61697;
7.13694;
10.4547;
7.30171;
8.64882;
8.48166;
7.12046;
7.29221;
6.59589;
9.03079;
7.83544;
7.82969;
8.73379;
7.93323;
13.1401;
6.76171;
14.7408;
7.48626;
7.53483;
14.3258;
7.53933;
13.7039;
8.74004;
13.4281;
15.0716;
7.66189;
8.67453;
7.45772;
7.5477;
7.70927;
9.23375;
8.30661;
8.99931;
6.77442;
8.5366;
6.13359;
8.75205;
8.35471;
5.36529;
13.2255;
7.65823;
8.34987;
13.3004;
8.25723;
8.32662;
6.54296;
8.4461;
8.18868;
7.8335;
7.56668;
9.97058;
6.81924;
8.69801;
7.95517;
9.59643;
9.62457;
5.7668;
6.46422;
8.09609;
12.0087;
7.22741;
8.472;
8.50303;
9.25001;
9.21784;
8.32696;
8.46913;
6.59523;
8.13614;
7.27847;
7.97511;
10.7992;
12.9699;
12.7539;
8.84226;
7.22935;
9.11539;
8.23569;
6.56502;
8.29152;
12.0365;
7.06549;
7.55486;
11.8436;
9.06498;
12.9652;
7.88917;
14.3541;
7.75369;
8.39607;
6.92108;
12.7304;
7.54221;
8.11823;
7.4054;
8.29736;
7.84013;
7.56267;
6.93465;
12.7843;
8.3768;
8.67128;
5.95842;
8.30282;
7.0564;
6.22616;
7.01265;
8.53504;
8.33644;
6.69706;
7.4251;
7.76804;
7.6149;
8.9624;
7.75353;
11.1319;
7.88345;
7.20611;
12.5753;
8.77392;
8.13227;
10.4371;
11.1765;
8.47171;
11.958;
9.45887;
8.25793;
7.23712;
9.57965;
6.6087;
8.79333;
7.93446;
7.6589;
8.22507;
8.29819;
5.60857;
9.30396;
6.39216;
8.98124;
6.98281;
9.10574;
9.3895;
6.50789;
6.78675;
9.20047;
6.49428;
6.53185;
7.12458;
13.2214;
7.7538;
8.46082;
7.94272;
7.3829;
7.63062;
12.9266;
6.21323;
6.58825;
6.36223;
14.5173;
7.18225;
7.95285;
7.42991;
6.23385;
9.51803;
12.3163;
7.60984;
5.18793;
7.41937;
8.65915;
6.78166;
7.97543;
9.17596;
12.23;
7.05178;
5.88022;
6.79526;
12.6349;
7.37611;
13.8186;
13.662;
12.7424;
7.55868;
8.0403;
12.7543;
10.1985;
8.00168;
6.97229;
11.7466;
13.7558;
8.26774;
7.23115;
7.62612;
8.92706;
7.55967;
7.42514;
12.2314;
7.1232;
7.05365;
7.94934;
7.42244;
11.4731;
8.91878;
11.5036;
7.37521;
6.40429;
7.41173;
6.69276;
6.82255;
7.33614;
7.93426;
12.2128;
10.9012;
5.51734;
6.26559;
7.41748;
7.41133;
6.52469;
7.50111;
7.46444;
7.88844;
5.89372;
6.68123;
8.44931;
6.8501;
7.16738;
10.3699;
6.44648;
7.78349;
6.61399;
6.73046;
6.28574;
7.61254;
6.79767;
7.57563;
7.53379;
9.04656;
7.68205;
6.74153;
7.51719;
8.78986;
6.12522;
6.93658;
7.61191;
5.35197;
8.36296;
8.62719;
8.74223;
12.4489;
11.7653;
7.67936;
13.3916;
5.84715;
7.64114;
8.36888;
7.64843;
7.47643;
7.20088;
7.70564;
7.54385;
6.32879;
6.64976;
6.9556;
6.6097;
8.2604;
13.2314;
11.7949;
5.49766;
12.4072;
6.95202;
8.48986;
7.38189;
5.62235;
6.03042;
6.60155;
7.01795;
5.79343;
12.6875;
12.8978;
11.2955;
12.6179;
8.35551;
7.40545;
8.58895;
7.85254;
6.21581;
7.96369;
6.08964;
6.78743;
7.80269;
8.03063;
9.44931;
8.63634;
5.72934;
7.10895;
8.37991;
7.03312;
6.06111;
6.44995;
13.0583;
7.24486;
9.06574;
7.06118;
7.7497;
8.31652;
7.81947;
6.84344;
6.86541;
6.92888;
7.23148;
8.25892;
7.16453;
6.69116;
10.327;
6.23019;
8.34473;
6.77596;
8.01838;
5.51556;
6.52049;
7.37938;
6.51577;
8.34044;
6.30759;
7.73825;
5.70432;
5.5842;
6.60466;
7.61065;
6.31037;
7.20629;
8.22145;
5.45222;
8.69301;
6.3744;
7.81236;
7.61484;
6.34284;
9.7141;
6.61209;
6.8589;
7.24205;
6.97519;
6.25002;
7.12536;
8.34723;
7.12302;
6.7765;
6.43187;
6.38833;
7.16083;
6.67824;
6.9741;
8.6779;
5.67543;
8.98643;
5.963;
12.2486;
6.79625;
8.44258;
5.76195;
8.18914;
7.14074;
9.87454;
8.24112;
6.59638;
8.45482;
7.42507;
7.30103;
7.68105;
6.71479;
7.11059;
6.7054;
8.72661;
5.98661;
5.77706;
6.0262;
6.46849;
5.9138;
9.54436;
6.11832;
7.4954;
7.26172;
7.1587;
6.85839;
6.27592;
7.62307;
7.21166;
7.78114;
7.79324;
10.8517;
5.72611;
7.62408;
9.93949;
11.3634;
6.9505;
6.92495;
8.26754;
6.60291;
12.3262;
11.4022;
9.6726;
6.05973;
6.97128;
7.7249;
11.7191;
10.8663;
7.49646;
10.9113;
6.8429;
6.61251;
7.22564;
5.34433;
7.06545;
7.91811;
7.43118;
6.77278;
5.63829;
5.61292;
7.44363;
7.79357;
9.52509;
7.88578;
5.63608;
7.1455;
6.23133;
6.72609;
9.85223;
5.62488;
7.84331;
11.1291;
4.87724;
5.49146;
5.28065;
6.08249;
6.76293;
6.73204;
6.19473;
6.19172;
6.89626;
6.92159;
5.19733;
7.47784;
8.47583;
7.30218;
10.2611;
6.12768;
6.6242;
10.1428;
11.3351;
10.5348;
7.34373;
9.87927;
12.3118;
4.43733;
6.44377;
6.69548;
6.7149;
6.21933;
6.58856;
6.19192;
7.87132;
10.4818;
9.27936;
8.53265;
8.35473;
5.48622;
8.66348;
6.93704;
6.87663;
6.48723;
6.67245;
5.26133;
6.56826;
6.81229;
4.55142;
4.53091;
7.2244;
5.98645;
7.78906;
7.58319;
6.61033;
6.4435;
5.68577;
11.8318;
9.49934;
7.3974;
6.56595;
10.0628;
5.25428;
4.36706;
11.2537;
11.2706;
12.1237;
5.93628;
5.67288;
6.32786;
11.1792;
10.9319;
7.68374;
8.03913;
5.69248;
6.4743;
6.2164;
4.41333;
7.89686;
5.2262;
7.84965;
6.27226;
5.9963;
5.74633;
6.69476;
7.70827;
10.9079;
4.49556;
6.52782;
11.2197;
6.26249;
6.80744;
6.69248;
5.87579;
6.80379;
7.40301;
10.6655;
7.96357;
3.69078;
6.73441;
6.37791;
4.56485;
5.93502;
5.86306;
5.85031;
6.26648;
4.5135;
11.6339;
8.5773;
5.15005;
6.86493;
10.4973;
6.36348;
6.89865;
5.8445;
7.0373;
4.49073;
9.0661;
11.5397;
5.34717;
7.92143;
9.67433;
5.72313;
4.02962;
6.64566;
10.6305;
9.89773;
10.0638;
7.00517;
10.2875;
7.89301;
7.88373;
7.76496;
11.55;
7.99787;
6.51837;
5.37055;
6.08522;
5.84027;
5.29926;
6.16157;
10.4759;
10.4478;
4.0336;
7.618;
6.57715;
6.12393;
10.1806;
6.86154;
10.4138;
8.4301;
4.90429;
5.66915;
5.15058;
6.54853;
5.42171;
11.0782;
9.83076;
7.69688;
6.47575;
6.04554;
5.69424;
5.61497;
10.1526;
4.762;
8.52077;
4.8439;
10.7918;
5.39409;
11.2224;
5.96587;
6.93812;
4.34862;
11.0923;
8.5474;
11.5328;
6.4108;
10.5612;
5.62163;
8.13087;
5.18371;
6.66897;
6.12423;
10.1189;
10.8562;
11.463;
5.52381;
10.1164;
11.6126;
11.75;
7.1944;
6.63134;
8.02852;
6.11114;
6.6914;
8.59579;
6.53195;
6.1607;
4.06726;
8.50865;
6.13813;
7.09956;
5.82708;
7.07017;
7.38451;
7.84398;
4.65715;
5.98216;
6.09591;
5.12281;
10.3379;
11.2756;
5.32561;
11.1276;
8.41361;
4.70028;
11.5098;
6.63059;
10.2154;
10.5671;
10.9935;
11.4817;
6.6337;
10.1787;
6.50019;
6.51806;
6.07158;
6.1455;
6.56452;
6.03655;
11.6632;
8.90461;
5.5415;
7.98641;
6.6177;
8.61636;
5.4969;
8.12265;
6.73102;
6.94559;
5.84843;
9.31395;
7.49095;
11.0534;
6.81607;
4.26689;
5.38611;
5.0385;
6.68966;
5.03031;
9.72203;
8.12332;
10.29;
9.71941;
7.29801;
8.5234;
6.23748;
6.49636;
7.75193;
10.4086;
8.07451;
5.68439;
10.8014;
5.08198;
10.4055;
7.54281;
8.2303;
9.63144;
10.5481;
5.7209;
11.2311;
6.35077;
6.36551;
8.68806;
5.90579;
4.7501;
6.20672;
6.67813;
5.32638;
6.17797;
5.02958;
7.55257;
5.81417;
3.94527;
5.46718;
4.17876;
6.81287;
6.02906;
7.92764;
5.03205;
5.87602;
7.3758;
7.68712;
5.82271;
6.37136;
6.47763;
7.23787;
7.34275;
5.22172;
8.37357;
5.05479;
11.2849;
5.7018;
10.2476;
6.91122;
8.26996;
6.35847;
11.3503;
5.86153;
9.99034;
6.93549;
7.67307;
8.08031;
4.67742;
5.13679;
6.79485;
6.30247;
6.95845;
7.71468;
5.20204;
4.26875;
6.68139;
5.7515;
5.14265;
6.03742;
3.98403;
5.25028;
5.72967;
5.23038;
4.74119;
7.1926;
5.77483;
5.74166;
10.5081;
4.92188;
10.9673;
8.48853;
8.24679;
10.3461;
4.40147;
7.60061;
4.7732;
4.67001;
6.86718;
5.02938;
4.60919;
6.05905;
5.73142;
6.2497;
5.61311;
5.42341;
6.46679;
6.26355;
6.55956;
4.58331;
6.74422;
8.76207;
4.08816;
6.10385;
6.13343;
6.83408;
5.67128;
5.29473;
6.07442;
5.5671;
6.76925;
5.61451;
3.66113;
5.72374;
4.46059;
5.19154;
5.09495;
4.69236;
5.28078;
6.52471;
5.55359;
4.69411;
5.00215;
6.76014;
5.27248;
4.43593;
6.93222;
9.72827;
5.79352;
4.95691;
4.4923;
7.5226;
6.13072;
6.93897;
5.91928;
8.85124;
5.27706;
8.75764;
6.42135;
6.80473;
5.95259;
5.37801;
8.8093;
6.4458;
9.62428;
9.13772;
9.66113;
7.42562;
6.18876;
5.29758;
5.64867;
4.21461;
4.29723;
9.65211;
11.0063;
6.56997;
9.51777;
3.91285;
9.21188;
10.6788;
5.13099;
3.8273;
6.22949;
6.7742;
5.76158;
4.68543;
6.5151;
5.78014;
7.35995;
5.53442;
5.53386;
10.6658;
4.93424;
7.7343;
9.94074;
5.3964;
5.6935;
7.02999;
7.1209;
10.6509;
9.75289;
4.53332;
4.45284;
6.86507;
10.8509;
4.63466;
9.00599;
4.05305;
5.27921;
5.8501;
9.70995;
10.775;
8.94539;
8.0438;
5.33759;
5.10341;
7.16014;
6.66983;
6.99637;
9.19213;
7.69425;
6.97686;
6.25413;
9.81299;
6.32566;
8.64921;
6.76457;
9.03147;
3.88829;
10.2564;
4.85569;
5.9091;
5.97343;
9.49042;
6.94982;
6.39303;
5.55933;
7.66697;
6.08835;
5.73929;
6.87206;
7.11113;
5.2791;
10.0154;
9.48595;
5.58541;
6.38395;
4.2369;
6.14106;
11.1131;
4.96394;
7.66376;
6.67076;
6.16123;
6.07733;
9.36415;
4.99787;
9.44165;
10.3435;
7.43976;
5.80926;
9.44536;
8.88481;
5.00214;
6.28482;
4.71242;
5.35622;
3.46581;
10.9948;
9.35742;
8.56697;
9.23489;
8.64871;
5.31848;
9.38724;
8.467;
7.14949;
5.44756;
6.30284;
3.65773;
9.00314;
5.24815;
10.5535;
6.09794;
7.7709;
4.18813;
6.92866;
5.19467;
6.20037;
6.37802;
6.50144;
5.96508;
10.1979;
9.06994;
4.47708;
4.82923;
6.79409;
6.13762;
6.52843;
6.19918;
7.23383;
8.87487;
9.68602;
6.54298;
8.78231;
9.30817;
6.04294;
6.71603;
4.0977;
7.714;
9.87624;
6.67589;
9.31187;
5.13574;
10.7347;
7.16005;
5.52452;
7.76397;
4.02717;
5.74031;
5.50193;
5.29929;
5.19847;
6.19169;
6.73988;
5.29338;
9.51835;
6.58294;
5.98489;
6.3908;
6.45115;
5.96084;
9.81558;
8.27362;
5.55794;
5.53458;
7.03576;
8.22975;
8.33986;
8.94356;
9.57904;
10.0967;
8.82886;
9.43207;
5.62742;
6.41265;
9.64479;
9.35988;
8.84071;
7.33341;
6.37768;
5.65555;
7.08751;
6.17904;
6.34222;
5.58258;
10.4454;
9.1465;
6.88366;
8.92973;
6.03662;
9.14641;
6.42499;
9.80812;
9.77687;
7.89379;
9.60359;
6.55457;
5.39237;
5.88479;
6.21806;
5.68384;
6.47124;
7.1848;
4.60314;
6.05184;
5.10472;
6.92559;
5.29701;
3.61852;
10.4604;
6.92674;
8.76441;
5.32654;
4.80046;
5.68112;
5.62981;
3.68701;
4.80436;
8.00329;
3.74021;
4.6498;
4.6031;
7.56954;
5.75981;
4.64721;
4.46649;
6.56381;
6.67716;
6.43466;
6.76655;
6.37273;
7.42301;
5.20013;
5.56656;
6.12732;
6.3748;
4.57495;
5.66822;
5.95975;
5.68264;
8.08348;
4.9814;
4.24558;
6.48958;
8.17021;
7.53672;
6.40825;
4.21121;
5.59485;
6.11709;
3.7441;
7.17974;
5.03845;
7.40177;
4.60235;
4.31571;
4.5975;
5.52167;
6.23521;
5.74587;
6.00417;
5.96435;
4.23312;
5.81277;
6.27519;
6.60541;
6.38028;
6.35826;
6.82529;
10.2869;
9.63125;
8.92688;
8.61806;
7.72754;
9.93058;
8.93407;
8.37246;
4.76258;
9.72625;
10.7823;
4.68644;
8.90784;
9.07113;
4.56988;
8.66801;
9.44189;
8.76391;
7.3759;
6.56875;
4.05434;
8.69993;
4.46703;
6.753;
5.48095;
8.65704;
8.85934;
9.85522;
7.70511;
5.99628;
9.07588;
9.04843;
6.67651;
7.63864;
5.58839;
9.14501;
8.62328;
6.6959;
5.46485;
9.05793;
7.43369;
4.77014;
5.56932;
7.45858;
5.46718;
4.95815;
6.62799;
4.92156;
7.86479;
5.94308;
5.20185;
4.59125;
5.44427;
5.26372;
5.53882;
6.3465;
5.44182;
3.88367;
9.80656;
6.62147;
7.31898;
5.09289;
5.28447;
5.31825;
5.36807;
4.44037;
4.21864;
9.98126;
6.4646;
9.58255;
5.11118;
6.22509;
4.607;
9.51818;
5.16618;
8.4731;
7.42389;
7.0242;
9.0117;
4.51515;
5.54453;
8.67997;
5.40927;
5.29619;
3.21269;
8.83967;
3.85283;
7.5679;
5.61445;
5.84324;
9.27469;
6.01706;
3.09545;
7.64407;
6.34758;
7.73796;
5.51823;
7.48331;
6.63806;
9.1886;
8.5741;
8.83795;
8.87313;
6.98882;
8.49579;
7.59668;
6.82442;
5.73934;
9.3694;
5.77859;
5.06489;
8.90766;
8.49557;
8.40321;
7.17653;
5.20075;
6.21519;
5.04861;
9.52068;
5.20875;
8.62138;
7.09987;
5.42327;
6.31972;
6.1498;
8.61374;
9.45544;
7.66138;
6.23265;
5.16888;
7.19729;
9.43926;
6.53379;
9.1534;
4.0358;
8.38105;
5.44093;
4.20059;
5.80659;
5.46829;
7.66862;
6.65792;
10.4159;
8.88363;
6.64672;
5.09708;
7.19599;
6.42496;
6.10563;
5.99189;
6.25184;
5.34418;
4.42955;
3.07391;
4.27817;
8.19581;
7.26344;
6.779;
6.80397;
9.52196;
8.71626;
7.49088;
7.76667;
6.18257;
9.18127;
5.16701;
9.61765;
7.96404;
6.68713;
7.96807;
8.5466;
9.79271;
8.68938;
7.53977;
6.00866;
4.85588;
8.73957;
8.71556;
8.23702;
6.36839;
8.86549;
5.38239;
6.60077;
5.07981;
6.78962;
3.37058;
6.65465;
5.65716;
4.61001;
4.78437;
8.81144;
9.1073;
7.87365;
8.88806;
9.33329;
4.68776;
7.37547;
6.89005;
8.54601;
6.35452;
8.69186;
8.79296;
8.65955;
6.61575;
5.8579;
8.88906;
6.10703;
9.22658;
8.48572;
5.41042;
6.82832;
6.3629;
5.51259;
8.30302;
4.77186;
6.80119;
5.67324;
7.69694;
6.56389;
6.46632;
7.59542;
7.00674;
7.04354;
5.73807;
6.22919;
5.33446;
6.57852;
5.70494;
7.09864;
5.3586;
8.17836;
7.20076;
8.42857;
5.14313;
7.09095;
8.52735;
7.13549;
8.36766;
5.91998;
9.6978;
8.74291;
4.88825;
7.94883;
9.18812;
9.89395;
3.92537;
6.09086;
5.41016;
6.29245;
5.12357;
7.34785;
9.60407;
6.87424;
5.46342;
7.31823;
6.84968;
6.8918;
5.45817;
6.00302;
6.27121;
6.55006;
5.44846;
6.49336;
6.43137;
5.0023;
4.97126;
4.40453;
7.30782;
6.31791;
6.31962;
6.2324;
6.43558;
5.94156;
6.29942;
5.45408;
9.11211;
6.45878;
3.14988;
4.45855;
5.75214;
6.90795;
6.01694;
7.21534;
3.95687;
6.01629;
8.10667;
10.0145;
4.52528;
7.93072;
9.01995;
7.98817;
7.50061;
5.79855;
9.08152;
8.92015;
8.15739;
7.2154;
8.75739;
7.19094;
7.55816;
8.7783;
7.70133;
4.0997;
7.24635;
8.55734;
6.89291;
9.3142;
5.91963;
5.28527;
7.96591;
5.43325;
6.10675;
5.64252;
8.89849;
6.23714;
7.6493;
6.06707;
8.44149;
8.64408;
4.40684;
6.98167;
8.3358;
5.59071;
8.19713;
8.64783;
6.49252;
4.08357;
8.08397;
7.67661;
8.05169;
5.34466;
7.44401;
4.46325;
4.69219;
6.87017;
5.84891;
5.62905;
4.65429;
4.73338;
4.93693;
7.55281;
5.53549;
9.38109;
5.44519;
7.94458;
5.6991;
7.41996;
7.53482;
8.54745;
6.24963;
6.00875;
5.13687;
5.99805;
8.44991;
7.69198;
7.48408;
5.54256;
5.27161;
8.809;
2.96402;
8.96653;
8.05708;
7.45959;
4.9516;
5.06723;
7.07899;
4.09841;
8.73447;
6.13743;
5.66131;
5.29482;
8.1909;
4.58093;
5.90483;
6.01453;
8.63312;
8.39076;
6.17298;
5.64942;
5.71916;
5.77679;
6.84884;
6.82044;
5.72618;
6.94578;
6.31418;
6.68788;
4.73696;
3.98975;
4.52092;
8.69582;
5.06621;
9.12169;
9.3946;
7.03684;
5.54755;
6.45371;
6.88502;
9.12347;
8.10764;
8.78139;
7.75257;
6.93574;
7.53248;
7.78099;
8.21817;
4.46078;
6.72659;
6.30975;
7.05778;
6.08952;
5.51805;
6.1339;
5.72877;
5.22913;
6.22961;
5.56262;
9.49702;
4.00877;
8.69473;
8.41713;
4.67828;
4.40078;
4.56781;
4.1262;
8.00635;
5.12954;
5.68411;
3.18177;
5.97241;
6.36847;
7.87302;
6.23093;
5.79724;
8.73283;
4.47132;
7.56711;
4.42771;
5.69323;
8.42972;
5.41027;
7.52646;
5.16983;
7.27986;
5.55871;
4.05706;
6.7863;
5.76748;
5.17049;
5.27289;
5.44819;
8.60523;
5.57382;
8.54075;
5.60913;
7.46399;
9.12739;
7.49746;
4.13935;
5.35354;
4.63106;
3.05259;
5.28246;
6.85178;
5.56052;
6.92903;
8.2003;
4.70318;
8.22513;
7.3293;
8.4243;
9.09194;
4.48485;
5.27252;
4.94108;
6.09528;
8.03537;
7.5971;
5.0769;
7.86547;
6.14526;
6.39548;
4.93811;
5.12024;
7.13399;
8.50851;
6.07272;
6.03595;
8.00619;
5.12481;
8.16509;
6.75156;
7.59922;
6.2668;
6.31406;
3.86087;
6.54661;
5.32104;
7.88723;
3.75729;
6.25719;
5.25793;
8.06153;
7.07729;
2.66999;
6.36013;
6.92822;
5.96835;
7.60739;
5.92893;
6.84194;
3.66503;
7.98162;
5.16848;
3.76094;
4.37233;
9.15098;
6.28065;
7.08838;
6.54665;
5.25148;
4.04179;
6.29222;
5.62348;
9.30941;
6.37775;
7.56112;
3.52331;
6.44693;
7.12405;
4.12686;
7.77611;
8.35592;
6.12196;
7.7314;
8.25823;
5.48668;
6.24152;
8.01918;
3.49728;
8.17243;
7.23927;
8.44558;
7.13944;
6.89116;
7.8786;
8.4856;
8.101;
7.95419;
8.17822;
8.1003;
7.12045;
4.70574;
4.04423;
8.96628;
5.60605;
4.25066;
9.4982;
7.26182;
7.6955;
6.53126;
4.86147;
3.73158;
6.02716;
8.66284;
6.65837;
9.04156;
8.23244;
6.03057;
6.27962;
7.77131;
8.55874;
8.00701;
7.87949;
5.49776;
8.93959;
5.54889;
6.99404;
7.23045;
6.49901;
3.44062;
8.66297;
7.70302;
6.69889;
5.58855;
5.42295;
4.21729;
6.0628;
6.61266;
7.5973;
8.63532;
5.52507;
5.5532;
6.26835;
4.53729;
7.3913;
8.31378;
6.30154;
3.71581;
8.259;
3.32513;
5.39869;
5.59315;
7.60306;
5.28639;
5.8782;
4.1169;
5.14913;
6.38686;
8.25709;
6.11505;
7.78147;
7.01326;
4.81571;
5.5151;
4.75433;
4.81228;
5.91364;
5.16802;
4.33904;
6.63881;
5.67578;
6.58268;
5.32112;
5.16942;
5.39554;
7.18893;
5.45966;
7.40707;
8.47233;
7.20795;
7.84609;
6.99536;
9.03748;
7.22303;
6.46199;
7.97626;
3.98875;
4.14965;
7.5811;
8.18576;
7.33018;
7.51702;
5.47308;
8.81689;
7.49136;
8.21895;
4.50827;
6.79348;
6.44802;
7.30137;
4.87049;
8.0692;
5.28398;
5.35996;
5.93241;
7.49239;
6.44476;
4.65572;
3.51518;
4.60927;
7.30982;
6.20369;
7.82367;
7.86898;
8.28983;
7.45146;
7.02035;
5.49105;
5.40128;
5.58333;
5.06215;
5.7449;
6.64973;
8.50799;
6.0164;
7.68272;
8.38529;
3.21259;
4.55717;
5.61874;
7.74663;
3.40463;
7.60377;
4.92685;
5.96149;
8.12914;
6.69599;
4.87147;
6.68178;
7.63712;
7.29944;
4.63056;
5.19676;
4.9152;
8.684;
3.94538;
6.14327;
7.43889;
8.66176;
10.9722;
5.24471;
4.84952;
7.09417;
7.10207;
4.96286;
4.08526;
5.72606;
3.74641;
5.59862;
6.33813;
5.22805;
7.9116;
7.71982;
7.61485;
6.48708;
5.40189;
6.29145;
5.10056;
7.70194;
5.99418;
5.61111;
8.05804;
7.98553;
8.79069;
8.46863;
7.60496;
4.10413;
6.12976;
3.83468;
5.29759;
7.01311;
8.02402;
7.87899;
8.32754;
7.58825;
8.58421;
4.1971;
7.33754;
6.04768;
8.29278;
4.89458;
5.06915;
5.34414;
7.68356;
5.44638;
8.58991;
5.16637;
5.98389;
5.22546;
8.02297;
7.01667;
5.83236;
5.59482;
7.72085;
2.52403;
4.92205;
5.20459;
6.34216;
5.25095;
5.24874;
8.0426;
4.74602;
4.33138;
7.0275;
5.61596;
7.36134;
6.83196;
3.75103;
5.49065;
8.84493;
4.91096;
7.6393;
6.41246;
7.8961;
7.94727;
8.19398;
5.32985;
3.62755;
6.48203;
7.47406;
8.32449;
6.14678;
7.39961;
7.87593;
5.43368;
7.83738;
5.6711;
5.93392;
7.67628;
5.91552;
6.67137;
4.08093;
7.90567;
7.78835;
7.47662;
3.87111;
4.73396;
5.35084;
7.66246;
6.26782;
8.3512;
7.35855;
4.556;
6.61668;
6.70786;
8.45711;
5.19639;
5.53181;
5.29485;
6.2946;
7.7935;
8.1882;
5.9668;
7.29967;
7.55039;
7.54669;
7.6261;
5.02944;
4.10572;
7.90768;
8.0826;
5.72167;
5.2821;
6.36867;
6.00017;
3.96826;
7.15098;
7.36303;
6.91224;
6.60319;
4.36403;
5.74916;
4.30642;
3.07319;
8.10629;
7.67837;
4.67398;
4.23276;
7.27613;
7.4501;
4.21154;
7.63156;
5.67263;
7.69499;
7.31258;
8.69555;
4.29126;
7.0873;
5.90799;
8.45505;
7.81335;
7.66377;
5.93818;
6.59745;
6.43989;
7.51506;
4.3218;
7.58553;
7.80477;
8.20159;
8.51598;
6.64968;
8.22273;
5.36331;
8.6589;
3.20389;
6.27748;
7.00711;
8.01952;
8.25718;
7.47229;
6.79699;
7.00197;
3.73058;
7.76639;
8.37813;
4.92423;
8.00215;
7.37711;
4.85776;
7.83963;
7.04134;
7.42882;
8.06563;
7.5319;
8.3479;
5.44211;
6.05806;
6.56826;
6.39493;
11.001;
8.47626;
6.12788;
5.01031;
5.68677;
6.5137;
6.50729;
8.18042;
6.44773;
5.86245;
3.84957;
4.61288;
3.32527;
5.17256;
5.78859;
4.19723;
9.76961;
5.18639;
8.03363;
6.05695;
7.11301;
4.80552;
8.0044;
5.35466;
5.58928;
3.68036;
7.94152;
6.70629;
5.28734;
4.73461;
7.75733;
4.8725;
7.85831;
6.25443;
7.63878;
8.45255;
7.44196;
7.34029;
6.3175;
5.40717;
7.32528;
7.34616;
8.22968;
5.90009;
6.27234;
8.00394;
5.1688;
9.32368;
6.38799;
4.69267;
6.77315;
8.79517;
4.5877;
5.35498;
5.3223;
5.08176;
6.45247;
6.66917;
6.40195;
10.1083;
8.9974;
6.8145;
7.83086;
6.17484;
5.74514;
3.78101;
7.66355;
4.64235;
7.98409;
5.82513;
6.99706;
7.86714;
4.53135;
10.1974;
5.32793;
7.00905;
7.43156;
5.88799;
5.44062;
6.26366;
3.32511;
6.09458;
7.69314;
7.28117;
4.51338;
6.97243;
5.78925;
6.34624;
4.08466;
6.91558;
7.69383;
7.524;
5.56911;
6.39435;
7.69926;
4.59744;
7.42682;
6.7412;
7.27547;
4.72305;
7.3594;
6.36674;
7.97397;
5.69159;
4.97643;
8.06771;
5.28671;
6.88884;
6.30256;
6.45939;
5.08475;
6.27783;
7.48835;
4.96735;
6.21001;
6.9659;
7.40523;
7.15921;
5.42528;
5.17516;
3.26766;
6.74729;
5.50155;
5.8646;
7.25282;
6.55928;
3.99148;
4.40115;
7.5494;
7.36767;
7.54461;
3.99913;
7.44204;
8.04478;
6.76797;
7.58291;
6.09851;
8.07807;
7.2733;
6.35398;
7.34866;
6.76151;
5.35426;
6.17144;
6.01554;
6.96136;
8.0352;
7.47222;
4.22903;
6.35928;
6.4073;
4.67468;
6.02119;
6.32586;
4.82296;
6.82605;
4.44822;
5.93545;
6.00996;
6.83966;
6.55434;
3.11902;
7.63362;
5.30741;
5.1727;
8.00855;
4.99315;
6.51415;
6.15831;
7.26601;
4.00171;
4.44657;
6.40001;
7.77905;
8.41549;
5.49174;
5.21317;
7.06142;
5.54211;
8.39238;
4.33009;
5.563;
8.42046;
7.48647;
6.21461;
7.42463;
5.00933;
6.95018;
6.52045;
7.31729;
7.783;
6.13526;
5.44053;
6.17801;
7.57925;
6.82175;
7.27724;
7.67304;
5.46423;
4.94521;
6.92521;
5.49678;
5.57637;
7.30216;
6.00683;
7.29066;
8.09851;
5.45271;
6.33898;
6.70765;
7.58758;
7.83923;
7.97324;
4.8431;
7.93238;
5.86895;
7.06147;
7.5414;
5.90992;
7.8227;
7.2412;
8.12652;
7.28003;
8.43668;
6.81111;
5.77241;
7.6015;
5.35085;
7.47916;
5.37497;
7.84482;
5.63755;
7.42993;
8.19374;
7.23981;
5.07065;
7.83361;
5.42625;
3.77323;
8.45518;
2.40574;
7.33044;
5.29335;
7.53663;
7.76117;
4.12439;
4.67327;
6.3669;
7.51761;
5.41564;
7.76053;
8.36479;
7.54147;
6.76358;
3.65379;
7.83217;
6.80266;
7.82212;
7.69591;
4.33918;
7.98001;
5.27275;
7.83785;
5.16334;
5.0439;
7.82222;
7.14857;
7.91661;
7.9917;
8.15672;
6.6709;
5.51614;
6.67626;
7.95458;
4.96891;
7.26325;
7.15843;
4.43855;
6.946;
7.42147;
7.22769;
5.43948;
6.91554;
7.35237;
8.2269;
7.36306;
6.60444;
9.36121;
7.53937;
7.19855;
8.5259;
5.46379;
2.9237;
7.97633;
5.93439;
7.67162;
7.34388;
6.23353;
6.79752;
6.25899;
6.74674;
4.64869;
7.65758;
5.54104;
5.29699;
7.15211;
5.18514;
4.73693;
8.02801;
4.04285;
7.05465;
9.48471;
5.40818;
7.21182;
5.69098;
6.34844;
6.93251;
3.992;
7.16002;
4.87742;
5.54543;
6.32581;
7.43888;
7.78545;
4.37851;
5.46667;
6.68599;
8.04133;
7.38242;
9.7754;
6.88076;
5.79832;
8.41614;
6.43888;
7.70107;
6.95986;
7.25444;
7.44688;
7.18242;
7.90017;
6.27643;
6.21886;
4.6583;
7.63016;
6.52688;
4.30638;
6.46397;
6.85273;
7.95551;
7.1281;
6.63196;
7.35024;
6.84103;
4.32131;
6.34767;
5.05752;
8.43328;
7.4783;
7.80555;
9.13784;
6.7309;
7.18144;
5.91342;
5.7283;
7.04052;
6.28056;
7.99645;
7.13757;
7.58082;
6.02426;
7.3984;
9.05063;
6.98947;
5.63213;
4.4086;
5.94607;
7.68527;
4.55226;
3.60453;
3.78044;
7.36044;
7.38979;
7.1279;
6.9235;
7.44422;
4.98312;
7.5115;
6.962;
5.69781;
7.18941;
4.31599;
7.65678;
5.7674;
5.32155;
7.34671;
5.67261;
5.13121;
2.56042;
7.3883;
6.77422;
7.80759;
8.76849;
7.29102;
7.90163;
7.7278;
4.07561;
6.70204;
6.08981;
7.14998;
6.8522;
7.44657;
6.93124;
6.75272;
6.44216;
5.43389;
5.85153;
6.06178;
4.70418;
8.65873;
7.10437;
6.35849;
5.57376;
7.25394;
6.6417;
4.64767;
6.33139;
7.64722;
6.21521;
7.38253;
5.79936;
6.71021;
8.41232;
8.01138;
5.73842;
6.92459;
4.48077;
2.95023;
5.20913;
3.18048;
7.26729;
7.85623;
6.57077;
6.18663;
4.26764;
7.50081;
4.94143;
7.10574;
6.07049;
7.56749;
8.05433;
7.06968;
5.24224;
6.7964;
7.18974;
6.41449;
4.94822;
6.17065;
6.36309;
6.35351;
7.45688;
7.20734;
4.76598;
5.18977;
6.67792;
7.3506;
7.20761;
3.18894;
7.17714;
4.88884;
4.73271;
9.14567;
5.54718;
3.80803;
7.08946;
7.03933;
4.52646;
6.53663;
6.70341;
5.61841;
6.73008;
6.17771;
5.99773;
3.79308;
6.47465;
5.48241;
6.60779;
6.19075;
8.0154;
9.16337;
6.20434;
4.71123;
5.15274;
5.01927;
4.80778;
6.5818;
6.19405;
5.67875;
6.98942;
7.0686;
6.47531;
7.47541;
5.61533;
7.58704;
5.25419;
5.98536;
5.66312;
6.99522;
6.60453;
5.91749;
7.23599;
5.41883;
2.80394;
5.81537;
7.89213;
6.847;
7.28679;
4.53668;
6.22291;
6.52158;
4.19423;
4.7117;
7.03607;
5.08102;
5.19146;
8.30378;
6.27195;
5.74667;
5.47447;
7.41807;
6.16778;
6.20227;
7.53118;
9.01882;
5.8599;
6.89081;
5.67158;
5.25131;
4.62967;
4.29742;
5.36374;
5.61516;
5.6166;
6.37762;
4.91437;
6.07624;
8.39151;
5.63292;
6.74588;
6.1674;
4.45695;
6.04495;
5.67543;
5.62757;
5.151;
5.77772;
5.0776;
7.37517;
8.31277;
6.59276;
6.85454;
6.88321;
6.61562;
4.59542;
6.58675;
3.5642;
6.95279;
6.21264;
7.18427;
9.47513;
4.47427;
5.41175;
7.52638;
5.62804;
7.05615;
6.97118;
5.54334;
6.62276;
4.95084;
7.57925;
6.72567;
3.90597;
6.96933;
7.08895;
5.46355;
7.13307;
6.55533;
4.73465;
4.79587;
6.15818;
5.50678;
7.07303;
5.66871;
6.2709;
6.01521;
7.79436;
8.56297;
6.47197;
5.72322;
6.6795;
4.34801;
5.78758;
7.32188;
3.19871;
5.99985;
6.42281;
7.78985;
5.73072;
6.21803;
5.50757;
6.55413;
3.89603;
6.92878;
8.0126;
6.17537;
4.37744;
3.85049;
6.4291;
6.09958;
6.44774;
7.66621;
7.32417;
6.95952;
7.88864;
6.75232;
5.73751;
6.87832;
7.18572;
8.52859;
7.47962;
5.51373;
4.96764;
5.36513;
7.41473;
3.05942;
7.10255;
9.53862;
6.88941;
9.83441;
6.54666;
3.48388;
6.70858;
5.86222;
4.59292;
5.49212;
7.25922;
10.5395;
8.91603;
6.84159;
7.15076;
6.70216;
7.01228;
4.54817;
6.29326;
6.32683;
4.28773;
7.27627;
5.64243;
5.1426;
6.17026;
7.1118;
6.67915;
6.90444;
7.01806;
6.7783;
7.66989;
5.98985;
6.09321;
8.2284;
6.30649;
4.65211;
7.10795;
6.11638;
6.98783;
6.47146;
5.90703;
4.09381;
6.26203;
7.96893;
5.80292;
6.93408;
7.0439;
6.9585;
4.12744;
7.41648;
6.85957;
7.08441;
6.47332;
3.85067;
5.00519;
6.94403;
2.35474;
7.27991;
4.49916;
6.87636;
5.23244;
6.63532;
7.54601;
5.51994;
5.55593;
7.44596;
6.21887;
7.19569;
7.89211;
5.00109;
5.05897;
6.08756;
4.44437;
6.19675;
6.47689;
6.77026;
3.90097;
6.60796;
6.72216;
4.55509;
4.05599;
5.87917;
4.02943;
6.37171;
5.55795;
6.51363;
9.91407;
6.96303;
7.0055;
6.61429;
4.34794;
6.70147;
3.64727;
7.16786;
5.88438;
3.73141;
5.01575;
6.61737;
6.41325;
7.10444;
6.83915;
6.74533;
8.59331;
6.65632;
4.16633;
8.1901;
8.55474;
5.04882;
6.83506;
5.99419;
6.48478;
5.47527;
6.25627;
6.80006;
5.63135;
5.41143;
4.84581;
4.74322;
4.97879;
4.53534;
5.69399;
7.80799;
7.8236;
4.61462;
3.66143;
4.52255;
6.11071;
6.75872;
5.166;
6.76773;
7.17182;
7.21899;
6.17572;
7.96778;
2.89997;
4.67001;
5.48014;
9.0008;
6.93376;
6.28607;
6.86048;
7.29722;
7.04266;
6.02335;
7.31249;
6.94277;
10.1537;
5.62869;
7.77797;
4.59717;
6.06522;
7.10301;
5.41148;
4.41207;
5.88809;
6.91925;
6.82502;
7.49199;
7.96348;
6.93608;
5.76391;
7.29703;
5.80473;
4.59888;
9.98569;
7.59895;
6.5872;
6.17012;
6.49585;
7.82045;
6.34393;
4.40605;
4.68387;
7.05092;
3.98688;
8.68517;
4.35395;
5.80498;
7.34691;
3.57182;
7.08753;
6.23675;
5.23421;
3.74749;
6.36447;
4.91958;
7.53399;
5.93026;
5.02997;
4.95394;
5.04934;
8.04104;
4.01243;
9.1142;
7.88935;
6.50624;
7.31538;
6.61177;
6.28765;
6.91;
4.40077;
5.46167;
4.58934;
5.456;
5.63082;
7.38869;
6.57156;
2.92313;
6.82236;
6.62143;
6.65638;
7.91393;
6.43573;
6.45644;
5.31879;
6.19235;
6.69367;
6.12877;
6.58432;
6.73607;
6.60808;
4.56826;
7.08372;
6.56606;
6.68361;
6.30665;
4.92035;
5.16727;
6.85024;
3.99056;
6.58663;
5.1278;
8.22551;
9.77545;
7.55768;
7.87042;
5.10631;
6.86843;
5.22237;
7.90621;
8.33623;
6.11235;
5.61151;
5.69328;
7.50283;
7.38322;
2.99112;
2.39474;
6.96727;
4.89858;
5.17063;
4.08793;
6.04491;
6.40746;
3.80276;
6.5804;
6.51444;
5.52227;
5.21618;
3.52181;
7.08322;
8.06533;
6.96148;
7.42113;
4.94542;
6.73279;
6.66273;
4.4839;
6.98713;
7.57604;
6.85914;
6.65035;
4.4772;
6.89963;
4.38484;
7.78625;
5.48428;
5.84355;
5.45063;
7.41174;
8.69375;
5.5487;
5.82389;
6.05099;
6.38906;
5.26805;
7.37961;
7.34555;
7.2606;
4.84381;
7.11277;
4.19319;
5.17475;
3.44604;
7.95817;
6.60195;
6.55003;
6.13843;
6.45272;
7.13037;
6.83186;
5.83072;
6.77845;
6.49651;
5.24708;
4.43507;
5.00359;
8.92052;
3.84277;
4.91291;
6.5548;
7.13518;
7.26097;
4.77741;
6.9589;
4.73502;
5.5299;
6.5243;
9.37702;
7.42127;
5.52338;
6.54213;
3.92291;
6.715;
5.08132;
8.04949;
8.1255;
6.52902;
6.22405;
4.12724;
8.19251;
8.01259;
5.79111;
5.76576;
6.78003;
6.83068;
8.85639;
6.4008;
6.42116;
8.10854;
5.97024;
5.16129;
4.64852;
7.69113;
6.50485;
5.29635;
7.56544;
5.74754;
4.26806;
4.4768;
4.84877;
6.55653;
5.36092;
7.05136;
6.37764;
6.36243;
4.46242;
6.92504;
6.90987;
6.97277;
7.70893;
6.65963;
6.66294;
6.68455;
4.57761;
5.4928;
4.82531;
4.63262;
5.90392;
4.95399;
5.79001;
5.90743;
10.163;
7.78395;
3.93216;
9.29849;
6.58609;
3.5515;
6.6225;
6.53874;
5.97007;
6.78314;
7.23877;
6.44853;
7.36505;
9.24027;
6.78372;
4.91254;
6.47231;
6.70691;
6.59151;
4.48296;
6.68074;
6.17179;
6.69225;
5.32797;
6.26589;
5.66519;
5.23117;
6.58061;
8.09844;
7.64543;
7.96514;
7.19283;
7.08458;
7.91591;
2.69366;
3.37502;
5.15553;
7.0316;
5.78693;
4.06964;
6.13673;
6.81526;
6.61868;
6.28268;
5.43904;
5.28703;
6.47079;
5.00984;
6.47473;
6.4785;
6.71432;
3.74192;
6.84847;
5.78073;
5.34813;
7.74761;
4.69398;
7.65825;
9.03122;
7.06699;
7.58668;
5.82608;
6.42269;
6.13594;
5.85736;
7.19869;
6.88744;
6.20184;
6.94315;
5.46838;
6.83887;
5.32538;
6.68015;
8.10575;
6.52262;
8.02241;
6.53922;
6.83755;
4.41427;
5.85067;
6.80189;
5.93505;
5.42211;
6.27857;
7.21056;
6.25008;
8.22893;
8.68789;
8.59915;
5.30014;
5.23892;
5.20391;
7.01725;
6.69469;
6.62196;
6.3856;
6.79518;
6.36517;
4.28159;
6.64764;
5.60986;
6.60685;
5.13509;
6.26028;
2.93121;
6.47517;
7.46113;
6.99295;
7.30145;
8.30804;
6.82919;
6.26767;
7.00844;
6.85858;
7.76663;
6.90114;
8.92511;
6.49666;
4.37959;
7.30448;
4.4275;
6.32942;
5.13443;
8.7947;
6.34205;
6.68141;
5.44634;
6.44052;
3.79652;
5.29984;
7.2385;
6.78641;
5.84586;
6.69431;
6.10254;
4.3776;
6.83916;
6.4847;
8.30386;
5.27436;
5.05923;
7.31169;
6.30547;
6.80876;
3.40779;
6.45216;
4.85173;
6.39962;
5.64023;
4.7677;
6.3442;
6.59266;
7.88655;
7.00477;
6.07304;
6.49324;
6.588;
6.23596;
9.38437;
7.27158;
7.77847;
5.41582;
6.60354;
6.89082;
4.64541;
5.45808;
6.09264;
6.62528;
8.82821;
1.38199;
4.30484;
3.7908;
3.35226;
7.33447;
6.65072;
4.34399;
6.72473;
6.8624;
6.77948;
6.74925;
8.07622;
7.87225;
7.8236;
6.03617;
6.77208;
3.32877;
6.35638;
6.72772;
5.74173;
6.20962;
6.82064;
8.12426;
4.18035;
6.82128;
6.82111;
6.59052;
5.71946;
6.37586;
6.84397;
4.93707;
6.7677;
6.73536;
6.8172;
3.75237;
7.75782;
6.28822;
6.77342;
7.85125;
5.20585;
6.74227;
6.9957;
4.40174;
6.42413;
4.80444;
6.22451;
6.2299;
5.77691;
6.57528;
5.83614;
6.49567;
6.87609;
5.5579;
4.31101;
6.57059;
4.88435;
5.86409;
6.62882;
4.51986;
6.61456;
3.76503;
8.80444;
6.92717;
6.42142;
6.63664;
6.53798;
6.47336;
6.88877;
4.71695;
4.26173;
6.44905;
5.47122;
5.69968;
5.10774;
6.34427;
9.00041;
5.66508;
5.39723;
4.94845;
5.91428;
8.77162;
6.16331;
7.72185;
6.27732;
7.76567;
6.72711;
8.05249;
6.92635;
6.88851;
7.28194;
7.96733;
6.6256;
4.50336;
9.40295;
6.45881;
6.65824;
6.14671;
4.31435;
6.52905;
5.64125;
8.28249;
4.66732;
6.50034;
5.784;
6.48179;
4.30995;
7.10331;
4.80864;
4.23433;
6.67873;
5.13469;
8.25985;
8.39507;
4.39609;
6.4332;
7.00546;
3.65273;
6.30583;
4.51513;
1.87046;
6.4929;
6.48625;
6.45191;
6.28776;
7.83177;
5.67203;
6.64151;
5.54073;
5.09967;
4.26399;
7.84159;
5.03644;
4.94587;
6.97159;
6.92335;
6.82194;
6.91539;
4.26068;
6.27906;
3.76672;
6.38117;
8.79927;
6.6266;
4.63322;
4.9102;
6.51048;
4.44852;
6.77578;
5.82446;
5.27551;
7.95172;
6.37795;
8.41113;
6.57975;
8.03131;
4.44395;
7.10979;
6.79085;
6.37485;
5.14999;
9.52278;
6.31067;
4.06833;
6.60253;
4.61226;
10.3841;
8.23322;
6.46443;
4.08858;
5.71605;
3.58126;
6.44899;
6.04819;
6.05801;
5.26528;
6.87809;
4.92125;
6.33376;
4.31742;
6.58258;
5.57339;
6.26312;
4.22097;
5.56398;
6.63414;
7.20954;
5.89314;
6.54617;
6.82358;
6.94075;
5.60712;
6.42204;
3.29437;
6.41157;
6.35345;
7.04522;
6.57061;
4.72383;
5.81858;
4.13221;
7.25384;
6.183;
6.6217;
5.21883;
6.65628;
6.69015;
7.54079;
6.3956;
6.41767;
7.04273;
7.69061;
5.72525;
3.28339;
7.83136;
6.69838;
5.30421;
6.8128;
7.61991;
11.0356;
5.13982;
5.28633;
6.4902;
5.14495;
5.87923;
7.20241;
6.42225;
7.55817;
7.70363;
6.28824;
7.8564;
6.52415;
7.74187;
6.33374;
7.47491;
5.45105;
6.10076;
4.74885;
7.08815;
6.78288;
5.45465;
6.81858;
6.78298;
6.18856;
6.72783;
6.92323;
4.8441;
7.27742;
6.66632;
5.23634;
6.54283;
5.80255;
5.13361;
6.51707;
8.06207;
6.79066;
8.14321;
6.7524;
8.60468;
6.4822;
7.86324;
6.63687;
3.79015;
6.344;
6.45034;
6.68806;
6.39587;
4.72978;
6.37593;
6.54689;
8.17985;
6.41963;
7.75084;
6.2315;
7.51833;
3.63546;
4.78691;
8.37295;
6.79613;
7.25782;
6.72562;
9.75233;
6.99217;
5.30879;
5.65225;
6.81917;
5.24239;
6.51005;
8.78625;
6.79188;
9.02168;
6.78634;
4.76157;
6.8876;
6.59147;
6.42356;
7.53935;
6.66875;
6.69521;
6.02682;
5.15875;
7.53804;
6.06765;
6.28949;
6.36927;
5.05878;
6.5479;
3.79925;
4.23845;
5.54633;
6.29788;
9.86609;
6.93265;
8.83835;
1.85705;
6.23215;
4.27457;
4.75006;
6.46845;
6.02614;
8.07572;
6.18022;
6.7026;
6.22501;
6.52807;
6.26358;
5.57001;
4.2439;
6.17386;
6.8059;
6.16325;
6.23021;
6.43813;
6.69197;
6.56214;
4.61951;
6.29875;
5.94398;
6.58952;
6.67432;
5.56923;
6.5291;
5.43601;
7.1241;
3.22042;
6.67262;
5.00978;
4.79135;
6.3723;
3.63092;
6.7933;
7.39231;
4.23854;
8.48553;
6.14033;
6.0854;
7.13673;
4.21376;
3.80888;
7.69621;
8.35194;
8.82488;
6.31666;
6.61864;
5.30008;
6.06488;
6.98005;
6.59986;
6.55363;
4.33748;
7.15174;
6.76848;
6.19273;
6.03661;
6.08677;
7.03995;
6.49921;
7.09521;
6.59007;
9.5677;
5.06551;
6.52693;
6.22228;
5.26766;
8.30873;
6.29083;
5.55957;
7.19061;
6.04503;
6.31557;
7.08678;
6.61864;
5.70106;
3.07081;
5.57066;
7.96375;
6.18889;
6.27312;
7.11102;
6.50646;
6.5016;
6.4146;
6.59809;
8.95364;
6.91426;
5.95266;
5.83971;
6.67819;
7.13069;
6.27007;
6.55651;
5.23978;
6.45521;
6.42234;
6.63482;
6.41077;
5.56924;
6.75849;
6.72518;
8.28772;
7.17528;
7.48159;
6.05335;
3.76684;
7.0403;
3.10427;
6.31919;
6.32855;
6.70879;
8.05353;
4.42195;
6.48799;
7.19687;
6.79579;
6.76937;
6.64033;
7.91347;
8.7147;
6.46104;
6.36385;
4.58675;
6.0275;
7.63839;
7.38954;
7.90801;
5.67395;
7.22379;
8.54031;
6.1576;
5.62701;
6.45493;
9.11689;
6.24494;
7.11246;
6.82978;
6.28444;
4.81521;
8.18259;
6.04971;
6.19163;
7.74823;
7.25702;
6.35785;
6.24471;
6.67194;
3.10275;
5.04469;
4.63838;
11.1696;
7.54446;
6.87533;
4.83721;
6.45092;
6.94737;
6.29938;
4.36614;
6.51204;
7.65756;
6.71865;
4.99891;
6.2186;
5.38101;
6.48246;
6.59771;
6.71007;
6.58052;
5.9353;
6.25125;
8.48837;
6.00329;
5.08175;
6.45439;
5.57788;
6.62661;
8.24561;
6.90282;
6.47987;
6.38928;
6.51201;
6.36088;
6.64558;
5.65095;
6.05823;
6.55286;
5.43172;
5.93528;
7.56787;
8.50074;
6.59041;
7.64906;
11.9011;
4.77162;
6.41714;
5.20715;
6.39049;
5.66422;
6.53902;
5.44864;
6.31064;
3.24431;
3.93988;
6.14829;
9.55161;
4.02562;
6.55082;
6.02378;
5.94377;
6.94543;
6.59896;
6.95352;
6.1639;
6.89198;
6.59037;
6.03931;
6.50348;
5.54915;
6.58423;
6.49322;
6.25643;
6.01517;
6.50879;
6.49879;
8.88686;
6.77154;
5.39269;
6.58155;
6.28557;
6.21137;
5.46955;
6.53935;
6.43021;
6.20309;
6.22181;
5.18725;
6.41585;
6.52635;
6.27491;
6.08354;
6.36228;
8.70782;
6.38045;
6.7206;
6.42793;
7.93326;
5.46251;
6.40518;
5.6497;
6.26131;
7.69073;
5.36621;
6.04256;
8.23521;
6.58421;
6.63888;
6.00316;
7.94748;
5.53912;
4.92169;
6.3915;
8.12407;
8.33578;
9.11957;
9.4993;
7.38759;
5.07067;
7.11004;
6.48383;
7.19666;
6.2025;
2.85216;
4.01772;
7.51525;
6.52797;
8.90339;
6.55367;
3.5442;
6.62761;
4.51908;
5.72763;
6.01638;
6.57397;
7.74385;
5.34512;
5.92969;
6.46473;
8.70983;
6.48665;
7.12918;
5.81054;
6.93312;
7.83817;
7.20546;
8.32229;
6.66452;
5.93881;
5.86932;
6.96544;
8.88241;
6.59287;
5.93894;
5.01178;
6.41412;
6.34137;
7.98785;
9.86491;
4.81586;
6.35898;
6.66227;
4.50843;
5.52141;
6.30871;
4.86629;
6.56015;
5.86221;
5.51213;
10.3548;
6.10166;
4.93719;
4.50459;
6.37562;
6.42316;
6.51852;
6.44704;
5.75464;
6.63692;
7.04323;
7.29638;
6.41626;
6.55383;
7.26055;
6.29952;
6.1959;
7.05883;
6.33946;
5.87598;
6.3335;
6.24481;
8.71481;
6.30665;
6.43128;
9.46984;
6.34132;
7.25387;
6.22227;
6.34373;
6.39342;
6.35066;
6.38219;
6.67568;
7.25021;
6.38676;
6.9351;
6.47834;
5.32347;
7.70944;
5.25249;
7.66628;
4.22343;
6.43701;
6.4497;
4.51339;
6.33876;
7.2423;
6.28439;
8.11704;
6.26084;
5.41665;
7.92131;
6.22445;
6.43778;
6.44525;
8.47896;
9.45937;
6.07081;
7.38721;
6.35626;
6.50208;
6.41588;
10.1468;
6.3676;
7.49821;
6.34642;
5.87768;
6.36826;
5.74391;
6.04384;
6.68244;
7.27055;
7.83549;
7.47816;
6.5294;
6.18988;
7.00264;
6.05525;
6.02907;
7.17169;
6.43037;
4.93155;
4.91044;
6.19146;
5.98587;
6.98995;
5.98267;
6.13821;
6.26412;
6.47343;
7.35423;
6.73313;
6.49388;
8.47343;
6.35006;
5.48715;
7.60751;
7.5737;
6.91622;
6.29517;
7.78324;
5.09886;
6.89031;
5.2926;
5.17954;
6.44857;
8.62249;
6.61068;
5.50009;
6.53369;
8.54327;
6.313;
6.61695;
5.81119;
6.49477;
5.12021;
5.47035;
8.01521;
3.13357;
7.50651;
7.6244;
6.81371;
6.46215;
6.85901;
6.39179;
5.83811;
6.45784;
7.74193;
8.27096;
4.78347;
7.39829;
8.07297;
5.43647;
7.00846;
7.4427;
6.31347;
6.77671;
6.43322;
6.28427;
7.42937;
6.39538;
10.7107;
6.43621;
6.52005;
4.77437;
6.30132;
6.34766;
4.50687;
6.23844;
6.81994;
6.20898;
4.40822;
5.24231;
7.36498;
6.49202;
6.61838;
6.5032;
6.76545;
7.01441;
5.26051;
4.72209;
6.42599;
8.51725;
6.28328;
7.0216;
6.38803;
6.27105;
6.34719;
3.76193;
6.36415;
6.1457;
5.24404;
6.56905;
5.97976;
6.53498;
8.09974;
6.31909;
4.60266;
6.82916;
5.75425;
6.30273;
8.15487;
6.33166;
8.22214;
6.24774;
7.20779;
6.27171;
3.84751;
4.84057;
4.95584;
7.53082;
7.28047;
6.97626;
6.34315;
6.48175;
5.48309;
6.40908;
8.20301;
6.3435;
5.5584;
6.56889;
7.00644;
6.35925;
5.30107;
6.48171;
4.36742;
5.92564;
7.78997;
6.48949;
5.55911;
4.38242;
4.78959;
6.4032;
6.5826;
5.75721;
6.29185;
5.87821;
6.35925;
6.8414;
6.60398;
7.70821;
6.31871;
7.15004;
6.39378;
4.38596;
6.29461;
10.3007;
8.13885;
7.9601;
5.66315;
6.34633;
5.80494;
6.52759;
6.3284;
7.49821;
5.54092;
6.29958;
6.997;
6.65997;
4.25861;
5.87384;
7.76864;
7.05254;
6.45733;
5.38476;
5.29039;
8.152;
6.30986;
6.68693;
6.63589;
6.50435;
8.57842;
6.30826;
6.65727;
4.73797;
8.33712;
6.21956;
6.08007;
7.82986;
5.33088;
4.90606;
3.91926;
5.74475;
8.77134;
7.53052;
6.29141;
5.89976;
6.37511;
6.4274;
6.41119;
5.17124;
6.44909;
8.71189;
6.32212;
6.81324;
7.14276;
5.87408;
7.76775;
6.00364;
6.30886;
7.23359;
6.72335;
7.97614;
7.66244;
6.75937;
9.38235;
8.72328;
6.29009;
6.95855;
7.11305;
6.09093;
6.3257;
7.99537;
6.13181;
6.37192;
8.74094;
6.39157;
7.12842;
6.31352;
4.39565;
5.14947;
5.76953;
6.57766;
5.91451;
6.08741;
3.69628;
6.29465;
6.09335;
10.0955;
6.13879;
6.20641;
7.80045;
4.90516;
6.4326;
8.65582;
6.37917;
6.27439;
5.45923;
6.11214;
6.18235;
6.43281;
6.29461;
5.2109;
4.66864;
6.21718;
6.38926;
6.35642;
6.18594;
4.77263;
6.40927;
7.17598;
6.30775;
7.24868;
6.34857;
6.26489;
6.33294;
4.91502;
7.20062;
7.2309;
6.26948;
5.75971;
7.3283;
6.18634;
6.18328;
8.29995;
7.25896;
6.72433;
8.13631;
6.30066;
7.22296;
6.34816;
6.25177;
6.34198;
4.25563;
5.3073;
4.47993;
5.9213;
5.78616;
6.21082;
4.3496;
7.69121;
5.41232;
6.29841;
7.09292;
7.06086;
4.84624;
6.39255;
6.2597;
6.34101;
9.77915;
6.24032;
7.76424;
6.59789;
6.33489;
5.2969;
6.09942;
5.6315;
4.27672;
7.15687;
6.29011;
5.51217;
8.25585;
5.54397;
8.85296;
6.30254;
7.80341;
5.53801;
9.48054;
6.34612;
4.80893;
6.32031;
7.26848;
6.45976;
4.2993;
7.2742;
8.0633;
7.72576;
6.37025;
7.91948;
4.64427;
5.71803;
6.79038;
5.25836;
4.62672;
6.33015;
4.87404;
6.32999;
5.75619;
6.23381;
5.63034;
6.82426;
3.59997;
3.2773;
6.37048;
7.54467;
7.97102;
7.05008;
7.01209;
9.41477;
5.99367;
6.34832;
10.3406;
6.45453;
7.44558;
6.45015;
7.00665;
7.23086;
6.55384;
6.47801;
6.9931;
6.21693;
6.56349;
6.37088;
8.4613;
4.27531;
7.05051;
5.69598;
4.98733;
6.78198;
6.88828;
7.85881;
7.45987;
7.67076;
7.86665;
6.308;
6.04721;
4.52464;
5.50731;
6.38103;
7.2936;
8.15837;
6.38533;
5.65142;
6.11252;
6.30807;
6.32612;
7.81905;
6.35676;
4.89001;
7.48306;
6.32381;
7.17463;
8.60905;
9.59592;
7.71832;
6.29918;
7.35138;
6.32089;
4.87086;
7.71453;
7.22372;
5.19316;
6.33048;
6.89427;
6.4525;
5.10402;
6.80269;
5.75572;
8.17972;
6.36092;
6.28574;
4.34818;
3.96811;
6.48344;
9.74387;
7.32655;
6.3708;
6.02978;
9.22571;
7.084;
5.57137;
6.87102;
3.94868;
5.70685;
6.64818;
4.44058;
6.14971;
4.8661;
5.84643;
4.2614;
8.07064;
5.38025;
6.54145;
6.70159;
6.20056;
7.99454;
6.39808;
6.3312;
6.35625;
6.30976;
6.2664;
5.57046;
6.21453;
4.25469;
8.11578;
6.56836;
7.081;
6.46331;
5.30544;
6.38386;
5.15355;
6.32021;
6.10783;
6.49621;
7.69182;
7.55658;
7.90954;
8.59842;
7.10294;
7.23786;
5.56155;
7.44604;
8.27773;
8.40027;
7.91033;
7.8889;
7.74706;
7.58601;
7.3818;
8.28265;
5.14359;
8.09869;
7.8837;
4.52421;
8.42375;
4.813;
4.65672;
7.43433;
6.75024;
6.07119;
7.50969;
8.75883;
6.06886;
8.15902;
7.55305;
5.78574;
6.36565;
6.20792;
6.85271;
6.08227;
5.61409;
6.33381;
6.26598;
5.20799;
5.92673;
6.87279;
4.73233;
6.48089;
4.44331;
5.31926;
9.3075;
5.48567;
7.82325;
6.10581;
6.47275;
6.47904;
6.09474;
4.68162;
8.89987;
5.36993;
6.97991;
7.87558;
6.51451;
7.1352;
5.56564;
4.51773;
6.1153;
6.86442;
8.24311;
3.64986;
6.69079;
4.93934;
5.34322;
3.04019;
6.20711;
6.33144;
5.71451;
5.89897;
6.86339;
6.28734;
9.19769;
4.73292;
6.19941;
6.2444;
6.21719;
5.37867;
6.94519;
3.58237;
6.37575;
8.24816;
5.09842;
5.01125;
6.17197;
7.11674;
6.76492;
6.81664;
9.12451;
6.86258;
9.01115;
5.55807;
3.73345;
5.47153;
7.0667;
6.55763;
6.65209;
5.49108;
5.27746;
3.16279;
4.5858;
7.02548;
3.75132;
8.74095;
6.14876;
5.54929;
6.31001;
7.42796;
7.21276;
8.12387;
6.96749;
6.38638;
8.15735;
8.57511;
6.29747;
5.67675;
4.96379;
6.6972;
6.21291;
7.69036;
6.40407;
6.37399;
5.25408;
6.31083;
5.00033;
5.87149;
6.06732;
6.3558;
7.59499;
6.21851;
4.19703;
5.1246;
7.37814;
3.17914;
4.84441;
7.3645;
4.31401;
8.16061;
4.78364;
8.7302;
5.75921;
5.54594;
6.16479;
5.34501;
5.25545;
4.18847;
3.1529;
8.67403;
6.78818;
5.55486;
6.61294;
6.35063;
6.05664;
6.53156;
5.92153;
5.10479;
6.42925;
6.38076;
6.41969;
4.63741;
4.85885;
4.03289;
4.65104;
7.98166;
6.12521;
6.91987;
6.27012;
5.34936;
5.45815;
5.21079;
5.49317;
5.34626;
8.30601;
4.71215;
5.6081;
5.7593;
3.45526;
3.8151;
7.82845;
7.67769;
6.52997;
4.28819;
4.9323;
4.85745;
6.17813;
7.05346;
6.54969;
6.7218;
4.00569;
5.8158;
5.58089;
5.82475;
5.85811;
3.19992;
3.82027;
5.19659;
6.59248;
6.54329;
5.23606;
6.44147;
9.22657;
6.80342;
4.61058;
5.46487;
4.60432;
4.99695;
6.35115;
6.14403;
6.01968;
5.74039;
6.97211;
6.30972;
5.13543;
6.38234;
4.41414;
4.51193;
6.42;
6.34355;
6.23023;
6.60414;
6.46245;
6.44072;
5.8443;
4.79714;
5.61406;
4.48574;
6.35432;
4.54666;
6.96396;
4.81486;
6.40349;
3.5065;
4.42537;
4.25421;
6.20758;
4.60053;
6.2285;
3.59221;
5.86023;
4.13752;
7.19274;
5.7998;
4.17822;
6.39376;
6.32495;
4.30813;
4.31161;
9.9493;
8.06795;
6.29641;
7.32234;
7.7218;
5.26113;
5.84477;
6.56207;
5.35707;
7.76189;
5.03127;
6.74604;
4.34519;
3.14564;
3.29401;
5.79843;
6.26931;
8.14213;
6.12492;
4.49386;
3.04679;
4.00313;
6.29577;
4.73426;
5.10228;
4.9456;
4.93738;
4.51534;
4.09445;
5.75816;
4.99209;
5.30389;
4.69234;
4.43751;
4.9449;
8.18547;
5.95879;
6.11629;
5.26683;
5.47157;
6.09937;
6.22577;
4.54349;
6.316;
3.17389;
4.71765;
4.83623;
6.36595;
6.54613;
5.2875;
5.10423;
4.45254;
8.65057;
8.59378;
6.23079;
6.06907;
4.71243;
3.15264;
6.82883;
6.27908;
4.0052;
3.65835;
6.31829;
3.10467;
6.07687;
4.65407;
5.57252;
3.5989;
5.93735;
5.80077;
6.20938;
4.73464;
4.95749;
5.41687;
4.84369;
5.29197;
4.55923;
5.36509;
5.31636;
7.07395;
5.31162;
5.47892;
5.33099;
6.39664;
4.12883;
4.20003;
5.54264;
4.61007;
3.9111;
4.41685;
7.11627;
6.48309;
5.95925;
4.89181;
4.65222;
6.66319;
4.61248;
7.47888;
5.18436;
5.3652;
6.29574;
5.871;
7.00726;
4.98643;
2.97263;
4.58627;
6.11176;
5.42659;
2.77228;
2.93624;
6.61638;
5.18073;
3.96018;
5.70292;
7.05474;
3.94349;
7.96489;
3.10503;
6.07699;
5.4786;
5.96897;
4.20938;
4.91394;
6.39594;
6.77833;
4.09456;
5.60736;
4.44639;
3.55269;
5.87123;
6.01154;
5.56489;
5.25415;
6.41618;
5.14095;
3.6806;
3.64113;
3.74495;
5.327;
4.87238;
3.96755;
8.15223;
4.83237;
5.11586;
4.35804;
4.20314;
4.97278;
6.26882;
5.54848;
4.33956;
4.87618;
6.12543;
5.19151;
4.25818;
5.09668;
3.57158;
6.27976;
5.52726;
7.19561;
1.58027;
5.37093;
3.59711;
8.06138;
4.31285;
4.91237;
6.29864;
5.72388;
4.92893;
4.81282;
5.69969;
6.2749;
5.40199;
5.37135;
4.91145;
5.27988;
3.47143;
4.16148;
4.26104;
4.50634;
4.78079;
3.92616;
3.25385;
6.37797;
4.62489;
6.25245;
3.1075;
4.69154;
6.87724;
5.34173;
4.61267;
5.75422;
4.83589;
5.64155;
5.38822;
1.7617;
2.96475;
4.89896;
6.25878;
6.21688;
3.79196;
4.67873;
5.56752;
4.44253;
7.43775;
5.06999;
4.63212;
4.14579;
4.05151;
3.4504;
6.35906;
2.59398;
4.16607;
6.02068;
4.48043;
6.3237;
6.29341;
6.06807;
6.74553;
5.14648;
5.15859;
5.25235;
2.95846;
4.58327;
6.48608;
5.05065;
4.60038;
3.042;
4.28738;
3.87438;
5.12668;
4.6727;
6.52234;
6.29838;
6.27033;
4.46965;
6.70497;
4.21254;
3.30403;
4.81956;
6.79033;
5.05273;
6.22948;
5.63195;
3.80113;
5.87685;
5.53089;
4.79676;
3.44593;
6.04154;
5.32524;
5.22233;
4.65814;
5.03369;
3.41622;
4.28908;
2.89985;
5.67246;
4.33205;
2.87112;
3.53686;
4.0114;
1.61521;
3.23314;
3.98716;
4.16774;
4.64836;
5.21423;
4.06119;
6.5496;
7.17408;
4.19911;
6.57311;
5.32659;
5.39123;
3.07962;
3.33162;
5.61755;
5.311;
3.00337;
3.57005;
2.98104;
4.69792;
4.60948;
3.14114;
5.34867;
3.72617;
5.06666;
6.92267;
3.87233;
6.41369;
6.31415;
4.40039;
1.65117;
2.52286;
4.52201;
3.8286;
4.64257;
3.72691;
5.42728;
4.05557;
3.9564;
5.45001;
2.578;
5.0896;
4.93611;
4.26766;
4.96518;
6.89235;
4.45816;
5.07854;
2.48773;
5.19716;
5.02783;
6.24865;
6.33688;
4.02223;
4.1566;
4.80672;
3.80373;
3.54293;
6.48163;
5.86873;
2.09316;
5.63509;
3.82248;
3.26039;
5.20547;
3.66048;
3.43598;
5.99784;
3.50563;
4.17009;
3.25285;
3.7021;
3.19499;
4.54309;
5.0252;
5.84997;
6.02919;
5.41285;
5.03321;
2.84683;
4.84491;
5.0316;
2.78348;
2.88312;
4.43358;
3.49199;
3.07946;
5.20587;
3.66009;
5.12108;
2.90942;
3.56665;
6.39655;
4.94348;
3.13233;
3.51226;
4.73337;
4.97075;
3.43527;
3.83969;
3.55687;
3.46288;
5.70603;
6.31493;
6.30896;
6.24946;
3.71941;
4.10876;
4.52026;
3.7503;
6.35591;
3.09019;
4.36637;
4.05757;
6.4516;
4.67697;
4.86585;
4.05262;
4.67837;
3.4358;
4.50294;
4.66149;
4.21491;
3.25522;
4.66565;
4.17804;
2.53218;
3.92796;
3.76086;
2.90221;
3.65588;
3.5485;
2.46281;
5.60656;
4.60585;
2.18689;
2.82596;
5.25952;
4.63564;
5.5477;
3.79763;
3.53039;
8.32125;
5.19753;
4.41359;
3.16236;
2.78292;
2.57726;
3.65133;
4.76942;
3.06693;
5.53517;
6.14262;
1.78533;
4.24183;
2.9665;
5.22416;
4.20107;
5.99406;
3.87305;
4.14234;
3.85844;
4.42243;
4.19026;
4.44592;
5.35431;
5.13912;
5.33175;
3.26598;
3.06619;
4.96262;
4.66295;
3.34817;
1.25528;
6.16;
6.40277;
4.82205;
2.58002;
3.32609;
1.99814;
2.72847;
3.93275;
4.04263;
2.76202;
4.89871;
4.82846;
5.13325;
2.16606;
3.8207;
5.89313;
4.03645;
3.81618;
3.14838;
4.86257;
2.56815;
4.14771;
5.40805;
1.90866;
4.92933;
5.28406;
3.09585;
4.30965;
5.50428;
3.73534;
4.2996;
3.38383;
2.64734;
2.57224;
2.80627;
3.78817;
2.70114;
4.61646;
2.84128;
4.34888;
4.24609;
2.84092;
6.21446;
2.81602;
3.13008;
4.31703;
4.49547;
5.04532;
3.24077;
1.33817;
5.49194;
4.89511;
3.69967;
3.63482;
2.74259;
1.36985;
7.54179;
3.39125;
4.08728;
2.73994;
3.98331;
6.24438;
4.66612;
6.55337;
3.81976;
2.38662;
2.17096;
3.39657;
4.02571;
2.47495;
2.41763;
4.94692;
4.30016;
3.66378;
4.01682;
2.90057;
3.98391;
1.66654;
3.9398;
1.98071;
3.17671;
4.79788;
6.11465;
3.507;
4.90205;
1.75891;
3.69011;
4.61224;
5.00934;
3.66079;
1.97257;
6.2967;
2.45507;
2.76882;
4.01544;
2.97486;
5.01152;
3.48294;
4.12254;
4.98333;
2.65001;
4.58933;
4.06255;
3.43376;
3.68325;
4.26988;
2.7645;
2.09162;
4.99378;
5.33052;
4.0699;
5.51395;
3.0839;
6.73168;
3.85244;
3.56579;
3.58282;
4.32113;
3.84221;
2.72734;
2.42679;
4.40032;
5.13768;
3.34711;
6.30518;
3.14712;
1.88014;
1.45648;
4.20172;
4.56571;
4.6771;
2.30223;
3.56385;
6.00153;
2.18357;
4.23604;
5.97956;
4.73371;
4.5058;
0.895905;
1.9585;
3.70195;
3.18755;
2.22534;
4.41932;
3.39784;
1.21787;
3.95784;
3.74835;
4.47466;
3.51542;
3.04704;
4.3492;
2.63723;
2.05436;
4.21619;
3.71823;
4.06079;
6.32072;
2.48141;
3.92015;
2.94643;
5.19441;
3.75679;
3.06067;
4.07258;
2.67856;
2.03017;
3.80484;
2.72934;
3.79805;
4.09086;
2.96341;
3.75575;
3.25203;
5.08558;
4.61877;
2.78078;
3.96268;
4.3918;
2.7245;
3.05094;
4.34037;
6.12081;
3.75533;
3.3522;
3.31517;
4.69389;
4.77477;
3.08084;
3.25758;
3.35134;
2.05808;
6.40511;
2.94044;
6.42064;
3.9907;
3.40991;
2.00866;
1.21595;
5.10913;
4.664;
2.88861;
2.63873;
4.11593;
4.03288;
2.1996;
3.12229;
3.28688;
3.44539;
3.29121;
3.02092;
3.18345;
1.99939;
5.74781;
5.27927;
2.70799;
3.54149;
6.04255;
4.23705;
4.90444;
4.87424;
2.03057;
3.00242;
2.29463;
4.27674;
2.99748;
5.41717;
4.2471;
3.98786;
3.33475;
4.92563;
3.15007;
5.04332;
3.24584;
2.93489;
4.38361;
3.76341;
3.01847;
2.33617;
3.6806;
3.74386;
4.13216;
6.29353;
4.80316;
4.07658;
2.83454;
5.60568;
4.21672;
3.91524;
3.50747;
3.33968;
3.81297;
2.76661;
1.81081;
2.21684;
6.32079;
3.68355;
3.40876;
1.79962;
4.93651;
2.60162;
3.70369;
2.31553;
2.01494;
3.45166;
4.19666;
5.20366;
4.23508;
3.85679;
2.36411;
2.22397;
2.86161;
3.48972;
3.14523;
3.17231;
2.3898;
6.45565;
2.42644;
4.51516;
2.57884;
3.47984;
3.06313;
2.55457;
3.45871;
5.18904;
3.95767;
1.24358;
3.64599;
5.08904;
3.52828;
2.63617;
0.82273;
3.36816;
2.52256;
2.94828;
5.95483;
4.20425;
6.03912;
6.57621;
3.95249;
2.38764;
2.27771;
5.09885;
2.20649;
3.40203;
2.3069;
4.22176;
2.51231;
2.8168;
3.48597;
5.48294;
4.95775;
2.75126;
5.3813;
6.5067;
1.89631;
3.56206;
3.87138;
3.56167;
3.29024;
3.71948;
5.71529;
2.95318;
2.51154;
2.88501;
2.84884;
1.71803;
3.03995;
3.08259;
6.04984;
2.37599;
2.87074;
3.33588;
4.0135;
4.21028;
3.01182;
4.2763;
3.8287;
2.06732;
1.34422;
3.68069;
2.01698;
5.64996;
3.12844;
6.27734;
2.96583;
2.42409;
3.22383;
4.04746;
2.56833;
2.6162;
2.6089;
3.71786;
1.9782;
2.53439;
1.36961;
4.15446;
6.37246;
4.06314;
1.86295;
3.47139;
4.29982;
4.6055;
2.4386;
2.8631;
3.00735;
1.49776;
1.91784;
3.40481;
2.133;
1.52492;
2.49914;
3.66324;
3.21682;
4.76813;
1.41362;
2.87138;
3.49428;
2.35401;
1.56389;
3.22721;
2.97582;
3.06526;
2.85276;
4.60836;
6.50098;
3.72581;
3.22914;
2.78769;
1.382;
2.44395;
3.62132;
4.07348;
2.36708;
3.58045;
3.27698;
4.95138;
4.24606;
3.60101;
3.72894;
2.82189;
3.12075;
3.06698;
1.65736;
2.53093;
2.35151;
2.80737;
1.65056;
3.6573;
1.76284;
2.88278;
3.25635;
3.55055;
2.85221;
3.45879;
6.19274;
2.96235;
3.10881;
1.10197;
4.77143;
2.94953;
5.21564;
3.46662;
2.39489;
3.90442;
2.74688;
6.48155;
3.60921;
1.99892;
3.28058;
2.4577;
2.31724;
2.14634;
3.19744;
3.40402;
3.41698;
3.04397;
1.97186;
4.11542;
1.87752;
2.87967;
2.51336;
2.551;
5.0165;
4.13034;
3.43872;
2.94473;
1.62964;
4.39972;
1.13244;
2.50477;
1.74954;
1.65264;
6.136;
2.07503;
4.40968;
2.43408;
2.57929;
3.84753;
3.16633;
3.20056;
2.42221;
3.21517;
3.06675;
2.38612;
4.0627;
1.88184;
6.05391;
1.49783;
2.3159;
2.79713;
2.73749;
2.68301;
4.03512;
3.68329;
4.09308;
3.30584;
3.93943;
2.54351;
3.67822;
3.55705;
3.94059;
2.87222;
4.4296;
2.45965;
1.3865;
2.16009;
3.16225;
2.62104;
3.27429;
1.29672;
3.41273;
3.14698;
2.85405;
2.24149;
2.92456;
6.01212;
4.23605;
3.11799;
2.07064;
2.77709;
3.01608;
3.91655;
2.99202;
1.58735;
4.36388;
3.61181;
2.51061;
2.0365;
4.29243;
3.01747;
1.43839;
2.62652;
2.42137;
2.43776;
3.55157;
2.7184;
3.59864;
0.609595;
3.9749;
3.67892;
2.7041;
1.85804;
3.71198;
3.39511;
3.38913;
4.98285;
6.23135;
3.79514;
4.49435;
2.35755;
2.82488;
2.39395;
1.8737;
2.52349;
3.48362;
3.06012;
2.88293;
2.40952;
4.55904;
6.02927;
1.34837;
2.55148;
2.44163;
3.04562;
1.90841;
1.79752;
1.71558;
2.35375;
2.96837;
2.372;
1.39012;
3.31569;
3.51727;
3.18045;
3.65176;
3.13465;
2.72703;
3.13324;
3.16597;
2.4706;
2.58984;
6.38052;
1.73061;
7.0907;
4.68548;
2.84601;
3.4478;
2.21733;
3.18689;
4.47556;
3.4882;
2.51803;
3.52759;
1.21142;
3.45287;
3.56053;
3.96612;
3.08416;
2.09468;
1.94838;
4.77924;
2.42554;
5.78676;
3.24568;
3.97388;
3.50938;
3.17307;
3.43629;
2.02291;
6.47611;
6.22293;
2.61739;
2.43143;
1.85891;
2.88743;
3.45064;
4.53499;
2.57842;
2.23248;
1.74524;
2.83134;
2.81948;
3.26925;
3.81562;
6.69819;
2.8099;
3.43171;
2.76318;
1.16885;
4.66569;
2.5741;
2.27722;
1.51634;
2.47998;
3.56379;
2.65497;
6.9656;
3.61107;
2.72215;
3.79214;
3.54874;
1.35861;
2.24655;
1.81421;
2.52312;
3.76206;
2.99575;
2.16683;
3.49178;
2.63067;
2.67156;
2.43723;
3.45507;
3.89742;
2.8205;
2.50804;
2.64705;
2.17198;
2.20562;
1.65677;
3.87581;
4.05469;
3.45426;
1.94429;
5.98388;
4.00123;
1.39183;
2.27513;
1.86785;
2.4528;
2.10624;
3.36898;
3.21079;
2.81312;
2.92177;
2.77164;
3.34555;
0.805851;
1.98834;
3.22519;
3.88854;
3.48107;
1.95969;
1.52422;
3.36581;
1.9903;
5.75403;
2.40236;
4.39574;
2.02172;
1.62876;
2.51835;
1.07756;
6.63382;
3.1179;
2.62636;
2.14379;
1.7707;
2.59386;
2.76071;
1.55458;
1.94561;
2.12081;
4.08844;
2.85771;
1.55458;
6.00162;
2.63893;
1.83473;
1.55098;
1.34236;
2.26565;
4.93651;
3.08959;
1.17382;
2.19648;
1.03078;
1.62654;
1.63164;
1.57494;
2.5795;
2.2161;
3.01275;
4.3837;
1.50747;
2.25848;
1.92094;
6.40683;
2.77142;
3.25615;
2.20838;
2.97971;
3.00907;
3.75589;
2.18335;
2.01015;
2.25345;
2.73264;
2.77193;
1.66612;
2.06001;
2.79717;
1.54053;
3.27638;
6.35396;
6.20863;
5.96902;
2.65671;
3.1908;
1.90272;
4.07206;
1.93916;
6.36709;
2.87038;
3.56559;
3.02356;
2.53928;
1.99964;
2.13361;
1.82947;
2.95714;
2.04555;
3.73213;
3.19472;
2.72131;
3.42212;
6.18697;
1.16609;
2.53247;
2.19609;
2.60428;
2.32459;
2.81577;
2.55347;
1.22416;
3.32996;
2.19641;
1.05665;
1.7257;
2.84339;
2.92177;
1.99729;
2.92457;
6.35427;
2.09497;
4.02451;
2.84024;
2.50493;
2.91331;
1.80875;
2.49954;
3.06985;
1.31312;
3.53478;
2.06838;
2.50116;
6.49091;
1.21547;
3.23535;
3.30687;
2.21532;
2.08015;
2.4173;
2.46845;
5.16531;
2.61558;
1.78068;
3.18762;
1.74544;
2.15704;
7.42683;
6.2799;
1.81798;
3.55575;
1.64276;
3.18557;
1.75009;
2.35359;
2.95261;
2.23882;
3.65481;
2.86046;
1.46869;
2.34201;
5.78088;
2.67203;
2.41368;
3.44137;
3.62913;
2.68431;
2.71395;
2.93254;
4.38659;
3.32596;
1.53436;
2.66236;
1.99414;
6.22458;
2.8817;
1.4714;
2.54716;
3.60094;
2.56599;
4.52924;
4.38626;
3.44513;
2.78729;
5.08094;
2.73421;
1.7435;
3.37675;
5.5674;
2.65466;
2.29997;
4.45197;
2.78551;
2.92737;
0.893606;
1.25707;
2.39213;
5.80275;
0.854842;
2.69407;
2.61019;
1.67296;
2.34725;
2.34378;
3.02477;
4.38196;
2.33004;
3.2883;
2.80833;
5.9326;
2.36162;
2.26238;
0.834068;
1.66991;
0.876071;
1.53739;
1.90014;
2.37195;
2.24643;
1.44085;
1.26613;
2.42652;
3.19551;
2.33776;
1.8488;
2.71186;
2.59747;
2.42839;
1.19557;
2.30712;
6.04112;
2.28179;
1.92824;
1.95695;
3.22758;
2.5227;
2.08763;
3.47542;
1.96716;
1.86127;
2.73154;
2.53312;
1.17614;
2.47667;
1.67707;
3.2744;
1.89047;
4.63365;
2.19785;
2.71079;
2.68807;
5.98157;
2.09806;
5.14932;
2.96488;
2.49648;
0.920165;
1.93796;
1.34249;
1.71677;
1.60628;
2.79439;
2.67753;
5.93321;
2.87294;
4.29629;
2.62521;
2.84981;
3.71802;
1.14747;
1.4569;
2.86503;
4.23721;
5.84814;
5.85229;
2.08118;
1.63088;
4.03312;
3.0057;
1.99613;
3.68336;
2.82174;
2.02518;
2.66611;
3.27896;
1.25773;
1.37604;
1.10628;
2.70073;
2.75259;
3.44228;
3.0632;
2.51067;
1.73721;
2.42595;
2.08893;
1.93236;
2.12253;
1.58281;
1.66305;
2.00665;
6.30572;
2.53452;
3.73332;
1.98853;
1.70492;
3.13552;
2.58027;
2.46173;
2.1062;
3.29143;
2.16015;
2.97563;
1.28288;
3.35972;
1.81338;
2.58996;
2.11552;
5.59473;
4.31474;
0.923399;
2.8816;
2.24512;
2.74528;
3.25908;
1.55709;
1.5951;
3.40356;
3.4474;
2.93308;
2.08203;
2.3841;
3.18134;
2.46761;
5.96483;
2.51649;
1.09393;
4.71838;
2.81678;
1.48468;
2.43267;
2.52567;
3.89976;
2.19467;
2.14977;
2.99648;
1.14908;
2.83765;
6.38599;
3.80479;
1.81717;
4.9471;
1.30881;
2.32366;
2.93712;
2.18783;
2.92054;
2.60285;
2.51468;
2.09501;
2.738;
1.8365;
3.37747;
1.7353;
1.18222;
6.28582;
1.35029;
1.92739;
2.64653;
3.69511;
2.87553;
2.20235;
0.954789;
2.8371;
2.60474;
1.14018;
3.74458;
2.29976;
1.34633;
2.53686;
2.63115;
0.964739;
2.61713;
2.76238;
2.06535;
3.74533;
2.90315;
6.11166;
2.06054;
2.4531;
0.875897;
2.43762;
2.09224;
1.72128;
1.87884;
1.7259;
3.52476;
1.12457;
6.06022;
2.37915;
1.87377;
2.02458;
1.45771;
3.11305;
1.52998;
2.66918;
1.8583;
2.88012;
3.55029;
5.80194;
3.8794;
2.87367;
3.90435;
3.29941;
2.78218;
3.08267;
2.77046;
1.27985;
2.59427;
2.43093;
2.41135;
2.50072;
2.91371;
3.40579;
2.6808;
1.79852;
2.63972;
3.26287;
2.82417;
1.36891;
3.56805;
2.78562;
2.18419;
2.58399;
2.36941;
2.75573;
2.23359;
6.12748;
2.10544;
2.22671;
2.10391;
3.33892;
3.01453;
1.95074;
2.57892;
4.17301;
1.93871;
3.27962;
2.12927;
1.22674;
2.39781;
3.70547;
2.93537;
5.43883;
3.12085;
3.09261;
1.03225;
2.59126;
6.04397;
3.20507;
3.88649;
1.64069;
0.882303;
3.24161;
2.26107;
2.17342;
2.98645;
4.1188;
1.83365;
1.0094;
1.76719;
2.32915;
3.30179;
1.37311;
2.49147;
3.14996;
2.47464;
3.40091;
5.87173;
2.5181;
3.13541;
1.73081;
3.00455;
2.21369;
4.1838;
3.86918;
2.33456;
2.72257;
2.94412;
2.64451;
2.24766;
2.41639;
1.61525;
2.84413;
3.08206;
1.74804;
3.33826;
2.24678;
2.29603;
3.09114;
2.12167;
2.55774;
2.24274;
3.57988;
2.11301;
2.66236;
2.44068;
2.52021;
1.40411;
1.47405;
1.53185;
2.07302;
3.67721;
0.806413;
3.18464;
6.26814;
1.39602;
2.17088;
2.97115;
1.92087;
1.34396;
1.71182;
1.5754;
2.17399;
2.27964;
3.12004;
2.45837;
1.49714;
2.23449;
2.74831;
2.73875;
3.91514;
2.42702;
2.36918;
2.82053;
1.78637;
1.68116;
2.34901;
4.89072;
3.35934;
1.99471;
2.58744;
1.30945;
3.04221;
2.12511;
1.48218;
1.50452;
6.06178;
2.28138;
2.41288;
2.40333;
2.61328;
2.01642;
2.21076;
2.33724;
1.8312;
3.28348;
2.32856;
3.32022;
3.67271;
1.28552;
3.75257;
2.11328;
2.42544;
1.72241;
1.86232;
6.24191;
2.1585;
2.11285;
1.8825;
0.933085;
2.25436;
1.53538;
3.57695;
2.2691;
2.93252;
2.4021;
3.14783;
4.45633;
2.0521;
2.30808;
1.53357;
1.44319;
2.26577;
1.71723;
6.26336;
2.8142;
2.5291;
2.39976;
4.35312;
1.57864;
2.03045;
2.18508;
1.7335;
2.07262;
2.10764;
3.34085;
5.79505;
2.43884;
1.46123;
2.05896;
1.21999;
4.06475;
2.17556;
1.62475;
2.02228;
3.34696;
1.27367;
2.31105;
2.05356;
2.70961;
1.07111;
3.32867;
6.77287;
1.70022;
2.1582;
2.14809;
3.28618;
1.23826;
3.28056;
1.18506;
0.799765;
6.26;
1.6334;
3.01314;
1.79513;
3.05437;
3.09386;
1.60258;
2.01437;
1.36247;
2.24959;
3.494;
0.839162;
2.30506;
2.56896;
5.98861;
1.50782;
1.68585;
3.23296;
2.46862;
2.48092;
2.8496;
1.80314;
1.32982;
2.27453;
2.24071;
2.25115;
1.91229;
2.35605;
6.09001;
5.52102;
7.09071;
1.62665;
3.1107;
2.52895;
2.39509;
2.30308;
2.58216;
0.542709;
1.83475;
1.78175;
2.13567;
1.62694;
0.586301;
2.11575;
2.86381;
1.6682;
2.56219;
1.50597;
2.27298;
3.31245;
2.33451;
2.23778;
2.04742;
2.07886;
1.89875;
2.94907;
2.03347;
2.39592;
2.06141;
3.1218;
2.03615;
2.79902;
0.943433;
1.97494;
1.87776;
1.76705;
1.44233;
2.30274;
2.76837;
1.0198;
1.55178;
1.87293;
1.43575;
2.74166;
0.873257;
1.87246;
1.14079;
3.85963;
3.55377;
3.75054;
5.65716;
2.27188;
1.50956;
2.6843;
1.22854;
5.88088;
1.6412;
2.86892;
1.48134;
2.56367;
2.05118;
2.51767;
2.28183;
2.48764;
2.34699;
1.30731;
2.00123;
2.13262;
1.50423;
2.42998;
3.77543;
2.21904;
6.283;
1.90526;
3.36624;
4.49153;
0.826626;
2.07235;
1.63022;
2.63905;
2.59938;
1.66046;
2.22531;
2.0587;
1.50798;
0.545135;
1.57139;
1.91028;
2.40109;
2.68264;
6.23599;
2.24579;
2.30711;
3.08042;
2.15302;
1.09297;
1.79727;
3.10928;
1.51533;
2.00419;
1.42556;
3.8931;
2.93518;
1.62255;
1.81537;
2.70495;
2.73408;
2.15402;
1.79974;
2.0272;
3.20862;
3.21183;
2.43037;
1.74049;
3.38263;
1.49746;
1.67307;
2.17822;
2.57884;
1.86648;
0.903224;
2.50985;
2.8254;
1.90492;
2.46781;
4.32511;
1.89005;
1.56805;
1.87208;
3.29634;
5.59162;
3.19659;
0.931412;
2.13124;
3.57873;
1.86308;
2.95579;
1.38813;
1.49852;
1.51401;
1.28636;
2.82121;
1.58638;
1.78228;
0.985566;
5.83746;
2.34778;
2.06602;
1.13954;
2.45115;
2.40361;
2.34689;
2.54707;
1.53287;
1.88729;
3.9104;
2.05717;
1.79869;
0.772138;
1.76297;
2.47798;
1.77489;
6.40082;
4.25487;
2.99897;
2.57197;
1.93409;
2.242;
2.48571;
1.39519;
2.12891;
1.37415;
4.01726;
1.65384;
3.43967;
1.44616;
1.43497;
2.46447;
2.74799;
2.04958;
1.52296;
2.41884;
1.80201;
0.596029;
1.1152;
3.27548;
3.00329;
1.49346;
1.56567;
1.49806;
3.16956;
3.23705;
4.17487;
2.31508;
1.17151;
2.6334;
0.189891;
2.76007;
2.53331;
5.82342;
3.17963;
2.67512;
0.629258;
2.96267;
3.20255;
1.61245;
1.79828;
2.07269;
2.97708;
1.85949;
2.09069;
2.57851;
2.88193;
2.4105;
4.08064;
1.23331;
2.19565;
1.76876;
1.98094;
5.63269;
1.24279;
1.09326;
2.01714;
2.52272;
2.11769;
2.45632;
2.74142;
2.08189;
2.0667;
2.00918;
1.85733;
2.1797;
2.86861;
1.82464;
3.90328;
1.4329;
3.23875;
2.01678;
0.975582;
2.1388;
5.62579;
1.85578;
4.25283;
1.63392;
2.78834;
1.10223;
1.6676;
2.74501;
1.28057;
1.54342;
1.21283;
1.3149;
0.928829;
2.96048;
1.57488;
3.72645;
1.03994;
2.48264;
2.02326;
2.34044;
2.1338;
2.20914;
3.49098;
2.16969;
1.85638;
6.49389;
1.376;
0.861254;
1.7811;
2.00664;
2.61071;
3.83533;
1.77495;
0.990795;
2.18259;
1.05529;
1.41146;
1.59603;
1.96197;
1.58927;
7.47039;
2.5375;
1.50506;
2.54373;
1.93098;
2.55132;
1.81324;
2.79885;
1.53504;
2.36064;
1.6497;
2.84564;
2.10272;
1.40527;
2.56707;
1.77874;
2.64771;
1.04282;
2.13792;
2.68988;
1.47955;
3.56742;
4.22182;
1.22927;
0.902472;
1.11561;
2.35256;
1.97348;
2.27695;
1.04813;
5.9776;
1.91234;
1.59724;
3.23701;
1.97453;
1.83141;
2.03453;
1.32589;
1.53289;
1.81719;
1.61219;
1.57984;
2.363;
1.31424;
1.22826;
1.23027;
2.42729;
2.2165;
2.46901;
2.58547;
1.01475;
1.93353;
1.44723;
1.02133;
3.23138;
1.71809;
1.64822;
1.84818;
6.00751;
1.90769;
1.52416;
2.50803;
1.94334;
0.866668;
2.78204;
2.09474;
2.06597;
1.56267;
1.17957;
2.34564;
2.92816;
1.41314;
1.80517;
2.18173;
1.74785;
3.09535;
1.63928;
2.32391;
1.83368;
2.75145;
1.73142;
2.5008;
1.92202;
2.45752;
1.22992;
2.18674;
1.60454;
0.595047;
0.429254;
1.80538;
1.96053;
1.74242;
1.23487;
2.42484;
1.86768;
5.84887;
2.31895;
1.49591;
1.95708;
2.01684;
1.08863;
2.98872;
1.35885;
1.80049;
1.31323;
2.7063;
1.2425;
2.70635;
2.06613;
2.66902;
0.522421;
1.35975;
1.41145;
2.3494;
1.71636;
2.93736;
2.4282;
2.46868;
2.0444;
3.37098;
2.16768;
1.56544;
1.66305;
3.13513;
1.65951;
5.87997;
2.80167;
3.13035;
1.27225;
1.87506;
1.43841;
1.45229;
3.12841;
1.45287;
0.917669;
1.70594;
1.57576;
1.05655;
1.37353;
2.25243;
1.94199;
1.42837;
2.0095;
0.432421;
1.82832;
2.16855;
1.14104;
1.73867;
1.70598;
2.39927;
1.40156;
3.04143;
2.40591;
1.30629;
2.49593;
1.08055;
2.39071;
1.48342;
1.45341;
0.71646;
2.06095;
1.19322;
1.0495;
5.89869;
1.7686;
1.29144;
1.41804;
2.30532;
2.31591;
1.69633;
2.26914;
2.33637;
1.77201;
1.3557;
6.18425;
1.52796;
2.03224;
1.57879;
2.15092;
2.77575;
2.12963;
2.45161;
1.29471;
1.51691;
2.32621;
1.0752;
1.58051;
0.425298;
1.47695;
1.0499;
0.743537;
2.73352;
0.907352;
1.81711;
1.6329;
1.17812;
1.16315;
1.95188;
0.205489;
2.51175;
1.20008;
1.40928;
1.65909;
1.09748;
2.14665;
2.62045;
3.05063;
5.73792;
2.06635;
2.2437;
0.999529;
1.7456;
0.849731;
0.522428;
2.14722;
3.18363;
0.655721;
1.73772;
1.67284;
5.7973;
1.44457;
1.7752;
2.709;
2.47018;
0.488145;
2.26022;
1.97321;
1.13514;
1.85933;
2.07076;
1.87233;
1.9028;
5.68491;
1.20694;
2.11785;
0.491774;
1.89424;
1.54115;
1.67463;
2.01591;
1.33973;
1.81797;
2.98891;
0.995773;
1.93833;
1.78182;
2.02662;
1.60725;
1.36657;
2.18432;
2.67011;
0.936232;
1.02431;
6.1505;
1.65416;
3.70675;
2.14818;
0.656367;
1.72935;
1.70346;
3.36987;
2.79843;
2.21012;
1.80179;
1.79326;
1.96893;
1.80712;
1.78479;
1.86952;
2.18699;
2.26832;
0.146467;
3.32319;
0.903615;
0.90928;
5.74861;
1.00115;
3.53282;
2.99193;
2.32581;
1.59626;
0.89302;
1.16321;
0.750728;
1.99059;
1.73337;
1.21641;
1.89177;
0.683246;
1.33917;
1.20245;
1.49705;
1.53965;
1.3192;
1.63424;
5.87287;
2.36928;
1.02121;
1.15152;
1.86847;
1.7337;
0.628647;
2.70158;
0.816303;
1.2702;
1.78638;
2.09429;
1.22705;
0.650198;
0.709408;
1.77387;
1.44004;
2.92827;
1.72001;
0.477155;
1.58162;
3.28153;
2.84667;
2.97547;
1.86068;
1.32792;
3.13575;
1.75696;
1.95961;
6.06233;
0.969198;
2.68425;
1.9384;
1.30507;
2.61005;
2.09626;
3.32765;
2.03138;
2.32156;
0.907554;
0.447342;
1.66968;
1.26163;
2.34683;
2.03211;
0.526216;
1.19703;
1.33356;
7.11655;
1.66443;
1.20932;
2.39058;
2.8094;
1.03488;
2.85044;
1.54925;
1.831;
1.36594;
3.71217;
2.58132;
2.00306;
1.53881;
0.776116;
3.2278;
0.95236;
0.577862;
2.35812;
1.08285;
1.19637;
1.02397;
1.83637;
4.17064;
1.6347;
3.1835;
0.9831;
2.34508;
1.57315;
2.34947;
1.36813;
1.73016;
2.30263;
1.75366;
2.40602;
1.11975;
2.72067;
1.85316;
2.65317;
1.90015;
2.43346;
2.01239;
1.85142;
0.932441;
2.69051;
1.96503;
1.20036;
1.83294;
3.16988;
1.43535;
3.44151;
2.04738;
1.95694;
2.00764;
0.688773;
0.842527;
1.86889;
2.11582;
1.85908;
2.27015;
2.18149;
1.41549;
1.15507;
6.15296;
1.50844;
2.7945;
2.53386;
1.92263;
0.217648;
0.957497;
1.33008;
2.50518;
2.04936;
1.06222;
1.20176;
1.6858;
3.09471;
1.3709;
1.51055;
1.01378;
0.396332;
1.34642;
3.67338;
1.82657;
5.93505;
1.79835;
1.90227;
0.999432;
1.40875;
1.57172;
6.42155;
1.705;
1.56055;
1.01162;
3.1597;
2.80198;
1.68143;
1.74759;
1.09139;
1.72438;
1.03168;
2.81506;
1.96165;
6.21067;
1.34621;
2.17911;
1.73268;
1.08753;
0.896909;
6.0697;
3.0867;
1.98856;
3.13715;
2.38699;
2.15734;
0.671797;
2.9731;
1.32402;
1.3891;
2.19237;
2.04172;
2.06561;
2.98311;
1.21909;
2.6388;
1.01117;
2.46328;
0.742831;
2.95802;
1.08657;
1.59808;
1.61733;
2.05361;
1.31083;
1.77912;
1.45606;
2.43953;
2.44752;
2.1168;
3.11618;
0.720961;
1.23949;
0.205312;
0.626828;
2.43558;
1.40445;
1.47506;
1.64198;
2.00739;
1.4734;
1.98172;
0.808861;
1.97527;
1.27422;
1.51899;
0.8607;
6.28317;
1.91333;
0.889908;
2.08705;
1.90301;
1.61726;
1.68881;
0.705429;
1.30384;
2.26533;
2.50815;
0.570837;
0.533735;
6.18965;
2.72357;
1.4115;
1.35498;
1.71137;
2.72484;
0.41077;
1.78732;
0.463946;
1.89925;
1.07046;
1.62171;
2.85095;
2.06811;
1.64725;
1.19185;
1.05812;
1.95977;
1.0457;
1.84664;
1.33688;
1.62788;
1.16465;
5.83361;
1.60831;
2.80626;
1.80521;
2.58704;
2.32876;
0.183676;
6.05017;
1.52275;
1.28146;
1.61564;
2.27444;
2.48744;
0.888445;
2.20136;
1.59753;
0.555116;
1.54062;
1.57762;
1.31623;
1.98778;
1.44462;
2.06661;
2.4955;
1.69154;
2.27907;
1.63889;
1.58025;
1.58986;
1.27805;
2.13756;
1.93979;
2.05452;
1.47643;
3.18761;
1.7364;
1.95567;
1.33817;
6.26504;
1.68177;
0.882466;
1.31252;
1.21146;
1.42238;
0.974404;
1.49759;
3.75073;
0.963594;
1.86067;
2.02273;
1.7756;
1.19711;
1.38422;
3.76767;
0.734068;
5.84163;
1.31737;
2.65227;
0.792517;
1.48289;
1.59124;
2.41362;
0.875852;
3.02524;
1.05904;
1.59695;
1.13744;
1.37528;
1.17979;
1.60657;
3.43623;
1.06531;
0.469301;
1.38731;
2.84951;
1.40836;
2.08284;
0.949026;
1.68327;
2.25966;
1.93954;
2.48456;
1.26495;
1.07684;
2.36532;
6.26496;
2.76904;
1.76375;
2.8155;
2.32497;
2.59395;
1.51744;
1.08244;
2.16013;
2.0876;
2.75688;
2.28989;
1.76343;
0.182272;
1.03617;
0.908214;
0.443163;
3.10537;
1.17535;
1.43298;
0.567122;
0.923224;
1.73967;
0.868771;
2.21751;
1.12381;
2.07147;
1.69508;
1.29749;
1.2097;
1.19469;
0.343479;
1.12332;
1.62934;
2.34135;
0.38534;
1.92981;
2.81713;
2.24107;
0.711698;
2.49448;
0.998815;
2.43126;
6.29661;
1.86027;
2.0873;
2.08619;
1.72565;
2.15257;
2.93695;
1.08132;
1.71801;
3.54;
1.58478;
1.72051;
0.12312;
0.408291;
2.12141;
2.62615;
2.82608;
1.13239;
1.62285;
0.95515;
1.07834;
1.5515;
1.84932;
1.2938;
0.488856;
0.480382;
1.20331;
1.69215;
1.51603;
2.77198;
1.91328;
5.8539;
1.4584;
3.2585;
1.76134;
0.175788;
1.50126;
1.1357;
1.04775;
2.67667;
3.74559;
2.52867;
1.52051;
1.07439;
0.731303;
1.68342;
6.17476;
0.838411;
1.9649;
1.16199;
2.06357;
0.717077;
1.13752;
1.74637;
2.40313;
1.8337;
1.10893;
0.549655;
2.20306;
1.66982;
2.08828;
1.69032;
1.89071;
0.873414;
1.34146;
5.92074;
2.13097;
1.15768;
0.934734;
0.151482;
0.962207;
1.34146;
1.2893;
2.06959;
1.36294;
1.49138;
6.29159;
0.680611;
6.1875;
0.465292;
0.702661;
1.91889;
1.94597;
1.24556;
3.3782;
1.36982;
2.8047;
1.19036;
2.61206;
1.82003;
1.15077;
1.43549;
0.40788;
0.600038;
1.1821;
1.18841;
1.49391;
2.09595;
0.450291;
2.43323;
3.41656;
0.490231;
1.77577;
1.08219;
1.03466;
0.858044;
0.512317;
2.03877;
1.06191;
2.11096;
0.778001;
0.749192;
1.02677;
1.15341;
0.587168;
1.28003;
1.37302;
0.192927;
2.42557;
1.75091;
1.59559;
1.44006;
1.6732;
1.0874;
1.83059;
0.869042;
1.90364;
5.88155;
2.392;
2.04028;
0.99708;
0.731333;
2.34078;
2.22009;
1.75661;
3.00867;
2.98612;
1.94119;
2.91413;
1.94722;
2.01949;
1.78441;
0.965605;
1.08746;
1.59317;
0.490749;
0.873258;
1.10393;
2.29491;
1.43035;
2.97849;
5.89848;
0.845001;
1.74816;
1.18517;
1.00258;
0.971961;
1.43446;
2.61884;
0.478239;
1.81349;
1.79864;
6.53133;
1.05842;
1.25264;
2.08296;
0.118865;
1.61705;
0.983451;
1.29518;
1.43423;
2.41851;
1.75615;
1.32746;
2.37725;
1.80314;
2.22434;
2.54384;
0.741123;
1.47008;
5.85079;
0.994366;
1.65773;
1.31126;
1.70349;
1.28807;
0.125798;
1.67876;
1.58662;
0.814927;
2.00047;
0.332832;
1.85437;
1.92211;
0.120057;
2.02151;
1.64358;
1.13319;
1.15388;
1.82321;
2.3908;
6.09455;
0.608859;
1.5751;
2.16792;
0.723596;
1.06683;
1.89549;
0.818239;
1.9043;
1.50983;
0.472102;
2.60171;
1.07979;
1.33357;
0.937001;
1.47005;
0.828932;
1.83388;
1.63598;
1.63217;
3.40198;
1.66526;
2.22133;
2.50671;
1.85066;
0.730194;
0.49076;
1.08957;
1.78769;
0.875022;
2.28358;
1.93554;
1.39884;
2.20543;
1.55609;
2.26835;
2.4057;
2.30336;
2.73023;
0.906155;
1.39485;
6.00944;
0.942339;
0.516412;
1.39922;
1.68733;
2.04354;
0.407277;
1.00342;
1.74968;
1.7748;
6.39423;
0.412855;
2.31208;
1.69945;
0.719121;
2.0983;
1.50055;
1.13681;
1.90923;
3.49456;
0.986749;
2.1209;
0.875531;
2.45128;
1.44634;
5.88557;
1.44608;
1.4761;
1.73312;
3.32178;
2.65275;
1.1176;
1.97691;
1.58914;
0.774439;
1.09937;
1.31409;
6.22506;
2.99085;
0.380114;
1.01745;
0.765187;
1.77504;
0.3816;
1.56551;
0.864814;
1.42929;
5.84539;
2.03084;
0.41853;
0.401567;
0.874441;
0.138428;
1.28267;
1.59116;
1.99437;
0.887715;
0.600739;
6.3564;
1.43741;
1.51347;
0.969146;
1.28501;
1.50536;
3.74444;
2.18048;
0.946915;
0.607419;
1.4261;
2.32128;
0.713183;
1.13696;
1.33786;
0.653945;
6.09972;
1.48445;
1.37189;
1.18095;
2.80585;
1.65181;
1.22317;
2.1092;
2.60103;
1.10861;
6.33128;
2.73161;
1.18587;
2.25576;
2.03946;
1.431;
1.86822;
1.5431;
0.193425;
2.35393;
0.698951;
1.93273;
6.33876;
1.55024;
2.141;
0.894054;
1.53135;
0.794779;
1.05988;
2.19398;
1.44712;
1.17622;
5.68585;
0.997888;
1.64497;
2.13268;
2.26465;
1.5323;
1.19063;
0.839551;
1.81029;
0.405053;
2.79697;
0.70146;
2.0843;
2.13094;
0.718627;
0.824597;
2.37016;
0.822717;
1.78748;
1.75878;
1.30957;
1.03262;
2.45957;
0.592194;
1.8776;
1.35079;
1.64109;
1.12842;
5.68727;
1.75874;
1.39845;
2.13122;
2.2001;
1.2712;
2.75873;
1.55895;
1.72324;
1.54092;
2.1179;
1.82096;
1.82663;
0.65142;
1.20445;
1.24803;
0.603266;
1.68481;
1.78438;
2.53166;
0.944988;
1.57022;
1.35096;
0.937983;
0.48961;
1.65804;
2.49551;
0.93754;
2.97612;
0.411005;
1.23666;
1.60013;
6.79095;
1.21508;
0.933035;
1.96585;
1.38465;
2.21185;
1.22783;
1.84192;
1.82945;
0.688629;
1.04234;
1.79187;
2.14974;
5.88926;
1.59997;
0.938333;
2.03004;
1.99755;
1.09393;
1.43234;
1.86166;
0.668195;
1.64676;
2.29176;
1.77473;
0.618394;
1.21371;
5.9043;
0.386791;
1.2762;
0.219039;
2.31003;
2.05965;
1.87643;
1.06803;
1.16197;
5.73287;
0.698486;
1.46536;
0.590776;
0.122421;
0.566855;
0.546398;
0.886118;
1.48929;
1.69155;
2.19243;
2.99007;
6.24805;
1.00891;
6.02674;
0.910398;
0.842602;
1.95139;
1.33018;
1.44254;
0.422929;
2.19268;
1.89049;
1.47299;
6.16132;
1.01245;
0.840258;
0.787616;
1.89698;
1.16726;
0.942205;
1.59976;
1.03241;
1.06468;
7.22475;
1.74206;
2.07827;
2.18234;
0.914831;
0.407367;
2.4805;
1.33933;
1.11406;
1.11148;
6.26947;
2.25202;
0.980737;
1.1975;
0.833681;
0.934052;
1.03302;
1.05786;
2.21268;
2.42466;
0.62663;
1.14511;
2.66149;
1.41022;
6.42449;
1.44996;
7.83235;
0.681971;
2.02191;
1.66422;
1.17227;
0.478137;
1.88959;
3.46695;
2.48134;
1.35811;
1.7414;
0.871036;
0.878819;
1.34208;
2.42271;
0.927723;
1.2101;
2.80082;
2.98011;
2.00777;
0.674965;
1.53682;
2.2029;
2.80048;
1.07743;
0.654336;
1.04445;
2.18251;
1.43939;
1.35972;
2.25709;
2.74353;
1.66484;
2.59697;
2.00843;
1.9303;
1.40633;
1.52854;
0.424433;
1.36161;
1.08428;
1.92154;
2.92033;
2.08355;
0.414979;
3.07671;
1.35248;
0.921097;
1.53025;
1.06875;
2.88907;
0.797982;
2.09162;
0.493325;
0.789693;
1.90653;
1.10071;
1.40701;
0.60059;
1.91751;
1.27188;
0.508591;
0.0845645;
0.609915;
1.09853;
1.58447;
0.954341;
2.0992;
0.967537;
2.27793;
1.38914;
1.05957;
1.1258;
6.08154;
0.838905;
1.0884;
2.25017;
2.36086;
1.13059;
1.79255;
1.07949;
1.05636;
0.755275;
0.358365;
0.345296;
1.68734;
0.533761;
0.606081;
3.02798;
1.27342;
1.55597;
2.13825;
0.119202;
1.49789;
1.99744;
0.330622;
0.738506;
0.90951;
1.02265;
0.878841;
2.09789;
1.35856;
2.37098;
1.83279;
0.619226;
6.36625;
2.80792;
0.641042;
0.866795;
5.99175;
