25.8801;
26.7775;
8.46266;
24.1818;
25.399;
28.5384;
9.98829;
24.7938;
9.04588;
27.3255;
4.409;
9.77425;
26.0022;
7.80778;
23.7906;
28.6698;
25.4694;
24.4672;
24.2294;
25.9604;
23.8386;
24.3776;
23.9668;
8.34886;
26.9849;
25.4507;
25.872;
28.7273;
8.32134;
23.0663;
27.764;
24.7573;
27.3829;
26.4794;
25.1286;
23.6366;
23.3781;
7.51828;
7.30064;
6.49316;
8.70083;
6.69442;
22.8143;
28.0571;
24.4256;
24.4799;
26.8562;
11.4927;
24.7999;
7.27943;
24.1374;
27.2009;
7.40734;
25.9067;
25.4384;
26.9829;
23.0969;
28.0393;
25.2489;
23.1071;
24.2314;
23.2883;
24.4711;
26.1628;
27.5434;
24.8075;
27.1123;
26.989;
24.8906;
27.1984;
25.1845;
22.6822;
24.5563;
5.7237;
24.5265;
27.1694;
29.173;
26.0327;
22.3334;
7.93601;
26.7062;
8.00482;
25.4819;
22.2516;
23.6854;
26.1159;
24.6106;
25.5267;
25.8156;
23.4853;
22.9827;
24.6864;
24.3796;
26.5181;
23.7803;
27.8421;
26.4705;
10.0784;
24.75;
6.7857;
25.6837;
24.6277;
26.6674;
10.7696;
24.8027;
24.865;
25.2687;
24.6336;
9.35371;
24.5853;
23.2077;
4.61056;
26.2546;
26.9428;
9.7538;
25.7048;
6.62689;
25.1622;
4.27731;
9.43382;
23.1447;
24.5774;
25.4464;
24.5683;
24.7876;
27.5051;
24.685;
23.3561;
22.9595;
22.8101;
23.227;
22.0256;
23.9918;
25.6222;
23.1544;
25.5471;
25.5913;
26.3756;
24.4362;
24.5631;
26.318;
26.8035;
27.9739;
23.8687;
25.663;
25.6262;
22.3355;
24.8671;
24.8634;
25.329;
21.4561;
23.7648;
25.9736;
23.3808;
26.1536;
26.1703;
23.9855;
27.4878;
24.6645;
25.8261;
25.0005;
24.1249;
25.7175;
24.4453;
25.682;
23.4485;
23.477;
25.6256;
23.3006;
25.939;
22.6813;
24.6877;
25.2782;
25.6938;
26.455;
24.2495;
24.249;
5.90585;
25.9362;
25.3019;
23.9981;
24.6601;
25.7202;
24.1673;
22.8535;
24.2377;
26.4798;
25.1085;
25.5708;
25.2962;
22.9541;
26.3525;
25.9376;
22.133;
21.3509;
24.891;
21.2878;
24.2657;
22.671;
24.816;
24.0277;
24.7731;
6.30507;
8.39972;
21.907;
20.291;
26.8746;
23.1026;
26.3638;
7.60493;
8.22966;
21.9111;
27.1503;
10.6366;
23.1233;
22.8191;
23.1415;
25.2897;
23.6786;
8.96683;
4.63724;
8.61848;
22.409;
25.8155;
9.63344;
26.4638;
11.8757;
26.3003;
23.316;
6.32155;
12.7781;
21.6359;
21.7033;
23.4968;
21.9596;
24.6892;
26.2364;
25.3087;
23.8024;
26.484;
24.0151;
21.6797;
24.8315;
9.98326;
25.5963;
5.99576;
22.8267;
3.51515;
7.35205;
22.987;
25.5871;
23.8743;
21.1106;
21.4833;
24.3477;
22.8808;
22.7959;
24.5628;
23.0639;
23.8707;
25.4868;
24.8625;
23.1578;
23.5384;
23.1948;
23.222;
22.0011;
25.7495;
24.1262;
23.8156;
21.8763;
22.2335;
21.7764;
23.7616;
23.1302;
21.7597;
24.1934;
22.2835;
23.5784;
25.2722;
25.9098;
26.2288;
24.084;
20.9727;
21.5505;
23.9613;
23.0439;
22.6975;
21.8824;
23.2136;
24.6051;
21.9842;
22.9483;
23.3739;
22.8214;
23.2963;
24.2703;
23.0925;
20.7631;
20.7314;
20.6068;
21.2262;
21.8053;
9.89454;
22.8543;
22.6236;
23.4351;
24.3747;
10.0877;
23.8667;
24.6869;
6.8442;
19.8149;
6.51783;
24.1586;
26.5338;
23.4551;
21.2493;
22.3382;
23.8917;
25.0076;
22.693;
24.4934;
13.0708;
24.1514;
23.2146;
21.8011;
26.8346;
9.8588;
8.77444;
10.51;
23.7444;
22.2107;
25.0919;
25.5288;
25.0544;
2.61244;
22.1084;
20.2038;
21.0294;
22.9176;
26.5829;
24.0824;
3.37245;
11.8607;
21.8708;
10.4071;
23.977;
23.3541;
24.0588;
22.9823;
23.5793;
25.0268;
25.6447;
24.4728;
22.9266;
23.1125;
22.7627;
24.7073;
25.3074;
23.9736;
23.6899;
25.2456;
22.8191;
22.8684;
23.0749;
3.44561;
8.54472;
24.4641;
23.1854;
23.3731;
22.7118;
24.6868;
22.6661;
23.5086;
25.2612;
21.3409;
24.4237;
21.6368;
8.0347;
9.7038;
22.9526;
24.4932;
7.98009;
21.4262;
21.5273;
14.3662;
19.4451;
25.2349;
21.9991;
23.1398;
21.4504;
23.6909;
24.9312;
22.7304;
2.83061;
6.16897;
20.9379;
10.4095;
23.9389;
19.8989;
7.64101;
5.90705;
7.1702;
22.5995;
23.646;
6.61816;
20.7028;
21.7533;
22.0178;
21.1868;
21.0501;
8.94012;
23.8869;
21.9881;
21.6863;
7.34967;
20.6788;
22.8559;
23.6752;
23.8556;
10.2149;
20.5781;
21.6308;
7.21919;
21.5923;
25.4521;
22.397;
20.6529;
23.482;
23.8912;
24.1775;
22.6605;
25.4012;
21.3613;
22.6494;
23.4835;
23.7516;
8.23081;
7.06037;
23.6806;
20.086;
22.802;
24.5515;
21.6916;
22.1717;
20.0936;
22.5528;
7.90303;
24.4625;
21.5109;
7.88642;
21.7345;
22.0361;
21.5425;
22.8619;
14.8766;
21.5934;
6.67655;
23.5025;
23.8845;
7.89788;
13.4736;
23.1151;
10.6547;
21.7242;
10.7605;
18.2694;
22.7331;
15.6755;
24.4652;
21.0114;
21.5661;
23.2117;
20.9369;
22.3178;
10.9582;
22.7539;
7.89938;
21.4099;
22.7064;
23.4408;
7.02929;
24.3595;
21.1854;
21.2641;
23.3939;
21.4629;
2.56104;
8.29222;
7.78295;
9.96183;
10.6607;
13.9456;
22.2288;
22.79;
13.8249;
24.4272;
23.753;
11.3782;
20.3476;
20.8448;
22.7232;
22.5515;
24.2725;
22.0014;
24.8901;
22.5131;
21.1439;
22.4784;
12.561;
11.3222;
11.8159;
18.4762;
20.9274;
22.7192;
23.2455;
23.0041;
23.6699;
20.4594;
21.8861;
19.7439;
21.5863;
21.7925;
22.0118;
19.5055;
24.5009;
20.1217;
21.6648;
20.1891;
18.1336;
20.5027;
23.7322;
21.7204;
22.7442;
7.88303;
22.8111;
23.2859;
22.6519;
22.6508;
21.5094;
21.9453;
10.4184;
19.1685;
12.2261;
23.2537;
14.6966;
22.5706;
11.1999;
23.6005;
5.19729;
23.7238;
19.6859;
23.7641;
4.89892;
9.49996;
15.2346;
20.0531;
23.0625;
6.91194;
22.5722;
23.3406;
22.1678;
21.196;
8.91767;
17.28;
22.409;
21.5544;
9.90312;
20.5792;
23.6603;
22.2873;
23.3364;
7.19662;
7.73111;
14.2476;
13.0705;
24.0315;
20.5394;
16.3305;
20.7552;
21.1938;
21.4515;
24.6634;
23.056;
21.7504;
19.0852;
22.7567;
24.9071;
22.3387;
21.4417;
17.5416;
20.1182;
20.1053;
23.163;
22.7165;
20.9799;
21.5684;
21.9645;
24.2864;
4.75741;
22.2571;
11.3288;
10.2631;
15.9157;
9.91553;
22.1375;
18.8732;
22.6482;
19.7091;
23.1351;
21.6262;
19.9583;
21.3836;
23.8829;
21.6543;
22.6022;
20.8266;
21.9248;
23.027;
20.2141;
20.9162;
19.6609;
22.2437;
23.3344;
17.558;
18.6667;
22.394;
21.5435;
22.57;
20.6753;
19.6016;
24.0043;
21.4873;
22.054;
20.8487;
20.3041;
20.3295;
6.00428;
20.1131;
23.5084;
10.1202;
22.7246;
4.30208;
20.3962;
19.4571;
20.3928;
19.6166;
21.6231;
21.6773;
8.27707;
19.2066;
19.0263;
22.442;
21.3822;
22.1455;
23.3463;
8.23141;
23.1501;
22.1307;
22.5781;
20.4255;
21.9018;
24.2659;
24.48;
24.0433;
19.8572;
22.1035;
21.5896;
21.8539;
22.9965;
21.3404;
20.5339;
20.7584;
17.5273;
11.2496;
3.70536;
22.4382;
3.27182;
23.3444;
21.5321;
23.6275;
17.2553;
19.8607;
23.2927;
19.9031;
21.3403;
17.9024;
21.2126;
21.1339;
20.7064;
21.4561;
19.9581;
22.4991;
22.1775;
21.1234;
23.4382;
23.0526;
22.3782;
7.02295;
23.2404;
21.4462;
23.5936;
20.0179;
21.0652;
22.5718;
19.3117;
21.2225;
20.9758;
20.2537;
20.8979;
19.5678;
21.8088;
19.3523;
20.4071;
22.7933;
22.5889;
18.7323;
20.4398;
20.7776;
23.6588;
21.0739;
22.6421;
22.022;
18.6625;
21.4313;
23.4892;
24.4509;
21.706;
20.5556;
24.6084;
19.2285;
20.0216;
21.1953;
23.7464;
22.2511;
20.6442;
20.2894;
20.6435;
21.0111;
21.9849;
23.1285;
22.7533;
22.8993;
20.9633;
22.4904;
20.5916;
22.8963;
20.0999;
19.9875;
23.2133;
20.3253;
21.5963;
18.7424;
23.2991;
20.8121;
21.3419;
19.2417;
22.8426;
20.1578;
21.3632;
20.7358;
23.2041;
21.8511;
23.0068;
18.2633;
18.4255;
19.1042;
19.564;
20.9546;
20.5303;
14.7108;
19.2913;
21.5481;
17.3826;
21.1424;
20.4094;
20.3624;
19.324;
15.9836;
23.4137;
7.42572;
22.4004;
22.9945;
20.8682;
18.9568;
21.6496;
22.4837;
9.23983;
23.768;
20.6573;
22.0461;
23.6613;
19.6729;
7.28222;
14.1651;
8.27968;
20.0722;
18.7071;
21.0977;
19.3527;
4.65776;
21.1571;
22.8893;
10.5626;
22.9202;
19.6013;
20.4727;
13.3179;
20.1211;
21.1389;
6.89076;
21.0231;
8.2251;
17.1434;
12.5309;
21.9041;
21.193;
15.5822;
19.6333;
15.1265;
19.0724;
20.0386;
18.392;
21.3052;
18.6209;
20.4687;
22.6475;
20.9271;
18.2959;
13.4592;
19.8032;
19.6641;
11.1513;
23.8265;
8.84217;
11.5879;
11.8067;
7.9327;
18.8197;
19.8993;
18.0897;
20.4437;
19.4827;
22.0152;
19.9285;
20.88;
22.5182;
16.5489;
18.9663;
22.4029;
22.1045;
19.625;
20.8811;
20.3403;
19.4082;
17.8028;
5.44655;
19.1768;
20.9212;
18.4128;
20.7091;
21.8492;
22.7062;
21.9545;
8.51787;
20.8033;
19.2247;
18.8417;
21.6307;
20.3472;
10.2376;
20.0723;
9.70815;
18.1776;
22.1502;
18.0453;
20.9686;
22.4282;
20.5925;
18.4313;
21.2323;
20.8576;
21.1841;
23.2176;
22.9208;
21.0369;
20.6451;
18.7168;
21.6724;
19.2757;
23.0615;
19.7269;
21.1562;
18.435;
14.313;
19.3382;
22.2153;
21.9881;
18.6863;
19.0056;
21.0399;
23.0857;
13.9192;
20.6201;
8.67521;
11.3976;
6.52859;
10.2793;
19.6004;
7.52497;
6.07407;
20.6533;
17.2957;
2.50272;
22.3867;
22.2347;
20.8968;
10.8649;
9.98635;
12.4629;
20.8369;
18.3041;
21.5456;
19.191;
21.3602;
18.5241;
20.1984;
8.58717;
19.2911;
22.3712;
7.04743;
19.9319;
18.0971;
20.1359;
21.9716;
17.0176;
20.2817;
18.4523;
21.5435;
10.6295;
20.0038;
14.8565;
17.8982;
19.3267;
14.9027;
13.5096;
7.83089;
15.9163;
20.2364;
20.6566;
22.4094;
22.7377;
18.7994;
18.6669;
17.6276;
17.3413;
22.2597;
8.11325;
18.6856;
20.4921;
19.0596;
19.1347;
19.6164;
9.39966;
21.0901;
20.4358;
18.9329;
18.9899;
21.6284;
21.7317;
12.2245;
19.8366;
19.8699;
7.89851;
13.0097;
14.8781;
11.5859;
17.3142;
22.9328;
20.1265;
18.7417;
12.7301;
11.9162;
19.729;
17.9017;
18.4826;
15.1122;
17.6619;
18.0645;
11.3157;
15.0037;
18.3251;
21.8297;
20.2621;
18.9698;
18.982;
19.6344;
21.6083;
20.3637;
20.5596;
20.2195;
16.1667;
20.2084;
9.2199;
12.9117;
22.6292;
20.7044;
21.282;
12.8642;
19.5676;
20.4585;
20.9579;
19.8612;
21.4568;
17.9819;
17.7266;
18.8174;
19.8482;
21.4558;
20.1486;
23.8567;
19.931;
19.9433;
21.8039;
21.4646;
20.8691;
6.27845;
18.8981;
21.9993;
19.6931;
17.8566;
19.0932;
20.8695;
21.3041;
11.193;
15.9522;
20.7508;
19.8763;
19.748;
16.1925;
11.0854;
17.6932;
15.3229;
13.0863;
13.8927;
19.2666;
21.2012;
8.6129;
18.2841;
19.4271;
20.3913;
18.1205;
17.4866;
19.6893;
22.0644;
17.4656;
22.5731;
10.5126;
13.1945;
20.8577;
17.6884;
20.8282;
18.5909;
22.0477;
18.681;
21.5576;
19.5306;
10.9169;
14.1074;
18.4654;
19.257;
20.0813;
18.3663;
20.873;
19.2116;
17.3729;
19.3468;
21.3629;
21.3872;
20.8916;
19.1333;
19.527;
18.7494;
19.4012;
18.7155;
19.9857;
20.9593;
20.3548;
16.8622;
21.3264;
17.9424;
19.8273;
15.6669;
8.91672;
18.047;
14.6635;
9.83164;
16.8396;
15.8222;
20.3779;
5.60797;
18.1973;
18.6438;
18.3233;
20.0938;
19.1103;
20.4303;
20.3915;
17.6984;
20.2878;
13.2346;
18.5545;
17.3583;
20.3056;
19.2035;
18.3223;
11.7355;
17.1105;
15.5029;
20.4372;
18.9497;
17.9507;
22.1812;
17.5567;
9.55722;
20.1682;
20.9372;
20.1064;
17.1268;
17.3186;
18.974;
16.0378;
17.3004;
21.0166;
20.9895;
20.1024;
21.9707;
20.5951;
18.1735;
17.802;
20.0648;
19.3211;
19.0832;
17.3261;
19.9758;
20.2809;
19.5589;
18.4015;
8.06324;
6.86981;
19.4343;
13.0871;
11.6104;
21.413;
19.7308;
20.3485;
9.57526;
21.5161;
9.05356;
18.3263;
7.92402;
19.9516;
11.0729;
20.6557;
10.4236;
11.8115;
21.5248;
10.1601;
13.976;
19.4917;
20.3444;
18.8754;
18.7436;
18.5058;
14.7164;
19.7347;
20.9136;
19.1711;
18.1089;
19.0063;
14.8012;
18.117;
20.3716;
20.9486;
19.2381;
19.4909;
21.4122;
19.195;
17.1039;
20.6728;
19.7274;
18.8502;
17.6408;
19.7754;
14.6627;
15.3689;
21.242;
16.8024;
19.4282;
18.6265;
11.9025;
10.3138;
12.2068;
18.268;
14.5265;
18.5002;
19.1163;
19.7332;
16.3651;
19.547;
12.5787;
16.7351;
20.6217;
21.3353;
16.1418;
17.5449;
20.6625;
16.7864;
16.0289;
21.6296;
17.0839;
16.7963;
17.3519;
18.4053;
16.2196;
20.6766;
17.108;
18.9576;
16.5198;
15.8639;
16.5679;
20.6598;
17.4195;
19.0565;
19.0237;
7.99017;
17.0722;
17.4498;
17.6341;
15.4292;
18.5545;
19.5189;
18.5592;
20.6167;
20.4534;
17.9362;
17.5864;
18.3984;
17.8111;
18.4138;
17.6489;
17.5576;
14.2654;
13.3181;
21.3926;
17.5869;
16.1436;
15.3866;
17.6648;
18.792;
20.6107;
19.1683;
17.5398;
21.9685;
19.8432;
18.3352;
17.4832;
17.7631;
19.7418;
18.383;
8.28971;
20.9281;
15.6549;
21.0023;
20.4455;
17.9897;
18.0615;
15.8876;
16.4624;
17.804;
17.7279;
18.3179;
16.8771;
19.8323;
17.0003;
19.8738;
18.2217;
17.199;
17.4563;
11.045;
17.398;
19.2745;
17.5037;
11.1542;
8.44346;
13.7716;
6.54665;
19.8468;
4.98911;
16.9188;
18.9463;
12.3563;
20.3922;
19.5933;
16.0077;
19.5373;
18.9505;
19.0517;
17.6933;
19.1064;
16.9172;
19.348;
16.2824;
13.468;
13.1813;
16.927;
8.66492;
18.2285;
17.5574;
16.3859;
17.6395;
19.1059;
18.7624;
17.7927;
5.08464;
16.4113;
18.0256;
6.61323;
17.1335;
10.7225;
11.7686;
20.6143;
18.4489;
18.0809;
6.7502;
17.8819;
18.8146;
10.7247;
17.5804;
9.35258;
16.6726;
13.0957;
10.5188;
17.8611;
13.9138;
17.4548;
13.1406;
7.60636;
16.7631;
17.0547;
15.9527;
17.7211;
17.9639;
17.4179;
15.2142;
17.2487;
10.3298;
19.1198;
7.66015;
16.5542;
18.1589;
12.8836;
19.0628;
18.9808;
16.3274;
17.0657;
20.0495;
20.4032;
18.8899;
17.227;
17.7385;
15.923;
19.6172;
19.9434;
16.3968;
18.8842;
15.6304;
18.6598;
18.7052;
19.1962;
16.9331;
18.1334;
19.4461;
15.9551;
18.0653;
16.5993;
20.8107;
7.32514;
16.7722;
18.2785;
18.9811;
16.4864;
17.3655;
17.489;
16.0508;
18.1858;
17.3722;
15.9161;
16.0169;
18.3919;
16.0449;
16.0993;
19.7051;
19.7393;
19.2912;
18.1198;
17.3351;
18.1442;
15.872;
17.5294;
20.3973;
17.1687;
18.72;
16.4917;
19.1642;
18.5075;
18.2138;
16.1502;
20.454;
18.2202;
16.0271;
16.2761;
18.3;
16.009;
17.2254;
16.6523;
19.9319;
17.5808;
18.6004;
18.8997;
17.8917;
17.5505;
19.7068;
18.574;
18.3223;
16.0847;
15.2595;
14.9422;
15.7812;
16.4861;
17.0112;
14.7601;
18.9611;
17.6344;
5.42895;
17.4897;
15.4052;
16.5557;
10.6111;
19.2912;
19.4062;
16.6755;
19.4821;
18.5004;
18.2032;
16.4189;
18.9735;
16.4714;
12.8094;
16.9485;
11.2996;
7.29547;
10.3966;
13.7007;
8.15789;
19.3355;
13.9944;
16.1266;
18.7134;
17.3011;
17.7403;
19.131;
20.0256;
19.053;
18.4142;
11.9253;
9.54507;
7.02916;
17.2267;
16.3738;
19.0845;
16.617;
18.6688;
19.9039;
18.1203;
19.2854;
18.3965;
18.7987;
17.6121;
17.4788;
19.4189;
16.3357;
16.0593;
17.4521;
17.4245;
18.5704;
16.2904;
18.0062;
14.5072;
17.935;
16.7516;
19.3294;
17.3326;
18.4638;
16.633;
20.1836;
16.9641;
16.6861;
17.728;
15.0278;
16.6703;
17.5816;
16.8866;
17.7919;
18.455;
16.4348;
14.1175;
17.7586;
19.1547;
17.6097;
16.6474;
17.918;
17.7215;
4.94559;
20.0469;
12.3041;
18.0831;
15.4227;
15.0682;
18.9931;
17.532;
16.1518;
18.4761;
19.054;
20.6765;
17.7142;
18.3661;
20.2928;
17.6872;
19.6468;
18.8893;
14.6584;
19.6108;
16.7053;
19.5509;
17.3627;
16.7153;
15.9796;
16.0864;
16.5918;
15.1343;
17.9265;
14.8168;
17.7307;
16.2159;
16.0572;
13.9727;
17.7246;
14.5038;
17.7601;
14.8715;
18.6954;
17.0009;
10.0708;
18.4657;
15.005;
17.3846;
10.3412;
13.4626;
14.222;
12.3832;
15.4229;
18.5742;
20.3896;
16.7945;
8.51954;
17.903;
18.8516;
11.4363;
19.8033;
18.0286;
9.72015;
10.9256;
16.2809;
15.2703;
16.0637;
10.5402;
19.3879;
14.6613;
17.539;
16.1816;
20.4471;
17.4411;
18.5223;
17.5111;
15.0722;
12.8726;
17.3584;
9.32463;
15.3391;
15.9891;
16.0383;
19.131;
15.6572;
18.0352;
17.131;
16.347;
18.0221;
16.3828;
17.1587;
17.6859;
16.3742;
18.2616;
14.9499;
16.3743;
14.7514;
18.7903;
16.951;
19.8196;
19.8452;
16.4088;
16.2173;
17.4275;
14.5135;
18.6728;
15.733;
16.7506;
15.302;
16.8541;
16.2111;
15.5198;
17.206;
16.2797;
15.4684;
16.8866;
12.7573;
16.4436;
18.6051;
17.928;
15.8133;
13.706;
15.5445;
17.6441;
17.7237;
16.9698;
19.0344;
18.0608;
11.3113;
18.7849;
15.7381;
17.5328;
15.4813;
16.0095;
15.5723;
17.0841;
14.782;
16.5707;
11.3618;
17.2859;
13.8989;
17.2146;
8.49909;
13.519;
16.5772;
13.4652;
17.0257;
16.8153;
17.8462;
15.7512;
15.8436;
17.4716;
12.4421;
17.9496;
15.7949;
17.4971;
18.1823;
15.137;
14.3963;
19.0182;
15.6262;
13.3765;
17.4263;
19.3088;
19.1648;
17.3569;
11.495;
15.8616;
18.798;
13.8714;
14.2638;
15.678;
19.3741;
14.0209;
18.6785;
17.8254;
14.4046;
19.4106;
16.3445;
18.8239;
17.163;
20.1733;
18.1094;
18.5573;
5.55013;
18.1271;
12.2941;
17.6367;
13.6973;
15.387;
21.853;
14.5965;
16.8232;
17.9902;
17.4627;
17.1227;
18.3542;
9.52746;
16.5994;
12.2937;
20.16;
11.5018;
13.0313;
18.9459;
17.6072;
13.9636;
9.47594;
14.6965;
17.4466;
17.029;
16.5003;
18.4508;
9.85331;
17.7715;
8.70466;
25.1174;
17.1169;
11.8905;
18.0391;
16.0284;
15.4804;
16.8504;
18.3465;
12.729;
18.3732;
16.9432;
16.5601;
11.5364;
14.8062;
17.7194;
17.3072;
11.7496;
16.2572;
16.1106;
17.6278;
9.70867;
16.749;
16.0411;
13.0535;
17.0657;
12.3649;
17.5403;
17.7391;
14.2298;
9.98303;
16.7034;
18.9358;
16.8252;
14.8837;
15.8227;
15.2478;
14.6474;
15.8513;
11.5503;
15.4718;
15.9808;
11.2725;
15.132;
18.5553;
17.1605;
14.0531;
17.267;
12.982;
11.4318;
12.2509;
16.1189;
12.1248;
11.6626;
16.9929;
15.1488;
17.9639;
14.7396;
13.9968;
16.863;
19.6463;
16.2561;
17.8332;
18.4326;
15.2431;
16.3711;
17.4336;
18.3442;
14.079;
17.5023;
17.2672;
14.8462;
17.5862;
15.179;
16.7018;
17.0963;
16.4055;
15.017;
15.8498;
15.828;
15.2458;
16.3692;
14.4813;
11.4671;
17.7783;
15.214;
16.5142;
15.6508;
10.8296;
17.4475;
17.0741;
17.8095;
15.9824;
16.6275;
15.0898;
16.084;
16.8031;
16.6368;
11.7355;
18.189;
17.9817;
17.0826;
9.71944;
10.2187;
15.0625;
16.4056;
21.3434;
10.6533;
21.4083;
16.3506;
16.8526;
16.6875;
16.198;
29.9731;
18.8225;
17.6714;
16.3388;
11.9785;
17.823;
18.1042;
15.5749;
16.6689;
14.4507;
16.0032;
15.7877;
16.6093;
15.965;
17.8026;
17.8132;
13.2326;
17.3632;
16.1841;
18.1187;
13.3919;
18.2568;
13.1318;
14.1278;
16.1751;
19.3584;
17.4136;
14.228;
15.7607;
17.2208;
15.251;
10.855;
16.783;
15.6608;
15.0221;
14.0229;
13.574;
15.1714;
12.7587;
16.9228;
15.4729;
16.2642;
15.1981;
15.7721;
15.6067;
13.182;
15.6106;
17.0618;
14.014;
15.6431;
13.4803;
14.1253;
17.3456;
16.5256;
16.166;
15.1569;
17.9153;
20.1589;
16.6504;
24.2117;
15.8057;
16.9479;
18.0646;
20.9324;
17.716;
16.3086;
14.5041;
18.2821;
12.2156;
17.6344;
15.8493;
16.2431;
15.435;
15.9264;
16.5336;
17.6063;
14.938;
18.1105;
15.3478;
15.8793;
16.4922;
17.2005;
17.7497;
14.2025;
15.3336;
17.4378;
21.8009;
17.267;
16.5984;
16.3874;
18.7414;
12.4369;
16.9085;
15.3705;
15.5668;
11.8287;
15.3251;
9.7461;
16.3672;
11.3483;
12.3967;
20.6823;
14.4177;
15.3351;
17.2795;
15.695;
16.194;
15.2403;
18.6378;
18.6185;
13.9377;
17.4717;
17.1605;
15.7914;
19.0947;
15.9025;
18.4901;
15.649;
16.1129;
14.2557;
16.3344;
18.0102;
16.5878;
24.2981;
15.3471;
26.8533;
17.9459;
17.1977;
12.6084;
16.3677;
16.3313;
18.0669;
16.1736;
17.7945;
17.2534;
15.7107;
14.6485;
15.6498;
14.3953;
16.34;
14.7747;
16.7461;
17.9414;
15.1486;
15.6183;
14.6179;
16.1738;
17.8886;
15.3741;
15.9968;
14.6662;
16.2425;
16.6546;
14.899;
15.4734;
16.5959;
11.0377;
14.5876;
18.8692;
20.6953;
21.4963;
14.3393;
16.1396;
16.4579;
14.4219;
13.5534;
12.4494;
16.3527;
10.0532;
22.261;
18.1206;
17.8022;
16.6505;
16.7465;
9.59054;
15.135;
14.7374;
17.8747;
16.0887;
16.4317;
17.6442;
15.6157;
18.1222;
14.2255;
13.32;
13.3838;
15.2741;
16.1986;
14.3015;
17.0826;
17.6166;
9.6154;
14.0414;
14.1948;
16.5185;
15.7373;
15.1203;
17.8622;
15.9165;
19.0039;
17.5343;
15.1417;
16.838;
13.5992;
12.2427;
26.3953;
14.7304;
18.3553;
19.87;
17.317;
18.4418;
16.197;
17.1634;
15.0324;
13.8282;
13.602;
16.4927;
18.6859;
17.6512;
15.1919;
16.0474;
15.0833;
16.2691;
17.2669;
18.4622;
14.4773;
16.7987;
17.412;
16.3888;
15.9688;
16.1566;
16.6257;
16.1711;
17.603;
17.4577;
17.7958;
17.4789;
16.4341;
16.9271;
14.1853;
16.2767;
8.91862;
13.7264;
17.7818;
19.1747;
13.8459;
22.0145;
17.9404;
14.3861;
21.0226;
16.4688;
15.6879;
19.8821;
10.9721;
16.198;
16.6924;
13.024;
17.2984;
17.4984;
17.0375;
13.7881;
16.6572;
15.7224;
11.5867;
17.6856;
16.5482;
18.4696;
16.0791;
16.237;
16.2285;
16.2455;
19.2666;
15.9062;
14.1628;
13.3095;
17.0855;
14.872;
15.7923;
14.8287;
18.7918;
14.4986;
13.8464;
14.4423;
17.1103;
14.4158;
14.2634;
15.4285;
16.0665;
13.4374;
20.2064;
18.4641;
19.0779;
16.9967;
15.415;
22.223;
13.8542;
16.3361;
16.073;
18.1905;
11.8818;
16.0758;
13.4936;
20.8975;
16.2005;
10.7699;
16.6334;
17.8639;
17.6887;
10.5406;
17.3486;
20.1647;
17.7676;
14.4388;
16.5443;
13.0243;
17.0291;
14.7577;
16.0002;
11.9317;
17.3269;
16.3423;
12.5238;
18.7731;
16.8436;
15.2635;
15.7395;
27.1768;
22.6164;
11.5195;
15.0878;
10.703;
16.1729;
13.4981;
16.6472;
13.9922;
22.8513;
17.2551;
19.5824;
18.6605;
24.5652;
16.2586;
19.3505;
17.9771;
14.4091;
13.9866;
21.9446;
14.9593;
16.1307;
15.0905;
12.6756;
18.5274;
18.3289;
17.1781;
18.9756;
15.1184;
16.9303;
22.1797;
24.0321;
16.0319;
14.3427;
14.6321;
14.4933;
17.4708;
13.9615;
16.4341;
18.7402;
17.7148;
22.1756;
16.3761;
22.926;
15.7657;
18.0414;
16.5157;
17.5631;
24.6498;
14.4975;
14.9663;
16.0502;
16.051;
15.4642;
16.0217;
14.6778;
17.7339;
19.2686;
15.8996;
17.7938;
15.0437;
12.9169;
15.8788;
18.6952;
16.7835;
12.9552;
14.4994;
16.0393;
16.2968;
9.90944;
16.6776;
16.6148;
15.9414;
18.1772;
16.2935;
15.0739;
15.3306;
17.378;
17.4642;
15.2836;
15.3582;
18.0245;
24.4603;
18.8375;
19.0922;
15.0611;
16.5404;
18.1215;
10.9231;
17.7616;
15.9797;
15.6246;
15.0439;
15.9936;
17.2518;
16.5022;
14.9438;
14.6907;
16.2073;
18.6546;
18.5687;
16.6641;
17.5178;
16.333;
17.2883;
15.8545;
14.212;
17.731;
17.5168;
17.276;
14.2556;
14.1253;
17.8143;
16.1922;
18.6886;
20.7731;
13.8056;
17.0918;
14.7423;
9.68152;
13.149;
15.7337;
14.4234;
17.7769;
14.9325;
15.62;
18.6983;
15.4412;
23.7068;
15.8615;
13.5555;
13.5734;
13.5288;
16.4945;
16.6381;
22.1143;
13.0265;
16.7616;
21.8196;
16.7424;
15.9126;
15.5004;
16.1027;
14.3213;
15.3795;
18.9715;
16.6279;
16.0002;
14.0321;
14.6033;
16.8669;
15.2916;
15.9742;
14.9115;
15.6892;
17.7859;
16.623;
24.1057;
15.8738;
18.6781;
17.2837;
13.2296;
21.8593;
16.5058;
19.09;
12.7425;
14.3216;
13.9336;
16.1523;
16.0054;
15.8885;
14.7872;
17.9156;
18.6068;
12.0961;
18.4146;
13.5861;
15.9572;
19.2361;
14.184;
16.2063;
18.4252;
24.363;
15.0907;
16.7433;
17.9643;
17.7612;
17.8729;
18.1891;
15.0764;
16.1308;
19.7461;
17.1923;
15.4459;
13.65;
14.686;
16.6839;
22.7312;
17.2696;
16.4961;
19.1524;
21.6024;
16.5001;
12.8992;
17.8185;
16.2077;
12.4829;
17.239;
13.0244;
19.262;
15.6116;
30.6263;
15.1478;
19.9284;
15.9701;
21.1064;
18.1959;
16.3523;
14.6482;
13.6611;
15.1149;
15.2919;
20.3566;
14.8467;
15.6952;
18.5772;
14.4781;
21.5352;
22.5094;
18.7243;
14.6473;
17.0403;
13.2366;
13.2086;
10.3355;
15.7176;
18.9317;
14.9537;
15.9205;
18.5842;
20.9022;
16.8071;
15.2467;
19.4247;
16.0122;
15.4939;
15.4536;
14.4249;
16.6658;
15.3527;
21.8519;
13.0509;
14.1005;
13.1154;
13.594;
9.46555;
14.1916;
14.2269;
21.0539;
15.8544;
17.9196;
13.4075;
15.8592;
14.4737;
13.6554;
12.8861;
13.938;
14.5117;
14.1345;
19.2842;
14.5873;
11.4671;
16.2862;
14.6185;
17.5601;
15.7086;
18.9973;
14.7837;
12.5581;
21.9407;
14.0772;
19.808;
20.8304;
14.8998;
21.7302;
17.6463;
14.2371;
15.1322;
16.6836;
14.698;
15.8246;
18.2821;
14.7121;
15.5498;
12.3343;
13.9319;
16.045;
17.349;
17.4727;
15.4513;
15.4003;
17.4014;
21.8898;
14.8936;
15.4457;
15.1851;
14.4286;
12.5841;
29.7473;
15.3703;
15.212;
14.2391;
22.0081;
15.7531;
16.422;
17.3125;
16.4779;
17.4529;
14.2322;
13.0738;
14.5064;
15.3978;
14.7634;
14.1061;
16.0725;
16.0002;
14.1307;
13.3907;
15.6645;
14.9821;
14.2154;
18.1541;
17.7311;
14.9624;
14.8189;
15.6671;
22.1589;
16.9049;
14.4039;
12.5629;
14.3886;
20.1604;
14.2155;
24.1677;
21.2511;
21.9727;
14.3535;
13.2692;
14.0125;
13.7126;
20.883;
14.5659;
16.669;
16.1926;
15.7662;
14.6258;
14.4709;
17.949;
14.9073;
15.709;
13.6773;
14.7202;
15.5047;
12.4713;
15.3369;
15.6288;
22.6692;
23.2825;
15.2638;
14.7418;
24.4366;
14.358;
14.3052;
13.8256;
13.5622;
15.3539;
15.2976;
15.3444;
15.1269;
14.1444;
13.9977;
13.8169;
20.6928;
25.2864;
12.127;
18.4028;
15.1566;
13.039;
16.9046;
14.6124;
12.1809;
21.2046;
14.118;
15.7496;
14.6694;
15.7462;
16.9206;
20.3171;
15.3997;
17.6355;
19.7858;
15.3683;
15.4269;
15.126;
12.7074;
23.5225;
15.0954;
12.6031;
14.2829;
14.4465;
16.4385;
15.1613;
13.6854;
14.5316;
18.3562;
16.2608;
14.5587;
13.5463;
15.1477;
12.5068;
15.7965;
13.9341;
16.6866;
16.0865;
14.2378;
15.8629;
17.2632;
15.1034;
13.5831;
15.7538;
17.7662;
16.5081;
12.4871;
15.4015;
16.101;
14.5782;
17.4383;
15.8988;
14.8769;
16.1185;
14.1807;
13.5324;
18.4538;
16.9847;
14.9334;
22.0738;
14.6939;
12.2964;
13.5887;
22.9464;
18.2073;
26.0635;
14.1308;
13.9843;
13.9644;
18.8377;
16.6826;
14.0548;
18.9352;
19.4567;
12.496;
18.0915;
12.9837;
14.5135;
14.4343;
25.1948;
15.4953;
14.9697;
12.6633;
13.0294;
15.7527;
14.8955;
14.6714;
16.9619;
16.3235;
15.3855;
18.7579;
16.4934;
14.5836;
15.4942;
15.2321;
15.0307;
13.006;
14.5274;
15.9795;
12.7286;
14.6474;
12.9979;
17.8448;
13.6598;
14.8314;
20.6014;
17.5998;
23.9307;
14.9911;
15.3194;
15.2145;
15.784;
15.5692;
14.2347;
17.3842;
18.6642;
14.3573;
14.0706;
14.295;
14.0262;
12.2868;
12.8733;
13.299;
17.1223;
14.2478;
16.6404;
13.44;
14.85;
11.8266;
14.986;
22.8636;
15.5361;
14.4523;
13.166;
14.2166;
15.5052;
15.1482;
14.5562;
15.5228;
20.4844;
12.6921;
14.0966;
14.5127;
11.849;
20.6036;
15.2694;
15.4991;
13.9305;
15.6926;
15.7351;
18.6972;
13.0015;
20.2807;
17.4458;
25.0391;
16.4088;
15.1135;
17.821;
15.1776;
12.8817;
15.7003;
15.1959;
15.1808;
16.8096;
23.4484;
14.2278;
15.1101;
17.1312;
24.2311;
16.3403;
14.7615;
15.0275;
16.7628;
15.3277;
14.5223;
17.9579;
17.5471;
16.1806;
11.8807;
15.4931;
15.0497;
14.3452;
14.1082;
14.9487;
16.4027;
14.0906;
13.8079;
16.4456;
14.6847;
16.4379;
12.9903;
14.9322;
10.5173;
14.7604;
14.9965;
15.3036;
20.2671;
12.8901;
12.1898;
12.3048;
14.1683;
20.0322;
22.2315;
23.4641;
19.8792;
15.9642;
15.6902;
16.0182;
15.7593;
14.6196;
15.3524;
18.4453;
17.2365;
16.2107;
15.0709;
15.94;
19.128;
14.5154;
11.2847;
15.3002;
12.9082;
13.5465;
13.3164;
16.0282;
15.3548;
12.783;
14.2696;
12.9231;
16.0056;
14.8115;
16.1573;
13.1099;
15.711;
13.3855;
13.7504;
12.4997;
13.036;
15.4886;
11.4221;
14.4276;
12.6746;
16.732;
20.7233;
15.1001;
15.4691;
17.6941;
11.9778;
13.6425;
13.1465;
12.1428;
13.9234;
17.0153;
19.2894;
23.186;
14.5937;
16.5655;
15.7121;
17.8138;
12.5077;
28.3799;
24.1035;
15.1425;
12.4738;
16.6144;
21.3687;
14.2354;
14.8645;
13.0122;
11.7128;
15.7177;
15.4932;
15.5568;
15.4909;
15.7599;
12.4951;
15.9205;
15.4876;
20.2867;
11.9059;
15.1771;
19.4657;
24.3738;
25.8079;
12.7682;
30.8616;
15.5199;
23.4308;
13.0921;
13.5969;
10.862;
15.7427;
12.7651;
15.718;
20.3609;
19.2292;
16.4269;
12.4448;
28.138;
14.5932;
14.8512;
20.7622;
14.7211;
15.5839;
17.5872;
15.1559;
16.5057;
21.5632;
11.9549;
15.807;
20.4152;
15.504;
15.4161;
15.0115;
19.1262;
14.0025;
22.1946;
20.9004;
15.7902;
16.6664;
12.6726;
12.218;
14.211;
14.7146;
15.7084;
15.5625;
14.6742;
15.7237;
12.4181;
15.3466;
13.577;
15.8471;
15.1007;
15.4857;
16.8365;
13.4101;
15.7334;
14.473;
19.8083;
12.7052;
23.7628;
14.4646;
14.4171;
15.6649;
14.8252;
14.1596;
13.6566;
13.0379;
14.7825;
13.2979;
20.9475;
15.6959;
13.8044;
16.8895;
24.1899;
16.9471;
12.1901;
29.3621;
17.3267;
8.63061;
14.9443;
14.9137;
13.6908;
15.9936;
14.6787;
14.4281;
16.3972;
13.4348;
14.3295;
12.5494;
14.4476;
13.6552;
15.9502;
12.8833;
18.9208;
15.4855;
22.9799;
18.5868;
24.5984;
12.9701;
13.1377;
15.3238;
16.1269;
22.068;
15.0439;
14.0746;
12.589;
14.5154;
16.3786;
25.63;
13.1215;
16.4591;
13.977;
13.8977;
22.5676;
18.6747;
16.5179;
18.4343;
20.6754;
20.4212;
13.7695;
16.6017;
21.9729;
19.6579;
15.5375;
26.3625;
10.0081;
16.2901;
14.4428;
22.8645;
15.9818;
19.4736;
15.5896;
13.8151;
15.2145;
17.4283;
12.6512;
14.5662;
14.53;
11.6953;
23.0994;
13.5601;
18.536;
15.3656;
14.3629;
14.3659;
13.3832;
19.6539;
23.2448;
14.1542;
14.0031;
11.7035;
17.708;
22.4833;
32.0145;
16.0925;
13.9737;
13.5425;
15.1797;
20.4269;
14.2748;
15.6249;
14.8254;
14.2782;
13.4494;
15.1471;
17.3654;
22.3596;
18.7649;
25.2587;
14.3767;
19.3603;
13.326;
15.0937;
16.2172;
15.2299;
16.5062;
14.4304;
14.1763;
14.1429;
12.4394;
14.3471;
16.3018;
16.8859;
22.07;
13.6949;
12.2199;
12.63;
13.6611;
13.4895;
12.5976;
13.7744;
15.6867;
13.0681;
16.5225;
15.7877;
14.6762;
15.3731;
15.1542;
14.3672;
16.8275;
16.3231;
13.8775;
13.0133;
13.2412;
13.7052;
16.4961;
24.1421;
14.3139;
17.2467;
15.9454;
16.5012;
18.0053;
14.2581;
14.4843;
16.2636;
13.9292;
13.6809;
16.3298;
20.8481;
15.4676;
19.7727;
14.7135;
16.898;
15.8135;
12.9829;
12.3244;
14.3338;
14.3211;
11.7803;
13.78;
14.4152;
15.9132;
15.646;
14.2915;
13.4669;
14.5447;
14.559;
18.6035;
15.69;
15.7123;
15.1174;
15.8827;
15.5835;
20.4096;
27.0064;
16.2985;
15.2283;
13.1844;
11.9119;
15.9521;
29.3777;
13.4055;
15.8078;
16.1753;
12.9441;
18.9956;
15.2058;
19.6112;
14.4089;
14.7116;
13.7343;
13.8299;
13.4227;
17.493;
12.4495;
15.3335;
14.167;
15.5261;
16.6944;
14.1741;
14.8853;
18.9145;
19.234;
12.6874;
15.9152;
14.2217;
21.115;
23.4657;
26.9207;
15.414;
19.5726;
9.48338;
12.6022;
14.9955;
14.654;
12.5464;
13.7285;
15.1052;
12.6609;
14.1011;
14.7413;
15.1447;
14.5638;
16.0816;
23.6873;
15.4516;
13.9189;
11.3136;
16.2427;
12.9001;
22.8209;
11.406;
14.5641;
21.1048;
16.4365;
14.6361;
15.4849;
24.5462;
12.8818;
21.0375;
14.1066;
12.6525;
22.5405;
15.1127;
29.3134;
23.921;
28.4894;
20.7885;
19.4093;
23.4522;
12.9661;
14.2469;
26.6483;
16.0758;
14.4652;
16.4064;
13.1969;
15.2731;
16.1012;
13.8658;
14.0242;
16.0794;
15.5905;
16.1733;
15.1182;
17.4444;
15.0884;
24.4476;
19.1167;
16.7781;
15.9632;
15.4362;
15.4617;
11.5174;
20.7729;
16.4292;
22.7231;
18.3671;
19.8141;
15.2214;
14.0044;
27.6199;
11.9096;
13.9381;
15.3059;
11.6988;
16.2164;
14.5833;
13.4488;
13.0914;
13.4106;
15.6427;
14.9227;
14.0783;
15.2733;
14.1102;
15.0485;
16.1799;
13.7308;
12.4182;
12.9479;
12.8657;
21.4826;
12.4583;
16.9168;
13.9045;
13.0672;
14.3355;
15.8302;
13.9622;
16.2142;
13.6184;
18.869;
18.7139;
18.9569;
12.4234;
12.3927;
10.8057;
14.5234;
14.2698;
18.7831;
23.0292;
20.9952;
13.0808;
14.6189;
16.0578;
14.4746;
14.7685;
14.7493;
15.791;
15.2342;
14.0167;
22.5026;
22.1365;
16.415;
12.9387;
24.9823;
12.8171;
19.9686;
26.6481;
24.9782;
13.2758;
13.7998;
15.4928;
15.8326;
13.935;
27.3694;
19.0106;
16.8616;
17.9114;
14.1125;
14.6764;
14.0957;
13.8828;
11.5416;
13.2579;
15.0128;
13.0402;
15.6566;
28.2617;
12.7758;
15.2078;
12.858;
13.5196;
12.1633;
15.3199;
14.1205;
19.0748;
13.3996;
16.9325;
20.6797;
17.8809;
14.4902;
17.2798;
16.4231;
13.1617;
36.1359;
14.6868;
22.8584;
18.0979;
27.6619;
11.8562;
21.0961;
14.0126;
15.4195;
16.6799;
28.5;
12.9694;
14.5884;
15.943;
15.0282;
12.7207;
19.0777;
12.3936;
10.0218;
14.1054;
13.5351;
14.6279;
12.0349;
15.6694;
29.0053;
12.5429;
19.8819;
27.6833;
12.8099;
14.1156;
13.5663;
13.7323;
21.6823;
22.3654;
14.6882;
16.2012;
13.7912;
21.3622;
14.0919;
15.6351;
13.2709;
12.1458;
13.6098;
13.8668;
12.4522;
14.194;
15.6731;
15.0748;
13.7692;
13.2598;
13.3382;
13.6818;
13.1057;
13.3477;
14.0855;
13.5772;
12.9527;
20.2024;
12.2377;
19.5249;
19.4788;
14.6786;
20.7891;
26.5302;
13.2352;
21.792;
18.4486;
13.5234;
12.8915;
13.3637;
14.0938;
17.1342;
17.6124;
17.3762;
21.6825;
14.3614;
24.8072;
14.3115;
17.1668;
11.6828;
22.0893;
15.9187;
17.1528;
12.2925;
22.195;
14.2785;
14.5681;
10.3413;
13.1685;
14.483;
14.2391;
14.3037;
23.3113;
21.8434;
12.5759;
18.5354;
14.7643;
16.43;
14.8971;
24.8919;
12.9535;
13.8169;
15.6401;
24.4559;
13.4398;
18.6672;
25.4684;
23.4067;
12.0309;
11.8495;
14.7077;
14.6938;
16.0684;
15.5348;
14.0828;
14.2794;
29.3433;
24.7364;
12.0332;
31.0403;
15.1161;
18.7455;
26.0963;
12.8086;
23.6116;
27.1059;
23.664;
25.8375;
13.1766;
13.759;
13.2598;
14.6091;
13.9757;
12.8333;
12.9937;
11.734;
12.8172;
13.5366;
13.4617;
14.4385;
14.8747;
13.0252;
12.6741;
12.8323;
15.3392;
16.1579;
16.4053;
20.1173;
23.6336;
22.913;
31.9189;
15.1191;
14.5778;
22.348;
12.8622;
16.3085;
22.909;
18.3353;
12.8651;
15.965;
13.1022;
14.4721;
14.8582;
15.6083;
26.4813;
24.4346;
14.8582;
14.9298;
24.6922;
12.9281;
13.7896;
12.8342;
15.7156;
14.878;
14.2665;
13.8845;
13.092;
13.9346;
14.9984;
19.0577;
18.6326;
13.4199;
14.6313;
13.3788;
13.9584;
12.8145;
13.3268;
19.2626;
23.0854;
11.7729;
13.2217;
25.4916;
16.1628;
11.8707;
8.29472;
28.12;
12.1844;
12.3276;
15.2397;
12.8473;
14.9452;
14.2568;
21.076;
14.2945;
13.2261;
12.7967;
12.0988;
15.314;
12.3167;
17.6182;
23.6568;
21.0201;
13.5592;
22.857;
15.5967;
22.8117;
14.8009;
11.4177;
13.0102;
13.7905;
12.2359;
12.9062;
13.5573;
11.9669;
12.1762;
14.9854;
15.4669;
21.2511;
19.8036;
13.3748;
13.0324;
21.6764;
18.688;
23.7892;
19.1029;
21.4174;
13.2855;
19.0295;
23.2591;
27.7743;
22.7737;
12.22;
13.7277;
14.0792;
13.1088;
14.3507;
21.7925;
13.0723;
14.0941;
13.0912;
12.7653;
13.302;
14.4863;
15.4615;
15.8465;
12.9074;
16.4415;
19.3076;
13.5437;
15.8633;
19.3837;
28.9584;
26.1156;
22.752;
14.8223;
20.9322;
12.8143;
16.5994;
19.2168;
10.8827;
21.7312;
14.0012;
16.0036;
12.3703;
14.451;
27.8191;
13.7145;
13.4398;
14.07;
15.2748;
17.6116;
12.7866;
12.1756;
14.2697;
13.2284;
16.4887;
10.9551;
14.0524;
13.4432;
14.4911;
14.7363;
17.2025;
12.032;
23.9586;
26.5244;
13.9102;
18.3825;
17.5394;
13.849;
12.1082;
12.0232;
18.6175;
22.0754;
28.4111;
24.3912;
24.4364;
20.7465;
19.6235;
24.5779;
23.1612;
24.116;
12.9489;
23.1772;
14.637;
21.3226;
13.8985;
15.4277;
13.2867;
23.0444;
15.4665;
26.8089;
12.5835;
22.9577;
14.9371;
16.1035;
13.3944;
25.595;
13.1534;
22.602;
23.9629;
12.7382;
13.809;
12.7287;
27.1797;
16.3496;
23.3742;
14.0583;
14.8329;
30.4028;
12.3188;
26.7876;
16.0311;
13.4227;
13.2324;
12.2964;
11.5394;
12.5324;
15.3224;
12.2417;
13.7758;
11.755;
14.0226;
12.8988;
29.9521;
22.7353;
14.6462;
11.9089;
11.5761;
29.2648;
13.1882;
12.1071;
16.6167;
14.0768;
12.8642;
26.2396;
14.4185;
16.4482;
12.1431;
13.6746;
18.5828;
20.947;
15.6823;
18.855;
24.5167;
25.957;
24.0059;
13.5671;
15.2082;
12.8972;
10.4259;
12.2056;
22.7591;
13.9405;
11.8598;
19.8101;
34.8924;
14.1222;
14.4789;
13.1649;
13.9729;
11.5296;
24.7549;
22.389;
21.7479;
11.8968;
25.3711;
29.0057;
14.1208;
26.6232;
19.8736;
11.963;
23.7102;
13.9036;
13.2057;
21.1916;
19.7622;
13.1507;
15.1786;
22.8811;
22.6146;
21.7925;
24.8942;
23.2686;
16.092;
28.1418;
13.4345;
15.1978;
21.2773;
29.1831;
26.9071;
15.4745;
21.6647;
15.9495;
22.0197;
14.6805;
20.4663;
23.5134;
12.1947;
12.932;
19.5454;
27.0363;
17.2983;
14.1735;
15.085;
17.3591;
13.4363;
12.2625;
13.1704;
24.1492;
24.3316;
18.739;
14.7167;
14.8123;
15.0488;
20.57;
14.1302;
13.9417;
12.2971;
14.3884;
25.6754;
17.6125;
21.6992;
18.4623;
20.2689;
22.2604;
12.5074;
30.0195;
15.2856;
14.0229;
9.90428;
14.3754;
10.9474;
13.7267;
14.1637;
17.8355;
24.3107;
20.1246;
14.069;
23.1836;
21.8775;
13.676;
24.4551;
14.1859;
30.1927;
19.5119;
26.8362;
22.1908;
15.1431;
30.1285;
19.1021;
30.9526;
12.6397;
26.5918;
15.9126;
14.1695;
14.6854;
14.7808;
14.7287;
12.0653;
23.3546;
18.3158;
10.2445;
28.4039;
25.5701;
13.2175;
24.8867;
13.7039;
18.2533;
22.7621;
20.1111;
14.3699;
14.3103;
24.2112;
26.7127;
12.1756;
14.3303;
14.6748;
12.8473;
11.7586;
12.0508;
26.7735;
16.5664;
23.2836;
16.7064;
21.3112;
13.8326;
20.9109;
23.3708;
18.0065;
16.6704;
13.0353;
20.6919;
23.5633;
13.0833;
14.2308;
24.1423;
17.3453;
13.1727;
20.7609;
12.1024;
11.5867;
11.7157;
12.1352;
11.6449;
11.6733;
18.0644;
15.8041;
16.1199;
31.3933;
14.2283;
13.9095;
13.3978;
12.5593;
15.3378;
28.6394;
22.6463;
14.6026;
13.3373;
14.327;
13.3117;
13.9505;
10.2359;
14.5485;
14.6577;
28.3691;
14.3391;
13.0675;
16.1245;
19.6879;
29.2315;
31.1923;
24.3275;
27.8823;
15.9358;
23.031;
28.6146;
14.0068;
27.6054;
14.2861;
21.7773;
13.0422;
16.0156;
15.4464;
29.5521;
23.6325;
21.4745;
25.1545;
12.4919;
13.4672;
14.1237;
14.2727;
26.0326;
27.9961;
12.84;
15.5077;
13.7519;
13.2478;
14.1082;
12.6886;
22.0589;
13.7081;
11.0173;
11.6199;
13.3354;
17.9111;
16.2598;
14.829;
24.5681;
23.9889;
16.3171;
13.8696;
13.6748;
13.2706;
13.4433;
14.2723;
14.0353;
20.5536;
27.7466;
27.3404;
25.1012;
13.0083;
21.7089;
14.1559;
11.3818;
13.5791;
16.7685;
18.4297;
28.5294;
24.4464;
24.6847;
13.3098;
17.8874;
22.5598;
29.6254;
13.7683;
25.422;
27.8472;
28.273;
28.0213;
14.1034;
20.9603;
25.2421;
12.527;
17.692;
21.9703;
15.3408;
26.9884;
13.5062;
12.65;
29.0999;
15.9011;
22.7606;
30.3976;
11.1476;
25.5493;
14.8776;
17.1375;
15.1424;
14.6406;
14.0192;
14.6208;
15.4249;
27.086;
32.0535;
20.2693;
15.0139;
14.1666;
28.9368;
12.6404;
29.5876;
24.7016;
26.8739;
29.9486;
15.3506;
24.5449;
12.2337;
12.4451;
22.9665;
15.1191;
29.2707;
23.46;
20.2429;
13.1746;
13.3924;
22.7216;
12.7668;
12.819;
14.5964;
14.5895;
13.7796;
15.176;
14.5309;
23.1385;
27.2465;
15.8656;
14.0343;
14.4516;
32.7732;
15.4525;
29.8418;
13.0738;
13.3023;
19.5604;
17.0862;
15.0419;
15.1442;
16.958;
16.4634;
14.832;
14.401;
16.0609;
13.9932;
13.2387;
14.4738;
13.5211;
15.3634;
12.0973;
13.3172;
16.5927;
27.072;
12.8801;
15.2049;
14.8497;
31.6297;
21.3413;
21.7589;
27.9204;
31.0699;
16.0457;
15.1319;
25.5167;
12.4891;
14.9381;
13.797;
12.2883;
14.0895;
11.1917;
24.0679;
18.0446;
27.2002;
16.8583;
20.7225;
22.3574;
18.3594;
24.9832;
24.002;
31.4803;
22.1177;
35.7411;
21.3955;
13.7084;
14.0184;
13.5274;
12.9739;
13.2825;
15.5762;
13.0543;
14.0287;
15.6279;
22.8654;
27.5627;
16.9176;
26.4537;
23.4006;
26.6641;
23.538;
27.6695;
18.7857;
25.0952;
24.0109;
13.395;
12.0628;
22.7773;
15.1917;
13.8829;
15.061;
13.448;
24.6305;
11.4354;
15.6309;
14.2932;
11.1012;
12.6473;
28.2046;
28.3937;
26.26;
23.5688;
25.8212;
25.0734;
13.7079;
27.4882;
29.0854;
28.0506;
22.8128;
14.816;
14.5703;
27.8879;
23.5145;
12.9019;
12.7487;
14.6118;
14.1237;
11.6856;
14.1193;
16.6195;
22.996;
12.7147;
12.4504;
25.4491;
12.5023;
28.2614;
30.5763;
24.4433;
27.1201;
27.1971;
13.5614;
12.0658;
13.5906;
11.1978;
12.3386;
29.8144;
13.3956;
12.8162;
23.4353;
31.0626;
24.5174;
24.1843;
12.7646;
21.6485;
15.2968;
28.4612;
25.8518;
14.372;
24.1982;
24.24;
29.0789;
15.748;
10.5355;
20.791;
14.435;
27.8592;
15.0235;
13.2994;
12.9618;
13.8482;
22.933;
22.483;
27.5787;
26.6819;
11.1328;
25.8633;
25.2828;
23.6185;
20.5878;
24.3622;
12.7404;
13.797;
14.5991;
12.0455;
13.3175;
14.7699;
14.6512;
27.8722;
21.9205;
22.8183;
25.0833;
17.0982;
17.4618;
10.5525;
15.7412;
15.7723;
15.3348;
13.0253;
14.9985;
14.4848;
24.7141;
23.9128;
14.6041;
32.4297;
13.2672;
23.7867;
12.0593;
31.994;
14.5407;
24.0658;
12.8897;
14.8533;
13.0732;
14.5967;
11.6099;
24.2233;
11.2288;
13.7875;
12.9023;
15.1975;
15.6646;
27.4731;
17.5355;
24.9814;
21.1819;
11.3887;
11.8072;
11.8807;
24.3423;
13.447;
12.3266;
24.5065;
22.5712;
26.3202;
14.4899;
18.6686;
23.1103;
16.1026;
14.931;
27.9433;
23.4436;
12.7071;
13.7952;
29.0424;
16.6013;
11.8735;
17.9627;
12.7827;
15.88;
20.4906;
20.1725;
14.9345;
12.907;
12.5747;
10.6876;
13.6844;
27.3918;
30.9995;
20.3614;
23.0368;
24.0233;
30.5369;
24.5431;
20.1863;
23.5052;
14.147;
13.1603;
31.5089;
22.2768;
13.4189;
15.4557;
14.1839;
12.3914;
16.5172;
12.135;
14.4212;
13.1519;
18.7547;
30.0289;
11.0677;
13.3199;
22.7967;
10.1123;
21.5347;
12.5435;
31.5508;
15.5395;
13.515;
13.712;
24.4967;
22.9363;
15.8986;
12.3453;
14.6404;
14.6536;
13.2947;
14.1009;
21.9321;
21.0855;
16.383;
15.7998;
22.5616;
23.7021;
13.7377;
15.7341;
13.5368;
13.6723;
12.7155;
12.6859;
12.5894;
16.364;
16.0938;
13.8867;
14.5029;
27.7248;
34.7328;
10.0047;
24.7982;
12.1859;
27.7316;
28.8503;
21.2809;
25.7677;
30.5678;
26.8275;
11.4917;
33.4921;
14.8611;
23.9057;
26.3408;
16.3131;
16.6493;
11.8577;
13.4068;
28.4126;
11.7663;
14.1547;
12.605;
24.396;
20.9083;
34.5365;
23.7573;
24.5034;
15.1952;
31.7767;
25.6032;
31.4754;
29.5798;
15.5235;
30.0558;
28.6612;
14.0724;
12.696;
19.4478;
13.1683;
27.1758;
21.4796;
28.9299;
21.6015;
16.1984;
15.2544;
13.6495;
12.3818;
21.9215;
32.4403;
14.9795;
35.5943;
13.4611;
27.0888;
24.5956;
14.2478;
18.0468;
24.086;
14.9924;
13.2702;
25.0044;
17.1149;
24.6636;
13.1942;
25.587;
14.0031;
13.483;
31.2197;
12.0763;
14.5325;
19.4695;
27.8378;
23.7454;
13.465;
15.2148;
12.2508;
14.0006;
12.9583;
12.5686;
13.098;
30.2302;
14.1927;
28.4091;
31.7005;
18.7734;
12.5534;
29.959;
21.0281;
15.8408;
21.4274;
25.7841;
13.0166;
11.4944;
33.7218;
26.8641;
23.5126;
24.721;
14.3507;
13.035;
15.6818;
12.5635;
16.5885;
13.64;
27.0074;
20.4689;
30.2547;
11.9538;
31.4495;
12.9926;
13.4549;
12.5599;
15.8234;
26.789;
32.3562;
14.2335;
12.7144;
21.5046;
29.6378;
14.7532;
31.4562;
21.5142;
23.3088;
15.7788;
12.0688;
16.9519;
25.6403;
30.5121;
13.194;
26.9296;
20.1147;
29.1544;
13.6465;
14.1485;
20.7398;
25.1648;
29.7393;
19.4003;
26.4021;
17.3514;
13.9066;
13.4078;
23.2327;
12.7165;
35.095;
27.7589;
13.0423;
23.507;
15.8921;
13.7158;
28.9948;
21.8319;
28.3053;
11.8849;
14.9279;
22.0388;
23.2485;
14.6146;
13.9971;
25.0469;
14.5325;
16.3208;
13.1044;
14.7048;
27.4457;
34.1729;
13.3033;
32.9802;
14.7588;
16.0368;
11.3628;
14.7548;
12.5743;
23.2315;
26.2831;
30.2407;
25.4126;
26.1983;
14.8172;
14.2656;
15.1463;
25.7139;
32.5078;
19.1364;
12.2011;
27.458;
18.6107;
14.1533;
12.6166;
16.0937;
14.0503;
13.1507;
13.6503;
16.6979;
14.4445;
33.4486;
16.3229;
13.6738;
21.3823;
13.6436;
16.5045;
25.0581;
25.9871;
12.1808;
12.6985;
24.3395;
28.3658;
25.7333;
12.5433;
14.8863;
30.4551;
14.282;
23.2185;
30.0181;
12.0775;
27.8959;
16.1985;
15.5931;
26.5313;
25.7984;
27.4445;
28.9818;
30.1083;
11.4457;
26.1451;
31.0715;
26.6682;
14.3911;
14.7609;
12.9002;
14.0055;
13.1738;
16.2563;
15.771;
13.6202;
27.7439;
29.5568;
28.5584;
12.1121;
11.6589;
12.1462;
13.091;
12.632;
17.4939;
14.654;
13.864;
11.2418;
13.0493;
14.1604;
12.2074;
11.1465;
12.8562;
11.5803;
23.893;
10.9072;
25.0658;
29.0346;
24.2674;
14.8442;
25.1736;
21.0034;
25.2854;
27.1225;
19.9409;
21.7975;
29.5879;
13.0853;
16.5357;
15.3472;
14.492;
13.3698;
12.6503;
34.5529;
21.3013;
15.8511;
14.3981;
14.4165;
13.8182;
16.5146;
22.5325;
14.3998;
28.6021;
14.2809;
21.5564;
25.8253;
15.1096;
12.7441;
16.5507;
25.0218;
14.9883;
24.5404;
15.4558;
23.7536;
22.2562;
16.8272;
14.1897;
15.8066;
22.7226;
25.8883;
28.1036;
25.6956;
30.4952;
27.1713;
12.5989;
15.4535;
16.343;
14.2069;
12.0228;
14.5746;
26.2222;
22.9076;
23.5172;
24.3775;
20.2904;
24.072;
20.821;
30.6426;
29.1501;
25.4919;
24.2952;
20.0723;
16.8537;
14.2878;
10.8756;
31.8234;
13.8734;
14.5895;
23.2716;
28.8903;
25.1633;
16.5623;
14.7635;
14.4215;
12.8354;
25.3868;
23.2626;
14.3721;
18.5255;
25.0593;
26.2158;
16.1848;
14.2226;
22.758;
14.3637;
19.4325;
26.2092;
32.1149;
34.1701;
13.3642;
15.2742;
12.5075;
22.1597;
31.8041;
14.8189;
16.085;
22.5642;
12.1962;
13.7568;
12.6147;
26.9002;
25.6556;
17.8786;
15.0759;
16.5871;
12.6464;
13.4444;
25.1651;
14.7302;
16.1577;
28.6986;
25.8836;
23.1452;
31.25;
11.5614;
29.6218;
27.093;
12.8448;
22.4379;
22.586;
20.7386;
15.1727;
28.3197;
28.5871;
20.718;
21.547;
30.3407;
23.924;
15.4174;
13.0365;
13.7464;
13.3633;
13.3583;
33.541;
11.0736;
12.8377;
15.1213;
29.6112;
17.8431;
29.3332;
31.0186;
32.0504;
36.5162;
16.448;
11.7581;
16.0128;
15.51;
24.4661;
25.2081;
23.0868;
15.0145;
34.4554;
30.9924;
32.7871;
12.2427;
25.8863;
12.3724;
30.5021;
15.8548;
20.1796;
27.418;
32.3189;
23.6803;
27.1626;
11.327;
12.7296;
11.9607;
13.5273;
13.7346;
20.9317;
21.433;
23.6383;
28.8429;
24.861;
25.8146;
31.7769;
25.0491;
33.1304;
25.5212;
17.3522;
20.7716;
24.8983;
24.3442;
13.6105;
17.1042;
14.1142;
25.3425;
23.035;
15.1767;
14.5451;
12.5244;
15.1513;
14.0943;
25.6665;
11.8896;
12.4098;
35.7409;
28.419;
25.5267;
13.5177;
14.4222;
27.8672;
12.0717;
11.0631;
13.5166;
18.6376;
13.292;
23.6253;
24.6549;
26.1257;
14.1621;
20.6774;
21.5302;
14.609;
23.5893;
32.5897;
31.1548;
13.7841;
15.3234;
14.2012;
24.6312;
26.739;
30.1875;
22.8657;
24.7064;
31.8928;
14.9407;
14.8598;
26.5723;
22.7719;
13.4354;
24.2114;
28.5264;
25.6734;
13.9606;
30.7671;
12.7661;
23.8114;
13.491;
26.3673;
12.1278;
24.4148;
12.4385;
29.9314;
33.3643;
28.7022;
12.1499;
11.8064;
25.804;
25.0158;
14.2091;
14.8924;
15.7185;
12.4152;
26.5849;
23.1264;
14.1664;
14.0478;
14.3877;
12.8684;
30.5778;
15.1314;
14.9291;
15.1713;
12.1105;
14.2675;
12.8391;
19.6277;
24.2308;
24.3726;
23.6023;
24.7074;
26.4379;
25.138;
24.2416;
14.6759;
12.6584;
14.7265;
11.4379;
12.1271;
31.7682;
20.3121;
29.8758;
32.4975;
15.3269;
14.1975;
13.2964;
15.7266;
26.692;
12.6408;
27.8535;
25.1362;
11.3161;
24.4899;
34.714;
25.4653;
16.0328;
26.298;
23.2676;
30.0436;
11.4959;
11.0361;
14.4001;
14.8469;
11.6455;
15.6979;
31.2769;
24.7919;
15.8862;
30.0446;
25.1239;
32.5312;
13.7389;
24.8235;
15.3277;
14.8881;
26.3001;
19.7191;
23.3288;
15.0543;
12.498;
14.8827;
15.9378;
15.3715;
16.669;
15.0802;
13.9495;
32.2715;
22.0655;
23.8058;
25.3466;
23.2779;
21.6663;
31.8816;
25.1274;
19.7819;
15.5451;
13.3907;
22.6366;
15.9953;
14.3806;
18.8248;
14.1787;
29.3507;
13.7656;
12.3827;
14.0443;
19.7612;
27.9605;
14.1344;
26.2172;
24.4626;
10.1963;
11.8821;
22.2305;
10.9473;
26.2186;
30.5731;
31.0253;
14.3191;
26.7252;
15.1384;
14.9618;
14.5255;
14.3529;
13.4305;
15.6523;
13.7573;
13.4689;
30.8596;
21.826;
29.9361;
28.1107;
13.8208;
13.5951;
15.0557;
13.7944;
12.3397;
13.9117;
13.7739;
15.133;
16.0496;
13.1291;
14.6346;
27.3554;
12.1054;
16.4965;
25.4946;
29.7069;
12.1381;
11.8064;
12.5492;
32.3445;
24.3877;
12.0519;
27.6378;
21.5228;
13.4468;
35.5888;
30.2204;
27.594;
24.5652;
14.2101;
14.4443;
14.7532;
27.1051;
28.6229;
13.1716;
23.6514;
14.815;
28.3221;
30.7607;
28.9118;
26.9909;
14.9512;
14.8207;
10.5334;
11.2921;
14.3008;
13.2424;
13.5185;
14.4443;
13.6799;
14.783;
12.9055;
14.7966;
13.973;
13.1531;
13.8833;
13.2327;
16.4075;
27.1611;
27.6414;
24.6654;
26.7498;
23.3008;
27.3231;
19.0264;
15.2849;
14.0866;
12.6304;
14.0297;
20.8548;
12.5937;
13.3632;
17.3175;
24.249;
29.2615;
20.7631;
25.4606;
26.4652;
12.1743;
16.4444;
14.4956;
35.9702;
13.4754;
16.0774;
14.4325;
11.6007;
8.75796;
16.0198;
11.6812;
27.9127;
30.8071;
20.6326;
15.5253;
30.3814;
28.3932;
27.1432;
13.9255;
21.3649;
30.2116;
12.5459;
30.2917;
28.3463;
33.4543;
30.7707;
12.4486;
16.9344;
27.7352;
20.8526;
29.4585;
16.1176;
28.4638;
18.3035;
26.4999;
16.8264;
14.9595;
29.9699;
15.5685;
12.5526;
12.1016;
14.5254;
13.5949;
11.8644;
13.1666;
30.905;
23.3612;
21.3728;
27.8018;
27.5781;
22.3005;
12.5434;
20.7189;
24.7608;
30.2167;
12.6908;
14.6176;
16.4506;
13.7957;
12.8796;
12.5961;
13.342;
12.7859;
13.0368;
12.486;
13.1848;
23.1976;
14.3915;
27.7754;
12.054;
13.5537;
14.0053;
13.8804;
12.9456;
13.0105;
14.0935;
11.9864;
12.101;
14.8169;
10.4262;
13.6816;
11.7752;
25.6583;
24.0821;
11.5187;
12.5468;
23.0526;
13.0963;
12.7656;
20.7276;
27.3762;
9.79808;
29.3239;
31.697;
27.6835;
29.0745;
15.1779;
13.2946;
20.8309;
13.6906;
14.0066;
15.0545;
11.0214;
12.0283;
24.3103;
29.1338;
33.0719;
11.0176;
14.2485;
11.8842;
13.954;
15.003;
11.8127;
13.6947;
28.7295;
15.1153;
10.3235;
22.0514;
27.5537;
20.2934;
14.3619;
14.0986;
25.2806;
8.99383;
15.9044;
29.335;
21.8754;
23.4775;
27.9511;
15.7346;
20.3957;
21.2646;
23.267;
25.4482;
29.6107;
13.6122;
14.3129;
15.4355;
11.2744;
12.3971;
24.3816;
13.2782;
22.9873;
13.2352;
13.7758;
14.1381;
10.8832;
13.5285;
12.0066;
12.3026;
13.4747;
12.6686;
14.7696;
15.3428;
14.5121;
13.9372;
14.9454;
12.0076;
22.301;
17.7099;
23.7039;
15.5679;
24.6397;
10.3307;
15.5292;
27.6152;
14.0255;
14.3188;
16.9703;
28.4348;
13.6988;
12.9647;
14.0311;
23.4418;
33.0673;
20.5871;
12.7923;
22.4569;
27.339;
28.049;
23.0839;
12.3689;
12.7411;
11.8521;
12.5055;
14.2922;
30.2124;
14.2811;
25.9831;
25.4671;
22.7763;
19.9934;
27.3123;
23.4639;
15.0335;
26.2484;
12.7745;
12.6166;
10.6771;
12.6122;
27.6255;
16.6091;
13.8507;
14.6165;
24.063;
28.9368;
28.7207;
14.815;
12.9209;
11.0361;
16.8788;
11.6458;
11.8924;
21.0125;
26.5582;
16.6627;
30.1562;
13.4482;
24.6082;
14.3493;
23.2372;
14.956;
23.2023;
22.4604;
26.1609;
24.2641;
12.4047;
14.5488;
11.861;
15.3014;
14.7132;
14.9055;
13.2738;
11.3917;
19.3842;
24.4478;
13.3623;
15.0413;
12.8354;
23.6499;
26.7851;
10.3238;
12.5169;
21.3054;
18.576;
18.932;
27.7647;
14.3035;
13.4564;
25.3061;
25.7062;
11.9221;
14.9786;
13.8357;
28.942;
13.7156;
22.387;
15.0498;
12.3528;
23.1295;
10.8105;
13.393;
13.4046;
28.0128;
20.5376;
23.4647;
26.6368;
15.5615;
15.0987;
13.8081;
28.4257;
12.9353;
25.0393;
12.7854;
27.6134;
13.9346;
23.6179;
12.5637;
16.1656;
15.9876;
27.0601;
33.8537;
18.1667;
13.4526;
14.2186;
13.5609;
27.2739;
23.3562;
16.8201;
29.3694;
28.1002;
25.4291;
30.1547;
30.7586;
21.4828;
28.247;
29.3074;
13.5386;
13.4183;
14.2121;
12.5186;
12.3505;
11.3424;
15.517;
12.5995;
12.53;
14.9084;
11.5707;
15.9101;
13.8362;
13.9459;
11.2528;
25.7671;
23.2435;
12.6682;
27.2645;
21.2587;
30.4725;
24.5702;
14.9654;
22.2268;
24.3457;
13.7;
25.4488;
26.5378;
24.0738;
13.3236;
13.3372;
20.6645;
22.2675;
25.4797;
13.5402;
13.7168;
15.7375;
23.3285;
33.5291;
24.0035;
29.1705;
13.5992;
12.5974;
10.7245;
14.6649;
11.6863;
13.7788;
12.018;
29.8153;
11.2387;
26.8866;
21.2153;
32.449;
14.7028;
13.0587;
13.6101;
10.6572;
25.5349;
23.9364;
12.3384;
10.463;
11.7495;
16.7881;
16.0645;
10.5019;
13.3154;
13.2827;
10.2412;
12.0328;
12.3926;
30.3822;
18.4261;
27.9967;
11.5326;
12.402;
21.185;
12.0181;
12.1145;
12.052;
30.4532;
17.7831;
26.1906;
23.784;
27.354;
14.2728;
23.2909;
13.5171;
28.1089;
12.1396;
31.9024;
30.1192;
28.7375;
25.3244;
24.0373;
24.6816;
26.4914;
24.7163;
13.4479;
13.0917;
13.4744;
12.8614;
24.4074;
10.8417;
12.4125;
12.3855;
27.3127;
31.6006;
23.7662;
22.4061;
22.7763;
18.9351;
23.3885;
30.5617;
19.362;
12.0286;
24.2071;
28.5148;
29.1049;
15.4269;
14.9564;
27.1404;
13.3172;
22.0468;
24.4568;
29.2546;
28.2724;
16.7918;
21.8004;
30.841;
16.8031;
30.9981;
23.2283;
25.6736;
32.5925;
11.3136;
12.8822;
14.7318;
25.7278;
12.7119;
28.667;
14.9938;
11.6576;
12.993;
13.0917;
15.0925;
29.8828;
29.5857;
14.2284;
10.0153;
15.8157;
23.5139;
15.1908;
15.3417;
14.3049;
26.0974;
12.4491;
19.647;
21.5639;
22.4883;
23.5522;
22.0806;
14.6424;
13.9652;
20.6283;
14.3483;
15.2049;
22.9435;
24.9502;
14.3331;
13.4158;
28.0344;
11.8889;
15.2368;
13.8557;
12.4751;
12.9807;
11.438;
11.7643;
12.91;
11.0452;
13.3247;
30.3791;
14.6187;
12.0304;
29.9112;
19.6792;
23.0874;
14.2149;
23.5907;
11.6878;
10.8846;
14.1686;
14.9268;
31.4093;
25.9592;
29.6147;
27.2012;
21.235;
18.0789;
24.8483;
29.9359;
11.4059;
13.1553;
9.16991;
28.7551;
34.4965;
24.189;
25.8567;
19.7963;
13.5448;
27.4335;
22.0411;
22.3067;
14.7559;
28.8744;
13.3032;
19.9634;
14.1289;
14.0876;
16.014;
22.2995;
27.9379;
28.864;
21.2856;
23.789;
17.7876;
13.4024;
22.9873;
25.3438;
27.7725;
32.561;
13.7487;
26.1772;
16.5552;
26.2597;
27.45;
18.3525;
22.112;
13.0317;
24.3267;
10.3528;
24.7124;
14.6775;
20.8541;
24.108;
12.8126;
26.8436;
25.5809;
22.8961;
27.5989;
13.7838;
24.9515;
30.1856;
15.4566;
13.5551;
13.4932;
14.2577;
26.3939;
14.599;
26.6551;
28.4204;
29.0831;
11.4863;
12.897;
30.0886;
15.9686;
24.1222;
11.4957;
15.3884;
15.5754;
18.2566;
12.501;
14.2177;
16.6178;
24.5845;
25.4532;
25.5877;
29.6642;
14.8025;
16.813;
26.5659;
14.9465;
14.5847;
25.7888;
15.3867;
12.7793;
23.7464;
19.502;
26.549;
20.155;
24.9033;
21.6248;
36.6955;
15.0377;
13.6369;
14.3678;
14.6421;
10.7305;
14.3889;
14.0822;
12.1357;
25.8951;
22.2791;
12.3478;
23.7172;
12.4024;
26.9397;
25.4735;
13.7414;
26.3363;
13.4771;
22.8914;
24.994;
14.7236;
21.582;
29.2484;
25.4611;
27.0472;
22.5502;
25.8491;
25.979;
11.4509;
13.0187;
23.6534;
12.2499;
14.2801;
26.0805;
25.3796;
20.8485;
15.2289;
13.757;
26.2546;
29.877;
26.8185;
33.8559;
13.8034;
11.657;
12.3666;
26.8039;
12.9035;
12.5438;
13.4758;
15.6873;
12.6993;
13.1239;
13.7277;
27.4111;
12.3054;
12.1551;
10.8159;
12.6152;
13.7838;
15.7923;
21.4075;
27.6126;
27.7831;
21.3917;
13.8508;
14.1344;
14.2102;
13.6553;
28.5117;
19.3399;
11.8985;
27.4741;
14.2265;
13.0122;
22.3615;
15.0898;
13.0628;
12.8762;
24.8638;
15.7711;
21.09;
17.481;
30.2706;
12.4993;
27.4522;
34.0762;
14.5945;
11.9267;
28.3747;
33.7555;
28.5637;
13.4011;
13.6047;
14.6973;
24.9398;
25.7268;
13.6045;
25.8775;
24.5285;
14.0151;
21.8623;
11.7359;
27.0106;
25.8354;
25.4977;
30.9199;
28.5889;
13.2002;
27.2715;
22.6754;
22.7777;
13.845;
14.1346;
14.4839;
31.3334;
24.288;
32.1047;
13.115;
26.4044;
13.1858;
30.5251;
11.9529;
12.2682;
27.1977;
27.8789;
29.5548;
15.2737;
27.9753;
15.37;
29.3504;
25.5412;
26.5445;
25.0282;
11.7252;
27.8413;
24.4886;
14.8731;
15.0462;
14.0189;
15.313;
11.5648;
16.9057;
15.82;
13.2414;
25.8761;
29.2877;
14.474;
27.9064;
12.4089;
20.7915;
30.0146;
22.0451;
24.5464;
23.1329;
31.2906;
21.2241;
27.2298;
23.4664;
12.9531;
29.3302;
22.4728;
20.2241;
15.1298;
14.2509;
15.5532;
15.4036;
14.3741;
16.6088;
13.6726;
27.8468;
23.1567;
20.0495;
30.2177;
30.481;
22.8256;
20.9178;
13.7382;
28.5768;
27.3408;
24.253;
23.5417;
22.009;
15.1042;
14.5701;
14.8198;
10.5109;
13.3469;
13.5723;
14.6009;
14.2563;
14.6529;
29.3352;
23.2486;
25.2042;
30.6871;
19.7765;
23.0962;
26.1535;
15.2035;
13.2342;
13.836;
12.4218;
25.4082;
25.4222;
12.8;
24.248;
21.2879;
25.2526;
26.2989;
25.1021;
23.0771;
15.1177;
23.4367;
16.5288;
14.7692;
14.0592;
15.0421;
15.494;
14.1343;
16.333;
11.2175;
14.7052;
12.6206;
17.4372;
15.1421;
27.3052;
12.8976;
13.9635;
12.7081;
15.6069;
19.2833;
15.6129;
25.5811;
20.0998;
13.244;
13.1051;
30.155;
25.5489;
29.1448;
11.9514;
14.6276;
15.8136;
15.0991;
13.8493;
11.6969;
13.4106;
10.8328;
14.0001;
26.5462;
26.4469;
18.9505;
28.3853;
20.5381;
11.7046;
15.6562;
17.0006;
31.503;
11.1268;
30.273;
13.3779;
15.0654;
24.0068;
25.2055;
30.8076;
15.4806;
20.6089;
24.6675;
27.2462;
23.8616;
26.7538;
27.6163;
25.9846;
10.5734;
11.9734;
14.4907;
13.23;
15.3868;
11.7366;
15.4518;
26.0805;
31.264;
27.9965;
15.1659;
23.0529;
24.7839;
27.7697;
23.7198;
27.5751;
27.2066;
12.8527;
26.1196;
26.8052;
13.1894;
23.0412;
24.326;
27.3679;
14.4156;
10.456;
14.2119;
17.3972;
25.1625;
29.8893;
22.0204;
26.1509;
11.4151;
21.2555;
23.8657;
23.122;
20.5269;
28.9604;
14.2197;
22.9003;
29.9219;
13.8995;
22.1407;
24.5772;
26.4668;
14.4652;
14.8862;
28.7755;
22.5784;
25.6855;
33.0862;
19.6206;
21.8188;
27.6948;
26.341;
25.4789;
22.7795;
29.2598;
24.9529;
29.4888;
14.3231;
11.2729;
14.1425;
30.7118;
17.9195;
25.855;
19.046;
27.7823;
14.6381;
15.6111;
25.5867;
33.0795;
16.3995;
13.3207;
12.7564;
27.3484;
12.5494;
27.8255;
12.6213;
11.7935;
26.5314;
26.5964;
14.3439;
28.5237;
22.4601;
28.5611;
11.9255;
12.6451;
31.1868;
21.0426;
26.2526;
22.0791;
23.2334;
12.8914;
14.5475;
14.5638;
23.1751;
14.0306;
24.8905;
16.4223;
24.7076;
13.3226;
12.8511;
13.5735;
22.5889;
18.9507;
11.6426;
25.6073;
34.7649;
12.804;
14.2828;
13.175;
23.9282;
22.5049;
25.6191;
14.923;
20.1431;
27.6818;
22.4513;
12.3943;
31.056;
27.5239;
23.9143;
22.2712;
16.7585;
12.7288;
27.51;
27.952;
23.1464;
26.0618;
14.5287;
29.4285;
28.4942;
11.379;
12.6258;
14.865;
12.1398;
15.5416;
25.5101;
12.1984;
11.1504;
14.0396;
15.0802;
27.5207;
15.0661;
12.7737;
28.3572;
12.4164;
29.5824;
24.5165;
23.8398;
23.3755;
28.1719;
12.7134;
12.6924;
30.2759;
22.5521;
19.9614;
13.0567;
21.6289;
11.1973;
25.4762;
20.8207;
26.0654;
11.7221;
27.3219;
18.844;
19.2255;
26.2127;
21.8927;
16.8654;
12.5492;
27.6326;
28.768;
30.8226;
25.3411;
23.0704;
23.6605;
23.9971;
29.0769;
20.0332;
14.3946;
14.0391;
13.5366;
12.3438;
22.4298;
14.8091;
24.8568;
26.5749;
15.3638;
12.0227;
14.2181;
23.6704;
12.7799;
31.1594;
28.7581;
30.5917;
25.252;
13.1714;
27.1595;
27.2793;
15.8732;
14.096;
25.8283;
19.8909;
28.0617;
22.0107;
31.1284;
12.9671;
12.9358;
11.3;
13.5989;
12.8545;
20.3604;
24.8496;
23.2502;
24.2893;
13.5095;
9.91772;
22.21;
26.0248;
31.1314;
16.1754;
25.8377;
23.9751;
12.4366;
14.6782;
13.8749;
13.5616;
12.7431;
13.8112;
13.7959;
16.349;
14.1766;
15.0204;
14.4601;
26.8503;
14.5946;
21.5928;
14.1371;
20.5705;
35.7527;
15.0458;
25.9815;
25.5204;
17.7482;
15.05;
11.4925;
11.2286;
31.0085;
31.7608;
20.428;
20.3909;
24.9304;
25.7849;
15.21;
24.9304;
22.3634;
15.2489;
26.1298;
15.5003;
12.5392;
25.2073;
27.9084;
14.0831;
26.6946;
23.8893;
29.5714;
30.8378;
31.8341;
28.239;
27.9367;
22.7649;
27.8752;
24.7009;
23.732;
19.4149;
17.7163;
26.1349;
9.42008;
21.0225;
13.4164;
26.5419;
14.2829;
14.1561;
15.7122;
21.7344;
20.4696;
32.8395;
14.6016;
27.6966;
12.9767;
18.9529;
28.0397;
13.6805;
18.2581;
25.4989;
14.724;
13.2518;
25.0544;
15.9837;
25.4181;
27.4663;
19.4141;
14.8627;
12.8179;
15.7661;
27.2933;
26.7016;
10.3289;
25.4881;
13.3053;
12.7239;
20.4472;
30.0437;
25.504;
31.438;
21.7611;
23.7649;
13.7936;
24.2376;
29.9098;
30.8011;
29.4957;
30.8093;
17.666;
13.6313;
21.7557;
24.4383;
14.5421;
26.3874;
31.4725;
27.4441;
26.222;
13.26;
24.5165;
16.9313;
10.9397;
24.1425;
26.8005;
12.6798;
13.8512;
10.3219;
28.0974;
28.7987;
16.5028;
15.122;
25.4674;
26.2383;
15.6644;
24.5311;
20.9606;
25.8752;
25.3199;
27.4245;
32.4114;
24.9688;
23.5787;
18.8302;
26.3821;
16.2069;
12.7722;
13.5243;
14.9573;
14.6689;
12.0319;
33.8824;
11.8949;
15.2172;
16.5636;
23.6052;
18.5814;
9.83426;
27.434;
31.2627;
26.8032;
11.6969;
13.0612;
22.2986;
15.7805;
11.1244;
32.2109;
14.6975;
31.6851;
12.5065;
16.0675;
24.8896;
14.5019;
11.6852;
13.5572;
12.001;
13.9018;
11.2623;
22.076;
22.1288;
20.3493;
26.2397;
22.3011;
27.1447;
14.1686;
12.7857;
12.7604;
29.2327;
22.6453;
30.9316;
26.3472;
20.1308;
23.242;
13.0798;
13.3478;
29.9779;
12.9183;
24.3325;
12.2675;
12.1787;
30.8101;
13.8662;
26.6171;
25.4501;
27.4523;
19.4051;
23.5138;
31.1381;
14.2547;
16.0229;
11.2314;
27.1647;
27.7721;
24.365;
24.8784;
10.1886;
29.8627;
27.2433;
31.8037;
27.8653;
13.1077;
13.4103;
11.5892;
24.0064;
27.2108;
18.9376;
26.6169;
19.2784;
27.1149;
29.0046;
27.914;
24.5273;
30.706;
28.6998;
12.8195;
15.062;
26.4907;
19.5254;
28.4883;
23.9936;
12.0753;
15.355;
14.2801;
32.6215;
20.7712;
23.5803;
29.6939;
26.3631;
21.0761;
31.7828;
19.7534;
22.9583;
23.9049;
26.5102;
26.7746;
22.3709;
21.9814;
19.9331;
24.577;
14.5676;
15.6355;
12.1185;
32.3432;
27.6965;
16.7174;
30.3054;
21.2724;
25.5;
27.2642;
14.1636;
32.6545;
14.3667;
22.8258;
27.3957;
30.9655;
23.9361;
29.7766;
18.7745;
26.1918;
11.5256;
13.8922;
15.5354;
13.9858;
27.4507;
23.991;
24.9627;
25.7411;
27.4398;
23.9273;
15.4877;
27.2438;
13.7951;
13.8561;
25.3916;
14.0822;
28.8724;
11.5468;
27.5921;
23.2026;
13.81;
12.9635;
28.6271;
27.5008;
29.7873;
16.1294;
13.9073;
21.6242;
22.8531;
25.6336;
27.1192;
28.7776;
26.3014;
24.4503;
22.4077;
12.3176;
21.6895;
10.8033;
28.9545;
17.1678;
17.3912;
15.2326;
22.7314;
24.8217;
24.0746;
28.6864;
18.9029;
23.986;
21.2074;
27.2622;
25.1753;
13.4411;
24.472;
23.2805;
24.6076;
23.3415;
26.3724;
10.1951;
14.0583;
20.963;
21.5608;
16.0249;
25.5671;
26.8696;
23.5949;
24.2691;
29.5311;
27.3854;
21.9615;
30.2137;
21.0989;
26.1686;
14.0576;
34.696;
27.3415;
28.5592;
26.6308;
14.0209;
26.2859;
33.9407;
31.3192;
27.2764;
32.1599;
20.3783;
19.8021;
22.8489;
25.2825;
21.5094;
32.1198;
21.8404;
31.2144;
24.1574;
28.3701;
28.5815;
18.2646;
13.932;
14.7366;
16.1643;
16.4771;
14.2845;
20.7951;
13.9586;
19.8671;
29.5842;
31.2461;
13.2177;
28.3352;
26.7074;
22.1525;
24.0785;
25.7626;
31.1342;
24.3077;
26.3355;
25.6541;
15.8439;
13.6212;
27.3366;
25.5704;
23.0554;
30.0384;
28.9251;
20.8242;
15.1341;
13.4558;
25.0119;
12.4445;
25.7065;
25.2285;
31.1174;
29.7409;
23.2535;
15.6854;
27.2809;
26.3253;
19.5371;
13.189;
15.8091;
27.0616;
23.7281;
23.5081;
15.0343;
14.0176;
16.4554;
11.8424;
13.6777;
31.4525;
27.9079;
18.4692;
27.5705;
24.1298;
13.9423;
14.5596;
22.0662;
30.1407;
23.4323;
27.1965;
19.8507;
26.3927;
25.2181;
23.0847;
22.3177;
24.9896;
21.5858;
14.035;
11.6218;
11.0395;
21.1436;
25.6484;
32.3955;
25.3205;
28.2412;
14.8075;
16.8366;
13.1103;
25.1005;
24.9193;
28.1523;
17.5408;
13.1207;
13.2538;
14.1448;
13.4253;
19.4527;
15.0623;
12.6955;
25.0886;
15.832;
26.7162;
12.231;
25.3319;
23.4867;
27.6344;
23.2031;
15.2386;
13.198;
16.2021;
13.1301;
23.0134;
29.2402;
29.6194;
13.9357;
22.6439;
27.6601;
26.1215;
26.7441;
26.7028;
14.7598;
14.5902;
14.0363;
25.0449;
22.7155;
21.1276;
30.3071;
14.1623;
14.39;
24.5566;
29.4129;
21.2746;
26.0995;
23.3861;
25.7935;
11.9731;
20.9235;
28.8304;
27.8275;
18.7519;
26.972;
28.3152;
12.3488;
20.6316;
16.023;
14.1465;
12.5002;
21.0716;
25.2011;
29.6352;
27.8926;
23.706;
24.1656;
22.465;
15.5814;
14.7815;
22.9781;
13.1358;
14.5329;
14.4026;
16.1766;
16.8073;
10.9627;
23.9147;
21.0315;
27.7357;
20.2585;
15.08;
23.2218;
25.7158;
23.1102;
14.6055;
25.9619;
28.901;
16.4151;
17.0923;
21.867;
35.2299;
26.3621;
27.2253;
28.5953;
14.4564;
15.2496;
13.0827;
22.1395;
20.6776;
23.0632;
13.173;
13.5044;
23.5009;
22.6756;
24.1207;
27.8381;
20.405;
23.4994;
26.2966;
26.208;
18.1114;
28.1148;
22.6899;
22.1206;
22.705;
29.1194;
13.9127;
23.504;
29.495;
14.2648;
23.6884;
14.0018;
30.0946;
25.2546;
17.2388;
16.6933;
31.2712;
28.08;
15.1757;
29.2298;
29.2642;
25.9146;
14.4273;
14.3435;
14.9002;
12.3794;
16.0182;
24.1734;
28.9879;
23.8958;
26.3103;
15.6504;
24.9371;
15.6121;
12.6436;
27.3352;
28.9662;
26.7629;
23.3083;
28.0043;
29.7041;
18.3215;
13.3456;
21.5447;
16.0537;
11.9154;
28.8117;
14.49;
21.8373;
13.7078;
21.3882;
23.6725;
26.5992;
26.0123;
28.5754;
28.2089;
17.946;
15.7542;
14.2568;
23.9155;
25.4952;
27.543;
12.7167;
28.5531;
24.4414;
22.4974;
20.3095;
23.3812;
27.952;
27.2832;
24.3386;
25.7398;
30.7285;
23.0746;
23.6933;
20.8791;
12.9957;
24.2333;
26.8159;
12.7222;
14.9237;
26.9285;
18.8628;
29.0964;
28.4133;
28.1851;
15.3191;
23.416;
26.0162;
12.9692;
29.6394;
13.3818;
24.4466;
21.2968;
29.6378;
21.3807;
25.6106;
34.1344;
28.1809;
14.787;
12.876;
14.283;
13.4809;
26.4476;
25.3477;
31.3613;
21.565;
15.5059;
15.0943;
29.5564;
27.9792;
14.7154;
16.5638;
22.9612;
27.038;
24.0798;
12.4214;
14.7677;
27.4325;
30.2851;
22.3234;
19.5786;
21.3756;
22.1824;
26.5751;
25.4384;
29.323;
22.5092;
26.1017;
25.0761;
15.6122;
28.9129;
29.454;
24.1872;
32.2248;
26.7625;
26.0103;
25.6838;
24.7633;
25.2324;
28.5872;
16.0924;
21.3759;
24.8461;
23.8806;
27.5373;
22.8158;
31.3434;
15.1897;
14.3715;
14.2363;
23.4441;
12.398;
11.6505;
12.7866;
13.9772;
23.0822;
24.103;
16.0343;
21.2438;
15.8596;
31.4645;
16.2637;
25.8221;
25.6051;
21.1392;
25.4591;
28.2486;
27.3357;
26.4454;
15.576;
15.1463;
21.8338;
28.1755;
20.9411;
25.4589;
29.1985;
15.1334;
29.7285;
23.1774;
29.3861;
23.8229;
27.4744;
26.4782;
26.2476;
17.6923;
31.0566;
18.1187;
25.622;
32.0086;
28.3528;
14.1977;
15.8861;
13.8588;
29.8131;
13.2032;
15.9419;
24.7833;
27.6545;
26.4208;
21.0297;
27.2581;
24.802;
25.4475;
28.7188;
35.3498;
23.1994;
25.395;
27.5719;
17.0407;
22.1281;
15.426;
27.4863;
25.5866;
26.3107;
26.5455;
14.4039;
21.7463;
14.7861;
13.2909;
12.6313;
25.5032;
24.7914;
12.3649;
13.5989;
23.6407;
23.1202;
27.0711;
11.1737;
15.9803;
26.0913;
18.9916;
22.7339;
26.8751;
28.9564;
25.4066;
14.7764;
12.9874;
13.874;
14.6052;
14.24;
23.6593;
13.9248;
23.6673;
13.5186;
20.7712;
30.5333;
26.6778;
24.4647;
28.6668;
22.8193;
11.5812;
16.0228;
12.5663;
18.8231;
25.4217;
22.6138;
12.5507;
24.4134;
27.9041;
28.7628;
13.5754;
25.3269;
12.8937;
29.6876;
20.6551;
22.3841;
23.9866;
27.0304;
27.9771;
15.3344;
25.2336;
27.3625;
19.8307;
13.1815;
17.6869;
14.3862;
15.4383;
30.4322;
26.9823;
26.0995;
25.1531;
26.605;
26.8036;
30.3951;
15.9611;
13.6898;
14.3513;
25.1844;
24.2989;
21.6051;
19.9282;
27.3715;
26.1133;
14.0481;
27.6404;
28.0451;
26.0225;
20.072;
26.9317;
28.8453;
28.5164;
26.9263;
27.752;
21.374;
27.2753;
26.6573;
26.7589;
25.9343;
28.2877;
19.7195;
23.5155;
29.3474;
30.2777;
17.4885;
21.5268;
26.3672;
25.8782;
29.3745;
24.1411;
26.0584;
13.7948;
16.7894;
26.7858;
24.7809;
12.5504;
22.2286;
16.993;
30.1647;
29.5392;
29.2631;
24.8519;
24.0676;
21.6778;
26.056;
14.1138;
25.9643;
13.8109;
24.3726;
25.8715;
16.9953;
27.0512;
33.2909;
27.528;
18.812;
18.8489;
26.7147;
25.1102;
18.9494;
28.1243;
17.0843;
23.1314;
21.5023;
14.7695;
16.2786;
15.1171;
25.6169;
24.9506;
19.9245;
25.5167;
32.7638;
24.9526;
24.0735;
27.3513;
23.7099;
13.9725;
32.4757;
27.7495;
25.8182;
15.2347;
19.4447;
27.4969;
15.3533;
11.9098;
13.3823;
12.2244;
14.3164;
27.7522;
27.5503;
33.6496;
28.975;
22.9304;
27.6012;
21.6618;
13.426;
16.3801;
14.7887;
13.3339;
15.47;
14.2483;
12.6403;
14.7109;
16.7848;
29.7384;
31.701;
25.5969;
23.973;
23.6816;
20.6661;
30.4593;
28.7897;
26.5211;
24.449;
25.898;
22.418;
24.7126;
23.6572;
23.3042;
25.7818;
23.6879;
22.8954;
27.814;
29.8789;
23.7348;
19.6855;
30.9231;
26.9871;
17.8832;
12.2173;
24.7023;
19.7348;
23.458;
12.4982;
24.7886;
22.3045;
25.5349;
27.0538;
25.5845;
27.053;
15.5404;
13.6447;
13.3119;
10.7199;
22.7954;
26.4997;
27.3557;
25.1007;
17.5331;
14.7408;
15.688;
13.8238;
14.2818;
14.8285;
22.7428;
24.2057;
27.8613;
13.607;
13.8256;
23.4673;
28.8809;
25.3942;
26.0353;
25.9848;
23.8383;
25.4953;
15.829;
28.216;
24.677;
25.2269;
20.2463;
27.7408;
16.1808;
14.2443;
24.292;
29.8789;
31.2002;
25.3264;
23.8511;
23.3614;
14.7006;
28.9889;
11.6958;
20.7472;
19.9483;
15.9335;
24.7002;
30.3117;
25.4244;
12.2692;
28.6742;
27.5525;
23.4274;
24.9968;
19.87;
24.5236;
25.4994;
15.3621;
29.1896;
23.344;
25.342;
21.7077;
26.1116;
24.5837;
22.5385;
16.4472;
18.4198;
17.2627;
31.0409;
26.9688;
31.2581;
13.6514;
23.5386;
27.4364;
28.3836;
14.5464;
20.8519;
21.7403;
25.7782;
22.9024;
29.3223;
25.1824;
24.1106;
24.9432;
22.697;
11.9202;
12.8631;
16.1709;
14.8279;
15.3065;
25.7807;
17.1991;
16.0766;
16.0144;
17.0878;
15.6542;
14.7582;
14.8674;
15.0375;
25.1138;
24.3923;
23.9483;
25.2965;
23.414;
30.0516;
30.0501;
29.8575;
20.57;
23.3779;
23.0993;
21.516;
23.1435;
24.0092;
28.9679;
25.0692;
22.4646;
15.0383;
26.481;
19.2184;
31.4823;
23.4583;
29.0732;
15.5287;
27.1088;
21.372;
31.4963;
27.265;
30.5817;
25.492;
28.3681;
24.8215;
30.2273;
21.4688;
25.5399;
16.6421;
27.8871;
15.4176;
14.3377;
26.2744;
23.5209;
27.1132;
26.3014;
22.6254;
22.2867;
27.2115;
24.9251;
26.2699;
15.2214;
12.9824;
15.5808;
15.1301;
17.1451;
16.5491;
23.0635;
18.2657;
23.162;
25.7743;
22.4851;
24.679;
24.6506;
13.9661;
16.5578;
33.2514;
24.0575;
25.4196;
27.1489;
26.2244;
13.0594;
25.6463;
16.2802;
24.407;
30.368;
25.1942;
20.8542;
27.6463;
26.9109;
28.2483;
13.4105;
14.2378;
21.2736;
24.7008;
29.4627;
25.5759;
22.9504;
31.4131;
13.7999;
14.9127;
15.6309;
15.658;
13.7214;
25.9876;
27.1355;
13.8095;
24.9974;
27.2332;
15.9627;
25.2776;
27.6114;
23.6248;
25.2945;
26.8825;
27.4211;
25.7595;
19.8642;
31.4633;
29.4598;
17.3963;
15.7657;
16.9497;
24.3788;
29.2134;
29.4418;
28.5137;
24.4265;
15.1555;
22.0442;
24.3558;
13.7155;
26.1283;
25.2048;
25.3504;
25.0057;
14.9924;
14.836;
16.3965;
15.122;
21.952;
27.7639;
25.7043;
12.744;
12.2587;
15.5523;
21.8418;
25.9156;
21.2072;
16.7431;
25.9414;
22.7448;
11.3862;
26.3445;
27.9169;
25.2174;
14.8684;
22.8443;
24.338;
30.0112;
13.6329;
16.4476;
13.6306;
13.9622;
27.9436;
14.9256;
11.3632;
21.1347;
26.675;
21.2776;
14.1279;
19.3716;
22.1859;
15.7607;
30.1974;
25.6999;
22.5251;
29.2079;
20.8108;
22.4409;
25.2771;
23.0437;
28.9727;
16.2944;
13.3972;
24.1957;
25.1435;
22.9249;
23.4296;
29.3377;
21.7597;
26.4998;
25.7615;
23.2071;
24.5125;
24.3248;
21.791;
24.1338;
14.6622;
25.3675;
28.1646;
22.4703;
22.6993;
25.6255;
20.257;
27.9615;
26.5836;
25.7215;
25.1195;
28.5877;
14.7931;
13.7841;
12.8008;
22.6622;
25.0405;
25.485;
23.2565;
28.1691;
20.0814;
14.4982;
22.2403;
15.9004;
19.8427;
26.4821;
22.2799;
22.7521;
15.7887;
25.7336;
28.3469;
15.6272;
23.0397;
20.9043;
18.3614;
13.3781;
13.6972;
26.3347;
22.2552;
22.1645;
25.4503;
25.7476;
17.0911;
13.606;
13.6956;
24.9417;
28.8171;
27.3321;
26.9525;
13.257;
14.4763;
22.6189;
25.3741;
14.891;
24.6745;
15.994;
23.6263;
27.0048;
24.1789;
14.3576;
23.1592;
24.845;
23.8357;
23.26;
23.6611;
23.1994;
27.0028;
24.656;
26.2433;
27.7182;
28.3251;
29.3393;
29.4453;
23.7426;
28.0963;
14.2742;
14.0448;
20.4581;
30.4307;
15.3019;
18.2428;
25.4568;
23.5766;
13.8656;
13.1781;
24.4646;
17.4205;
26.8964;
25.6993;
25.5339;
13.1644;
23.0334;
25.0814;
21.5248;
21.2757;
14.932;
16.1356;
28.6754;
20.4657;
25.9457;
21.6876;
27.6773;
17.7641;
26.8008;
26.9427;
22.0744;
16.1085;
15.3213;
28.009;
30.9769;
26.6964;
20.2323;
22.0526;
23.9858;
22.7757;
14.1089;
15.1763;
15.8816;
26.375;
23.541;
27.6892;
26.1505;
23.8416;
27.3249;
22.1432;
23.6998;
25.2513;
28.3288;
24.708;
27.0757;
16.2814;
29.437;
27.5507;
22.6126;
18.2125;
23.716;
30.0325;
26.7832;
29.1277;
26.2197;
23.7104;
22.1104;
24.3878;
25.9232;
24.3911;
24.3143;
25.2463;
25.2328;
13.6634;
19.4949;
19.7386;
23.7741;
24.2169;
22.8645;
15.6419;
14.988;
17.0197;
25.498;
24.2861;
26.4098;
26.2703;
30.1243;
22.5362;
29.6535;
21.7766;
26.8822;
22.2453;
22.6815;
25.3952;
23.5005;
15.592;
16.3496;
26.6182;
26.4586;
20.6928;
21.8197;
24.8989;
16.6876;
13.473;
22.0184;
26.7873;
21.7951;
15.5448;
28.3151;
28.0801;
24.5721;
23.614;
18.1625;
22.7588;
14.5683;
15.7151;
22.8358;
26.4077;
12.0829;
13.7348;
12.4149;
22.3703;
23.2738;
27.9642;
23.4462;
22.0975;
14.8463;
29.0039;
26.4233;
25.6201;
20.5143;
27.1452;
16.0928;
15.8396;
25.0425;
24.3637;
22.6545;
25.669;
28.3813;
26.274;
27.33;
16.2249;
22.3555;
23.2505;
29.5707;
16.139;
26.5675;
31.0153;
24.6981;
25.659;
32.474;
21.7511;
24.0313;
16.0094;
14.6725;
14.0522;
25.6214;
27.0391;
22.1829;
24.6369;
26.2155;
22.2038;
25.6753;
13.9566;
24.2677;
20.5727;
26.2445;
27.9652;
27.1495;
29.2888;
28.5746;
23.5678;
21.6514;
23.3703;
19.9096;
22.2194;
28.6633;
23.2647;
22.1216;
28.614;
24.5865;
15.8936;
24.7083;
21.4229;
13.9269;
15.2233;
23.194;
17.2367;
15.8483;
26.3964;
15.1423;
16.3577;
31.0003;
24.1794;
26.0456;
15.8143;
16.319;
14.3534;
26.0599;
23.6262;
20.8534;
23.7121;
27.0164;
22.2092;
13.9922;
13.1253;
15.939;
14.0471;
14.8064;
16.7441;
28.2279;
24.5228;
27.9181;
20.973;
29.4662;
26.6588;
15.2233;
22.7418;
21.5519;
26.9879;
30.6677;
26.9282;
25.1741;
28.8996;
14.9563;
16.3349;
22.2758;
29.0463;
24.2317;
23.0651;
24.7499;
16.2653;
28.0578;
26.7023;
25.3323;
24.4449;
26.7431;
21.6192;
23.5315;
27.8373;
23.5511;
22.8471;
27.6835;
28.577;
20.509;
22.7227;
27.5116;
27.5615;
25.8447;
28.4024;
25.9228;
26.5742;
25.2803;
14.1657;
13.3627;
27.676;
27.058;
15.6082;
16.0156;
12.8093;
13.6385;
17.2447;
16.878;
23.5683;
17.4518;
16.643;
26.4784;
27.3139;
28.3268;
27.382;
20.3707;
31.8745;
27.2637;
29.7041;
20.2836;
20.3414;
26.4343;
21.7106;
26.0232;
23.2113;
29.8017;
31.094;
16.2953;
15.4506;
23.3176;
24.0081;
30.2967;
24.0378;
24.3522;
22.9737;
21.794;
14.6232;
17.1126;
27.13;
27.1626;
27.101;
26.4176;
27.2231;
26.4194;
24.7523;
30.2256;
20.7837;
23.2539;
24.5955;
27.1403;
16.1236;
25.9649;
29.4088;
27.1385;
29.678;
25.5483;
27.0225;
20.1793;
20.8461;
19.5252;
22.1776;
18.6352;
21.2019;
24.1865;
24.9414;
26.9781;
26.2944;
29.5966;
25.5821;
25.0816;
21.0691;
26.216;
23.3468;
28.0064;
24.801;
26.1903;
27.2859;
24.7631;
26.193;
13.2072;
26.9139;
27.6824;
15.3646;
13.5376;
23.7779;
27.8453;
28.829;
22.29;
26.8435;
26.1669;
30.6595;
23.9152;
23.0094;
29.8319;
24.6252;
26.979;
18.1891;
15.0554;
14.0591;
13.9369;
14.1013;
13.57;
15.0463;
16.8122;
14.3222;
14.923;
15.6698;
13.165;
13.3217;
17.4766;
15.8113;
15.1871;
13.6652;
14.5557;
17.1451;
14.8014;
16.7983;
14.8247;
13.8119;
17.617;
16.7283;
17.2988;
16.7801;
14.636;
26.1144;
26.0694;
23.7054;
20.486;
27.3817;
22.9356;
23.0741;
23.0642;
18.426;
25.2079;
25.4137;
27.4468;
28.2381;
22.9633;
12.8611;
12.2026;
23.6585;
21.4135;
24.1626;
12.8885;
26.178;
27.3862;
16.0317;
14.3254;
15.4563;
15.3923;
13.6067;
17.6501;
14.9167;
14.8603;
21.6987;
25.9055;
19.9294;
15.2734;
15.4217;
15.8604;
14.5373;
16.6961;
16.5991;
18.2478;
15.2888;
17.3524;
13.9813;
16.0249;
16.6951;
16.8751;
17.2535;
12.5785;
15.0078;
13.2984;
14.948;
13.6127;
11.7707;
16.1574;
16.1482;
15.4722;
16.813;
13.1635;
14.2013;
13.3057;
17.7197;
16.0559;
17.4694;
15.3085;
16.1675;
14.7729;
13.9726;
17.1215;
15.111;
14.8907;
15.2641;
15.2212;
17.1366;
15.0164;
16.0862;
16.3615;
11.6691;
12.2976;
14.783;
16.1286;
14.8971;
15.1448;
12.6353;
14.8738;
15.4813;
13.0434;
14.7314;
15.2039;
14.1084;
15.1958;
16.5143;
13.157;
14.9606;
13.0806;
13.3816;
15.9004;
12.7682;
16.6283;
15.1298;
15.8955;
16.4115;
13.2254;
13.1442;
17.5313;
14.9862;
13.5198;
16.3639;
14.4903;
15.2563;
14.8934;
13.7613;
14.6634;
11.7299;
15.8917;
13.0133;
19.1112;
14.106;
14.4402;
16.6607;
14.7036;
13.4819;
14.922;
14.5434;
15.1189;
14.1715;
13.7509;
13.4699;
13.436;
16.2035;
15.6341;
12.9928;
15.8606;
14.9276;
20.2683;
20.6987;
22.5219;
16.7451;
10.9169;
16.333;
11.759;
15.1861;
14.9381;
13.3937;
14.1796;
16.7451;
15.0296;
14.6879;
15.1339;
20.9688;
24.9855;
28.2887;
23.8612;
28.2372;
20.2201;
20.1638;
20.4002;
24.622;
20.1875;
23.1956;
23.151;
20.3664;
23.2366;
21.6924;
24.6118;
12.9555;
23.8878;
16.3115;
16.2311;
25.2371;
25.9597;
21.623;
14.0746;
15.3676;
14.734;
15.7646;
11.3113;
14.2311;
14.122;
13.613;
14.2316;
11.8367;
13.1911;
12.5583;
12.191;
14.4283;
13.7862;
14.8325;
22.7241;
23.017;
14.2384;
16.2622;
12.7035;
12.4137;
15.9473;
16.0623;
14.2392;
14.0911;
14.5936;
14.2583;
13.3704;
12.6757;
16.0475;
12.3399;
13.8855;
13.843;
21.5371;
15.0039;
13.0596;
20.8181;
19.253;
25.0038;
23.6821;
21.5402;
21.3246;
19.2026;
25.0736;
24.311;
25.0747;
15.3896;
13.7738;
12.5324;
14.4317;
16.0736;
15.0599;
12.6504;
12.5611;
12.7565;
12.6715;
12.6152;
13.9792;
14.3879;
16.4517;
13.6801;
17.094;
14.6417;
13.3424;
14.4429;
13.835;
13.3345;
14.8601;
14.556;
15.8343;
12.5218;
11.6149;
13.0383;
11.9179;
13.3868;
13.7023;
9.85796;
11.3371;
17.6243;
15.7958;
14.8707;
13.276;
21.332;
14.167;
14.7038;
14.1518;
12.3198;
15.0161;
11.4875;
15.0463;
14.0292;
13.7134;
15.8231;
14.2699;
15.5516;
14.6523;
14.293;
15.4516;
14.8919;
13.6224;
15.3456;
12.5769;
15.9719;
14.6884;
15.9737;
16.7031;
13.3241;
13.1147;
11.7823;
13.2893;
14.4415;
16.4685;
13.1023;
13.3224;
13.5118;
19.6437;
15.6985;
12.2801;
10.2623;
13.1203;
12.3145;
11.1975;
14.8478;
14.4581;
15.6958;
17.135;
12.2748;
9.71626;
12.0302;
15.2456;
14.2421;
14.448;
15.7415;
13.6648;
14.4399;
12.6948;
12.5977;
14.6442;
12.9276;
14.5322;
13.854;
14.4498;
12.7201;
14.3027;
13.3687;
12.8336;
10.7247;
14.7921;
14.6303;
9.6093;
13.8013;
12.4418;
11.6008;
13.6703;
10.3038;
11.0514;
13.5001;
13.1996;
14.4806;
11.5948;
11.7656;
11.6734;
8.86442;
13.6281;
11.0368;
10.6629;
12.1168;
15.6683;
13.1929;
13.3014;
13.9106;
10.1401;
12.455;
14.8386;
16.2119;
11.8224;
12.5588;
11.7665;
13.021;
12.0186;
12.8606;
12.5406;
16.1565;
10.0485;
14.6487;
14.2174;
11.7444;
13.2149;
13.3002;
14.5718;
14.6967;
10.949;
15.1867;
15.6169;
12.5874;
14.1716;
12.1219;
11.6797;
10.8562;
11.5927;
12.3786;
12.2852;
15.6913;
10.4356;
11.2947;
11.6788;
14.9912;
11.87;
11.3477;
10.8101;
16.7632;
11.6017;
12.2625;
14.6741;
14.9876;
14.1333;
12.4193;
13.3492;
15.1378;
15.465;
12.4672;
13.7056;
15.714;
14.3727;
13.8069;
13.0361;
10.1196;
11.7806;
12.6746;
12.2122;
11.8496;
15.8975;
10.4336;
10.5965;
15.184;
13.7788;
10.6791;
14.3358;
11.6;
14.2493;
9.90601;
9.71264;
10.5537;
9.48446;
14.335;
11.3164;
12.8233;
12.1607;
10.9239;
11.8865;
11.5753;
13.2286;
12.2038;
9.01804;
12.7093;
12.0256;
10.6568;
12.8889;
11.4705;
11.416;
12.7825;
14.6131;
13.2209;
14.7456;
15.4042;
10.7447;
10.8;
19.548;
10.143;
13.0388;
12.7239;
11.6737;
13.2875;
14.1164;
14.6118;
12.8639;
12.4742;
14.3167;
22.9221;
12.3402;
11.5556;
12.2003;
13.2997;
11.8854;
13.5359;
13.1992;
12.9826;
13.711;
12.6308;
13.5615;
14.3836;
11.9725;
13.9261;
12.7581;
11.1362;
12.6567;
15.3325;
10.8827;
10.4348;
10.3348;
9.73421;
14.373;
10.7995;
10.9307;
10.1159;
9.88024;
14.582;
13.7327;
8.39729;
12.3041;
12.7411;
9.38922;
15.081;
11.6555;
12.0107;
13.7189;
9.92046;
13.9782;
12.9408;
12.3083;
10.6928;
6.89855;
8.26562;
11.3707;
12.7126;
14.5581;
13.5068;
11.6359;
11.9823;
12.8426;
12.9514;
14.0392;
13.8944;
14.2965;
12.3791;
11.1662;
11.2455;
13.9239;
9.46525;
12.3662;
10.7324;
11.6829;
12.2457;
14.6377;
8.84253;
11.6689;
11.7643;
11.1155;
12.0352;
12.5577;
11.7177;
11.3033;
13.1031;
12.6489;
12.5391;
11.0657;
11.4498;
12.2446;
11.0636;
11.0814;
11.9764;
14.5085;
10.1651;
12.3904;
10.8393;
12.1858;
13.0973;
9.80704;
7.95006;
10.9825;
11.8397;
14.5912;
10.1443;
10.2636;
10.4842;
12.6052;
13.2141;
10.6343;
11.0404;
11.3885;
10.5397;
10.8059;
11.4798;
10.1849;
12.5294;
9.15428;
10.6936;
14.1213;
10.2298;
10.339;
12.3691;
12.1989;
10.2437;
11.935;
11.8393;
10.9438;
9.183;
12.0031;
13.429;
12.9179;
13.6905;
11.5902;
11.3167;
10.6224;
12.1766;
9.96386;
11.82;
9.3157;
9.55206;
11.6503;
9.59795;
10.5409;
9.27165;
9.98819;
16.9913;
8.71366;
12.3177;
11.1294;
9.33235;
12.131;
11.9073;
13.9459;
10.8264;
11.7889;
8.97135;
10.5889;
10.7416;
13.656;
9.92806;
12.165;
11.1671;
14.6893;
10.8164;
13.3318;
10.8461;
7.41691;
13.8496;
12.2174;
10.4967;
12.1083;
7.2814;
13.1239;
10.5496;
10.9051;
14.968;
12.6228;
11.6287;
9.03942;
12.3636;
12.4445;
17.1606;
11.9976;
11.6191;
8.6101;
12.5479;
8.80049;
10.5648;
11.5344;
10.8267;
11.4539;
8.22228;
13.3921;
11.1483;
12.6205;
10.3478;
10.6999;
10.1441;
11.5549;
12.2398;
8.02875;
8.84272;
12.1625;
9.17446;
11.0548;
10.2449;
10.9309;
10.5668;
12.9148;
7.69903;
10.6756;
11.5807;
11.6595;
11.0978;
10.3497;
9.5774;
8.72182;
12.0268;
9.08328;
9.71037;
9.85078;
11.5464;
9.74427;
9.58691;
11.5502;
7.29501;
10.8348;
7.39775;
10.697;
9.83212;
9.94361;
12.8535;
9.025;
10.7057;
12.432;
13.2673;
10.3874;
10.263;
12.9554;
8.88294;
8.43747;
10.4111;
12.3024;
11.0191;
9.11178;
9.46402;
11.1683;
10.3679;
9.44131;
9.08121;
11.7583;
13.2311;
9.63733;
10.2781;
10.8004;
9.77099;
10.993;
11.7634;
12.8129;
10.5677;
10.6554;
8.32471;
12.6643;
8.19779;
13.9689;
9.60274;
8.61187;
9.87337;
10.5788;
10.5437;
9.86758;
8.38939;
11.6082;
12.507;
10.7097;
9.1769;
6.5544;
10.5634;
7.97133;
13.4591;
11.8792;
9.47638;
11.567;
10.8784;
9.30369;
10.6732;
9.59544;
12.2491;
18.1948;
