157.03;
167.389;
127.414;
117.572;
107.754;
135.46;
108.867;
170.559;
125.38;
161.442;
137.018;
132.668;
180.289;
122.184;
109.906;
178.035;
127.526;
201.316;
134.678;
127.698;
110.879;
172.42;
143.286;
170.094;
122.605;
166.511;
163.664;
166.709;
153.996;
152.353;
142.296;
106.675;
137.268;
122.937;
116.522;
151.602;
125.159;
132.853;
118.343;
128.193;
161.327;
128.513;
140.949;
157.742;
200.312;
150.855;
154.893;
177.721;
123.571;
137.274;
108.633;
147.429;
122.301;
162.478;
167.096;
148.382;
165.456;
166.195;
143.45;
198.132;
145.525;
140.125;
113.739;
174.143;
169.134;
138.874;
170.216;
126.34;
189.864;
138.754;
129.112;
116.254;
161.783;
134.011;
167.526;
118.778;
142.505;
189.869;
129.942;
139.776;
105.118;
142.147;
144.011;
124.897;
163.851;
130.595;
150.072;
154.066;
132.359;
113.551;
163.107;
102.019;
119.871;
134.654;
183.548;
186.412;
147.333;
139.117;
158.55;
190.705;
138.69;
97.597;
145.43;
156.48;
141.843;
120.609;
143.228;
178.424;
151.109;
159.252;
165.062;
104.209;
151.275;
199.125;
135.518;
152.52;
176.746;
173.698;
156.889;
115.479;
135.201;
168.581;
167.519;
148.858;
171.023;
151.605;
133.795;
148.693;
106.97;
123.681;
129.846;
204.887;
135.496;
162.375;
138.163;
151.76;
155.446;
142.04;
172.759;
159.598;
104.885;
170.456;
148.297;
162.216;
116.02;
121.962;
122.935;
142.961;
134.287;
136.27;
177.621;
144.538;
154.491;
151.693;
112.809;
144.545;
148.049;
149.347;
142.857;
127.386;
152.03;
133.971;
130.357;
187.293;
141.689;
135.369;
99.6616;
134.487;
128.315;
157.101;
136.144;
132.533;
154.14;
123.043;
156.689;
113.513;
161;
177.611;
150.834;
106.474;
119.571;
136.548;
139.785;
127.8;
95.6334;
186.187;
146.36;
134.728;
127.838;
116.421;
122.243;
168.117;
105.335;
160.921;
104.72;
162.703;
138.738;
168.477;
121.356;
191.675;
132.947;
143.667;
140.883;
152.365;
177.624;
165.119;
113.873;
181.725;
140.083;
121.504;
166.858;
121.409;
99.5604;
114.985;
118.692;
137.356;
123.581;
141.188;
94.2401;
192.806;
146.124;
95.821;
126.672;
157.47;
121.907;
128.613;
103.757;
152.238;
138.05;
105.736;
122.68;
130.02;
109.515;
145.9;
112.912;
103.071;
186.008;
182.675;
113.694;
110.376;
133.558;
142.7;
104.518;
134.796;
153.906;
135.667;
180.153;
154.83;
91.777;
145.623;
112.37;
120.398;
119.988;
118.517;
114.039;
105.056;
123.71;
130.757;
122.523;
117.441;
155.75;
197.166;
136.688;
127.804;
96.1502;
112.22;
123.821;
158.859;
117.551;
106.18;
171.52;
145.036;
127.522;
156.485;
158.174;
155.286;
125.781;
168.491;
143.8;
156.181;
130.456;
123.756;
135.906;
146.47;
108.864;
131.917;
173.462;
109.576;
155.431;
102.845;
146.317;
154.713;
129.421;
145.605;
101.919;
134.929;
104.719;
117.763;
151.477;
111.993;
154.971;
122.992;
153.117;
155.405;
158.581;
137.531;
153.995;
160.797;
115.513;
126.642;
153.196;
169.779;
129.512;
143.605;
133.929;
135.28;
127.91;
137.264;
180.348;
104.764;
154.19;
118.656;
113.99;
172.036;
132.068;
163.327;
151.962;
123.465;
113.903;
139.439;
180.597;
151.085;
147.893;
169.642;
150.066;
182.144;
124.332;
108.215;
132.156;
115.487;
117.475;
114.664;
179.555;
115.782;
137.107;
156.013;
113.215;
134.428;
130.869;
170.702;
129.869;
128.213;
165;
172.945;
151.644;
136.773;
133.612;
146.206;
132.359;
144.544;
140.168;
173.283;
150.754;
180.564;
171.96;
121.751;
151.56;
149.346;
178.698;
86.9714;
133.505;
115.135;
142.498;
150.226;
134.605;
172.139;
152.223;
127.191;
161.298;
146.46;
120.517;
161.34;
150.584;
118.064;
174.435;
174.547;
122.772;
130.938;
117.04;
112.925;
145.113;
131.418;
162.531;
133.236;
158.793;
164.38;
117.411;
113.876;
129.948;
122.917;
154.838;
121.016;
116.174;
171.994;
129.947;
146.938;
147.384;
124.785;
141.241;
161.095;
147.22;
139.194;
165.236;
206.679;
124.271;
156.78;
144.337;
145.226;
146.086;
180.712;
96.3898;
120.39;
121.662;
146.816;
115.253;
135.474;
166.69;
143.592;
160.39;
159.172;
150.024;
148.956;
128.51;
133.401;
150.491;
163.375;
102.498;
158.819;
96.978;
159.261;
138.847;
124.732;
136.02;
134.535;
147.513;
152.509;
129.004;
134.189;
143.177;
163.929;
109.997;
136.195;
126.205;
130.149;
125.583;
94.2497;
136.204;
147.869;
140.592;
152.516;
137.385;
153.844;
85.3611;
135.451;
117.414;
134.355;
167.063;
131.417;
139.716;
170.793;
168.446;
157.113;
157.06;
162.829;
176.064;
141.358;
140.491;
158.39;
101.255;
138.711;
124.513;
177.451;
140.457;
125.409;
121.292;
132.631;
146.058;
123.778;
122.466;
103.932;
153.439;
92.4431;
98.7734;
142.82;
87.5197;
139.777;
167.194;
151.17;
158.414;
152.879;
167.468;
141.65;
134.464;
106.617;
163.003;
166.349;
139.192;
162.018;
154.582;
88.7173;
116.6;
147.281;
116.26;
158.237;
135.447;
154.897;
103.724;
155.359;
104.081;
153.174;
133.672;
119.506;
158.965;
150.034;
155.844;
139.799;
130.944;
139.637;
109.009;
152.875;
165.645;
136.212;
140.31;
112.622;
124.922;
160.804;
144.727;
107.523;
135.348;
127.581;
148.191;
108.078;
107.48;
111.5;
129.176;
110.69;
165.559;
104.618;
111.048;
80.9281;
119.144;
163.717;
95.8614;
140.083;
130.532;
114.023;
148.02;
103.281;
127.391;
126.86;
132.477;
146.959;
149.846;
99.8401;
148.411;
148.27;
115.685;
149.032;
153.742;
141.723;
166.14;
159.613;
157.26;
126.809;
110.006;
107.497;
145.518;
157.737;
125.478;
134.541;
89.4189;
136.07;
177.807;
143.355;
152.035;
114.292;
95.6644;
118.708;
119.972;
109.254;
147.226;
128.272;
93.4938;
108.658;
122.665;
134.584;
121.688;
96.4785;
129.69;
122.874;
131.176;
153.369;
166.426;
104.129;
125.752;
84.2257;
122.223;
151.536;
82.9938;
149.213;
153.755;
91.8741;
127.8;
95.4296;
117.999;
129.741;
146.665;
124.881;
102.812;
110.462;
118.214;
118.901;
110.662;
125.229;
93.191;
130.962;
152.084;
160.133;
102.421;
168.688;
125.182;
140.089;
117.72;
100.55;
109.698;
119.213;
145.468;
104.002;
131.47;
108.291;
126.87;
143.845;
125.109;
146.07;
106.859;
129.142;
126.652;
90.9474;
159.377;
126.123;
101.302;
119.898;
142.712;
117.608;
127.814;
90.1518;
198.667;
117.327;
137.491;
76.2592;
161.051;
162.297;
131.106;
128.084;
110.498;
141.667;
160.273;
125.689;
119.299;
134.161;
146.513;
135.29;
138.129;
117.757;
135.211;
134.344;
116.714;
85.1801;
143.808;
119.594;
104.709;
105.261;
81.3049;
152.034;
166.247;
152.858;
150.96;
138.266;
129.286;
138.384;
142.036;
90.5825;
147.13;
112.734;
144.049;
148.011;
140.557;
125.685;
135.629;
120.29;
150.017;
87.7239;
153.588;
93.0845;
141.633;
147.619;
154.386;
119.099;
86.8182;
117.19;
119.929;
92.2773;
153.957;
120.025;
140.084;
77.3562;
139.905;
84.3149;
88.9461;
93.6939;
122.151;
158.443;
112.323;
123.005;
144.533;
133.477;
158.912;
121.42;
150.232;
124.127;
139.473;
124.352;
102.283;
87.0752;
136.291;
186.487;
147.091;
109.72;
144.891;
93.197;
124.99;
164.453;
143.439;
139.348;
156.083;
155.807;
125.976;
130.311;
177.924;
145.098;
71.5989;
90.7851;
75.1417;
141.877;
99.6398;
123.417;
163.584;
146.188;
118.064;
78.2599;
162.995;
123.06;
136.965;
111.764;
114.087;
156.184;
96.0899;
96.47;
165.637;
123.237;
100.181;
143.331;
77.8478;
167.702;
97.1553;
121.961;
136.149;
112.983;
120.79;
147.532;
103.459;
123.412;
86.2033;
119.798;
93.1904;
130.092;
120.043;
120.776;
106.491;
104.625;
118.343;
112.824;
133.446;
87.3513;
134.498;
141.569;
131.107;
143.183;
129.15;
91.153;
67.3912;
99.5863;
108.382;
128.214;
119.599;
116.633;
130.504;
134.376;
77.8712;
161.286;
127.168;
151.666;
138.106;
92.8948;
123.916;
83.0546;
110.29;
98.8886;
88.5137;
110.378;
151.895;
102.765;
108.259;
156.481;
133.754;
120.752;
128.309;
135.78;
143.303;
92.7638;
124.324;
100.356;
127.557;
99.3383;
77.9518;
145.423;
111.843;
107.18;
140.762;
131.064;
79.769;
125.686;
139.283;
88.2188;
128.308;
80.1075;
95.3954;
123.283;
158.398;
132.078;
140.561;
111.946;
126.707;
134.706;
143.737;
87.1159;
126.328;
69.2812;
145.493;
90.2483;
110.118;
149.049;
131.257;
145.149;
141.728;
143.898;
131.663;
77.0574;
87.3183;
87.1941;
140.583;
78.7777;
155.189;
83.8724;
112.345;
99.3802;
124.832;
83.9085;
109.584;
136.986;
141.812;
147.808;
77.5214;
103.898;
92.6441;
135.913;
121.652;
129.077;
123.306;
143.039;
143.181;
106.076;
122.518;
115.509;
131.526;
131.041;
132.926;
156.864;
138.077;
144.83;
157.001;
120.888;
148.784;
123.464;
98.8477;
124.272;
127.987;
136.79;
84.451;
160.208;
99.4255;
156.745;
81.3632;
96.3863;
108.899;
118.454;
118.225;
115.727;
99.5884;
90.7779;
126.064;
116.813;
98.9098;
144.357;
104.289;
82.8693;
81.4135;
144.175;
96.1453;
120.25;
143.738;
85.4473;
123.854;
127.831;
150.361;
142.466;
124.283;
141.513;
146.842;
134.403;
140.474;
89.0708;
126.892;
130.316;
139.531;
131.945;
121.106;
106.611;
110.283;
91.0563;
109.835;
139.417;
80.1458;
83.3615;
87.4533;
142.59;
138.567;
125.02;
97.6606;
124.769;
142.122;
117.619;
135.219;
78.7337;
96.4384;
140.854;
81.7243;
118.339;
113.876;
101.154;
167.391;
131.251;
129.115;
103.125;
142.869;
107.702;
122.575;
123.08;
90.5836;
127.692;
139.111;
128.366;
142.958;
131.165;
86.8171;
131.149;
114.275;
113.574;
133.018;
127.982;
97.559;
118.702;
109.026;
87.4536;
66.3596;
144.174;
76.2259;
117.969;
146.498;
110.086;
129.398;
75.356;
131.854;
122.501;
148.257;
90.5758;
101.225;
98.0013;
121.622;
129.893;
132.423;
151.971;
140.146;
115.937;
122.614;
126.632;
144.505;
134.314;
96.19;
157.515;
103.01;
110.766;
121.439;
115.813;
125.933;
118.249;
121.552;
120.558;
90.3111;
127.453;
109.364;
96.2162;
140.139;
121.542;
119.441;
133.796;
84.2522;
134.729;
120.357;
136.572;
81.4086;
92.4434;
106.731;
121.636;
90.517;
142.468;
94.0663;
67.9726;
144.554;
117.098;
133.743;
99.1141;
129.352;
129.029;
129.295;
109.31;
137.813;
140.114;
128.901;
90.1162;
132.266;
111.059;
105.113;
117.053;
109.179;
151.879;
154.038;
108.334;
75.8775;
139.077;
81.6394;
155.281;
103.505;
107.819;
147.258;
104.788;
129.994;
129.342;
116.592;
138.884;
135.742;
105.2;
120.929;
92.7535;
130.536;
140.78;
86.2669;
126.244;
72.8176;
123.706;
116.872;
137.424;
106.009;
108.917;
123.186;
141.704;
119.596;
83.9398;
140.589;
111.236;
120.953;
124.01;
129.24;
96.4261;
117.908;
111.405;
105.255;
84.7805;
96.2189;
116.336;
90.5698;
139.26;
125.72;
125.61;
89.6992;
134.04;
73.2806;
91.6994;
93.3786;
84.7513;
151.861;
112.195;
111.528;
108.193;
116.699;
86.9091;
109.32;
125.682;
120.768;
80.3428;
114.07;
82.9225;
122.751;
102.314;
97.788;
134.423;
106.111;
79.6668;
99.6689;
116.646;
89.3616;
140.767;
142.502;
81.3498;
148.167;
91.069;
87.763;
97.0535;
84.4662;
78.0643;
110.773;
151.714;
128.207;
96.4942;
118.04;
63.2604;
120.228;
126.288;
82.2826;
129.542;
74.73;
121.179;
99.5757;
127.438;
130.458;
128.262;
94.1602;
108.8;
128.316;
165.371;
154.255;
127.07;
150.867;
137.214;
105.866;
139.644;
127.609;
94.1041;
121.915;
95.3372;
87.711;
70.0586;
111.035;
69.5143;
127.439;
100.969;
98.1476;
136.33;
127.134;
129.336;
109.767;
158.954;
110.316;
74.2467;
75.8187;
139.435;
65.445;
105.238;
117.587;
148.014;
125.321;
123.212;
141.119;
81.0861;
115.12;
115.801;
126.836;
101.292;
122.88;
121.015;
130.829;
90.1376;
122.491;
87.3288;
81.3319;
140.754;
133.446;
127.516;
96.8511;
113.394;
71.7812;
140.924;
134.076;
83.2365;
130.186;
130.436;
110.323;
103.94;
145.274;
101.141;
88.6595;
102.06;
137.963;
63.5638;
119.509;
104.586;
141.898;
164.177;
100.852;
111.177;
142.074;
93.0348;
95.4252;
164.444;
135.828;
121.216;
111.374;
133.742;
111.328;
133.981;
108.895;
147.18;
130.615;
93.7765;
107.951;
104.819;
111.808;
114.749;
108.376;
148.269;
119.413;
109.341;
119.657;
113.457;
113.495;
128.207;
128.801;
115.701;
100.483;
117.052;
124.169;
123.079;
104.489;
115.346;
94.953;
117.222;
117.828;
118.95;
146.101;
133.211;
125.41;
73.7199;
121.486;
133.129;
131.737;
133.543;
92.19;
108.43;
121.995;
112.911;
142.201;
131.631;
76.0013;
164.971;
100.957;
80.2696;
110.765;
68.1539;
146.631;
154.093;
126.537;
91.9438;
134.694;
83.1897;
75.1998;
110.587;
127.947;
131.871;
118.255;
119.939;
107.083;
114.256;
134.571;
105.315;
119.293;
107.732;
72.1997;
67.5059;
84.4474;
72.9096;
107;
123.555;
127.763;
137.496;
136.992;
118.695;
85.6085;
73.4743;
88.5364;
107.468;
149.994;
72.1381;
83.1907;
82.454;
123.631;
75.0211;
124.46;
142.102;
74.3172;
64.6472;
72.6753;
92.4979;
108.957;
115.058;
115.297;
69.1647;
80.6073;
133.764;
93.4623;
96.3106;
102.113;
121.071;
107.76;
119.158;
93.2552;
134.133;
123.358;
82.0982;
119.524;
109.005;
103.43;
100.948;
112.833;
91.8148;
93.9346;
127.906;
117.412;
125.416;
89.349;
128.197;
72.6337;
85.5684;
95.7492;
132.283;
67.7261;
94.6696;
75.5101;
110.81;
66.1205;
62.9851;
137.227;
70.4855;
80.2192;
67.177;
75.8788;
149.882;
121.665;
70.3664;
108.118;
112.428;
114.394;
113.636;
103.939;
138.178;
109.985;
68.4439;
103.172;
123.069;
73.7138;
103.044;
141.192;
129.727;
111.186;
141.334;
87.9536;
112.988;
117.624;
121.608;
102.971;
120.064;
109.877;
98.2282;
79.9099;
103.113;
74.2341;
80.2135;
115.953;
105.638;
120.843;
97.0801;
88.1837;
69.4912;
105.393;
86.5331;
70.4996;
116.259;
69.0537;
95.0201;
124.692;
123.907;
105.214;
124.342;
122.387;
64.9685;
109.353;
79.8809;
160.316;
78.6094;
93.6318;
144.358;
87.589;
103.007;
147.194;
126.233;
94.8179;
137.435;
85.4496;
90.0957;
74.6986;
114.642;
79.2769;
79.2601;
135.556;
106.13;
107.203;
109.269;
113.809;
82.5842;
101.339;
138.25;
70.067;
134.929;
68.0058;
129.982;
156.912;
118.448;
67.3429;
119.959;
80.6731;
102.9;
85.4092;
104.233;
93.1431;
92.254;
122.342;
98.0412;
119.262;
106.036;
62.5289;
118.264;
126.645;
132.66;
96.9156;
101.682;
126.523;
131.028;
107.437;
75.0705;
104.964;
116.607;
65.4878;
106.35;
109.462;
81.762;
124.06;
64.237;
167.81;
122.032;
118.881;
127.952;
72.5476;
98.3652;
104.822;
100.159;
113.777;
104.4;
120.046;
91.8075;
141.016;
110.853;
128.136;
92.458;
128.117;
111.319;
148.545;
107.972;
105.307;
112.105;
158.065;
76.7333;
92.8712;
175.873;
73.1556;
66.0803;
107.154;
147.003;
70.8576;
107.163;
54.7493;
130.641;
126.904;
117.707;
105.03;
115.142;
79.7375;
69.9185;
113.144;
62.8487;
78.463;
108.972;
110.421;
125.393;
127.668;
60.1102;
123.309;
114.868;
154.295;
70.0837;
64.9159;
83.2025;
105.575;
94.8407;
75.6778;
113.49;
78.9776;
82.0218;
59.3013;
104.734;
125.97;
96.0182;
120.312;
125.294;
101.405;
91.7994;
94.7032;
125.491;
91.2473;
156.824;
113.427;
122.438;
111.484;
112.377;
142.123;
113.26;
130.719;
107.463;
67.6144;
103;
84.5122;
98.2035;
73.6742;
75.5243;
126.407;
139.961;
130.971;
105.409;
83.3213;
151.281;
58.9863;
91.6321;
77.4685;
99.4187;
90.7686;
75.1988;
54.6319;
103.33;
131.993;
133.751;
113.552;
81.119;
103.107;
61.91;
88.2072;
108.392;
142.608;
124.048;
95.9409;
122.523;
136.177;
66.9999;
145.834;
75.799;
130.167;
82.8623;
93.0734;
52.3172;
107.086;
97.4782;
99.6046;
118.791;
117.431;
71.6623;
85.4002;
126.375;
64.0545;
105.407;
123.793;
117.035;
84.9103;
136.978;
146.635;
122.574;
72.761;
143.321;
111.463;
76.0685;
127.883;
69.6777;
74.3649;
128.178;
64.6591;
113.196;
118.311;
145.929;
111.587;
144.683;
71.6923;
119.169;
61.5992;
119.087;
74.6656;
103.284;
134.062;
122.716;
126.166;
93.5652;
112.5;
116.443;
133.875;
117.785;
106.228;
90.4475;
84.0581;
122.014;
109.417;
124.38;
100.385;
83.0841;
119.92;
122.581;
111.412;
91.3065;
130.33;
68.4797;
44.443;
104.256;
104.232;
111.276;
70.7393;
104.318;
111.058;
88.7576;
103.976;
106.526;
90.7287;
53.0289;
74.5963;
130.665;
137.291;
77.5089;
68.1411;
61.4329;
108.347;
60.285;
84.4333;
74.1073;
92.5298;
117.496;
91.4133;
98.4288;
121.586;
110.442;
107.562;
49.677;
100.647;
120.44;
123.266;
60.971;
93.0135;
67.2994;
109.458;
79.0482;
70.2314;
121.315;
110.766;
116.561;
116.838;
72.2806;
119.026;
122.809;
57.2392;
106.261;
78.5269;
69.5036;
59.0383;
113.713;
91.1672;
138.969;
133.141;
102.281;
115.906;
133.125;
75.2628;
120.381;
133.876;
71.894;
78.2487;
94.5432;
59.3714;
106.172;
119.108;
104.145;
96.2466;
68.3811;
80.9737;
66.7289;
146.823;
118.547;
88.9292;
71.5639;
104.665;
95.8288;
107.897;
127.969;
68.569;
130.476;
103.286;
73.1458;
78.152;
53.3976;
97.2769;
63.4895;
91.8206;
76.4737;
97.7486;
99.7726;
112.285;
112.719;
53.9475;
70.7263;
125.238;
92.9855;
51.2427;
65.9142;
124.326;
82.2917;
60.4544;
112.219;
64.0789;
76.4317;
105.808;
96.4027;
72.2969;
76.7035;
80.5564;
103.852;
64.9082;
68.071;
111.081;
123.888;
65.0075;
119.91;
85.5488;
104.976;
61.0934;
66.1878;
98.6784;
72.015;
124.965;
61.9925;
83.9649;
124.648;
89.5805;
81.0612;
128.269;
109.69;
60.5637;
89.7529;
107.406;
131.939;
102.562;
109.063;
72.2032;
102.323;
72.8959;
93.4549;
117.838;
121.456;
77.7651;
65.6773;
140.39;
81.2845;
164.385;
115.152;
79.1462;
132.309;
80.9997;
113.769;
59.3019;
118.758;
122.361;
128.377;
97.3452;
122.867;
101.872;
72.5757;
104.671;
119.697;
53.5228;
92.4297;
68.1283;
135.737;
62.4856;
116.528;
136.871;
84.0262;
72.0029;
46.1807;
62.9881;
68.7013;
99.1294;
98.491;
70.1879;
55.0994;
98.1487;
86.12;
126.62;
98.2157;
127.934;
76.1024;
86.7436;
127.83;
102.225;
111.231;
120.471;
112.042;
112.518;
109.515;
87.9052;
64.1466;
82.2929;
67.3601;
93.59;
113.286;
94.3423;
58.8376;
112.027;
61.6847;
99.7521;
118.15;
109.452;
125.335;
140.713;
81.7323;
85.5574;
78.6732;
67.2872;
147.549;
121.902;
79.2965;
156.673;
104.96;
120.253;
145.222;
117.046;
103.073;
57.602;
65.8484;
85.5669;
108.039;
78.4475;
91.2823;
68.6646;
82.4991;
108;
51.2291;
138.504;
55.86;
90.3478;
89.2419;
104.342;
67.0685;
130.077;
154.305;
87.7762;
112.815;
116.83;
116.391;
93.3972;
75.6149;
72.0224;
45.9462;
83.6385;
111.643;
74.0805;
109.851;
112.937;
99.854;
108.423;
104.08;
60.1425;
100.413;
99.8941;
57.9475;
77.4191;
63.581;
52.6609;
94.7321;
77.8544;
105.249;
71.7285;
117.342;
117.681;
118.077;
81.9463;
82.9505;
76.5052;
94.6593;
81.7343;
120.936;
98.3534;
109.715;
78.1021;
74.7734;
82.6955;
127.754;
59.5535;
88.5208;
60.3627;
128.309;
112.886;
92.1378;
133.176;
87.246;
82.6158;
110.729;
107.697;
102.977;
103.698;
102.889;
129.902;
93.4708;
112.713;
69.8697;
64.4082;
125.587;
116.433;
92.7295;
83.4042;
104.178;
59.0341;
85.1003;
110.46;
95.8761;
92.4683;
106.176;
111.574;
122.037;
127.85;
83.0314;
85.3697;
55.3272;
64.5453;
71.7122;
68.1778;
120.601;
98.0347;
109.662;
57.5366;
102.582;
73.3441;
80.7246;
112.531;
100.477;
75.7347;
73.5787;
113.721;
104.227;
103.708;
121.386;
88.6651;
71.0839;
112.249;
121.759;
103.561;
101.219;
65.3234;
113.81;
106.596;
106.133;
111.898;
92.1022;
90.1078;
61.6169;
105.326;
127.846;
118.163;
69.5719;
63.0373;
115.635;
98.1443;
108.955;
118.418;
112.012;
127.7;
117.252;
52.7238;
108.63;
106.594;
108.838;
137.84;
80.1974;
144.159;
157.709;
91.6372;
103.779;
109.294;
119.174;
104.276;
128.152;
124.868;
89.0598;
68.3999;
105.694;
84.4093;
80.2529;
102.691;
78.6812;
98.7001;
91.4371;
112.807;
67.5468;
132.257;
65.2788;
73.532;
99.9505;
84.1292;
116.647;
98.6716;
118.436;
73.8722;
98.9561;
68.1764;
98.511;
81.0698;
119.027;
76.8304;
96.8837;
105.901;
97.0322;
47.6719;
92.224;
49.4419;
115.133;
126.578;
118.344;
67.2386;
103.637;
102.042;
118.627;
116.844;
62.8604;
110.595;
79.9293;
60.8174;
104.144;
88.689;
105.873;
106.092;
114.425;
88.7112;
107.954;
70.2994;
89.1722;
70.5508;
100.529;
78.1297;
85.7884;
85.182;
135.989;
111.772;
88.5192;
152.838;
55.5597;
115.288;
59.4862;
104.908;
67.3103;
97.7901;
64.38;
98.5927;
72.0559;
111.326;
123.015;
114.742;
71.0163;
82.4434;
103.402;
55.3491;
115.69;
136.85;
76.5274;
89.1901;
114.538;
95.8367;
62.7565;
122.945;
64.4834;
109.778;
74.657;
82.874;
127.257;
114.731;
78.7239;
68.8251;
72.0097;
69.3797;
62.6954;
110.121;
85.4443;
114.92;
69.9428;
99.7057;
61.5555;
95.3492;
99.1523;
90.5938;
94.0943;
119.524;
126.391;
112.118;
48.0717;
105.299;
101.299;
88.0549;
62.4203;
103.642;
105.385;
79.8711;
59.3146;
122.262;
103.717;
125.063;
94.4623;
77.2426;
77.2494;
105.477;
123.352;
98.4136;
135.298;
105.171;
125.363;
96.0543;
113.037;
117.44;
62.7542;
58.9034;
109.518;
101.176;
104.006;
64.759;
51.1342;
71.7371;
64.559;
91.8684;
95.7728;
78.169;
114.539;
86.8175;
64.1139;
97.9402;
124.277;
81.2786;
90.9907;
88.2789;
112.001;
76.6342;
109.236;
54.8233;
82.2841;
106.397;
113.05;
67.6026;
92.0747;
76.0478;
92.1565;
110.741;
60.0683;
111.201;
116.655;
121.778;
106.403;
78.1863;
67.1969;
71.0136;
79.2165;
116.802;
116.703;
103.851;
124.704;
132.115;
85.2845;
89.9581;
79.7534;
117.101;
138.341;
54.5633;
83.1277;
86.9692;
128.525;
73.4873;
84.5393;
93.6591;
102.03;
55.2049;
111.925;
57.5416;
67.723;
124.392;
106.048;
104.628;
58.0267;
67.4134;
120.184;
73.1488;
100.906;
43.1485;
64.245;
91.6349;
95.1836;
106.617;
105.317;
96.0712;
81.4831;
117.076;
97.298;
61.2601;
134.75;
61.7002;
101.522;
53.787;
81.6905;
118.901;
53.0439;
126.822;
118.008;
129.634;
98.2348;
74.0082;
119.771;
92.4944;
111.155;
92.7321;
112.658;
121.226;
90.0155;
82.4047;
83.1508;
68.4186;
84.9828;
85.3805;
103.116;
88.6423;
74.512;
99.367;
76.5782;
110.13;
94.2063;
119.962;
99.2761;
91.5526;
87.916;
69.4808;
86.9162;
110.328;
78.0693;
61.5904;
62.7555;
101.822;
78.4774;
91.365;
113.3;
108.359;
104.463;
97.5666;
69.7804;
118.59;
51.8336;
61.1856;
110.692;
101.927;
106.154;
52.3444;
129.954;
69.147;
50.4715;
89.2311;
78.4802;
86.4455;
64.0064;
55.0457;
102.105;
95.4593;
53.5246;
107.084;
80.5909;
93.5222;
100.158;
101.829;
105.108;
91.7479;
88.2774;
119.055;
66.5086;
77.2314;
95.5465;
75.199;
67.4192;
103.732;
71.1301;
77.064;
107.117;
62.654;
103.484;
62.9871;
92.9038;
107.25;
95.4273;
95.1021;
91.1746;
126.567;
86.7731;
120.325;
81.9467;
79.7651;
99.7145;
82.9063;
81.1766;
78.9968;
89.252;
104.932;
91.1135;
102.627;
79.5949;
71.2743;
100.092;
96.9284;
128.652;
87.8174;
110.343;
117.334;
103.696;
119.339;
105.941;
106.255;
123.273;
83.4881;
117.025;
80.6443;
77.5987;
79.4102;
116.804;
112.922;
72.5624;
110.621;
114.567;
88.0278;
78.5974;
115.056;
85.17;
88.8937;
61.9314;
113.167;
120.822;
71.3652;
74.7834;
58.0078;
61.1472;
94.6607;
92.4662;
108.276;
58.5929;
65.0326;
77.9673;
56.0955;
84.0029;
113.237;
71.0748;
81.2024;
58.7717;
67.0801;
96.6015;
65.9999;
128.033;
110.199;
104.153;
79.1604;
72.9114;
60.4255;
125.694;
50.6874;
74.1718;
113.392;
53.3173;
97.8922;
60.9996;
104.148;
104.5;
98.5859;
93.077;
98.7223;
89.9069;
45.6534;
108.132;
113.728;
66.7216;
105.287;
60.3889;
60.9053;
105.717;
65.2589;
123.001;
104.27;
101.26;
120.26;
117.122;
89.2344;
104.868;
63.626;
118.331;
96.1726;
113.578;
110.926;
129.324;
124.993;
71.938;
95.8629;
109.11;
56.9247;
66.5875;
108.929;
120.374;
92.8674;
128.418;
134.023;
89.768;
60.6826;
61.2362;
113.357;
53.7551;
121.438;
97.9871;
104.177;
58.8806;
118.325;
81.1448;
51.7715;
94.6302;
88.0351;
64.8288;
115.465;
64.619;
98.758;
118.562;
91.9101;
100.315;
105.227;
82.8592;
98.9036;
96.2985;
108.283;
108.424;
80.8434;
111.095;
83.7212;
76.9441;
98.8382;
97.5817;
94.5701;
100.443;
126.274;
66.6142;
101.784;
79.222;
72.4803;
85.8475;
46.0853;
115.887;
71.8564;
83.5383;
125.241;
118.623;
92.285;
134.572;
103.813;
57.9899;
92.3014;
72.5638;
95.2147;
74.5229;
63.4647;
107.946;
64.2524;
102.184;
87.6481;
88.3165;
80.7727;
103.19;
112.793;
82.6533;
64.095;
67.1651;
91.0604;
99.9251;
74.5539;
55.1432;
75.4538;
111.35;
61.7258;
61.7241;
63.3654;
95.9338;
110.548;
97.4278;
136.405;
78.3175;
82.3798;
99.506;
94.6375;
112.495;
119.014;
108.321;
88.424;
94.2556;
59.0688;
106.316;
110.798;
41.12;
111.885;
70.3333;
103.465;
41.7636;
79.3881;
84.317;
101.299;
78.3012;
62.2195;
47.937;
132.006;
68.6423;
115.754;
107.967;
48.6189;
97.4158;
58.6035;
109.861;
109.377;
63.1869;
93.2261;
102.264;
51.4497;
140.477;
110.945;
84.0237;
84.7528;
107.506;
115.723;
99.4594;
110.54;
53.5401;
49.9898;
107.711;
71.7819;
118.556;
73.7289;
105.416;
94.2714;
108.921;
89.5864;
119.223;
114.574;
92.5868;
57.7819;
114.669;
98.0439;
49.1236;
102.689;
113.221;
45.2163;
109.708;
48.9479;
97.6312;
83.0599;
80.4901;
92.518;
72.2357;
82.1065;
64.2841;
71.1439;
70.2387;
88.3797;
132.358;
104.443;
81.898;
81.9114;
102.349;
104.186;
87.3324;
119.984;
86.6701;
89.5445;
92.4246;
105.73;
82.9061;
113.157;
105.954;
105.284;
59.2941;
66.6302;
59.5806;
104.243;
102.058;
123.368;
95.4128;
53.899;
103.043;
96.9016;
99.062;
103.725;
68.9829;
84.386;
103.558;
93.5669;
95.7911;
86.2922;
50.1819;
101.488;
85.7412;
63.8728;
120.581;
76.7602;
92.5085;
100.733;
104.021;
75.9559;
104.06;
112.584;
100.026;
96.1201;
102.036;
78.8521;
86.7459;
91.3605;
58.1635;
92.4587;
56.1141;
64.1493;
62.2509;
123.549;
35.6748;
85.6155;
94.52;
75.6553;
127.803;
44.933;
98.741;
51.2141;
78.9652;
91.0449;
108.536;
62.2147;
43.8045;
83.1818;
80.3103;
74.9436;
62.9218;
92.5111;
92.9193;
111.346;
63.0332;
56.3528;
110.077;
88.6025;
58.4756;
110.27;
64.8256;
90.9681;
109.905;
102.645;
53.2296;
54.4169;
65.9195;
98.3657;
95.1007;
45.3674;
82.4337;
59.6777;
86.1469;
100.571;
72.9963;
69.662;
54.7482;
105.758;
49.213;
103.277;
89.3578;
64.4224;
105.584;
62.5242;
45.9632;
68.2563;
87.6811;
104.867;
45.9672;
110.631;
98.2864;
134.549;
48.6241;
85.2679;
55.2484;
120.641;
85.5683;
63.76;
126.599;
98.2043;
53.4048;
43.194;
71.6471;
93.4473;
58.4639;
82.3737;
63.7417;
99.1064;
104.89;
74.8545;
71.9278;
63.3964;
82.9853;
90.2235;
57.0586;
85.9093;
98.0911;
54.8714;
109.404;
73.7112;
103.592;
54.7773;
81.448;
52.1426;
95.2169;
102.094;
120.594;
45.2994;
57.1585;
103.237;
78.0723;
134.618;
78.3019;
88.3266;
58.1992;
75.1664;
114.983;
92.9772;
125.238;
77.8449;
61.4099;
108.276;
113.249;
63.8355;
81.5415;
80.1144;
106.934;
82.5369;
100.476;
115.341;
126.535;
96.2669;
90.3163;
114.69;
111.248;
100.397;
79.0662;
113.4;
51.4671;
109.989;
53.3699;
95.8735;
86.7028;
47.2402;
62.7138;
85.6367;
90.3554;
75.2243;
96.1071;
123.172;
116.202;
94.3266;
83.2803;
61.8264;
95.6885;
99.8027;
87.268;
103.78;
87.2933;
58.7291;
83.0457;
73.1322;
66.5695;
108.599;
49.5963;
65.6337;
107.378;
49.2593;
115.251;
50.8514;
78.6289;
104.951;
66.3959;
99.6659;
111.021;
46.3136;
59.1322;
95.913;
57.8854;
97.0072;
95.032;
100.88;
109.788;
98.3171;
82.1476;
67.9018;
66.3085;
83.6185;
80.2803;
43.0673;
71.6468;
56.9878;
90.2418;
55.5671;
97.2505;
97.8526;
58.4606;
91.9904;
62.6383;
91.4209;
48.202;
45.9027;
50.5862;
84.1698;
71.6725;
116.333;
62.9053;
87.8254;
69.7853;
119.443;
54.5634;
103.798;
51.9615;
109.522;
112.049;
83.6935;
87.7265;
106.619;
83.4203;
91.5348;
104.579;
111.068;
95.6441;
84.4035;
79.3073;
112.529;
99.9753;
95.0688;
108.396;
113.369;
103.653;
108.845;
87.842;
101.649;
84.2287;
92.1368;
68.6695;
95.0626;
73.9803;
113.282;
94.791;
90.7432;
81.7299;
59.9472;
96.2481;
89.2325;
82.5344;
113.371;
49.8217;
80.6152;
63.0271;
113.757;
111.133;
70.45;
66.9895;
101.925;
74.8774;
92.6634;
46.5687;
47.1799;
106.616;
78.5598;
71.7552;
104.374;
89.4619;
48.7214;
51.1026;
93.9007;
93.8218;
44.0492;
95.6985;
53.4029;
101.912;
69.5439;
88.4325;
94.4022;
107.052;
54.3169;
108.414;
55.5007;
76.6506;
55.0328;
51.9276;
102.828;
59.2591;
73.1071;
105.196;
71.9846;
105.13;
58.7014;
89.993;
51.9337;
90.2508;
107.412;
103.514;
88.7919;
89.0482;
71.199;
117.541;
82.6658;
82.44;
41.0142;
96.5491;
101.416;
58.1177;
53.9561;
68.2683;
97.453;
67.032;
80.7763;
86.4248;
85.5208;
91.413;
89.7115;
90.2633;
68.4904;
102.407;
94.697;
123.041;
70.6839;
129.014;
95.2495;
79.615;
54.9745;
91.4543;
102.402;
123.74;
109.344;
48.9369;
99.2609;
67.9952;
98.1029;
68.6851;
99.1285;
82.2552;
80.7099;
109.194;
65.7253;
92.9643;
87.3543;
59.4655;
88.5111;
78.9346;
56.6733;
70.7014;
55.6601;
84.6889;
94.8384;
105.243;
87.1375;
97.2621;
94.8758;
126.467;
100.186;
55.4088;
86.424;
80.9466;
110.376;
61.0145;
109.95;
53.6843;
82.8397;
83.5792;
95.1827;
114.963;
99.823;
52.9956;
86.0461;
87.9024;
84.9588;
51.3513;
105.95;
59.3458;
82.4343;
69.8373;
53.9009;
86.9994;
87.2693;
74.2405;
55.5227;
117.083;
64.9803;
90.1802;
51.6778;
105.424;
66.9574;
122.96;
75.4342;
66.1994;
64.6317;
97.2049;
105.074;
95.2225;
82.2527;
83.0675;
78.4639;
83.3746;
131.458;
94.572;
108.075;
74.9277;
110.647;
71.4208;
114.249;
88.4476;
71.277;
103.948;
87.6066;
111.015;
55.8432;
72.056;
86.9312;
79.2955;
104.825;
101.287;
72.8815;
94.3848;
99.8303;
86.1286;
70.1028;
69.968;
57.1909;
77.2149;
54.5133;
61.3436;
95.5654;
56.0992;
81.5807;
65.2112;
60.5106;
88.6146;
73.0027;
94.8296;
46.7143;
130.162;
64.0568;
42.9519;
55.1883;
100.363;
58.9387;
87.5517;
87.0002;
86.2899;
97.4501;
125.072;
105.101;
114.05;
92.962;
61.5035;
104.839;
53.1498;
74.7089;
98.4039;
55.531;
44.9191;
84.005;
52.8051;
56.5168;
69.7798;
61.2561;
73.4694;
67.0797;
79.9777;
47.5504;
90.1197;
61.346;
61.9504;
115.055;
85.989;
75.2213;
108.445;
50.0069;
85.9521;
105.664;
78.3268;
52.9895;
82.5138;
82.0462;
93.5963;
87.9909;
59.1727;
111.963;
84.6681;
114.217;
78.9305;
96.8706;
64.2415;
88.4974;
53.1977;
42.1771;
63.044;
51.3283;
97.9484;
97.5326;
106.187;
49.3548;
102.998;
100.138;
96.0231;
79.1946;
77.6183;
101.73;
88.1787;
52.4468;
82.1646;
95.2348;
120.288;
86.4551;
79.083;
113.313;
73.0462;
53.6149;
93.1581;
74.3183;
86.7425;
83.4328;
45.9933;
92.768;
90.2646;
68.8932;
72.598;
98.6245;
52.298;
53.9788;
78.769;
60.452;
106.373;
72.0028;
106.263;
64.0193;
96.8483;
51.2307;
96.1458;
76.4208;
88.912;
83.5895;
88.341;
81.1101;
59.2662;
70.7293;
99.6766;
90.6255;
105.012;
124.051;
73.8809;
44.1213;
101.218;
107.537;
58.2597;
87.0448;
79.3218;
80.4761;
75.6162;
87.2757;
64.7008;
84.7333;
100.532;
84.2189;
44.6158;
89.5132;
89.462;
101.035;
94.6485;
93.5498;
78.3704;
71.8253;
50.2266;
112.666;
48.0395;
68.8494;
38.2651;
49.3597;
81.9186;
60.3404;
94.0677;
63.5546;
94.4867;
91.514;
83.4142;
109.324;
43.0513;
78.5273;
105.035;
71.5784;
54.6373;
116.377;
97.1718;
51.4465;
52.6641;
98.1717;
50.0994;
52.1137;
75.0201;
55.948;
48.0645;
111.739;
90.8305;
88.049;
89.2397;
81.6146;
78.1524;
54.8204;
65.0956;
82.9284;
95.8603;
94.9181;
75.2252;
85.2083;
103.63;
77.8652;
64.08;
61.9934;
50.9314;
110.184;
87.6759;
59.1942;
54.5246;
65.5294;
65.5258;
52.5651;
111.561;
58.2677;
41.1393;
81.1234;
92.26;
76.6376;
79.5434;
59.7138;
47.343;
77.4957;
50.0791;
64.4508;
59.8012;
99.561;
91.9792;
99.9409;
81.0195;
80.9022;
88.463;
88.2447;
47.9889;
90.1058;
63.5611;
82.767;
76.8637;
51.9432;
47.4732;
45.1598;
74.0313;
69.569;
99.5554;
64.6234;
74.2361;
84.5404;
91.8042;
94.0487;
73.8225;
67.7393;
80.4103;
88.3779;
49.7129;
74.8125;
58.9275;
125.259;
118.031;
54.7677;
51.8428;
116.777;
64.7605;
94.2004;
76.414;
85.7431;
79.0148;
73.4842;
41.4756;
86.9575;
104.593;
85.2788;
70.132;
83.6492;
54.6109;
67.7923;
108.593;
83.837;
44.3113;
72.2328;
89.368;
46.5602;
88.5204;
101.322;
62.7533;
53.7789;
62.4627;
59.4831;
101.198;
71.7955;
90.0154;
59.2853;
95.058;
92.9921;
77.6645;
93.784;
101.74;
92.6435;
108.011;
53.6109;
49.3412;
66.049;
58.1934;
60.2151;
72.2272;
100.22;
92.8933;
55.402;
78.2906;
95.2596;
48.5971;
89.1289;
104.305;
88.907;
49.3232;
57.4152;
100.294;
93.7225;
69.3639;
94.0765;
87.9726;
49.657;
73.8434;
84.5854;
58.6931;
83.7242;
49.5943;
102.52;
86.1381;
61.549;
69.474;
109.149;
80.006;
48.302;
80.2717;
76.4102;
77.1727;
129.214;
72.1223;
78.0979;
75.8133;
49.845;
69.2659;
85.8083;
81.1323;
61.0132;
54.9082;
91.0285;
84.346;
112.92;
42.5743;
121.347;
72.194;
84.6833;
84.3394;
78.939;
94.9593;
81.0891;
95.9777;
86.1247;
86.6257;
45.2045;
117.838;
78.4031;
102.015;
97.8362;
52.9919;
100.518;
96.5199;
57.0404;
83.7529;
56.9728;
39.6072;
49.7029;
95.0131;
63.7502;
74.1247;
51.2111;
101.288;
90.2941;
91.551;
48.0515;
119.126;
45.3407;
93.0654;
108.312;
79.0664;
82.1621;
77.2802;
59.4569;
72.5643;
100.447;
46.4492;
91.0364;
73.2476;
101.766;
79.9494;
107.267;
79.2307;
111.494;
58.3358;
114.624;
62.4188;
89.1391;
60.7865;
72.6764;
75.309;
52.987;
50.9999;
85.5012;
75.8818;
75.2015;
113.179;
92.9587;
56.6884;
44.4207;
101.975;
48.0013;
58.7877;
84.9459;
86.1506;
53.0444;
110.204;
35.9154;
65.3447;
86.2921;
52.5355;
86.4557;
51.3249;
88.9624;
116.577;
85.0185;
40.0662;
101.305;
55.3333;
53.3966;
86.4692;
76.3524;
41.6917;
59.5638;
52.6971;
89.2125;
60.0478;
60.9961;
72.9618;
83.0471;
96.6884;
62.2417;
48.0668;
126.815;
76.7942;
68.9772;
72.0769;
88.5632;
36.6202;
82.248;
72.9007;
83.4649;
71.5789;
81.2002;
91.3048;
61.6948;
100.458;
97.0711;
54.2387;
73.5368;
60.4605;
96.599;
36.2552;
71.0038;
64.6101;
77.4476;
83.6367;
53.7025;
45.9004;
106.007;
42.3061;
82.9773;
111.381;
93.8599;
81.3345;
83.2308;
89.8129;
79.1505;
54.177;
67.0379;
81.4237;
91.9965;
63.6256;
63.8653;
92.6084;
95.3367;
70.5655;
81.4856;
76.9378;
92.057;
67.8586;
79.2866;
95.4933;
108.965;
51.8085;
51.9833;
86.5311;
62.4883;
51.7394;
87.4956;
54.9613;
63.617;
48.1792;
49.8989;
38.8363;
71.2567;
82.1994;
101.889;
77.5625;
55.3336;
96.4128;
63.3386;
58.7242;
85.8928;
58.0862;
93.1125;
66.2408;
89.189;
64.3979;
50.7692;
92.249;
84.3121;
107.819;
100.078;
49.2139;
89.016;
40.1487;
67.8755;
48.7386;
87.6947;
69.4763;
106.866;
68.5068;
96.483;
63.9056;
39.6557;
69.6661;
87.9014;
93.5668;
50.1433;
74.517;
49.2685;
69.4357;
47.7975;
85.0064;
43.7108;
77.3587;
34.3293;
93.155;
88.0499;
46.7623;
59.0095;
34.8997;
82.7391;
82.9241;
79.5634;
104.934;
101.753;
84.6002;
97.2438;
47.3496;
77.7545;
60.0965;
64.7243;
93.2765;
42.0425;
71.8835;
94.3895;
82.5415;
85.0291;
78.3751;
53.5743;
90.9355;
49.9263;
106.029;
86.0869;
99.0141;
55.3073;
49.9666;
41.8027;
79.1514;
89.172;
51.5829;
64.7158;
61.0381;
55.704;
105.345;
35.4388;
64.8446;
61.2809;
77.6115;
77.3617;
47.8114;
79.7128;
53.9022;
81.3141;
82.5995;
64.8187;
82.2365;
77.0324;
71.5437;
91.7308;
48.4515;
42.6222;
47.2971;
80.3373;
47.5424;
44.2413;
69.8429;
77.7596;
77.0035;
104.904;
63.544;
67.7146;
85.1822;
85.2216;
95.771;
76.2842;
42.8114;
49.2047;
67.099;
39.5701;
86.2538;
83.0966;
49.9972;
61.4313;
70.1969;
112.037;
76.3971;
74.5748;
52.4184;
104.535;
81.5181;
99.528;
46.425;
62.507;
65.0605;
73.3988;
53.6004;
45.5872;
83.0732;
48.3394;
77.2111;
45.7831;
98.6036;
88.4671;
68.7829;
83.7075;
65.0726;
81.9631;
44.4005;
90.1339;
52.1112;
92.8665;
78.9518;
98.253;
44.1244;
66.0963;
44.6698;
64.8307;
55.597;
60.517;
83.6498;
67.6619;
78.8307;
50.3983;
108.07;
63.181;
75.0717;
76.8793;
87.5077;
48.8764;
79.1488;
71.5064;
53.6302;
79.1207;
53.2284;
79.3689;
74.3585;
103.931;
105.419;
88.71;
62.1299;
30.5482;
91.3187;
49.4965;
52.9824;
36.3056;
77.058;
56.6496;
87.2387;
87.8427;
81.2002;
104.853;
82.4541;
53.8408;
103.862;
95.1186;
90.949;
48.0876;
95.033;
76.164;
98.0038;
59.3207;
49.5021;
60.6503;
51.038;
102.99;
47.8193;
75.7744;
107.103;
80.4793;
59.2655;
76.2962;
51.2616;
59.1395;
58.2623;
82.2224;
32.8247;
87.6091;
54.8931;
45.1809;
88.563;
88.553;
47.022;
102.826;
62.3641;
54.2506;
72.251;
59.2491;
98.696;
42.8283;
89.6064;
45.3055;
101.257;
68.6447;
96.9763;
45.7201;
90.8797;
59.4584;
96.6987;
54.7148;
73.6621;
43.2087;
47.9157;
72.9243;
56.4934;
43.842;
63.5287;
44.7843;
69.952;
54.7505;
97.9151;
59.9769;
61.4981;
41.3305;
73.0689;
66.4263;
73.2446;
90.5008;
91.3248;
43.3283;
74.2652;
78.2072;
83.0463;
80.3532;
32.4032;
76.625;
62.8413;
92.4961;
109.227;
47.3116;
67.054;
50.6016;
86.6848;
51.7374;
73.1307;
50.2224;
81.948;
64.0041;
73.6985;
60.9761;
47.2183;
48.879;
87.0244;
69.424;
78.9237;
78.3154;
49.8377;
75.9012;
36.2855;
67.9021;
63.4195;
82.4556;
60.0189;
59.224;
45.7485;
65.032;
84.805;
101.938;
70.4066;
56.2106;
73.4765;
67.9642;
53.1481;
64.224;
86.0956;
54.8376;
71.2581;
54.2244;
91.9492;
54.6845;
63.1532;
55.7036;
88.0963;
72.0653;
96.4214;
73.4276;
87.8445;
54.0582;
49.6943;
83.9494;
56.2376;
72.7343;
93.8979;
89.4632;
57.7431;
122.124;
45.9554;
91.3626;
51.3792;
99.3628;
59.9889;
51.282;
59.1161;
87.3557;
52.7796;
64.3771;
69.1392;
79.7548;
53.5874;
98.5035;
47.7858;
74.3232;
71.1104;
55.7444;
60.204;
57.2085;
52.5392;
67.9042;
89.5897;
47.0056;
50.6141;
69.3202;
49.0018;
80.6757;
88.6183;
81.3309;
56.8956;
88.4499;
54.5593;
63.1612;
52.6275;
111.964;
79.99;
50.7328;
92.6709;
43.2236;
45.0692;
56.1192;
55.9892;
63.2048;
96.1461;
58.5164;
104.551;
32.3125;
72.404;
61.1676;
86.3435;
49.9664;
65.8733;
43.6291;
108.893;
39.3613;
97.029;
48.2039;
45.798;
102.147;
39.9248;
88.8993;
71.5386;
80.3918;
47.0782;
101.317;
48.2781;
72.416;
57.9715;
66.4826;
53.4441;
71.0778;
69.0162;
40.9259;
110.842;
51.847;
59.2604;
76.4367;
84.081;
74.9828;
92.9606;
45.1158;
73.9409;
100.16;
111.79;
56.5338;
91.5711;
81.2978;
80.4425;
79.4263;
52.878;
71.934;
50.6373;
82.9833;
50.8647;
85.6248;
57.9258;
66.1678;
62.4173;
101.319;
90.7841;
62.5594;
69.7035;
57.6481;
57.1181;
47.1385;
79.6452;
94.6202;
76.1348;
72.5986;
84.2299;
93.4002;
80.9522;
69.8917;
94.4897;
63.6609;
75.0736;
73.1684;
102.101;
77.5084;
37.8466;
52.2078;
54.3633;
47.0605;
82.9112;
55.2951;
66.2113;
84.9643;
63.633;
86.8719;
59.9238;
78.0677;
97.4423;
79.804;
59.6057;
48.2924;
106.54;
47.2223;
63.5544;
45.0504;
72.8497;
73.8635;
83.769;
82.5246;
47.7001;
63.0257;
71.6812;
49.2759;
69.5228;
67.7132;
66.11;
50.7111;
66.1552;
75.473;
80.351;
84.8702;
70.8911;
77.5604;
67.7017;
61.0225;
46.6832;
62.4066;
50.4169;
39.3414;
68.5628;
51.9766;
69.2375;
53.1771;
80.8202;
76.4592;
33.0373;
98.7669;
60.6059;
42.2707;
82.1953;
78.256;
64.3909;
48.2626;
74.1684;
90.0854;
46.24;
52.9991;
54.4366;
74.9469;
71.2212;
75.3172;
79.9193;
82.6691;
94.0525;
69.1104;
71.6891;
89.6252;
46.9201;
43.5931;
87.1977;
47.6901;
88.6358;
59.2564;
78.5908;
70.6002;
53.845;
77.7689;
77.9061;
93.5825;
84.2873;
43.6449;
45.2749;
77.2285;
50.5281;
72.3783;
75.9772;
79.3553;
64.4991;
56.3732;
100.159;
44.1897;
83.6671;
76.4493;
56.6589;
50.3014;
88.2649;
83.9344;
49.6582;
54.2298;
94.9664;
52.109;
77.675;
52.1555;
101.639;
41.2132;
105.895;
89.7812;
83.3985;
82.8793;
57.1535;
94.8736;
38.3062;
70.8236;
93.3213;
52.7752;
81.122;
86.8621;
61.1287;
58.7568;
50.4107;
78.0997;
35.6767;
69.3529;
74.0171;
77.6366;
41.3633;
94.2824;
99.408;
75.7087;
42.0779;
97.5767;
42.0326;
79.9625;
67.5246;
54.4159;
104.117;
49.3002;
73.7014;
45.3036;
84.7515;
75.3622;
48.2214;
64.0147;
44.5302;
82.0989;
75.3401;
81.3224;
57.1603;
57.2059;
45.8632;
41.2179;
84.2889;
57.082;
66.8213;
46.833;
68.6156;
110.534;
86.3365;
62.9854;
72.9271;
41.7772;
77.2211;
70.4492;
72.6309;
41.2374;
34.8248;
37.5635;
45.6228;
79.6447;
40.0608;
53.2576;
38.6517;
67.5888;
48.8371;
71.2421;
47.2525;
47.4957;
89.6858;
84.5046;
42.072;
85.5854;
56.0396;
35.3629;
65.7184;
67.0616;
80.6521;
70.9517;
74.1087;
97.9779;
71.5417;
49.1869;
70.1998;
79.0092;
86.8287;
62.4602;
75.9019;
56.4883;
101.291;
38.3335;
73.0539;
84.1871;
71.4129;
82.7536;
45.7575;
69.6985;
49.7272;
72.8317;
64.4614;
39.1162;
60.1724;
49.4036;
55.5538;
57.9744;
52.4727;
83.6497;
70.9593;
60.7111;
65.2713;
96.2402;
75.173;
90.613;
35.6897;
91.8025;
65.4416;
67.5751;
69.1091;
81.2862;
72.0602;
60.4566;
55.8476;
50.1417;
62.9546;
71.1237;
63.2991;
97.0181;
82.7526;
83.7967;
77.6506;
55.4276;
79.0717;
70.7819;
79.3228;
53.7573;
73.2502;
77.4626;
56.6247;
66.3006;
56.512;
99.7324;
79.3587;
54.7956;
74.7262;
48.9086;
78.4892;
70.0324;
76.9515;
51.7491;
61.2068;
71.5244;
74.8911;
53.6588;
105.449;
65.3369;
48.2648;
92.1309;
48.3408;
57.6553;
69.9589;
78.4731;
83.7294;
95.9824;
55.5354;
68.7652;
92.1868;
42.2729;
67.2833;
92.2373;
50.2059;
84.9261;
51.8216;
73.849;
91.6488;
81.9763;
69.75;
63.8926;
84.9169;
95.7118;
72.8919;
37.7671;
71.0877;
69.3478;
41.053;
62.6516;
52.498;
67.9872;
79.221;
58.2336;
58.5402;
61.2533;
46.3268;
63.1063;
91.7533;
35.7122;
52.367;
78.4482;
43.2428;
78.9793;
78.9342;
58.8856;
66.9798;
72.9709;
53.2345;
41.1928;
75.4147;
43.2683;
37.4219;
83.3549;
77.8041;
56.4778;
59.9495;
50.1059;
66.7778;
55.477;
82.0639;
46.2365;
62.3805;
51.0505;
66.2456;
59.4319;
47.5257;
83.2004;
80.5002;
71.3717;
52.2504;
85.785;
61.9363;
85.1655;
47.7622;
33.6311;
86.5074;
77.866;
69.4278;
93.5707;
77.7587;
98.6129;
65.9819;
48.1149;
99.6131;
78.4998;
44.4562;
84.9469;
49.0866;
63.8154;
66.251;
85.1836;
45.2967;
48.5902;
77.6818;
69.5813;
30.9655;
103.061;
62.9865;
94.5665;
72.332;
79.8559;
90.1962;
50.346;
51.2061;
67.3565;
61.0366;
38.0435;
43.7524;
91.3261;
53.6117;
42.441;
47.734;
52.062;
67.9076;
59.9248;
49.6986;
59.0665;
67.2603;
75.0823;
50.9995;
74.8827;
40.9812;
55.6209;
65.3797;
75.6389;
58.46;
86.4556;
77.0629;
92.5896;
77.918;
61.7819;
41.5376;
55.3098;
80.2621;
41.5037;
86.0278;
51.8619;
65.879;
88.3914;
46.9092;
43.2742;
69.7447;
39.5394;
51.0089;
66.6986;
54.7297;
55.7162;
53.4975;
86.4974;
42.5467;
96.9198;
42.1886;
83.4849;
46.2178;
51.5024;
41.3313;
44.5225;
52.2938;
78.6357;
72.2316;
63.3261;
33.0662;
66.4922;
42.8484;
51.0971;
59.2352;
42.6965;
59.9813;
73.9045;
57.9368;
64.3981;
71.9171;
78.5379;
56.0725;
77.6022;
47.2364;
69.1971;
78.7479;
101.405;
84.2845;
58.3582;
47.8304;
74.0189;
47.7698;
76.0885;
42.2598;
72.0578;
89.3725;
68.4214;
50.6016;
72.8126;
56.3442;
47.6675;
28.1217;
67.1202;
76.1231;
71.2079;
88.9108;
44.3733;
44.0988;
62.1433;
59.2877;
90.8122;
34.1049;
53.1017;
51.6712;
86.8422;
53.8444;
62.5002;
54.8194;
64.5549;
54.2689;
48.8125;
80.6585;
68.8693;
53.9415;
39.8264;
66.3263;
65.6604;
80.2339;
88.8856;
104.838;
40.5422;
57.5065;
30.3729;
73.5012;
51.8496;
48.332;
44.9735;
89.0936;
42.2219;
31.718;
40.7637;
53.3481;
53.7568;
86.1859;
54.4122;
48.9519;
67.5995;
58.2809;
50.15;
59.2607;
69.7945;
33.7066;
71.0421;
49.5791;
84.4772;
39.4038;
61.2827;
84.8882;
43.7604;
46.9461;
45.4158;
83.7195;
47.0884;
43.3067;
53.04;
68.5618;
44.2849;
84.0062;
34.2938;
73.3952;
70.6951;
62.8721;
53.4149;
75.4749;
46.7973;
38.9829;
48.7655;
46.0766;
76.3592;
62.0004;
73.8732;
94.3564;
40.0871;
70.057;
47.7285;
68.9727;
50.6113;
66.8427;
44.397;
74.0047;
49.1895;
68.4294;
36.5324;
47.0767;
42.1114;
46.765;
61.3022;
49.7914;
103.721;
76.6768;
41.0459;
49.5756;
74.7906;
65.607;
53.987;
78.5694;
66.7277;
51.7217;
41.7668;
93.0617;
44.4066;
58.6188;
82.6552;
78.6696;
56.99;
65.9566;
42.026;
80.6828;
43.5392;
96.7971;
41.0077;
71.384;
56.0822;
61.2322;
78.4569;
88.8368;
42.32;
83.1174;
60.36;
48.7929;
58.5132;
56.3907;
74.8068;
36.5145;
79.4594;
89.7042;
45.8453;
50.3609;
54.119;
81.4106;
54.916;
94.6339;
85.7531;
53.868;
50.518;
72.5499;
48.8809;
56.4981;
49.1268;
38.2462;
68.9018;
43.2494;
64.2072;
46.441;
79.1899;
48.2771;
61.3992;
43.4442;
56.5702;
71.8348;
68.6253;
55.8805;
38.5163;
44.5211;
56.7951;
58.2589;
33.3888;
56.5038;
70.2057;
86.3988;
70.2461;
57.8757;
45.7162;
60.585;
67.0493;
47.1725;
41.6173;
72.3056;
50.8083;
51.4571;
49.7397;
45.2478;
71.0239;
44.6358;
94.4227;
69.2794;
58.3441;
38.8458;
89.2581;
52.1205;
69.8148;
46.2586;
59.8759;
51.1055;
64.2605;
53.2736;
38.9879;
52.3019;
96.8119;
75.7196;
57.4843;
52.457;
52.1927;
54.2853;
93.4752;
68.3575;
68.5332;
47.2785;
81.6911;
67.0668;
42.2016;
54.9628;
117.532;
53.8366;
73.7995;
55.9163;
61.1048;
70.5103;
78.4711;
68.8134;
77.0032;
43.2317;
60.3266;
40.823;
62.1456;
61.9753;
74.7729;
77.8017;
61.8627;
65.0036;
55.1265;
94.0858;
46.7701;
53.5937;
35.2945;
81.703;
41.0161;
56.5156;
73.6044;
44.2008;
61.4594;
71.2201;
46.1914;
61.6024;
44.3129;
77.6903;
61.0427;
72.1037;
71.2972;
58.3615;
50.0261;
79.703;
47.6911;
87.6356;
67.7126;
51.9705;
78.0541;
47.7478;
52.4338;
54.578;
66.9822;
61.1819;
39.0459;
69.2134;
59.9976;
51.4917;
46.7187;
61.3784;
71.5567;
52.3955;
37.0478;
73.3438;
93.0691;
57.5439;
40.8899;
67.4218;
42.8246;
56.51;
66.5415;
76.9164;
44.5885;
45.5671;
69.258;
39.1376;
79.7189;
58.3679;
62.2678;
48.5428;
69.4208;
38.9616;
56.656;
40.7509;
51.2058;
54.8854;
62.4077;
73.8441;
37.4223;
40.3326;
68.2198;
41.3223;
87.0685;
28.4463;
80.0453;
71.3854;
44.0941;
61.047;
59.1476;
65.9514;
75.3594;
36.0658;
72.03;
77.1865;
53.2353;
90.1716;
97.8455;
47.533;
27.7099;
86.7508;
44.1752;
65.1233;
36.5767;
44.9717;
42.7236;
40.0074;
50.7545;
47.9158;
74.2828;
50.3332;
54.5949;
58.7308;
58.2386;
43.3765;
66.0577;
68.6463;
89.678;
47.6538;
61.7382;
49.8357;
68.8954;
39.3263;
52.5208;
66.9461;
59.6351;
64.8442;
58.6202;
43.0501;
38.95;
44.6987;
69.2149;
39.1984;
74.3866;
63.6305;
98.508;
61.9932;
111.11;
58.7668;
47.4404;
60.9384;
35.2738;
55.5066;
63.2669;
61.2484;
33.6914;
83.3249;
30.9966;
68.0419;
73.6074;
53.5999;
66.7107;
30.133;
71.4158;
74.9185;
46.285;
52.8399;
38.1764;
67.269;
72.5751;
63.29;
39.6499;
43.3788;
65.4482;
84.287;
39.576;
60.8656;
62.2337;
41.5301;
50.4546;
33.6939;
47.2993;
43.5295;
57.4761;
60.6783;
46.4752;
76.8213;
46.4456;
83.5185;
43.1677;
47.0329;
58.7362;
75.7;
44.0458;
42.7493;
63.7877;
62.5363;
57.4573;
55.7317;
59.8477;
50.5668;
67.6505;
40.1147;
49.025;
41.95;
80.8939;
57.4915;
62.7706;
50.3866;
49.9922;
67.9548;
93.7207;
49.9073;
56.8107;
62.8873;
45.6877;
49.0444;
44.6637;
65.2688;
47.6632;
40.5762;
68.6632;
72.5695;
77.0534;
59.1727;
86.3599;
51.0802;
64.5942;
90.1146;
64.0503;
37.3937;
67.5233;
41.5948;
56.6386;
45.4822;
64.9329;
44.1726;
59.4712;
72.6513;
57.2579;
46.7426;
49.3398;
44.2941;
79.4811;
79.5118;
73.1829;
79.6628;
74.0236;
69.7496;
79.3354;
57.8531;
62.0177;
57.0922;
56.6602;
65.326;
62.9413;
59.655;
33.4795;
64.753;
62.0566;
38.3106;
45.1528;
36.2243;
48.0166;
58.2093;
94.5031;
41.1712;
70.9485;
39.5448;
53.9746;
44.4174;
45.7135;
34.7526;
32.8471;
35.6927;
42.1675;
47.0008;
50.4987;
32.9254;
64.9494;
47.1471;
81.9491;
69.691;
53.1919;
56.7765;
72.2075;
67.5588;
59.6131;
44.0532;
63.2819;
42.701;
59.7675;
39.0859;
75.1874;
72.513;
29.7652;
74.0751;
38.6173;
50.4204;
39.3791;
38.1862;
60.3514;
48.4715;
69.2582;
42.1568;
43.0635;
83.8643;
55.6936;
67.958;
57.6142;
74.1453;
39.4086;
79.1376;
31.4711;
35.0134;
62.9741;
55.742;
64.8238;
41.5761;
53.2829;
57.5145;
71.9916;
73.3986;
67.8189;
43.2489;
64.2375;
62.9624;
47.0955;
46.9857;
64.8701;
43.2857;
66.5452;
56.9554;
79.4956;
39.2816;
89.3906;
43.919;
70.5008;
42.0749;
72.9559;
31.0812;
29.4914;
80.1581;
44.3719;
62.3183;
64.8476;
45.3357;
42.2491;
45.1481;
42.0276;
69.1833;
49.456;
64.1734;
47.6417;
64.9811;
54.2936;
41.4436;
68.077;
80.8842;
68.6847;
70.0623;
35.9666;
61.2549;
33.0299;
41.7231;
54.9353;
41.0058;
47.9591;
56.6877;
58.7704;
39.5923;
49.9635;
65.8162;
65.0384;
63.9499;
53.1968;
42.5687;
68.4869;
60.7299;
42.0071;
66.4844;
34.3956;
47.8382;
42.6544;
54.5223;
78.32;
53.8861;
54.2904;
88.0544;
54.6506;
80.7246;
42.9561;
58.9965;
67.2919;
53.6817;
44.9689;
81.5908;
77.0085;
58.8612;
42.6608;
71.6327;
55.41;
64.9128;
39.8853;
47.6332;
41.4414;
64.5079;
59.94;
31.7862;
85.4998;
41.546;
56.2487;
39.7371;
62.1234;
56.926;
59.5978;
40.8238;
47.4146;
92.59;
75.0889;
42.8366;
66.0467;
52.3171;
38.0563;
73.5589;
48.4195;
53.2252;
40.8801;
73.4002;
69.6473;
37.7977;
78.1344;
66.8416;
38.8362;
70.1462;
38.2332;
76.52;
66.8039;
66.7166;
42.2562;
75.878;
52.4309;
52.7147;
45.7811;
43.7753;
31.8696;
36.1701;
46.2875;
59.6414;
41.5173;
44.3429;
87.2096;
63.9131;
47.2017;
35.258;
34.4691;
42.2037;
42.0728;
75.0951;
32.4404;
47.2438;
69.3868;
49.9996;
55.8734;
82.6412;
33.7348;
37.3164;
48.869;
35.6133;
65.4193;
44.8013;
58.4646;
36.0304;
64.7647;
30.8707;
32.7737;
55.9858;
43.0279;
40.3521;
39.3081;
59.2837;
55.7885;
54.0011;
58.1141;
33.786;
55.3984;
55.2454;
49.5715;
41.6828;
53.9208;
39.9675;
39.2847;
55.1897;
46.0776;
62.951;
77.0269;
44.8847;
38.4626;
54.3608;
54.6669;
41.3044;
59.8495;
38.8727;
48.753;
66.1444;
79.1175;
35.4164;
71.4265;
82.0944;
56.8908;
44.1064;
32.6058;
61.3035;
78.4142;
54.0861;
45.7652;
71.0499;
40.39;
69.7177;
76.0881;
44.6635;
29.5376;
53.922;
37.6595;
55.2719;
36.5632;
42.9012;
34.0697;
37.42;
43.3249;
73.7562;
74.9567;
78.1042;
62.9774;
95.0592;
35.704;
76.7669;
44.9186;
68.2392;
51.2435;
65.7873;
39.4757;
49.0399;
37.618;
52.4895;
60.5675;
72.1155;
64.477;
55.9752;
57.6807;
71.2368;
57.5322;
59.4859;
40.8335;
66.321;
62.3203;
51.5694;
49.6425;
59.9539;
64.9113;
50.1596;
47.4751;
80.6523;
74.6869;
28.1261;
83.4077;
43.4946;
75.1939;
43.5267;
45.1042;
45.1681;
50.6677;
42.4861;
57.708;
49.5414;
78.2509;
56.5027;
40.0866;
52.2833;
41.3238;
42.8464;
50.9022;
40.8086;
82.0578;
44.6914;
72.8526;
73.8402;
49.5933;
40.6341;
56.8355;
69.0566;
56.8459;
59.23;
76.711;
38.1716;
74.7022;
56.0156;
60.2963;
36.0889;
60.7901;
39.2329;
63.0841;
43.8761;
57.433;
44.0752;
51.0964;
40.6006;
55.7714;
37.3522;
51.144;
41.1221;
61.9269;
53.6374;
53.0906;
35.1831;
75.2263;
36.8669;
73.1407;
42.0168;
43.5452;
62.203;
56.5263;
55.8717;
71.9778;
62.06;
65.6438;
51.6486;
42.11;
74.6552;
48.4226;
75.4774;
39.1895;
52.4939;
52.896;
38.1232;
62.1428;
35.0334;
34.0037;
42.6559;
70.362;
68.0587;
43.3095;
54.2543;
40.5028;
40.4315;
50.6389;
43.6029;
68.9411;
43.436;
44.6357;
35.9801;
45.7101;
64.1238;
35.2199;
71.0813;
72.8353;
36.7501;
58.1422;
41.7923;
63.168;
42.5665;
73.5363;
66.2492;
53.9691;
38.9495;
65.8165;
33.6419;
50.0184;
46.0246;
40.7679;
58.2478;
42.9282;
56.1055;
36.352;
65.1514;
58.061;
40.2761;
47.351;
53.464;
73.3956;
33.2495;
58.8529;
31.0217;
36.434;
49.6618;
43.6495;
60.9723;
44.1483;
81.7742;
74.6901;
44.7584;
60.4267;
42.9811;
77.4427;
75.9856;
42.964;
54.1842;
34.5579;
56.3709;
41.881;
39.4847;
55.5169;
40.0047;
39.2109;
44.4922;
54.9622;
43.3295;
50.5664;
50.0004;
38.2735;
51.0027;
34.7849;
43.6657;
48.426;
37.4351;
52.596;
46.7834;
52.2465;
36.2437;
67.4209;
58.7334;
42.7707;
63.631;
63.8769;
48.5948;
65.6222;
67.0435;
58.6524;
64.3147;
36.6307;
58.5872;
91.5917;
68.4004;
59.2593;
59.5578;
76.5626;
48.1375;
67.9651;
33.2198;
43.0761;
44.6326;
57.1959;
53.393;
42.5217;
68.0006;
41.6535;
43.96;
50.833;
40.5986;
42.3475;
40.2013;
60.7652;
52.6457;
38.8413;
73.0385;
39.3605;
63.8598;
33.4863;
60.4508;
50.0741;
54.0759;
29.3521;
52.6569;
44.722;
33.9687;
48.2036;
53.3444;
29.0607;
38.6753;
52.4382;
36.0724;
70.9327;
48.2375;
39.2265;
51.3962;
46.0427;
60.0427;
23.2869;
54.1525;
39.6956;
56.0876;
32.4139;
61.5192;
48.7662;
70.2013;
42.8005;
63.4213;
74.1184;
56.718;
53.4045;
46.6283;
56.5986;
45.0521;
60.1084;
61.7767;
60.2391;
62.9993;
36.5484;
30.1523;
60.94;
32.3681;
63.392;
53.7089;
61.9694;
51.3157;
48.5854;
42.0341;
43.4442;
50.1113;
34.5718;
49.7052;
33.4289;
52.8196;
30.0808;
44.2315;
60.5367;
55.6481;
31.3196;
40.7659;
50.9733;
68.3505;
35.5437;
49.9886;
32.7762;
47.4453;
62.8631;
40.9467;
51.0665;
47.8172;
66.1272;
30.5947;
50.4571;
45.0073;
52.1679;
41.9558;
75.8093;
55.7387;
39.0702;
61.6476;
55.7385;
46.4873;
51.9014;
31.9332;
61.009;
37.4385;
64.0705;
49.119;
69.6821;
33.1096;
52.8349;
82.8178;
32.9757;
77.2851;
34.8387;
40.442;
80.4752;
53.5861;
37.354;
46.8243;
32.9026;
58.4531;
36.5407;
43.1748;
61.0447;
33.4459;
51.4584;
25.1187;
46.7105;
57.8074;
66.2012;
34.5252;
66.5751;
28.7745;
48.3494;
35.3813;
46.7784;
52.5757;
65.969;
36.1654;
66.7353;
30.9794;
76.6251;
42.1918;
56.434;
38.5858;
51.3391;
45.3035;
58.7011;
29.5513;
54.2634;
43.6119;
44.9787;
59.2252;
35.3148;
50.2564;
38.4748;
49.2115;
32.146;
53.9299;
66.044;
41.3838;
57.3021;
45.8593;
32.4557;
43.6002;
57.7973;
31.1299;
31.9011;
43.6069;
39.0954;
60.3612;
45.7179;
56.056;
39.4398;
42.5479;
46.4086;
32.3927;
35.5679;
29.0207;
74.0594;
53.2801;
42.5131;
98.3365;
56.6262;
55.1318;
61.5139;
67.3532;
61.0835;
70.1579;
55.3575;
56.3472;
47.6402;
45.6624;
56.8586;
35.2747;
52.9664;
40.7738;
72.4062;
28.1167;
48.2335;
38.952;
52.5942;
40.1077;
51.4568;
37.2173;
58.3607;
44.8324;
49.9883;
76.2925;
38.6167;
37.3973;
33.0932;
52.0199;
56.7208;
46.5303;
42.0852;
45.7213;
50.5878;
44.2565;
32.911;
43.0583;
41.6899;
48.5592;
56.0287;
53.6295;
42.3311;
43.4207;
26.4525;
37.7385;
45.1774;
33.1036;
43.4023;
26.6621;
46.5113;
62.9811;
65.3889;
27.9574;
60.4832;
30.3409;
34.3786;
60.3901;
38.8152;
42.6642;
29.1049;
69.9468;
44.2494;
48.3929;
53.0404;
27.7468;
46.9974;
31.1107;
45.7515;
68.8617;
57.8484;
34.8149;
63.9134;
44.7414;
42.634;
39.625;
51.6788;
32.1727;
53.3705;
44.7326;
58.8004;
39.1517;
45.4118;
58.2957;
44.3033;
61.3533;
78.278;
42.2212;
55.1525;
41.9684;
58.5184;
32.146;
51.5919;
32.3689;
58.2957;
30.0514;
66.0351;
36.5631;
61.3828;
25.8977;
30.3154;
55.5056;
25.8618;
45.6749;
48.8627;
59.9219;
35.7772;
62.6647;
34.8115;
61.6041;
40.7535;
72.8256;
29.6156;
41.1573;
47.2066;
39.9313;
59.5456;
26.138;
58.272;
39.3111;
41.9189;
45.8205;
54.4611;
32.906;
45.3623;
40.2692;
50.845;
36.3953;
45.0759;
70.2172;
30.2039;
64.0438;
34.3669;
51.6161;
30.6622;
40.2214;
32.0879;
37.4416;
58.8791;
50.1458;
68.6813;
63.0416;
31.5947;
64.4874;
38.428;
68.001;
41.583;
64.0538;
44.7181;
48.4828;
47.5612;
37.2318;
32.0674;
56.8768;
53.6349;
41.8826;
63.3092;
34.6836;
66.2239;
43.5471;
51.3883;
39.2104;
52.6212;
59.5626;
38.4557;
73.0781;
20.9736;
39.945;
45.547;
49.2483;
29.7502;
41.5786;
35.872;
38.1502;
43.0812;
36.9106;
50.4166;
35.54;
62.8006;
47.4748;
70.9458;
59.8029;
41.5869;
69.4518;
37.86;
44.571;
27.3776;
47.6164;
36.1876;
45.333;
61.3358;
32.2476;
43.0493;
29.7721;
51.1429;
37.7323;
42.142;
35.2025;
53.1633;
27.3231;
74.7865;
40.6908;
36.2496;
31.4387;
31.1682;
52.5512;
58.7312;
48.3248;
37.0878;
47.806;
56.6342;
37.0065;
70.0154;
51.9007;
47.4983;
55.0085;
52.6788;
43.5741;
64.1404;
41.0934;
65.1198;
36.9799;
52.1489;
32.2231;
47.167;
59.649;
65.8478;
37.9978;
35.3357;
49.9901;
57.6748;
44.4359;
38.7098;
66.026;
58.6924;
47.3756;
37.4576;
64.4917;
26.0595;
42.5684;
27.9002;
38.422;
76.1298;
25.4485;
66.5769;
57.8902;
52.5607;
36.8005;
60.0389;
59.9915;
43.408;
25.6955;
29.815;
37.2521;
40.6599;
34.9952;
58.8439;
30.7023;
37.1542;
34.2351;
53.3401;
31.8484;
64.0258;
29.8698;
45.7225;
59.6599;
45.2948;
44.5874;
58.1154;
30.1409;
42.9189;
43.9514;
46.7973;
37.032;
32.3967;
29.4749;
49.5089;
45.6661;
43.614;
42.012;
34.6831;
36.0321;
61.128;
34.4061;
72.8002;
55.3809;
59.6635;
42.8752;
47.8199;
40.8947;
45.0312;
28.3317;
64.4293;
36.6697;
56.1613;
43.2853;
51.9353;
32.4048;
43.0129;
46.4309;
44.0323;
54.9977;
38.7333;
44.284;
25.6352;
54.0611;
31.7225;
29.2597;
51.4033;
43.175;
53.9572;
32.9899;
46.1553;
50.8579;
38.1495;
36.6924;
55.5794;
37.1869;
61.9382;
55.0364;
44.3578;
46.1807;
70.3599;
40.253;
26.7545;
35.8437;
60.0125;
51.9776;
36.6025;
50.5502;
43.2;
41.5292;
59.4866;
45.2652;
57.4118;
55.3506;
36.8965;
37.7738;
55.4742;
22.0468;
36.886;
40.4478;
34.4953;
54.0966;
37.362;
56.3207;
33.7001;
35.208;
33.9012;
30.6584;
59.1641;
44.0123;
36.8811;
55.033;
37.3678;
53.1407;
46.0214;
43.362;
36.5494;
38.1874;
39.3938;
55.0205;
38.6694;
57.4096;
26.1188;
38.0979;
44.2215;
38.0821;
33.5784;
46.2079;
42.5684;
62.3547;
38.1173;
48.9437;
41.1142;
40.1967;
45.1505;
58.1207;
66.4231;
23.1225;
50.7588;
33.2454;
48.7751;
26.3515;
62.4211;
59.2747;
36.6249;
40.3905;
39.082;
52.1664;
52.9865;
43.9133;
37.0934;
44.6388;
25.7597;
30.3178;
39.2645;
48.0169;
47.9685;
26.9296;
36.9126;
60.0834;
48.8594;
35.8627;
65.6137;
41.535;
41.9689;
37.6866;
42.8235;
22.8239;
57.2878;
33.7636;
39.708;
51.7491;
35.1094;
61.886;
58.7416;
33.7068;
51.2046;
35.6474;
40.6732;
43.487;
26.4704;
55.9265;
43.047;
42.8476;
51.4186;
38.4604;
36.0413;
67.6968;
32.4254;
41.6537;
26.513;
33.0146;
30.5415;
50.1609;
30.7642;
32.5994;
40.5083;
69.8517;
50.132;
66.3161;
48.2953;
35.9085;
37.007;
46.851;
40.029;
38.1094;
30.5931;
44.7393;
39.8622;
50.1357;
31.2018;
39.9062;
47.1603;
50.8972;
32.5166;
37.6424;
33.1137;
43.9472;
36.2726;
49.6475;
36.206;
39.71;
44.6738;
41.9183;
37.4515;
48.9463;
45.3857;
57.9807;
36.0337;
48.7007;
32.8001;
46.8466;
24.8333;
61.6318;
82.0726;
32.1468;
35.4799;
38.0484;
37.2693;
63.0167;
26.4425;
36.6055;
29.3902;
59.7293;
41.9871;
37.7661;
49.2596;
41.5568;
31.6478;
52.6557;
52.5238;
39.1686;
26.9547;
37.6226;
31.2919;
54.3246;
32.9749;
53.7698;
43.2038;
37.8983;
55.0477;
52.032;
41.1688;
76.3453;
44.844;
32.6205;
35.1759;
51.6076;
30.3857;
42.5989;
41.846;
30.1826;
34.8309;
41.4858;
36.1946;
78.209;
31.0002;
55.2351;
31.2744;
47.3359;
39.1705;
51.8026;
36.5131;
39.4417;
64.1558;
46.8099;
22.4655;
33.5795;
45.4783;
33.1502;
43.0634;
31.6928;
50.085;
37.1967;
56.8027;
26.4436;
38.7912;
24.2393;
40.6846;
46.4097;
27.7845;
21.2715;
32.8185;
31.5094;
34.7897;
39.4484;
34.6602;
35.6523;
48.0666;
38.7541;
31.3199;
33.9507;
26.5562;
43.8939;
43.2669;
35.9964;
39.9496;
38.1474;
40.6726;
50.3597;
33.6793;
69.3536;
52.6099;
39.8404;
52.9823;
51.5777;
56.472;
30.8119;
58.2005;
26.5727;
68.0097;
47.1226;
39.9247;
43.0648;
50.344;
34.893;
37.1476;
48.1827;
48.5935;
34.2315;
63.4671;
30.8179;
36.3037;
46.2893;
28.64;
32.1944;
38.0357;
39.5601;
53.2318;
45.6149;
38.8352;
37.6635;
36.4281;
30.2851;
31.9857;
39.3158;
33.7111;
37.9334;
51.1587;
54.0618;
33.2068;
35.7435;
31.0735;
43.4104;
34.9034;
61.9367;
30.0664;
40.6398;
49.6041;
42.2787;
42.7263;
38.9904;
56.9478;
49.9268;
38.5192;
32.266;
34.2395;
33.1102;
66.6758;
56.372;
33.6457;
32.8553;
31.6777;
33.5626;
44.2731;
41.9918;
40.6592;
46.3843;
40.5034;
55.7384;
49.9994;
46.0062;
36.6668;
33.5243;
40.3693;
35.6826;
49.3963;
38.0402;
41.5461;
37.4083;
36.284;
32.3474;
49.7313;
31.0962;
35.2357;
53.7576;
35.578;
42.876;
46.5141;
27.1105;
36.3721;
40.1422;
53.2158;
36.9572;
43.7648;
31.9482;
36.1673;
43.2789;
35.3317;
30.4068;
57.9992;
35.8767;
45.9564;
31.2196;
37.8634;
32.556;
37.1543;
35.5304;
46.1512;
34.6521;
38.3028;
59.26;
63.6756;
58.5589;
34.4836;
42.3324;
87.2145;
41.487;
35.0233;
34.7685;
46.1112;
45.0918;
59.3495;
31.07;
29.3386;
24.1639;
38.5828;
28.3216;
39.1858;
32.4774;
43.5546;
36.873;
39.6869;
33.2364;
34.8435;
56.7684;
43.913;
51.8057;
33.5364;
49.7971;
32.5963;
35.1682;
30.0308;
30.7932;
51.8674;
31.3856;
48.6079;
37.4771;
37.9863;
21.1539;
47.4616;
47.4248;
55.6024;
38.3202;
41.3722;
34.8681;
50.4239;
38.9275;
48.2425;
55.2682;
26.2522;
32.3517;
29.3959;
30.1794;
42.5866;
41.1302;
28.4686;
39.9759;
61.0882;
31.6811;
65.1492;
50.2708;
29.1774;
47.7451;
39.8052;
49.9366;
33.7396;
40.0932;
41.0952;
40.1755;
43.8516;
47.7928;
33.8681;
60.0784;
24.1904;
55.5988;
40.1347;
44.5451;
33.7724;
59.4283;
41.2689;
56.7438;
42.6751;
52.2043;
62.7974;
31.3679;
22.4601;
35.8746;
49.9221;
38.8915;
30.1671;
52.0725;
36.2861;
52.5928;
26.9291;
46.7959;
29.7437;
36.7673;
54.9;
33.0108;
55.1356;
36.7349;
35.0323;
41.2199;
30.2514;
36.1897;
42.8835;
27.4817;
25.6496;
54.6765;
37.2964;
64.3102;
47.9659;
43.0242;
40.1766;
32.1252;
44.0871;
28.384;
50.1959;
31.0375;
33.473;
47.042;
38.5127;
40.4922;
42.6286;
30.426;
35.3407;
30.3253;
50.8989;
33.1022;
33.8805;
28.6479;
35.0355;
38.6092;
34.8831;
27.665;
33.0991;
45.9508;
26.3829;
51.551;
29.1703;
46.7123;
27.1296;
48.1936;
27.1689;
38.7698;
31.7705;
59.6128;
34.1753;
46.0411;
41.6205;
42.736;
29.4696;
22.9017;
38.6491;
34.4376;
63.6423;
47.9955;
44.3427;
40.7332;
48.825;
38.7707;
49.308;
40.3761;
43.768;
49.4125;
23.5854;
35.0345;
59.0591;
29.8432;
23.7541;
50.2981;
32.3406;
26.2862;
30.1286;
34.6216;
30.0447;
39.7541;
35.915;
34.2959;
28.2211;
27.9537;
42.2508;
30.3562;
40.9765;
44.6948;
46.641;
22.9432;
43.9207;
36.6087;
45.1345;
32.6351;
34.3412;
41.8636;
27.3687;
36.254;
29.1378;
63.8057;
34.1454;
56.8309;
29.8583;
48.7261;
29.5627;
49.3096;
29.1261;
56.2622;
26.1957;
37.0322;
52.0604;
30.0266;
53.1578;
34.3584;
50.318;
30.0586;
42.9853;
35.5003;
34.4675;
38.9311;
36.1134;
51.1527;
28.3603;
44.3901;
41.7824;
33.5664;
48.8377;
35.5291;
42.4531;
40.5636;
24.8064;
42.3985;
33.1283;
45.4854;
29.7535;
37.4714;
22.1556;
41.2637;
47.9206;
52.4009;
56.3717;
27.5332;
41.7761;
27.8225;
37.6912;
32.7187;
39.1724;
48.6511;
51.9312;
34.2788;
27.0924;
66.3474;
21.934;
49.2773;
30.9861;
34.4887;
36.4963;
48.8795;
26.2435;
35.275;
28.1605;
22.9586;
32.641;
55.0702;
36.3543;
28.7758;
37.018;
24.8939;
37.3085;
38.0952;
51.4483;
27.1356;
40.9947;
30.8747;
55.843;
44.7817;
42.983;
39.1304;
29.4986;
60.119;
36.6039;
38.9232;
31.7745;
37.1656;
31.2213;
44.9428;
56.1841;
37.2108;
51.6131;
37.596;
42.4538;
22.0905;
39.4253;
48.2416;
31.3861;
33.7423;
26.6155;
33.1246;
38.158;
27.9459;
44.1144;
24.4394;
37.5116;
30.3903;
38.7749;
32.273;
45.0627;
30.7331;
34.1331;
40.9168;
43.3912;
34.6822;
35.8783;
21.0223;
27.9924;
37.6276;
28.6265;
43.2404;
26.4208;
45.1019;
31.24;
40.9526;
43.4304;
32.2359;
40.3435;
26.9767;
21.6126;
37.0717;
35.7626;
31.7661;
55.3049;
30.2099;
40.8339;
51.443;
35.2986;
31.4729;
45.3187;
45.7005;
20.7533;
26.662;
29.7386;
28.2692;
43.7647;
41.6148;
31.5186;
53.6465;
33.4297;
57.0159;
41.734;
37.6659;
17.6568;
43.1717;
40.0535;
27.3734;
37.8227;
29.8603;
24.9785;
38.3404;
31.7047;
44.5407;
35.7469;
36.0704;
43.6027;
27.4027;
30.2076;
44.086;
35.0305;
59.1229;
29.641;
33.1336;
29.3336;
35.0989;
30.8988;
38.103;
25.2216;
35.2423;
36.2538;
28.9569;
36.2117;
40.9301;
53.1373;
27.6525;
48.6825;
36.8387;
39.4565;
41.4828;
53.4875;
27.1754;
28.5055;
34.6229;
40.2712;
27.6428;
34.8591;
28.1288;
30.642;
26.6597;
33.9848;
43.5295;
57.2621;
34.7975;
52.0554;
45.8559;
23.4659;
32.8957;
32.0539;
37.51;
27.8277;
36.4072;
35.1097;
57.7563;
22.3854;
38.2924;
41.9461;
32.6285;
30.5596;
49.9053;
35.2136;
36.3493;
34.8178;
26.3635;
39.0221;
38.5954;
34.1692;
32.955;
55.121;
46.1985;
25.9582;
45.7969;
26.3058;
29.666;
30.2991;
31.0812;
22.2248;
32.8764;
30.1481;
36.1695;
32.9416;
35.0026;
48.6261;
35.1592;
26.3867;
50.1038;
30.3671;
51.9622;
31.0165;
41.3163;
31.7592;
37.7045;
24.0031;
59.9211;
37.4985;
41.8839;
38.6291;
30.5468;
45.3614;
40.968;
31.6858;
28.6279;
41.0669;
33.2988;
57.84;
36.0322;
16.1285;
36.0725;
41.6936;
57.8169;
22.369;
45.0316;
58.615;
30.8273;
32.2253;
55.7248;
39.114;
38.1661;
33.7649;
44.7825;
31.2158;
48.5168;
24.9012;
43.3421;
27.4437;
37.1453;
37.4803;
37.0112;
38.4773;
43.2842;
28.0509;
31.1851;
29.8048;
29.3351;
30.1572;
32.6285;
52.0022;
37.0926;
39.9695;
49.5404;
40.1186;
32.7719;
42.6977;
35.9036;
52.7685;
29.5454;
46.2211;
28.2685;
40.1002;
35.4605;
33.0406;
39.361;
34.3685;
34.4953;
27.7056;
37.8804;
37.4722;
33.4811;
30.5912;
44.1097;
25.1421;
34.8849;
32.4795;
38.3759;
35.3797;
29.5093;
46.2986;
38.9174;
45.7186;
34.514;
51.3902;
35.4182;
45.1354;
32.8854;
20.732;
49.212;
26.7405;
30.9818;
27.7018;
41.8089;
34.608;
41.8901;
31.6997;
33.0908;
45.4517;
49.5221;
36.3638;
32.8531;
24.5217;
46.4036;
29.6351;
44.0967;
25.8097;
44.0231;
31.8861;
41.2913;
52.5279;
31.7163;
32.6516;
38.9846;
30.6005;
25.6676;
19.1633;
25.2338;
33.8888;
32.4984;
37.6356;
34.5148;
31.4363;
27.0299;
40.2124;
37.8176;
53.0761;
29.4582;
34.0885;
40.2353;
27.4402;
23.5143;
53.4518;
32.4406;
43.5152;
36.2578;
50.1612;
34.0961;
37.8993;
31.9898;
31.4131;
42.7898;
33.6128;
25.0334;
25.6901;
42.7352;
27.8857;
38.6045;
43.8646;
30.0808;
39.1542;
33.6182;
47.3686;
29.218;
25.7538;
35.0801;
41.2193;
28.9157;
44.9124;
26.7425;
37.4183;
42.792;
41.1788;
26.8696;
39.2158;
43.811;
31.7818;
26.4309;
35.7624;
40.8521;
21.015;
44.364;
36.3714;
29.9961;
19.2654;
36.568;
41.4922;
33.441;
56.4989;
34.2963;
32.5633;
43.8152;
35.3209;
30.446;
29.7246;
27.7646;
41.2016;
27.2242;
32.3433;
30.1121;
31.5523;
50.8147;
36.8601;
27.4632;
26.3804;
29.5164;
44.424;
33.6488;
35.511;
46.2992;
40.2949;
41.4834;
44.2791;
36.7055;
38.3479;
33.402;
38.4537;
29.3884;
45.0987;
34.8793;
50.5308;
31.9229;
25.9484;
47.9531;
46.6818;
30.8099;
41.6062;
28.9595;
32.2492;
27.31;
34.2841;
30.7989;
42.0557;
27.8258;
38.0981;
22.7492;
16.9677;
24.3584;
46.7183;
32.817;
25.3282;
22.2391;
42.1727;
30.8642;
37.3333;
29.2328;
36.0917;
29.7212;
30.6822;
44.4806;
53.5813;
36.1158;
27.5129;
44.1835;
38.6529;
28.0202;
49.508;
17.6559;
57.5938;
36.4276;
43.0903;
34.3777;
24.1784;
37.9507;
44.9761;
26.2114;
28.133;
47.6487;
30.7173;
27.2696;
41.8467;
38.4504;
40.6089;
26.2305;
31.1154;
27.129;
41.4926;
31.6397;
58.912;
53.2276;
42.2159;
28.9745;
31.4144;
26.8215;
38.564;
36.4711;
35.1185;
28.9912;
36.7167;
33.1293;
26.9978;
34.5726;
31.2363;
22.852;
36.1741;
33.7753;
34.9771;
57.7526;
25.7882;
31.927;
41.7245;
33.2099;
30.6481;
34.8328;
32.0308;
23.5161;
32.409;
30.8959;
31.7434;
33.2211;
30.3402;
37.7723;
29.3819;
34.4391;
39.515;
31.39;
38.1866;
31.1122;
31.3223;
54.2847;
34.5652;
44.2498;
30.3765;
42.6387;
30.4258;
25.7159;
28.7269;
34.4316;
26.6105;
33.7226;
30.4653;
47.4016;
34.3903;
29.4291;
39.1607;
40.1142;
29.4036;
32.2965;
29.2298;
34.9004;
33.452;
32.7097;
38.5598;
26.9763;
15.4197;
29.8074;
41.403;
30.1462;
37.217;
29.1315;
25.0383;
37.5446;
39.3208;
41.0211;
26.9989;
39.5719;
19.6396;
21.4274;
41.3745;
46.6753;
24.5257;
40.3697;
32.6014;
32.1558;
28.2182;
39.8547;
21.0958;
38.1415;
38.7636;
32.1959;
31.831;
33.9341;
26.3783;
35.5679;
27.7686;
35.5829;
26.3917;
31.5312;
49.8686;
29.7742;
29.8949;
27.7231;
27.3217;
39.0049;
32.6981;
40.0484;
31.5436;
38.9768;
35.3889;
40.2797;
19.9226;
30.4705;
20.5255;
42.0728;
31.3479;
45.6944;
43.3691;
28.7345;
47.9013;
39.8811;
41.1536;
27.611;
26.6881;
31.3719;
37.6556;
47.8105;
37.5343;
26.0522;
49.0955;
24.4302;
46.1809;
27.9099;
26.301;
32.7644;
28.9357;
40.6964;
25.6654;
44.3876;
26.4734;
25.8197;
26.1346;
50.9837;
22.3344;
46.1678;
25.9419;
21.3496;
27.4562;
35.9045;
17.0803;
44.5287;
56.6108;
33.9075;
30.6863;
33.1066;
53.1789;
32.9296;
43.179;
27.4002;
39.3963;
43.1879;
34.0603;
29.3244;
45.4454;
22.6753;
23.3908;
23.0763;
40.8819;
32.1273;
35.6623;
40.0761;
29.6426;
35.7666;
28.308;
44.4642;
36.0772;
17.4502;
28.2452;
32.4195;
30.7609;
34.5122;
27.4671;
35.1916;
30.8697;
22.8148;
37.6325;
31.3512;
26.2123;
22.6732;
35.5819;
30.3531;
26.4423;
34.0388;
32.9243;
35.8224;
27.8826;
31.6632;
33.3869;
19.8373;
24.6582;
34.5116;
23.7678;
37.7956;
28.6961;
36.8223;
45.8517;
39.0552;
30.1402;
15.315;
23.543;
30.1375;
21.2483;
39.6763;
36.0728;
41.8564;
32.3976;
32.9564;
26.8938;
30.2438;
31.0671;
25.8257;
27.5961;
32.494;
29.3931;
30.9213;
47.3642;
39.1444;
32.0033;
40.8588;
32.2834;
33.0903;
24.2658;
44.3049;
36.0593;
35.5518;
23.5213;
57.4849;
26.406;
34.7878;
30.3962;
38.4914;
41.7257;
25.9865;
24.7208;
27.8872;
39.9488;
27.2002;
41.2958;
33.9918;
21.2651;
27.7842;
43.7461;
28.0158;
35.7799;
35.8127;
33.0748;
21.1053;
32.9573;
28.5087;
37.5189;
42.9731;
27.4063;
31.4544;
29.1053;
42.6605;
25.7799;
42.848;
26.545;
26.2599;
24.7791;
35.9303;
34.6831;
45.1612;
35.4041;
30.7278;
32.3123;
20.98;
33.3424;
26.8278;
24.9782;
29.4911;
33.398;
36.3945;
23.7234;
56.5867;
21.1505;
39.5711;
34.5409;
23.4985;
46.3505;
41.4038;
32.4157;
32.227;
27.4186;
39.4367;
19.5404;
30.5668;
24.5907;
26.0329;
27.3309;
39.5162;
34.7319;
26.6421;
33.7392;
39.7176;
48.5781;
28.7813;
37.0539;
22.4713;
29.5697;
28.3683;
36.302;
22.671;
36.6934;
32.3213;
25.7593;
33.6165;
30.7616;
29.1031;
31.2126;
30.3464;
32.0499;
39.0327;
32.6724;
54.9127;
29.3282;
43.234;
18.9241;
44.8312;
29.1584;
31.6004;
26.3247;
22.9918;
23.7376;
40.7481;
23.5357;
40.8198;
35.049;
29.0548;
36.7385;
24.2658;
29.2882;
31.116;
30.9938;
39.0455;
26.1229;
29.7999;
28.3688;
45.6138;
30.2011;
17.2936;
22.1348;
36.2962;
25.8334;
26.5165;
34.4403;
25.4444;
27.2101;
46.3586;
27.4877;
45.5616;
28.3923;
40.9382;
30.6876;
26.4672;
30.6497;
35.4692;
30.9484;
49.2348;
20.4176;
30.9637;
23.004;
35.0523;
40.7641;
39.8059;
22.2984;
36.3047;
19.5928;
26.1218;
29.7121;
25.9757;
29.0271;
35.365;
29.5904;
38.762;
30.6011;
32.6764;
35.3638;
23.4935;
41.4762;
24.7641;
30.8887;
54.0005;
22.8116;
29.9127;
30.4016;
32.0108;
32.2484;
26.6292;
26.5275;
23.4389;
33.058;
23.5005;
39.5806;
38.5406;
28.542;
36.533;
31.1329;
38.5072;
20.3898;
26.0708;
22.9264;
44.8321;
25.5772;
34.5147;
23.9073;
28.1835;
41.4166;
24.415;
29.9388;
42.9668;
21.8604;
20.6139;
25.5798;
43.9239;
27.4721;
31.7917;
18.2102;
14.4561;
38.1795;
29.7713;
29.8627;
24.1898;
19.702;
16.7866;
20.7144;
28.2717;
30.4586;
27.6165;
17.4455;
26.2636;
26.9228;
23.0375;
29.3081;
25.6382;
41.5922;
31.4922;
31.0724;
26.0968;
31.2348;
25.615;
32.0729;
29.9112;
38.7488;
31.6658;
25.8849;
17.9189;
32.6976;
28.4218;
26.8918;
31.1011;
24.5403;
33.0378;
34.2024;
32.381;
23.044;
47.7775;
29.5619;
36.0484;
29.5814;
34.0021;
26.3962;
24.4251;
20.6172;
26.9104;
24.1735;
23.4312;
15.4136;
25.1215;
25.8145;
19.1789;
24.6305;
27.6378;
27.1025;
28.1461;
21.5191;
23.6596;
37.321;
24.8127;
29.5429;
25.1641;
24.3947;
44.1548;
51.9028;
34.8802;
31.4481;
34.375;
38.8686;
35.0484;
37.8849;
40.9881;
22.8457;
44.0796;
26.2166;
20.8763;
25.7767;
25.0604;
30.4284;
31.0118;
35.9103;
32.3752;
28.9896;
27.0385;
28.5956;
22.764;
22.0584;
42.1557;
27.9386;
30.8824;
33.1081;
35.3071;
23.2515;
24.5574;
37.995;
37.9011;
15.7135;
37.5812;
27.0881;
31.6862;
19.0581;
39.2062;
24.9724;
30.0568;
25.7667;
38.536;
25.9239;
27.3689;
24.9556;
27.8062;
34.2219;
35.6636;
29.3323;
30.6955;
31.3775;
23.9263;
23.005;
35.0368;
21.7822;
29.8668;
30.2667;
42.2732;
21.5479;
24.0819;
30.0899;
23.8813;
30.7612;
27.1789;
26.7641;
25.4965;
45.4628;
17.6594;
26.971;
35.3965;
23.3869;
18.2516;
37.3094;
26.3029;
26.6092;
32.7215;
26.5034;
34.7144;
28.3543;
15.9315;
34.3629;
34.3742;
30.2296;
24.7711;
31.1256;
32.7305;
33.8361;
41.3733;
23.493;
27.1747;
21.1822;
37.6969;
29.9592;
29.5921;
25.9334;
28.5077;
30.8412;
47.4169;
31.5764;
34.3588;
32.2869;
29.6091;
29.3024;
31.8498;
22.7223;
36.0288;
34.7989;
22.765;
22.1638;
21.872;
25.5175;
28.8435;
25.8309;
28.306;
17.867;
32.3545;
21.6173;
26.6206;
34.1216;
24.653;
31.5848;
25.969;
23.5689;
47.5541;
25.4512;
22.4452;
32.4857;
29.5434;
19.9811;
26.9586;
30.7815;
26.2262;
25.0183;
25.703;
23.9957;
32.0648;
18.1116;
28.0489;
34.0846;
30.7854;
35.5306;
22.8308;
29.1226;
19.5441;
27.6912;
20.4691;
40.3615;
28.6553;
38.4491;
22.794;
32.2992;
35.8595;
26.627;
25.2905;
32.468;
18.664;
50.8208;
24.5122;
32.8193;
29.7059;
34.0993;
32.9917;
22.5144;
36.503;
36.6254;
31.897;
32.0528;
30.2725;
21.0735;
29.8854;
20.2708;
27.8111;
19.7144;
24.7096;
25.5958;
36.0736;
37.6394;
25.4728;
26.0228;
35.827;
24.0219;
43.7485;
25.472;
35.5914;
29.6347;
36.536;
22.6382;
18.9592;
38.6307;
31.2808;
21.3873;
26.5699;
31.2053;
30.7558;
18.5346;
47.1724;
28.0221;
35.3448;
21.0515;
24.4382;
26.0933;
30.6464;
24.8053;
26.787;
20.1075;
18.3614;
51.0534;
40.4041;
24.2203;
34.1779;
30.0607;
41.3986;
30.617;
30.0793;
38.4112;
23.5667;
41.7668;
22.9785;
28.6159;
27.6144;
37.0744;
21.4442;
35.4517;
24.0122;
27.5992;
30.6127;
32.4589;
18.0028;
26.6086;
42.1927;
25.5939;
28.5319;
30.6432;
17.9613;
32.9236;
26.2988;
31.0067;
28.5961;
28.1469;
27.9472;
29.3895;
21.2777;
33.1422;
37.7152;
25.5837;
29.2356;
28.9791;
33.5701;
36.3756;
31.1377;
19.4151;
23.2808;
22.5811;
28.6555;
27.5985;
23.1706;
23.4307;
32.3771;
26.103;
27.5899;
22.7187;
21.3271;
23.879;
22.0308;
22.8728;
26.0915;
27.2522;
30.5283;
28.2352;
30.613;
23.8968;
38.8024;
15.9986;
22.8107;
20.6453;
29.9956;
24.1381;
33.6646;
33.0243;
26.6296;
27.5898;
28.5782;
27.2553;
38.549;
34.0459;
27.9243;
44.9583;
23.1421;
19.189;
28.4633;
35.0898;
23.7717;
18.3436;
21.407;
29.7678;
22.9818;
28.3409;
29.1953;
35.2078;
30.6636;
32.5128;
33.6614;
27.6369;
32.0281;
33.1095;
18.9525;
32.6234;
27.1143;
36.3776;
30.7401;
31.7056;
25.3818;
34.2258;
30.7923;
18.4613;
26.2697;
25.1577;
31.8347;
30.2694;
29.0941;
36.3007;
19.2276;
32.6764;
31.9299;
27.4551;
22.4626;
33.4943;
17.2925;
23.1602;
39.522;
26.688;
26.6203;
24.2059;
37.373;
26.6542;
21.0951;
26.1607;
25.2999;
22.9312;
27.9841;
37.9655;
26.1324;
29.6083;
21.4871;
33.87;
26.1063;
22.0059;
28.0955;
19.7206;
34.5255;
34.8955;
32.688;
29.9285;
30.2034;
29.1571;
24.3127;
22.4078;
21.5093;
31.6603;
21.653;
21.1495;
30.8123;
31.4841;
23.3789;
29.7652;
28.4244;
21.7676;
29.7793;
22.377;
21.334;
29.7029;
14.9111;
23.1594;
30.5367;
30.787;
24.8838;
31.0582;
29.0761;
28.4985;
37.7585;
24.5336;
28.7583;
36.6752;
23.9264;
31.1403;
18.7557;
21.8058;
27.9613;
23.8474;
26.2446;
20.6563;
42.4603;
30.2898;
23.2835;
26.4111;
28.6973;
31.3847;
30.9111;
30.5378;
32.483;
19.0669;
23.8052;
42.5172;
27.8703;
25.5104;
23.4916;
39.0934;
30.5597;
24.7167;
21.4045;
27.0083;
20.1555;
32.7094;
21.3713;
17.3275;
17.9387;
31.498;
23.0315;
23.7695;
23.5633;
25.2196;
24.5039;
26.5204;
22.5411;
28.5631;
24.9547;
33.5155;
26.0511;
29.1682;
24.0564;
40.4626;
22.429;
22.0685;
32.2138;
21.8209;
39.884;
17.3517;
33.7164;
26.577;
39.7905;
27.7836;
17.1481;
32.6582;
29.7548;
26.98;
26.7121;
25.2729;
44.0965;
28.6015;
36.5719;
34.253;
30.5254;
37.9916;
44.2406;
19.3123;
24.7448;
22.3271;
34.98;
27.861;
18.0349;
28.4033;
43.004;
20.729;
37.0847;
30.3733;
29.0879;
25.9132;
26.9123;
26.1981;
24.2406;
22.675;
22.8827;
46.0448;
27.0114;
21.203;
22.3176;
39.0693;
28.8818;
24.6607;
26.5084;
21.6934;
19.5982;
32.1596;
30.1904;
28.9289;
23.6286;
23.1231;
25.0042;
28.5693;
34.3085;
27.9939;
26.8681;
30.5452;
23.7432;
21.8136;
28.1916;
24.3224;
38.6875;
20.1533;
19.5374;
25.2366;
22.8949;
30.7605;
24.2649;
28.5859;
34.0497;
22.1138;
31.9848;
29.7165;
22.6776;
18.474;
16.8068;
22.7546;
18.64;
25.4363;
32.4944;
27.3026;
29.7742;
23.8546;
28.3141;
47.1791;
18.1228;
27.8074;
21.9535;
24.2564;
30.3343;
22.1248;
21.6247;
27.0731;
22.5018;
33.2415;
19.7717;
32.503;
18.3809;
36.7084;
25.3808;
30.5732;
25.6404;
28.6668;
38.7266;
27.1353;
20.1893;
17.6165;
21.839;
27.0491;
32.6508;
18.3544;
35.9454;
23.3719;
23.9403;
20.1696;
29.2084;
22.645;
23.755;
24.5529;
22.7382;
22.9907;
31.6541;
24.295;
31.9174;
26.1089;
24.1038;
43.3917;
19.0192;
22.8469;
26.5848;
23.3934;
15.8688;
18.6251;
21.8745;
20.6283;
24.0722;
25.0519;
18.009;
24.1688;
24.3382;
32.7393;
26.8607;
19.5597;
17.9032;
18.2666;
28.4148;
25.4142;
25.1055;
22.9762;
21.1278;
22.1302;
17.8928;
27.8039;
26.3025;
30.0702;
20.5396;
20.0776;
24.3189;
34.699;
20.4048;
19.8333;
16.9748;
29.9854;
24.7416;
34.7731;
23.0939;
14.9248;
17.1769;
23.0197;
23.4986;
18.9386;
21.6785;
37.6558;
22.9076;
25.4368;
26.3313;
35.2874;
31.8086;
29.7841;
21.5485;
30.1142;
35.5259;
36.7452;
29.3539;
27.8658;
19.6096;
21.9359;
29.6645;
28.7569;
25.2399;
19.8451;
31.5886;
29.6774;
26.5462;
24.8555;
32.9796;
17.4973;
35.6822;
18.3296;
36.2427;
20.3869;
24.5796;
25.9403;
24.8506;
23.7827;
31.3572;
29.7909;
33.0096;
19.2726;
45.9899;
17.3071;
24.9508;
25.2936;
27.0051;
22.4706;
30.7684;
19.1576;
16.7621;
26.1806;
35.9776;
28.563;
25.7849;
26.5202;
31.0737;
27.0403;
22.4356;
35.2608;
20.6273;
36.7393;
24.8884;
29.6503;
32.5441;
31.1378;
16.4862;
23.3095;
19.1508;
25.5654;
19.332;
37.6529;
18.9697;
24.8122;
32.9905;
33.6964;
26.1482;
33.858;
26.3106;
33.9286;
20.3933;
27.2009;
22.9745;
21.9295;
20.4695;
26.7658;
18.8195;
23.8005;
18.1987;
25.7453;
21.4425;
13.8986;
22.3448;
38.9292;
18.4247;
27.8448;
21.201;
31.2897;
27.7576;
21.9754;
24.2576;
26.4747;
15.4005;
25.4131;
38.2981;
16.987;
31.9457;
27.2605;
26.5533;
20.9616;
29.6661;
24.1165;
20.7506;
30.8574;
22.419;
40.3858;
18.1176;
32.9606;
24.5411;
20.9016;
16.5167;
16.3893;
24.1348;
32.0452;
22.987;
42.9362;
15.6383;
23.6168;
21.9885;
40.8547;
21.1732;
25.2449;
24.5474;
22.6359;
24.9637;
32.7954;
19.6843;
28.3193;
28.4748;
22.4729;
24.4358;
17.9353;
23.2022;
32.3485;
19.5414;
27.1046;
21.7612;
18.3863;
29.1601;
23.0811;
23.8503;
31.6536;
20.6099;
24.0042;
20.0947;
36.6392;
22.3161;
23.8338;
26.1808;
24.5726;
30.1411;
27.9547;
23.2088;
30.8535;
17.8658;
24.8613;
42.1226;
19.5019;
29.6804;
22.1349;
27.4705;
25.5263;
28.8901;
22.8064;
28.8327;
17.1323;
22.6503;
30.4344;
25.9181;
20.9305;
30.6802;
19.1685;
30.0802;
31.1034;
27.9311;
18.135;
21.8157;
18.2226;
25.8416;
18.9383;
23.253;
18.8971;
19.0214;
35.5223;
36.1156;
26.3949;
37.0751;
21.037;
22.06;
23.7488;
23.827;
21.2925;
24.971;
25.2182;
34.6612;
32.5694;
23.6423;
16.6109;
28.9849;
23.1268;
36.1276;
25.7125;
24.9961;
15.4639;
25.0357;
20.9717;
35.6175;
22.3539;
31.4854;
18.8564;
17.5948;
21.1316;
30.8894;
24.3871;
30.3461;
24.4451;
35.6327;
24.3872;
20.6859;
37.8101;
20.8381;
20.6015;
17.6611;
33.1732;
18.1635;
23.7427;
22.8585;
16.5575;
19.2334;
34.6926;
34.5222;
36.6969;
27.9468;
20.1311;
26.5348;
24.7518;
18.361;
28.2295;
26.0899;
21.2188;
29.4918;
23.8882;
24.2842;
23.2267;
22.5192;
30.515;
22.3465;
22.9593;
19.5302;
23.8159;
26.1792;
30.7392;
19.4094;
20.2318;
26.3831;
26.1447;
33.4275;
22.5658;
24.3267;
29.9012;
34.6362;
18.3437;
23.0776;
19.6457;
21.7938;
24.7972;
38.29;
21.4007;
23.6067;
28.8886;
20.4104;
21.8025;
25.9709;
21.221;
15.5738;
19.0885;
33.7729;
32.3185;
23.3698;
27.5669;
22.3981;
19.1025;
26.4012;
17.1541;
22.6984;
19.8563;
32.0274;
22.2782;
18.8673;
15.8298;
29.82;
22.5012;
29.4445;
28.0673;
26.9972;
18.7058;
26.2694;
22.6175;
26.288;
26.8833;
27.1241;
27.7151;
21.5853;
27.2926;
26.278;
22.9143;
40.2123;
13.8835;
23.6939;
22.8803;
24.0378;
17.5846;
13.9537;
26.1175;
31.4616;
23.3672;
15.0505;
21.4882;
12.7517;
15.9243;
19.5394;
20.7369;
26.8474;
21.9591;
28.1122;
22.6983;
28.7976;
14.7987;
13.8353;
21.4002;
24.8044;
17.1389;
18.9412;
25.9206;
18.7295;
26.3565;
22.8968;
22.6713;
35.624;
19.2705;
28.1682;
28.4719;
25.0079;
21.8485;
22.5502;
25.7121;
19.7537;
45.8363;
21.7637;
21.534;
16.3516;
22.7739;
23.4485;
31.9706;
34.5275;
20.1326;
22.1123;
25.8066;
17.2378;
21.8357;
19.8443;
25.4263;
36.8677;
29.082;
22.3248;
16.762;
14.0384;
20.3714;
25.6446;
18.8065;
34.897;
19.4138;
20.1852;
19.3945;
23.803;
13.9031;
16.6791;
27.7418;
19.9006;
25.1155;
24.2878;
25.7477;
19.7348;
21.1672;
28.7721;
24.7617;
17.3267;
