31.7111;
11.3472;
12.645;
27.7301;
29.0771;
26.1163;
27.6774;
24.5836;
27.8178;
28.8791;
27.7958;
29.8783;
29.0036;
29.6802;
26.1633;
25.3253;
31.5328;
28.051;
28.9068;
8.84301;
22.363;
29.2938;
9.1644;
26.6478;
8.16371;
14.8147;
31.3997;
30.3883;
29.5379;
9.3288;
27.8751;
30.7879;
26.6188;
28.6743;
26.9622;
27.0808;
28.0215;
30.6694;
27.2959;
26.9223;
29.4503;
30.2665;
31.3864;
28.7663;
29.6698;
29.7652;
27.4217;
28.2242;
30.6702;
24.1747;
30.0266;
28.8275;
31.2532;
30.2071;
24.3504;
26.491;
6.7274;
28.2157;
27.8182;
29.9322;
29.2535;
26.939;
28.1104;
30.2346;
27.3572;
25.3276;
27.8251;
28.5214;
23.9205;
26.7987;
30.3017;
26.6375;
30.9814;
30.7024;
26.6068;
27.6275;
28.6949;
27.5237;
30.2561;
28.4645;
29.6642;
27.1754;
25.5629;
26.6175;
26.4011;
26.33;
26.7189;
25.7091;
12.9009;
28.7887;
27.8401;
27.7677;
31.1017;
5.19564;
28.8877;
15.8394;
10.714;
28.8795;
29.6088;
26.8833;
25.8721;
29.108;
27.25;
29.8562;
26.885;
26.9216;
27.7648;
22.9809;
28.8732;
25.8047;
27.8036;
30.7612;
28.6467;
27.1576;
25.1718;
10.5635;
24.1289;
31.1353;
26.6347;
25.0266;
26.0125;
7.08828;
28.1335;
6.79712;
26.9669;
27.5251;
25.0342;
11.4242;
24.0168;
25.6094;
29.296;
31.6986;
29.9695;
25.4473;
28.2621;
28.1266;
28.4567;
28.0379;
26.0313;
25.3757;
26.959;
27.4294;
28.7171;
27.7752;
29.9962;
28.309;
25.4895;
27.8031;
24.7779;
24.1083;
26.1049;
30.3613;
24.0726;
29.0223;
24.9145;
24.0956;
27.229;
9.89283;
27.5658;
10.5753;
27.0573;
7.0773;
13.0334;
8.96917;
9.95358;
25.5106;
11.0191;
11.4608;
27.2585;
31.846;
29.0868;
24.3238;
24.2769;
27.2372;
14.1429;
23.4931;
28.1412;
24.8535;
26.393;
10.1793;
26.5342;
26.1959;
21.3264;
26.0162;
9.76685;
10.809;
26.574;
28.883;
9.2352;
10.8896;
23.7748;
26.1144;
25.4925;
27.6011;
28.3807;
22.6709;
28.0053;
25.4821;
28.0019;
24.8788;
26.2069;
24.463;
26.9331;
29.7185;
25.3873;
24.3376;
28.2864;
27.0705;
23.7088;
28.8091;
26.0927;
27.215;
10.8938;
24.9844;
22.7696;
26.4284;
27.8192;
25.707;
24.8338;
10.3987;
27.9856;
10.7815;
28.7;
24.1459;
26.038;
23.8832;
24.4855;
27.3429;
24.569;
12.7088;
24.3643;
22.0092;
28.0625;
9.56399;
27.3284;
23.2285;
24.2456;
19.1232;
23.4798;
13.9589;
24.0676;
22.6419;
23.6229;
7.40865;
9.50898;
29.1458;
8.29453;
24.6825;
25.5152;
25.0145;
25.5325;
28.2341;
14.7696;
22.7348;
23.2343;
7.03409;
28.8118;
26.1938;
27.704;
27.1717;
30.2944;
23.4363;
11.7824;
10.9706;
23.9267;
25.5319;
26.3031;
24.1625;
25.978;
27.0241;
24.9262;
25.4235;
26.196;
27.255;
26.868;
25.6491;
26.4953;
22.7838;
15.917;
26.4499;
12.9728;
23.4273;
25.1188;
29.5066;
26.4561;
25.8738;
25.6038;
26.3208;
27.1879;
27.6937;
25.8139;
23.0239;
23.4641;
27.093;
28.6812;
24.464;
26.0431;
26.4613;
24.4638;
27.3515;
28.5315;
26.7641;
26.2478;
24.6675;
26.1519;
26.4354;
26.2476;
25.689;
28.0518;
23.4757;
24.9822;
26.735;
28.5728;
22.7402;
25.0305;
27.572;
24.4082;
10.3342;
24.8651;
24.5216;
22.8089;
25.8965;
23.7965;
27.0281;
9.95649;
25.3144;
22.3963;
25.0417;
24.8162;
25.3139;
24.2318;
26.8588;
24.2988;
25.4994;
21.3559;
21.1777;
26.1503;
24.7876;
21.6934;
24.2328;
25.4079;
26.9033;
26.0917;
24.4398;
22.5244;
24.8428;
23.7339;
24.1918;
28.3304;
27.8405;
23.1369;
27.4909;
25.8941;
26.6106;
24.413;
27.2992;
24.2183;
23.4279;
13.2591;
21.7031;
25.3258;
12.1869;
9.45992;
12.5776;
11.2434;
24.1159;
26.6767;
9.62778;
28.9358;
7.90992;
9.96134;
25.3348;
25.8647;
13.303;
26.3426;
20.6723;
21.4486;
26.5329;
29.3441;
20.8715;
26.7681;
21.8088;
23.5396;
25.0487;
24.1641;
21.0341;
22.0581;
24.4128;
13.8055;
25.7949;
24.9654;
23.6111;
20.0822;
11.3362;
29.8403;
25.5434;
8.74678;
24.1677;
11.5984;
27.2737;
22.7623;
11.3999;
22.6781;
11.8485;
25.4043;
26.9734;
26.6996;
23.8065;
24.6977;
25.5402;
24.2336;
25.4227;
21.3817;
26.563;
11.4778;
26.0857;
14.7747;
25.3285;
23.3411;
24.5251;
24.5775;
26.3528;
24.4241;
11.6585;
22.3271;
16.1014;
28.0358;
23.6338;
23.4861;
27.8237;
24.9369;
10.7306;
22.4054;
24.9082;
24.8223;
26.0149;
24.9392;
27.0267;
19.8783;
23.7131;
13.2872;
25.1882;
11.1342;
15.7293;
12.3929;
14.2594;
25.867;
23.8244;
27.6555;
22.449;
23.7925;
26.106;
12.4246;
24.6524;
9.19067;
12.4303;
23.0961;
23.9434;
12.7597;
22.657;
25.7631;
24.0837;
24.1987;
21.8393;
23.2233;
22.2272;
23.7936;
25.584;
22.9228;
19.9531;
24.5016;
23.522;
24.8285;
26.1445;
14.6376;
25.293;
14.3274;
24.2061;
23.9617;
26.3187;
26.5103;
11.8816;
25.3336;
20.8172;
21.9944;
16.2913;
23.647;
18.2846;
15.0519;
24.4821;
25.6484;
21.7357;
13.4416;
22.1638;
20.1392;
7.05109;
24.6233;
12.5878;
26.8697;
25.446;
22.7103;
24.3616;
11.8012;
23.6694;
24.009;
23.4929;
24.8685;
22.1158;
20.4946;
24.5145;
25.3303;
24.1485;
22.1924;
27.6453;
24.0276;
24.647;
22.54;
25.8197;
21.654;
20.6315;
23.8721;
20.1428;
25.1187;
25.9486;
21.6139;
21.2995;
23.4976;
20.7993;
24.5286;
21.5765;
22.2745;
23.4997;
20.9108;
21.8601;
21.5065;
19.8699;
20.6531;
24.3073;
25.9214;
22.3295;
23.1719;
22.2198;
11.7282;
26.1736;
22.6937;
23.3165;
11.6561;
22.1398;
21.3991;
22.2003;
20.53;
25.801;
21.7242;
21.5545;
24.2749;
21.6686;
24.7645;
22.3715;
23.5445;
25.0901;
22.3528;
25.7192;
22.067;
25.9239;
26.1956;
23.1898;
24.6407;
24.3714;
25.0943;
13.2503;
24.2818;
9.39373;
25.0912;
8.54922;
22.1073;
22.3614;
19.941;
20.726;
22.9683;
20.4062;
26.0053;
21.5781;
22.2696;
20.8316;
23.6853;
20.1943;
23.464;
23.4932;
22.361;
16.4663;
13.1969;
23.5846;
22.498;
22.1117;
21.9863;
24.3795;
20.2716;
21.4631;
24.6965;
21.3395;
24.9304;
23.5088;
22.2385;
23.4558;
23.1691;
26.7196;
20.1736;
24.1391;
21.9613;
21.7003;
22.2354;
24.9645;
22.1213;
16.0917;
22.9049;
18.7297;
12.1777;
19.4017;
23.3813;
21.3266;
9.61456;
21.5775;
21.261;
10.702;
24.6655;
6.9825;
24.6424;
24.1393;
23.4275;
22.9959;
23.4185;
22.9193;
20.4181;
23.1019;
23.4827;
25.7661;
24.0774;
24.0225;
7.57778;
24.8617;
22.9622;
19.5118;
10.9536;
25.2207;
18.405;
21.9531;
15.7669;
24.2831;
20.8035;
25.2165;
24.419;
12.0074;
22.0532;
10.5158;
22.6453;
17.4351;
21.7006;
13.1609;
10.7955;
20.277;
16.665;
24.4443;
11.0913;
12.5819;
22.3753;
13.9759;
23.2891;
23.2085;
23.3457;
22.5832;
23.4603;
21.706;
19.9187;
21.9412;
23.1757;
23.5844;
18.4442;
14.621;
20.785;
23.5991;
18.1699;
21.5922;
20.4353;
21.3116;
21.3803;
22.8564;
21.1042;
22.4523;
24.8882;
21.881;
21.9906;
22.2604;
23.5598;
25.1896;
12.5123;
18.5215;
23.596;
21.167;
20.4452;
20.812;
21.4076;
16.1172;
9.39306;
7.35471;
20.0405;
15.2661;
24.8031;
23.5779;
21.0618;
8.53489;
23.3661;
22.8223;
14.6889;
12.5805;
20.701;
21.5675;
20.4745;
22.2893;
25.5468;
25.3431;
21.3417;
23.1921;
17.8136;
22.4274;
21.1388;
21.4867;
14.5263;
21.032;
19.8981;
20.6848;
21.488;
18.4931;
22.7554;
21.236;
12.7333;
17.9467;
16.1667;
20.5636;
19.8764;
19.7938;
17.8559;
23.7587;
11.3374;
23.5304;
21.2311;
20.667;
22.3332;
21.4816;
23.4617;
21.9942;
23.1298;
18.5367;
23.1873;
20.3176;
23.223;
21.0909;
11.824;
21.8324;
20.3897;
25.116;
9.69615;
23.1161;
15.1824;
23.1206;
21.5091;
21.8784;
19.1998;
20.0638;
15.481;
20.3157;
11.552;
22.1055;
12.8533;
16.4798;
22.3501;
17.9541;
21.9551;
21.9576;
26.0943;
21.3778;
22.6211;
8.47023;
22.5241;
19.034;
16.8265;
21.627;
18.4852;
22.1179;
23.143;
18.4667;
19.539;
19.6046;
23.6234;
22.0124;
22.5281;
27.1147;
25.9774;
21.4602;
24.309;
21.6702;
22.4796;
20.4149;
20.0152;
21.4537;
20.6842;
22.2565;
20.2245;
18.5065;
22.9357;
21.2752;
18.3607;
19.4178;
20.5926;
21.1677;
20.5623;
19.2166;
18.9836;
20.8546;
21.4421;
20.968;
13.336;
16.2504;
20.8218;
18.4115;
21.3687;
18.3701;
17.6356;
21.0063;
10.3763;
19.2829;
20.1629;
23.1623;
18.4419;
10.0075;
18.7853;
22.8076;
19.7661;
21.8831;
22.495;
22.868;
16.7074;
23.1008;
17.2867;
22.316;
19.7781;
25.2992;
22.0761;
19.1837;
21.75;
19.2472;
21.4019;
20.8739;
15.7937;
19.7701;
22.1813;
19.8203;
20.9642;
20.4797;
20.2348;
20.7595;
20.9537;
20.7156;
22.1752;
20.7758;
21.7499;
22.5195;
19.9742;
19.4241;
21.8439;
18.1788;
23.1549;
18.8395;
24.166;
20.8085;
18.363;
9.26275;
19.1166;
19.7731;
19.8836;
21.1007;
20.4561;
19.5525;
22.1107;
16.3924;
19.5335;
19.4263;
20.9201;
22.1903;
19.1915;
21.1053;
13.9818;
18.8067;
13.4963;
21.5944;
19.5072;
17.9842;
17.3748;
21.2096;
21.3931;
19.7158;
22.9982;
20.0093;
18.4517;
17.6574;
19.5757;
18.7496;
20.2396;
19.1434;
21.9692;
18.5921;
21.9861;
19.3618;
21.3172;
19.8684;
20.5679;
19.4779;
23.2039;
19.5493;
18.7308;
21.7789;
20.5413;
20.787;
8.51299;
13.4576;
18.2994;
23.3873;
20.3039;
17.5291;
16.0523;
13.5805;
19.0018;
19.1496;
22.0163;
20.7795;
20.4506;
21.5962;
15.5929;
21.0107;
19.7672;
17.9842;
22.2225;
21.0818;
18.9915;
14.977;
18.5198;
19.2689;
16.9764;
23.455;
20.9433;
19.7261;
20.6957;
20.0212;
11.6668;
18.6718;
15.4218;
18.7715;
21.2228;
18.7602;
21.5592;
20.1367;
15.862;
9.83572;
17.5794;
16.6277;
20.6195;
18.9326;
19.388;
20.7233;
17.7769;
21.1037;
21.8047;
13.1754;
18.4292;
18.2839;
19.2238;
19.4279;
19.4831;
16.8785;
19.938;
18.1261;
19.7251;
17.505;
21.3139;
20.1619;
16.312;
19.0298;
18.946;
20.5303;
16.4663;
19.7204;
17.3516;
21.3978;
22.3848;
18.9615;
21.0052;
21.5725;
18.4706;
21.6995;
18.8921;
20.3498;
19.0636;
17.5372;
19.7435;
17.9267;
20.29;
11.1303;
21.1654;
19.3068;
17.8299;
19.642;
18.2975;
20.7454;
12.851;
20.3027;
17.3026;
19.6127;
19.4771;
18.5509;
21.2319;
18.6036;
19.2994;
11.251;
20.8686;
8.32299;
17.068;
14.2912;
19.4674;
20.8485;
14.987;
18.5653;
20.2038;
18.6282;
21.3993;
18.2683;
12.1368;
14.0817;
9.53349;
18.083;
15.893;
19.7666;
21.1094;
19.5305;
18.397;
13.6787;
19.3097;
16.0328;
20.6618;
8.25487;
18.9359;
20.6045;
16.8612;
22.546;
18.1633;
15.9756;
17.3607;
14.9166;
21.9037;
17.7044;
16.876;
19.8359;
20.9568;
18.2214;
20.6478;
20.171;
21.3554;
16.2268;
19.6646;
16.3521;
18.4708;
19.9655;
14.6978;
18.3331;
17.8712;
19.0458;
19.6208;
18.0824;
12.0089;
17.8577;
18.195;
18.4739;
16.5663;
17.7369;
12.299;
20.4054;
16.4627;
18.5285;
16.264;
16.9537;
7.0476;
18.4354;
17.779;
12.0264;
14.0821;
20.2296;
17.3187;
15.1468;
21.5947;
16.6916;
18.2238;
18.3226;
20.6577;
18.7961;
16.8974;
11.4946;
14.3319;
12.1938;
18.6888;
17.9729;
10.1557;
20.622;
21.757;
19.3481;
14.3903;
16.6277;
17.8507;
17.289;
18.7036;
17.4079;
17.5155;
11.5506;
18.9207;
19.9937;
19.6097;
21.1567;
19.615;
18.675;
18.6036;
15.201;
17.352;
21.2557;
19.4306;
18.9679;
16.6371;
18.5252;
16.9265;
18.0678;
12.2248;
20.7606;
18.4193;
11.8744;
14.7473;
16.1873;
17.0894;
18.6674;
17.0928;
12.703;
19.0651;
18.9246;
15.2113;
18.1084;
15.5511;
10.2602;
14.9735;
12.6347;
19.6909;
16.7487;
11.1793;
18.5686;
17.7323;
21.8248;
17.4209;
15.6669;
18.8753;
19.985;
18.9002;
17.9087;
17.7833;
18.3489;
12.759;
20.874;
18.9103;
15.2792;
17.1286;
16.301;
17.0048;
15.8321;
17.2956;
7.3939;
14.5051;
16.1992;
19.2729;
11.6011;
13.0811;
14.064;
17.2464;
13.1954;
17.0891;
18.6639;
16.4816;
17.5986;
23.9441;
18.4717;
20.2476;
18.2752;
10.1615;
16.759;
17.0282;
17.1804;
18.3132;
18.4349;
17.8273;
17.1882;
10.2404;
15.4833;
8.93831;
20.9684;
11.4832;
13.4123;
18.3034;
17.6974;
16.4603;
20.6203;
15.4596;
15.9298;
18.7136;
15.6545;
18.0702;
18.2524;
7.87108;
18.5967;
16.7898;
18.7812;
19.1835;
16.9575;
17.5614;
16.1033;
18.1199;
13.911;
19.4174;
16.4086;
12.4426;
19.4964;
21.8215;
20.3142;
18.7474;
17.559;
16.416;
15.2587;
20.4239;
12.3188;
18.7496;
13.6661;
17.0291;
17.6315;
13.5878;
15.9694;
16.3506;
13.0831;
14.2662;
10.5076;
20.5257;
17.3621;
17.4476;
18.7626;
15.3914;
16.2674;
17.6979;
17.2997;
15.6028;
17.9344;
18.6914;
16.8908;
17.7505;
15.4422;
16.3636;
17.5034;
8.85272;
17.9259;
19.1178;
16.7739;
12.7421;
19.4303;
16.5982;
16.6649;
17.1588;
15.2488;
20.0649;
15.3186;
14.6376;
16.8676;
16.3084;
18.6578;
19.3732;
17.159;
19.8738;
20.911;
12.8094;
15.837;
19.0041;
16.0134;
16.5942;
19.5094;
15.3668;
18.9129;
16.8328;
17.7098;
17.587;
18.807;
15.2269;
17.3334;
17.0621;
16.3772;
18.7273;
14.2512;
17.098;
17.1262;
17.2186;
17.645;
17.1686;
17.773;
14.9799;
16.3082;
14.809;
18.1236;
17.2681;
15.9996;
14.1862;
17.8812;
15.8943;
18.9079;
17.6682;
16.0312;
17.5034;
15.3157;
17.3414;
15.9941;
18.3497;
18.2681;
17.331;
17.2912;
14.9951;
15.7042;
14.0045;
18.1875;
18.0353;
18.7626;
14.9704;
14.773;
17.958;
18.4182;
20.4882;
17.9152;
16.7428;
17.2699;
15.995;
18.2338;
19.9481;
15.8665;
18.6058;
16.0671;
15.2974;
13.7258;
18.6847;
15.0892;
19.179;
16.9366;
16.9293;
19.7578;
16.5448;
14.6907;
17.9068;
17.2452;
16.4143;
18.8302;
17.9259;
16.9021;
15.8948;
15.445;
19.6528;
17.1878;
18.2694;
17.4966;
19.1067;
17.3399;
10.8353;
18.5901;
12.4999;
19.573;
16.3372;
15.9192;
16.508;
19.1309;
12.4175;
18.3607;
15.3765;
19.7476;
15.2932;
18.7793;
17.2814;
17.484;
18.3188;
18.181;
16.9961;
15.2953;
16.1194;
11.4609;
17.9893;
12.8882;
21.5203;
14.3542;
15.548;
13.9767;
18.4553;
17.9215;
20.665;
16.5721;
15.8124;
16.3649;
16.1378;
17.2519;
14.0761;
16.4331;
16.9476;
18.3268;
16.2603;
19.4143;
17.9179;
18.5368;
13.577;
17.171;
19.5639;
16.0749;
11.5245;
15.7446;
18.9175;
17.0907;
16.2165;
15.8851;
16.1099;
20.2315;
16.3965;
17.1123;
17.9025;
18.0672;
16.9535;
16.3549;
12.7258;
15.2084;
18.864;
16.0768;
16.3371;
17.7845;
9.32604;
17.8085;
17.5439;
16.2703;
16.021;
12.3541;
16.9905;
16.7556;
17.3452;
8.82679;
13.3032;
14.8641;
11.6568;
14.613;
16.3073;
15.6621;
18.0237;
18.1005;
12.9416;
17.4705;
18.6344;
14.4925;
14.2885;
13.439;
18.682;
15.8647;
11.1006;
14.5647;
19.4728;
15.9609;
19.7909;
17.0615;
13.5092;
16.3697;
13.5817;
17.0702;
11.7753;
16.1262;
16.4238;
16.2133;
13.8357;
18.3855;
12.4399;
17.5246;
16.3057;
9.72517;
15.965;
16.1857;
15.0925;
17.5123;
21.8584;
18.3842;
17.6631;
16.8813;
12.072;
16.9219;
15.9798;
15.9254;
17.5772;
19.4282;
15.8242;
12.9107;
14.6912;
16.3926;
19.0604;
16.9245;
16.738;
16.5098;
15.6877;
17.7574;
13.9156;
14.6583;
16.7771;
17.4009;
18.5998;
15.4256;
19.2489;
15.2471;
16.5378;
16.292;
18.1222;
18.1424;
14.8186;
15.5237;
14.5023;
14.4829;
17.4306;
16.963;
16.9276;
21.1694;
18.5613;
14.5776;
15.1248;
13.63;
17.2725;
17.148;
15.507;
20.9101;
13.5627;
16.072;
15.1686;
16.5226;
17.3411;
18.2346;
15.6786;
8.67109;
18.3143;
15.5707;
16.7659;
16.3664;
17.3353;
16.0676;
19.1777;
16.8362;
16.4312;
15.4632;
16.539;
14.5225;
16.1872;
14.7364;
21.0007;
15.5972;
14.7172;
14.5698;
14.5009;
14.5988;
18.3338;
16.3863;
20.8037;
12.4117;
17.4099;
20.7705;
16.2633;
16.2734;
14.5438;
19.4252;
14.6669;
14.5576;
15.4331;
17.897;
15.5195;
17.4317;
14.2161;
14.7629;
15.8889;
15.3398;
15.4943;
17.8408;
17.0222;
18.1041;
15.0875;
15.4869;
14.8836;
14.7537;
13.2988;
19.844;
16.2391;
16.1374;
16.0701;
15.4416;
14.7112;
14.8302;
16.4373;
18.7451;
15.9038;
15.013;
13.3958;
17.1676;
18.2803;
18.3746;
17.6203;
17.8588;
15.8022;
16.2764;
17.2411;
15.3497;
22.4701;
13.3363;
14.1029;
17.1545;
16.8374;
17.3878;
16.9618;
14.8416;
18.4451;
15.8612;
17.6756;
16.7009;
19.8514;
15.2249;
16.9148;
8.53519;
15.1755;
15.3081;
13.2027;
20.0642;
16.1553;
12.5429;
15.9729;
20.2749;
16.4209;
12.3524;
17.2693;
18.9939;
17.4366;
15.1191;
18.0012;
15.3478;
15.6212;
17.1479;
18.1688;
16.6089;
15.6377;
14.4933;
15.35;
15.8653;
18.17;
12.248;
15.1915;
13.7063;
13.3918;
16.4921;
16.7998;
16.5165;
15.0875;
17.6478;
14.2755;
20.4507;
14.3785;
15.571;
18.3209;
12.4333;
16.2053;
18.0601;
17.9808;
15.662;
14.9397;
15.7946;
14.4593;
18.3794;
13.8873;
15.8442;
12.0941;
16.0532;
17.0552;
14.9719;
15.8886;
16.8031;
17.3135;
15.2462;
14.7292;
15.1688;
13.9095;
16.0541;
17.4659;
15.3336;
13.5635;
15.4505;
12.1979;
14.5225;
17.2631;
14.1183;
12.8574;
15.6098;
16.3286;
12.8348;
15.2356;
14.6341;
16.7641;
16.209;
15.2755;
16.4213;
13.8228;
16.1542;
15.7244;
15.3356;
16.5534;
15.1776;
14.7764;
17.1328;
17.9254;
14.1252;
14.5536;
15.9521;
14.9695;
15.1525;
16.331;
13.1986;
12.3589;
14.1439;
16.7559;
24.0835;
19.9393;
14.9413;
16.4249;
15.7176;
13.9992;
15.2316;
13.4898;
16.3275;
14.5806;
14.1438;
17.6633;
15.7078;
22.0997;
14.815;
17.03;
14.5764;
16.0125;
10.2648;
16.7365;
15.1096;
14.5713;
12.6171;
16.5028;
16.0382;
14.9386;
13.6353;
17.2979;
17.0909;
16.4366;
17.4788;
15.4127;
15.7093;
14.6772;
17.5351;
14.6247;
15.3881;
14.1608;
13.3337;
15.3533;
11.8707;
15.1552;
14.7874;
16.5796;
16.5874;
15.3477;
13.5514;
14.6953;
15.9159;
20.3565;
17.1033;
11.8685;
14.1338;
14.5518;
14.1559;
16.0673;
15.8416;
13.3721;
16.1333;
19.6071;
10.1053;
15.9855;
14.6237;
17.6243;
15.2133;
16.6467;
15.4932;
14.9404;
13.3103;
14.4342;
16.2484;
11.5114;
16.7013;
18.8297;
15.6133;
22.1951;
14.1638;
16.7365;
15.5034;
12.9785;
14.4578;
17.1028;
15.2562;
13.4517;
17.1372;
15.4796;
17.2469;
16.9594;
13.3014;
17.6773;
15.628;
14.6398;
15.265;
14.5804;
15.073;
13.9674;
15.712;
15.9969;
14.8544;
14.1495;
15.7025;
14.22;
18.816;
16.6264;
17.7179;
13.6722;
17.0483;
13.0417;
23.3905;
8.18964;
15.3032;
16.8487;
13.236;
18.3199;
15.3921;
13.9657;
15.9941;
15.9075;
16.0942;
13.6037;
10.1218;
14.2018;
15.7112;
15.289;
13.6468;
14.823;
15.3865;
16.4022;
13.5773;
17.6492;
16.1631;
14.6909;
14.3992;
15.5514;
15.8528;
14.3127;
13.5702;
15.0542;
15.9914;
16.9258;
17.9636;
19.2096;
16.2162;
15.3728;
18.1059;
14.7752;
15.9047;
12.5228;
14.6145;
14.1945;
17.357;
15.3694;
14.5702;
12.7968;
14.3443;
13.8309;
15.403;
12.7825;
11.2536;
13.7734;
16.5727;
13.5746;
14.1941;
11.7667;
13.59;
17.3589;
16.5427;
14.861;
14.7774;
12.3096;
14.396;
15.4341;
15.9842;
13.6091;
12.4877;
17.8911;
15.1684;
14.8186;
15.0059;
14.9035;
14.1853;
13.654;
22.3831;
19.0627;
15.2284;
16.4517;
16.2172;
15.9576;
13.9363;
15.7074;
16.6795;
17.8514;
16.6481;
13.15;
14.1929;
22.223;
17.1007;
18.9573;
18.3532;
14.7434;
11.508;
16.1689;
16.0397;
14.6143;
15.1006;
15.2347;
17.0845;
15.3426;
16.7171;
12.2637;
14.24;
15.5742;
15.1504;
14.2172;
16.1666;
12.3398;
13.334;
13.6818;
12.7651;
14.6243;
16.0216;
13.5759;
14.8175;
15.4737;
16.2098;
14.8524;
15.1052;
17.1238;
14.7479;
13.9987;
14.5356;
14.6445;
15.7281;
16.4374;
16.1344;
13.1659;
16.0282;
14.4914;
14.2946;
15.6306;
17.044;
15.8307;
13.4995;
15.0896;
17.0341;
15.4386;
14.1264;
14.2465;
20.643;
16.8989;
11.9148;
15.9529;
16.862;
14.9186;
15.9207;
15.0463;
13.7278;
14.9814;
13.5977;
14.5001;
14.4813;
13.6781;
16.5541;
13.3117;
13.7418;
15.9935;
14.5535;
14.6862;
15.0704;
17.5585;
17.0809;
11.3255;
11.9981;
15.6139;
16.4653;
14.8662;
12.919;
13.6566;
14.0965;
15.557;
13.0716;
13.792;
14.2071;
13.5289;
15.9027;
14.9294;
15.8768;
16.5355;
14.7811;
13.4541;
13.3493;
13.9585;
13.5674;
15.0726;
13.3895;
13.8215;
13.9764;
13.928;
14.6293;
13.9966;
13.7179;
14.9263;
14.256;
14.3052;
14.554;
13.6187;
16.1307;
12.4827;
16.4093;
15.5035;
14.2878;
15.2134;
13.6716;
12.8524;
13.9924;
11.9423;
14.184;
12.4218;
15.7738;
18.8447;
14.6025;
15.6761;
15.6106;
15.062;
14.595;
14.0738;
14.7325;
13.0586;
16.8733;
14.1018;
16.3785;
13.7013;
12.7984;
13.6815;
13.1125;
14.9826;
20.4224;
14.3124;
10.8399;
10.7646;
16.1268;
13.7383;
14.2074;
14.241;
10.4445;
15.0062;
18.7358;
14.4066;
15.0077;
14.9334;
17.6801;
13.8078;
13.1623;
16.3313;
17.8231;
17.1928;
13.6612;
17.8802;
11.9886;
17.0788;
14.6414;
13.5008;
17.3293;
11.5422;
11.691;
12.4175;
16.72;
15.6456;
12.7159;
16.2463;
19.4621;
13.7592;
12.108;
14.1026;
17.2333;
14.2702;
16.3125;
14.2792;
14.9891;
14.2698;
14.9763;
12.7537;
16.8389;
13.125;
14.708;
17.2792;
15.5377;
16.1562;
13.5203;
13.0712;
19.9201;
13.8762;
20.0729;
11.281;
13.1965;
11.5594;
20.0766;
15.4653;
13.8412;
13.7585;
18.1743;
14.7038;
11.9414;
14.6612;
12.8377;
13.8154;
19.105;
13.4518;
11.5361;
14.428;
13.9177;
14.7984;
15.649;
14.5428;
14.5991;
15.6033;
10.3408;
14.1955;
13.3556;
13.241;
13.9693;
15.3131;
13.6727;
15.3303;
12.7418;
18.7075;
13.4007;
16.189;
11.4896;
17.5535;
16.3253;
15.0037;
16.3258;
15.7941;
16.6215;
13.8516;
15.3579;
14.123;
13.1189;
17.1179;
10.2363;
14.4569;
12.7212;
15.4215;
12.7055;
16.5496;
14.9813;
15.0547;
13.2124;
14.1524;
11.2693;
13.93;
13.1266;
14.1768;
15.242;
16.2257;
16.2117;
12.7512;
13.3254;
13.2418;
12.4124;
16.2985;
15.1698;
22.6244;
14.4559;
13.1063;
16.634;
11.2499;
15.7765;
25.2342;
12.0568;
14.0779;
19.364;
22.8608;
15.6219;
14.4478;
13.6695;
14.1617;
13.883;
20.5163;
13.7549;
15.2288;
13.8182;
18.5664;
15.3709;
12.3271;
12.4024;
15.7817;
13.5541;
13.612;
17.5032;
12.8074;
14.9671;
17.7187;
13.0471;
15.3404;
15.7682;
13.0549;
11.4184;
13.7494;
13.0564;
15.217;
23.3974;
15.5589;
13.0913;
14.0791;
15.3038;
17.9054;
11.2934;
17.9359;
13.6495;
18.1904;
13.5256;
13.2439;
11.3103;
11.8628;
13.1872;
13.9519;
12.913;
16.0103;
12.2384;
14.0393;
12.3959;
13.5662;
12.1365;
13.8728;
10.9197;
13.6387;
15.7633;
14.1638;
12.2509;
12.7154;
16.9166;
14.7646;
13.3282;
12.5662;
12.9794;
13.7361;
12.2969;
24.3135;
10.8199;
12.7538;
13.5766;
12.2331;
14.6886;
19.9339;
14.0836;
13.1996;
13.2178;
15.1814;
14.0372;
20.9138;
13.3958;
17.6545;
15.3385;
12.3811;
14.4623;
12.318;
19.4498;
13.8185;
20.9699;
15.275;
14.8145;
13.7471;
16.1334;
12.572;
10.5361;
14.2797;
12.8151;
14.8114;
17.9122;
14.8147;
13.0315;
21.5333;
12.2135;
16.0236;
18.4169;
13.8014;
12.2894;
14.0911;
12.7641;
16.0523;
14.0232;
14.8103;
13.0641;
15.0398;
12.062;
10.4104;
14.4069;
14.1821;
22.7931;
14.1778;
14.9987;
12.2913;
18.2384;
13.8399;
12.8406;
14.8957;
14.5526;
19.8127;
20.4587;
15.0686;
14.3373;
12.9593;
18.6348;
17.7038;
14.1273;
13.2938;
13.0665;
17.9608;
13.574;
12.8428;
13.5122;
11.3647;
12.6289;
12.7997;
14.6334;
14.8116;
11.526;
11.6546;
13.3357;
13.0142;
14.7962;
14.9786;
13.7408;
12.7387;
17.2397;
22.9955;
12.5494;
20.8364;
12.5221;
15.065;
15.7272;
13.9565;
15.8717;
13.943;
13.5295;
12.6295;
18.8615;
10.7367;
12.7465;
15.776;
13.124;
12.3189;
12.5388;
27.726;
14.5562;
25.1177;
24.9534;
11.6016;
11.7381;
15.0198;
13.5359;
13.5831;
11.5184;
14.8797;
15.0434;
12.4007;
13.8089;
14.9525;
13.9296;
14.0655;
11.686;
14.9993;
15.4963;
22.8854;
14.0089;
13.5931;
24.0449;
20.6656;
14.9346;
9.88675;
14.2243;
13.6362;
12.9405;
13.1422;
12.6514;
12.223;
14.2249;
14.0264;
15.8293;
13.4175;
12.0623;
12.5657;
12.9315;
15.7692;
13.6488;
14.2942;
11.7828;
15.0169;
10.6433;
12.8941;
13.2658;
11.3549;
9.529;
10.6294;
13.603;
11.4852;
13.9781;
14.0467;
15.0832;
14.2877;
9.73505;
12.3693;
12.3191;
13.3008;
12.9509;
13.1606;
14.4646;
12.0114;
13.031;
12.4062;
13.698;
12.7684;
13.8954;
11.9986;
10.0308;
12.7649;
11.7294;
13.2264;
12.3019;
16.4602;
13.941;
14.4252;
17.7003;
15.0853;
16.0381;
13.6637;
19.4562;
12.2677;
19.7906;
13.7901;
15.5524;
10.9301;
11.6074;
12.6668;
14.9758;
10.9854;
14.3942;
14.7682;
17.2325;
16.9582;
15.0679;
14.5408;
8.63394;
13.9862;
10.5982;
10.0483;
10.3166;
11.5787;
11.9459;
11.0537;
11.8292;
14.5458;
11.5232;
13.1927;
13.3841;
22.6623;
18.4615;
11.1491;
18.3536;
14.5631;
16.3192;
13.0713;
19.8439;
13.9472;
18.6324;
13.7968;
14.0413;
10.4977;
12.7821;
10.214;
11.7798;
11.5653;
11.8767;
13.4943;
12.2025;
10.8815;
22.5014;
11.2982;
12.5439;
13.3512;
11.9464;
12.1064;
12.2053;
10.7211;
12.6176;
14.9564;
12.4715;
13.8314;
16.5052;
12.5104;
13.187;
12.2113;
11.8366;
19.6465;
11.6634;
10.8926;
12.7832;
13.3164;
19.4199;
11.6161;
14.4653;
15.5931;
13.4107;
14.2139;
13.4849;
10.6887;
11.8311;
12.2949;
14.1912;
11.8487;
18.9736;
12.3465;
12.2716;
18.877;
12.1943;
14.3638;
10.9758;
18.2823;
12.903;
13.1152;
20.6888;
14.7474;
25.7427;
13.3515;
13.9008;
13.162;
20.4989;
14.915;
12.6219;
10.1408;
13.3574;
12.7134;
20.1485;
12.2239;
14.5747;
24.5159;
12.7612;
15.0475;
12.3129;
11.7801;
29.408;
13.6732;
18.6263;
12.5632;
12.9464;
13.4425;
14.4814;
14.2756;
16.7557;
18.0581;
13.503;
13.2958;
11.829;
19.2978;
12.3171;
18.186;
15.1304;
12.7835;
11.62;
11.4678;
17.9469;
12.9035;
14.6036;
13.9184;
13.6305;
13.6096;
12.1595;
19.3959;
17.0082;
11.7123;
12.3856;
15.1611;
21.0852;
22.9805;
12.6275;
11.6231;
13.2784;
11.9752;
16.7254;
11.6419;
20.5803;
13.583;
12.5773;
18.3207;
12.8717;
12.403;
29.4865;
12.4482;
11.7318;
25.6854;
13.1464;
11.705;
14.1;
15.2687;
13.8499;
14.2953;
12.6142;
13.5733;
12.4291;
20.152;
12.5776;
12.46;
11.8517;
11.8699;
11.9042;
13.7001;
19.2503;
11.4115;
13.8426;
15.8076;
13.657;
16.6231;
21.468;
13.0021;
13.1026;
12.3787;
11.5108;
12.2327;
9.89472;
22.89;
12.4516;
12.1361;
12.7389;
17.4901;
11.499;
12.2596;
12.7522;
12.8504;
11.5606;
24.049;
15.9411;
14.2085;
14.9937;
11.9615;
17.7697;
13.0135;
14.7868;
11.5235;
12.2363;
12.5452;
11.594;
9.66169;
11.0342;
21.5092;
11.7394;
13.0385;
13.0786;
13.4605;
16.1209;
10.7684;
18.5979;
19.8666;
14.377;
14.2273;
12.1136;
13.5058;
12.0768;
10.147;
11.4591;
20.325;
11.4263;
14.2109;
12.3945;
11.688;
12.9746;
10.0581;
11.5083;
12.2009;
11.3172;
10.1736;
10.3275;
12.3119;
13.3906;
15.1495;
12.825;
9.28874;
11.7882;
13.3469;
11.0936;
12.3369;
11.4401;
11.9414;
10.0184;
13.0674;
12.6448;
13.5454;
13.7106;
13.0323;
11.9504;
16.597;
19.4516;
10.8422;
24.351;
14.2503;
19.1532;
12.8448;
18.8368;
16.628;
12.7471;
16.3038;
11.3268;
12.9666;
12.3584;
12.0128;
23.9867;
10.7611;
10.5636;
13.4133;
13.4892;
13.6197;
10.7584;
10.263;
14.6685;
9.68316;
17.2803;
10.0846;
19.1614;
13.8556;
11.2144;
9.27147;
12.0376;
9.76713;
10.7616;
13.2468;
12.4646;
10.5941;
12.3239;
24.0832;
12.2599;
11.9544;
19.718;
14.8623;
11.6586;
20.829;
11.6329;
11.4541;
9.15438;
14.2929;
11.6876;
12.1273;
13.359;
31.9999;
11.9509;
11.0519;
11.8846;
11.6739;
11.6048;
14.0451;
18.041;
26.3076;
10.8929;
12.8553;
10.5764;
12.3822;
10.3049;
11.929;
13.5626;
13.6263;
11.0391;
9.8284;
13.1937;
10.7239;
20.4212;
10.6806;
14.6354;
11.4946;
10.5319;
9.69038;
12.0355;
15.0879;
12.9289;
12.3715;
10.9909;
11.8233;
13.6419;
11.4898;
14.3277;
14.3676;
13.2156;
12.5165;
11.6596;
11.5189;
12.1903;
13.9879;
13.441;
11.8482;
13.961;
18.4804;
11.1667;
20.7394;
18.6725;
14.2322;
12.8968;
11.2567;
11.6597;
16.5389;
9.2829;
11.2996;
11.6785;
10.0601;
12.6324;
10.8937;
22.8335;
12.0036;
13.5178;
12.6491;
12.058;
12.6408;
11.5217;
13.6806;
10.7766;
10.3983;
12.3351;
25.0239;
11.5898;
11.0889;
12.2574;
10.4568;
11.0273;
10.5121;
9.96529;
10.6779;
11.8766;
21.9997;
11.9424;
11.0837;
27.5464;
10.9617;
27.1646;
11.1758;
14.566;
12.4674;
21.6633;
16.9127;
11.7321;
11.7247;
14.4421;
12.8019;
12.3391;
12.2148;
23.6619;
11.8096;
12.8108;
11.2594;
22.3072;
11.0741;
11.4642;
10.848;
11.6681;
11.9401;
11.6773;
15.457;
10.6967;
12.4943;
12.6651;
12.8534;
11.038;
11.3443;
10.8924;
12.6864;
14.8756;
11.0131;
11.8739;
10.6392;
16.1911;
15.9298;
11.9808;
11.1532;
11.2569;
20.9202;
12.1465;
14.1974;
12.2936;
12.603;
11.5658;
16.9198;
19.5332;
18.673;
12.7602;
16.0411;
12.6969;
12.8456;
18.8406;
13.2337;
11.3102;
11.3554;
10.9901;
13.8607;
11.6482;
8.4486;
19.7549;
10.909;
10.2415;
11.0495;
11.8054;
22.5871;
16.2151;
11.6528;
11.4051;
10.7735;
10.2506;
10.9861;
11.5534;
15.3717;
11.4879;
12.5793;
11.166;
11.2011;
11.4247;
11.1788;
22.6783;
11.8537;
13.7139;
11.1399;
12.7773;
10.529;
11.9374;
11.7448;
17.0766;
10.3313;
11.9345;
11.5812;
13.5066;
22.1479;
11.3821;
9.28706;
19.8296;
10.9255;
11.3276;
16.2279;
21.1007;
8.73447;
20.0528;
11.3693;
18.7225;
11.1092;
9.81167;
12.1394;
12.6998;
13.8171;
12.0935;
12.623;
26.1553;
10.8524;
20.9189;
12.6121;
12.3912;
8.44605;
17.1225;
31.2775;
12.1275;
13.1533;
11.1003;
17.7886;
9.89663;
11.0068;
10.6119;
8.03403;
10.6088;
11.9062;
12.1707;
12.6929;
11.598;
11.0054;
11.863;
15.6793;
10.302;
16.0977;
12.6751;
10.7544;
12.7529;
23.7922;
20.238;
10.744;
11.5944;
12.1669;
19.6199;
10.8356;
11.4023;
12.6814;
24.7607;
11.485;
14.533;
17.8352;
22.3216;
11.3959;
12.9358;
12.6176;
11.6112;
10.5989;
11.3022;
16.5786;
10.8633;
13.1257;
9.72641;
12.8723;
10.4014;
9.78039;
11.8762;
10.7868;
11.3869;
12.5697;
9.32766;
10.0395;
12.0938;
11.5452;
11.4645;
9.07074;
10.7689;
23.4349;
12.6016;
11.6668;
11.9617;
14.8136;
11.7849;
13.1804;
11.9275;
12.5317;
12.5379;
12.1118;
10.9124;
18.6548;
26.6932;
10.3454;
9.43223;
12.4238;
10.3807;
10.6787;
12.7749;
9.93031;
12.6422;
11.7651;
10.3801;
9.55528;
11.8373;
12.7324;
21.7008;
12.4446;
11.4549;
10.8005;
11.2039;
16.0539;
11.4958;
11.8234;
9.55142;
13.1084;
12.0899;
10.7146;
12.567;
11.3351;
12.1129;
10.2704;
11.0549;
9.82825;
22.2284;
16.0391;
11.084;
18.8024;
11.7483;
10.5221;
9.99291;
12.4297;
9.81944;
11.7864;
11.8991;
8.84745;
10.9785;
10.3661;
17.3133;
11.5541;
13.4575;
12.5452;
22.5193;
11.1901;
27.0917;
11.3428;
19.3585;
9.54138;
10.3031;
11.444;
11.3902;
11.4591;
12.6728;
10.3749;
21.2015;
23.2305;
11.7602;
10.5659;
25.9366;
14.1325;
10.0488;
12.7041;
11.4001;
10.1981;
13.7555;
12.2423;
11.3989;
12.0358;
14.0742;
11.1328;
9.9207;
10.7527;
11.2301;
11.8699;
10.8651;
9.25247;
11.3899;
12.4982;
13.6064;
9.3058;
12.1196;
11.019;
12.6829;
9.61303;
21.603;
9.74419;
10.852;
12.7353;
22.5978;
10.7189;
9.71798;
12.06;
19.4136;
11.9136;
12.1418;
10.746;
26.7398;
11.4263;
11.3522;
18.6708;
12.2533;
19.9726;
21.503;
10.1461;
11.3245;
8.28807;
10.8708;
24.7384;
11.1764;
10.5783;
10.5592;
21.9208;
10.753;
17.4397;
20.4828;
10.6882;
10.6428;
26.3199;
11.9568;
12.3208;
20.3703;
10.042;
11.6634;
19.2934;
11.5613;
10.9134;
25.4329;
9.91186;
9.06987;
10.7585;
11.569;
11.4087;
25.993;
10.7034;
10.6465;
9.5731;
12.0817;
19.2248;
10.7034;
10.0058;
20.8315;
9.46015;
19.382;
10.7774;
11.385;
10.0695;
11.0962;
20.7244;
23.0523;
10.8256;
10.788;
11.0711;
12.2452;
12.633;
9.55616;
11.1924;
10.632;
17.2462;
19.1639;
8.6038;
11.8444;
10.7655;
18.42;
8.16805;
23.3989;
9.87388;
18.1944;
13.0888;
12.2416;
17.7902;
13.2374;
11.7305;
10.9227;
11.3626;
22.8672;
11.9021;
9.77178;
23.8713;
10.7507;
12.1622;
17.8243;
9.20519;
11.8496;
23.9526;
11.2718;
11.0978;
11.9605;
13.2144;
10.8295;
10.1568;
17.2899;
10.1902;
16.8629;
11.465;
11.2942;
12.3601;
24.6322;
13.6335;
11.2204;
9.79486;
21.675;
10.5481;
9.56646;
10.5078;
9.55721;
10.5013;
11.684;
12.0881;
22.881;
11.1454;
10.0553;
11.6565;
10.9685;
12.8733;
22.8196;
11.1167;
18.5527;
10.8216;
10.0232;
9.09516;
18.6497;
10.0875;
25.0027;
10.0782;
10.2748;
16.2499;
18.1879;
12.3275;
16.1659;
12.7083;
18.4174;
11.9823;
13.0794;
18.5635;
30.2659;
19.89;
10.9018;
24.3417;
11.3832;
9.22541;
15.4174;
10.5634;
12.3737;
10.7164;
19.0279;
12.375;
11.992;
11.1861;
9.43945;
10.3721;
9.30038;
9.60434;
10.5934;
20.7538;
11.2729;
12.3607;
12.4705;
11.0843;
22.2477;
8.9159;
16.5595;
11.5346;
11.2752;
10.2532;
12.2373;
14.8665;
19.664;
9.1543;
12.9192;
12.533;
12.595;
9.79858;
10.3584;
10.5104;
10.4711;
10.0215;
10.5471;
27.7751;
19.5228;
9.26735;
9.24028;
10.5091;
10.273;
9.22579;
23.3739;
10.5143;
12.1144;
10.132;
12.5201;
10.7274;
12.9789;
10.5425;
9.78709;
13.421;
9.45973;
13.191;
10.7749;
19.9855;
10.7801;
15.5368;
30.2557;
9.90068;
18.0079;
13.3906;
14.3517;
10.4886;
9.64526;
11.7841;
9.74616;
10.8475;
10.6778;
10.4066;
10.7234;
8.68845;
10.6383;
10.7748;
9.70718;
7.92234;
31.0591;
11.0622;
19.7872;
11.0196;
15.8022;
11.0203;
24.9298;
13.0009;
18.0211;
10.0656;
10.8209;
12.5646;
11.1054;
21.32;
9.5807;
21.6163;
15.8798;
11.1647;
12.6135;
9.57349;
9.48642;
27.3616;
11.7138;
11.4519;
10.1573;
10.0368;
11.6539;
25.3402;
30.0038;
9.86013;
22.2447;
23.6924;
29.8593;
10.4979;
16.3655;
11.2876;
17.8737;
10.938;
11.9967;
11.9751;
11.983;
11.7337;
24.6473;
27.8336;
10.6084;
19.3567;
10.8902;
20.5787;
10.2196;
24.074;
11.2792;
12.1553;
20.3717;
11.1536;
9.49329;
23.4262;
10.216;
10.3989;
23.6589;
9.25627;
17.103;
12.5381;
21.7752;
9.25674;
23.8212;
18.3288;
11.7411;
11.7127;
24.6532;
13.0248;
11.1451;
12.2514;
9.96493;
26.8371;
10.0169;
10.8699;
13.7428;
9.9538;
17.0408;
9.80168;
20.1275;
11.5317;
22.8897;
10.0396;
25.1433;
27.4441;
11.0524;
19.3496;
10.5298;
12.5429;
16.1172;
10.6218;
9.17707;
11.3183;
11.0778;
25.5566;
9.47083;
9.54128;
12.0224;
11.836;
24.6547;
8.49635;
9.56263;
8.59501;
22.6958;
11.4757;
13.2182;
10.2388;
20.7398;
11.3879;
9.57069;
20.4293;
12.5731;
12.4177;
10.621;
9.89178;
10.8787;
12.2984;
11.5965;
10.0178;
26.8083;
13.495;
11.35;
9.61158;
26.7461;
10.0243;
20.1458;
12.1444;
9.87492;
7.87679;
8.56131;
23.6431;
10.5255;
20.3808;
11.5528;
21.4074;
9.53991;
27.7432;
11.3049;
25.6526;
11.4024;
14.661;
12.0059;
9.654;
9.90086;
28.1262;
10.2917;
14.3011;
10.0002;
27.5212;
11.3359;
13.9342;
12.4613;
12.261;
21.1667;
13.2668;
10.5471;
21.1852;
20.3687;
11.8613;
12.7073;
7.96942;
9.36096;
26.6679;
13.4244;
18.805;
9.84342;
17.557;
9.48105;
23.0229;
9.14768;
9.31964;
10.8944;
9.62185;
14.5462;
11.7739;
12.1589;
9.55457;
10.0571;
9.93721;
9.45757;
11.7689;
10.5321;
12.0772;
7.6048;
12.1003;
8.54132;
10.3404;
10.7169;
9.80825;
12.2916;
11.1664;
18.477;
10.1081;
10.5055;
10.667;
10.3618;
28.3582;
24.4263;
11.7838;
22.1906;
20.7442;
11.2812;
10.549;
11.2795;
9.89864;
11.3996;
17.9617;
8.08591;
9.98347;
9.58669;
7.37572;
8.74556;
10.727;
10.9662;
9.84688;
9.83977;
11.6797;
15.8426;
8.6091;
27.842;
14.8051;
9.77884;
21.312;
11.3675;
24.6092;
8.15282;
9.31066;
17.6112;
12.0249;
10.3507;
10.2078;
9.42988;
10.5762;
7.98652;
9.86629;
10.058;
11.0144;
9.90031;
9.57006;
11.6582;
10.7379;
10.277;
22.1316;
21.5238;
9.98583;
10.3186;
20.6738;
8.56457;
9.74652;
12.1979;
10.306;
26.8859;
11.7132;
17.9026;
9.29762;
10.6713;
12.3847;
9.86175;
11.7142;
9.56613;
11.6828;
12.2012;
9.80994;
11.439;
11.8575;
14.7301;
17.8011;
10.3682;
8.93527;
20.6527;
10.5276;
10.0786;
20.4697;
8.55117;
21.9291;
9.09301;
17.2385;
9.97228;
9.56567;
11.3239;
12.1742;
10.9742;
10.838;
9.90895;
10.8328;
9.52682;
10.6838;
10.4298;
10.0876;
10.42;
19.6114;
15.2666;
8.7681;
21.1368;
10.2282;
15.9872;
9.45578;
8.74185;
10.8992;
9.20155;
8.46853;
10.0478;
8.91362;
25.7009;
10.1755;
10.2912;
22.9883;
24.715;
12.355;
11.0707;
24.3376;
27.7215;
7.94799;
9.47096;
10.9399;
8.85645;
12.108;
9.75688;
10.0334;
7.89097;
9.30201;
10.8491;
22.6984;
11.0457;
19.7512;
11.7787;
26.9283;
10.3618;
9.60263;
11.0183;
8.02565;
7.07566;
10.844;
8.59904;
27.1771;
12.5354;
18.1468;
10.33;
29.7417;
9.77323;
9.12734;
10.2011;
8.51329;
11.8029;
11.8354;
11.0262;
24.2853;
10.0053;
9.35395;
16.0822;
8.56624;
20.7428;
25.0882;
11.2218;
10.23;
10.2681;
8.35326;
18.6117;
21.1783;
9.07771;
21.4094;
11.5711;
9.7978;
9.58784;
11.679;
15.1335;
8.4953;
17.6273;
8.48858;
9.96315;
8.10994;
9.50592;
15.4865;
10.9932;
23.0625;
18.9614;
11.1609;
24.8409;
10.6265;
11.664;
10.1814;
11.9004;
9.97209;
10.2193;
9.4023;
10.2593;
10.8151;
11.0689;
9.48605;
11.7858;
9.81737;
10.5689;
8.49075;
11.5195;
15.6168;
21.8775;
21.8148;
7.61716;
20.2794;
8.65317;
18.9023;
11.1301;
25.8233;
11.3079;
27.3432;
8.81626;
9.07318;
10.6121;
23.9729;
9.50665;
18.7276;
11.056;
19.555;
9.68566;
8.70391;
11.4677;
19.2754;
8.43935;
23.8394;
8.94805;
10.8544;
9.6664;
17.8884;
10.0545;
11.7929;
9.89987;
19.2365;
10.3441;
10.3009;
11.8991;
10.3916;
29.37;
9.04658;
21.2501;
10.6474;
9.11901;
7.29253;
22.4596;
25.411;
8.57172;
10.84;
12.2453;
10.3915;
10.8664;
9.21992;
10.6148;
25.246;
9.64632;
9.58859;
30.3784;
8.77154;
11.2021;
8.52533;
8.46144;
21.6577;
10.9697;
14.3299;
10.3638;
21.9907;
8.59575;
20.6566;
10.9054;
7.44473;
10.1293;
11.1634;
10.8325;
10.9579;
8.85003;
10.4379;
10.7021;
25.8679;
9.0926;
21.8742;
9.3954;
9.72955;
20.5184;
10.5866;
28.4831;
7.99395;
23.1022;
9.0728;
8.87455;
23.8243;
8.30697;
9.34734;
20.3638;
20.1842;
10.0743;
22.5852;
9.71829;
10.0123;
17.7066;
24.0032;
11.4311;
19.1767;
10.3223;
16.6229;
9.69438;
7.98571;
9.28139;
25.9061;
8.93034;
9.25155;
10.4961;
10.9438;
9.51687;
8.58262;
9.21262;
10.0085;
24.2239;
10.1838;
20.628;
11.6298;
31.6357;
11.2151;
10.5249;
9.56967;
27.0073;
8.64424;
9.58782;
14.8891;
11.2388;
19.7709;
10.7658;
10.2613;
11.2042;
8.69896;
11.6498;
10.266;
21.6207;
8.20951;
23.5135;
24.7535;
8.00964;
5.92436;
10.6195;
11.7877;
7.33936;
19.3665;
9.53376;
23.3108;
9.56544;
25.2908;
10.4275;
13.2458;
8.78396;
9.15458;
16.7143;
9.74289;
9.8772;
10.7351;
7.21838;
9.78375;
12.0599;
11.4171;
8.66929;
10.1738;
8.82809;
8.98034;
9.75271;
10.5424;
10.0711;
7.90058;
10.1275;
29.7833;
8.40467;
17.8944;
20.8327;
10.6225;
21.2916;
21.628;
10.0713;
21.9633;
12.6162;
9.9387;
9.29213;
10.5961;
12.4138;
10.487;
25.0059;
9.40411;
9.23302;
11.4971;
11.5811;
10.0557;
24.1861;
10.44;
10.3863;
21.7145;
9.84692;
8.88162;
11.8337;
19.2218;
9.7856;
22.8996;
9.70227;
22.2232;
10.446;
11.0997;
8.90711;
8.58902;
10.4436;
20.9246;
8.60229;
9.94479;
8.37473;
7.88528;
10.8696;
9.58282;
11.5342;
10.0638;
22.5836;
10.5159;
10.8254;
12.535;
8.16944;
9.33036;
9.36108;
7.06674;
8.66466;
9.42012;
8.11921;
25.3065;
8.87207;
10.4046;
9.86742;
24.3856;
9.48895;
8.59085;
9.22712;
10.9073;
20.6728;
8.20531;
11.4341;
9.15314;
11.435;
16.0028;
10.5316;
11.1529;
22.4676;
10.6223;
24.7991;
11.3881;
9.99665;
18.1746;
8.36003;
7.8008;
10.3872;
25.3423;
11.5363;
8.17564;
8.49692;
9.06464;
8.58311;
11.2322;
9.7863;
8.39916;
8.52717;
22.1554;
9.95187;
25.3993;
8.30923;
8.03479;
8.97077;
23.6977;
8.82781;
24.6186;
9.98123;
17.4529;
11.846;
9.04006;
10.2334;
24.4256;
8.32197;
23.9127;
9.77086;
9.88328;
11.4586;
9.6104;
10.1176;
25.169;
9.18774;
30.5477;
10.032;
8.31511;
9.48503;
16.6143;
10.2267;
10.1701;
8.16602;
8.81696;
9.98094;
9.83575;
25.0872;
8.27897;
17.4975;
9.25243;
9.67954;
26.571;
22.5367;
10.2944;
10.0124;
7.8388;
9.83237;
23.8382;
7.2937;
8.0574;
9.38417;
8.60083;
26.5336;
8.47906;
20.0405;
11.0962;
9.64941;
27.4881;
9.22503;
8.82481;
22.9436;
13.29;
8.50691;
22.8554;
9.33026;
18.2431;
8.5561;
24.6654;
8.59217;
19.1554;
9.21457;
22.1827;
8.89223;
9.01831;
9.68393;
9.75096;
28.9095;
8.32852;
11.8418;
21.8793;
9.57552;
8.79121;
7.28355;
7.00492;
24.3452;
10.7874;
24.4639;
14.0947;
22.6271;
10.0918;
18.7559;
11.0963;
11.2081;
9.90925;
10.5937;
9.801;
25.0339;
9.72621;
9.11646;
9.16953;
25.6098;
9.3545;
9.52692;
8.69248;
18.9507;
10.1813;
9.76132;
22.3042;
9.83758;
17.18;
10.9614;
17.5851;
10.2279;
22.7384;
11.4966;
18.7013;
8.32103;
10.3322;
10.4096;
29.2679;
9.09179;
9.38303;
8.61675;
11.7455;
11.5381;
8.9726;
11.4679;
26.7944;
10.5025;
18.5629;
10.7713;
8.00994;
19.2222;
9.20002;
16.9701;
8.59014;
21.9869;
23.2168;
7.25417;
9.46566;
19.2775;
9.86793;
11.6146;
11.4091;
6.6162;
8.17111;
8.72099;
11.1812;
9.52734;
9.09212;
8.53792;
9.16541;
9.99419;
8.65485;
10.2207;
20.3947;
10.3929;
19.7809;
6.82705;
19.3814;
9.8855;
9.47653;
8.52131;
26.6669;
7.17208;
10.4493;
15.4344;
22.4069;
11.0617;
8.71106;
11.03;
9.36215;
9.31628;
10.336;
22.9966;
15.747;
10.2442;
9.82996;
7.81021;
9.43704;
9.489;
9.54191;
9.09845;
18.8373;
8.90909;
8.15189;
22.6457;
11.8381;
8.04214;
10.9683;
11.34;
9.85991;
7.55251;
10.3774;
8.79651;
11.1909;
25.506;
9.87564;
8.13136;
6.48551;
6.77735;
10.4393;
7.38362;
8.91114;
13.0646;
19.9176;
8.41661;
22.5106;
17.3923;
8.34603;
10.0562;
14.583;
9.12482;
11.8587;
24.3894;
8.03367;
19.399;
10.2702;
9.529;
8.82105;
9.92683;
21.0975;
23.5845;
7.57562;
23.1636;
21.9566;
20.8574;
7.29998;
10.3563;
31.9241;
9.18951;
5.48843;
20.1525;
8.44852;
8.22865;
7.70604;
8.04237;
8.63417;
8.14473;
27.5668;
11.4932;
8.68202;
10.2396;
12.7738;
6.51256;
8.53958;
8.98723;
7.67571;
9.17099;
10.0272;
9.79789;
11.722;
10.499;
18.9716;
9.43776;
8.68449;
9.53395;
9.48742;
8.47939;
9.84783;
8.62334;
12.4958;
23.9718;
10.0566;
8.05301;
10.4356;
9.14358;
9.65336;
14.6934;
19.2908;
8.68848;
9.69498;
25.6097;
8.73631;
19.7119;
10.4923;
26.1201;
8.32518;
18.2727;
9.33336;
27.4289;
8.29135;
23.0417;
10.7074;
18.6448;
8.29671;
18.7065;
25.311;
12.7103;
14.298;
9.00726;
8.79291;
10.5646;
10.7931;
8.41676;
9.3452;
9.1758;
7.09881;
9.52008;
9.03762;
7.05504;
10.6285;
7.5821;
9.34039;
8.26512;
10.2307;
8.5312;
8.55109;
7.98454;
9.41435;
9.61802;
8.07491;
9.61684;
9.73696;
9.72476;
8.97656;
8.72796;
22.4435;
20.9026;
18.6188;
9.48122;
22.699;
9.14277;
15.8592;
9.22664;
18.8301;
10.2673;
11.2294;
27.8137;
23.5438;
8.13443;
24.0771;
9.94328;
13.5774;
10.4863;
29.8422;
10.1204;
8.60127;
21.7413;
7.29406;
8.23198;
25.2847;
8.16294;
23.5561;
19.341;
7.16003;
18.7847;
8.61281;
8.48572;
8.02816;
24.611;
10.466;
10.4392;
17.6216;
9.8853;
7.29013;
7.62227;
21.328;
8.05028;
24.9524;
29.8038;
9.26599;
8.90019;
8.45216;
9.86084;
9.51222;
11.2141;
24.3172;
7.92533;
8.61511;
9.3499;
9.53153;
10.9956;
11.1336;
21.8957;
8.9243;
32.7775;
9.95178;
15.1662;
9.62502;
8.20674;
17.9823;
8.2033;
26.9279;
10.9437;
11.3118;
7.70536;
30.2388;
7.42328;
25.7825;
10.9859;
24.5094;
7.99245;
10.1328;
8.19827;
6.57145;
7.30458;
24.2688;
9.00176;
10.7013;
21.4523;
19.7838;
9.8024;
21.343;
9.02349;
21.9992;
8.55755;
15.4506;
9.08941;
8.90806;
7.51065;
16.2488;
8.88297;
22.5364;
10.4068;
17.4102;
11.5517;
26.1023;
19.663;
8.12701;
23.6852;
8.73207;
7.57454;
10.3137;
24.4743;
8.26667;
10.4924;
18.6645;
10.6491;
9.02883;
9.90226;
9.80769;
9.47555;
8.8703;
19.7446;
8.82017;
10.9749;
19.7256;
8.11552;
20.0623;
21.0579;
11.4451;
8.45679;
18.7518;
8.02059;
25.826;
8.06756;
19.6995;
9.648;
8.93655;
7.3862;
24.5955;
6.90263;
12.5543;
9.61192;
17.8541;
9.27095;
9.99531;
8.6969;
9.68055;
9.08183;
9.52088;
9.51071;
9.25333;
7.28879;
7.19973;
8.3684;
9.60591;
8.93284;
5.97743;
9.58206;
20.9901;
8.25233;
8.55187;
9.88598;
9.81415;
20.4397;
9.22762;
12.8657;
6.69298;
21.3091;
9.34856;
19.9218;
8.91852;
10.1507;
10.3296;
23.0175;
9.11519;
23.7557;
13.8032;
20.8656;
7.31701;
18.8222;
5.84058;
28.4683;
26.252;
8.17865;
8.77339;
8.60684;
9.53214;
22.7209;
10.2973;
22.565;
10.4242;
11.2301;
8.15094;
22.1844;
6.74999;
17.7233;
6.52549;
7.70692;
30.0104;
10.6876;
9.14414;
27.8783;
8.2872;
35.8488;
6.73181;
16.9845;
8.96834;
8.46852;
9.69259;
8.36928;
25.1059;
8.73197;
8.95963;
10.2056;
10.1048;
9.85026;
16.8962;
22.179;
7.09605;
22.1567;
6.33081;
9.10933;
9.13253;
8.12086;
9.3467;
8.52478;
8.66945;
10.4653;
7.95714;
11.5605;
8.99031;
24.0212;
9.51714;
9.4332;
9.81777;
22.9591;
8.97616;
27.6622;
11.2276;
25.7056;
26.5125;
10.0269;
27.3068;
13.4771;
8.74172;
32.4176;
9.63377;
10.6213;
16.4399;
18.5579;
9.50323;
26.1574;
8.19403;
30.253;
9.17782;
9.64513;
8.80167;
9.25761;
8.41688;
10.1119;
8.97151;
10.7689;
7.93643;
10.1472;
9.39096;
15.1047;
8.58393;
16.918;
9.12266;
8.73629;
8.21525;
10.9561;
11.0736;
28.6269;
7.46807;
24.142;
6.77099;
25.4783;
9.2957;
17.9881;
23.4047;
9.01552;
29.1682;
10.2494;
25.7267;
10.5209;
26.7588;
8.35952;
32.7206;
9.86279;
9.44067;
8.5914;
19.4906;
8.93797;
26.4957;
7.96802;
9.24581;
10.5164;
10.2546;
7.67316;
20.6761;
9.33839;
19.2996;
11.1396;
22.3226;
8.52125;
19.7964;
8.34421;
17.3021;
11.189;
9.36228;
10.092;
25.695;
8.50714;
21.0667;
16.9513;
7.08823;
9.08711;
7.13311;
17.3015;
22.8277;
9.38089;
28.0779;
22.6251;
6.93275;
11.8238;
29.1903;
8.68388;
23.935;
10.0354;
9.09045;
9.98606;
9.22025;
10.6896;
6.02322;
9.33833;
8.19426;
9.36449;
26.4376;
9.93974;
24.5221;
10.63;
11.5529;
25.6635;
9.32206;
8.90483;
9.91263;
9.49076;
9.19381;
11.9688;
10.6755;
10.5427;
20.9621;
7.94083;
23.1779;
7.26501;
9.09776;
7.78314;
8.2433;
21.4947;
6.91192;
25.2799;
11.1686;
21.1122;
7.35986;
18.8485;
9.32711;
11.6596;
9.0637;
16.1408;
7.37469;
9.30803;
7.17523;
10.3962;
11.2088;
17.0383;
9.15121;
10.0901;
9.28375;
6.39155;
9.19692;
8.64894;
8.45794;
26.7872;
11.696;
9.85218;
10.2577;
7.61368;
9.27186;
6.74033;
20.0351;
9.69518;
14.1107;
6.92883;
8.6172;
14.2447;
8.79477;
20.815;
6.79819;
18.284;
9.06732;
24.1359;
10.4281;
16.1147;
8.1562;
9.25587;
8.82744;
23.2863;
8.84866;
9.41177;
9.88176;
22.6193;
7.91156;
26.5467;
8.93718;
11.527;
9.52145;
21.9635;
9.57288;
8.07636;
24.175;
8.96387;
26.6958;
10.6628;
24.3124;
10.3449;
16.6332;
8.65149;
7.70549;
9.34496;
24.1381;
10.0804;
8.15484;
26.3993;
10.0736;
22.0534;
9.93906;
23.9625;
10.054;
8.41346;
31.0872;
8.16598;
9.55901;
9.64603;
25.531;
23.5012;
7.90964;
8.67682;
10.427;
22.5838;
28.8755;
7.85205;
29.093;
9.67192;
9.99599;
10.0461;
10.3449;
9.75757;
20.3458;
28.2982;
7.71616;
24.7085;
6.40889;
21.8956;
15.313;
8.20358;
9.21104;
9.9385;
8.50235;
6.75367;
9.45874;
21.7997;
21.0213;
10.1419;
8.17981;
22.8875;
8.30427;
9.07613;
29.3967;
7.65934;
10.0129;
22.8081;
9.67219;
5.42625;
23.6319;
8.7843;
8.55796;
7.96174;
8.57113;
22.3883;
9.30134;
15.7701;
11.5378;
25.0185;
7.02474;
9.63031;
7.67845;
9.98641;
20.8609;
8.97636;
18.7289;
10.3141;
30.7228;
8.97418;
10.0373;
10.3071;
22.1839;
10.5056;
11.6122;
10.5224;
8.83209;
9.75447;
8.99336;
9.08576;
9.49963;
17.846;
11.043;
10.6586;
8.75041;
30.8762;
11.3912;
11.4473;
22.0592;
9.05412;
7.51073;
23.9857;
8.10993;
9.55669;
10.8386;
8.32113;
21.5193;
9.89218;
11.3151;
26.5072;
8.6241;
22.0527;
24.0316;
20.053;
11.2746;
10.7676;
11.3996;
7.45386;
14.9476;
8.37984;
9.44003;
7.85524;
9.46402;
11.1162;
19.826;
5.93293;
9.76308;
10.296;
22.2782;
7.68728;
7.40896;
8.4414;
14.9066;
10.2167;
9.43088;
8.1764;
7.8336;
6.65667;
8.53527;
26.357;
8.396;
19.653;
7.30279;
6.9785;
7.35421;
9.9837;
7.76546;
19.3213;
10.1628;
9.90854;
20.1165;
29.6182;
7.29116;
10.4163;
22.1569;
9.05695;
9.23646;
10.0624;
25.6274;
11.1652;
9.43982;
8.64417;
9.22516;
8.86903;
9.99648;
10.7941;
8.13087;
25.6086;
8.20054;
26.3998;
8.96466;
16.7663;
10.6044;
8.5155;
7.18634;
7.88051;
7.46507;
20.7486;
22.6195;
6.39002;
27.912;
8.68503;
20.9899;
9.18774;
8.63592;
8.07499;
20.7168;
9.06833;
23.9507;
8.07342;
20.4199;
5.89744;
23.5266;
9.20072;
24.0377;
8.45048;
22.3477;
8.03615;
11.2675;
22.7816;
9.55492;
18.2071;
26.2774;
7.58701;
9.03328;
10.3052;
7.9398;
31.0459;
8.81318;
6.91058;
9.43658;
26.4014;
10.6841;
16.6202;
8.39057;
25.7538;
7.68223;
20.6851;
10.3822;
19.7743;
26.1415;
11.1122;
8.68944;
8.12086;
7.7115;
28.7047;
24.5774;
8.73372;
6.96679;
8.54796;
22.5456;
11.2605;
22.6777;
8.67284;
25.4759;
8.22345;
10.244;
11.2961;
22.789;
10.4404;
8.41799;
11.1456;
9.74348;
26.0194;
9.28314;
8.92915;
11.0682;
9.5449;
19.6754;
5.62556;
21.6834;
9.66977;
9.80624;
9.0571;
9.86536;
10.7268;
6.96289;
8.03779;
9.13854;
8.94877;
10.8691;
25.3928;
6.51028;
20.8897;
8.63254;
20.6126;
8.86572;
11.1598;
8.4384;
29.1056;
9.61924;
24.3691;
9.69175;
8.85937;
19.7512;
10.6342;
17.9152;
8.95248;
7.51019;
27.7592;
9.89129;
17.587;
10.0536;
30.0819;
7.93704;
20.9728;
6.95788;
28.9099;
8.12102;
21.4411;
17.3381;
9.44106;
18.1194;
8.92586;
8.54057;
24.1576;
20.8638;
9.71089;
16.7198;
7.17447;
15.7344;
9.98441;
17.1854;
22.4852;
7.32156;
23.4789;
9.77225;
29.6159;
7.6092;
17.7711;
8.17963;
7.08386;
25.6397;
7.62556;
29.4234;
8.31844;
7.41991;
21.7664;
29.2024;
7.73902;
30.3706;
11.2348;
26.2716;
7.44587;
9.39704;
25.1719;
10.0976;
8.87463;
9.71914;
20.9136;
7.47923;
7.94837;
7.47608;
20.395;
10.2167;
22.2416;
10.2342;
15.6932;
9.46211;
18.8717;
7.91857;
10.3541;
10.8646;
9.96806;
8.07634;
9.56918;
22.9146;
9.83542;
19.0036;
8.03931;
23.6721;
9.66163;
9.64772;
7.68748;
10.2146;
9.64635;
8.853;
20.1272;
6.7277;
21.8318;
9.22012;
7.45348;
12.1325;
25.7172;
10.5339;
22.741;
7.33304;
8.32606;
8.28206;
24.5534;
8.06166;
21.9508;
8.58249;
26.8508;
9.45988;
19.4935;
27.1539;
8.331;
19.968;
8.73537;
22.6168;
8.64193;
8.57491;
21.9844;
19.6461;
8.79722;
32.6595;
10.2596;
24.3751;
6.92523;
20.3285;
23.4783;
9.44583;
18.095;
8.54171;
7.80952;
10.5121;
8.37331;
24.2996;
9.44564;
8.31769;
8.46037;
7.5015;
9.29244;
23.475;
9.24121;
27.9776;
8.64014;
7.4946;
8.46249;
9.59186;
17.9527;
10.4892;
18.2904;
7.2834;
21.2817;
5.5482;
26.8379;
9.96283;
10.4845;
8.95418;
24.4995;
10.0198;
7.1413;
19.7247;
11.6449;
24.5109;
9.14184;
9.77458;
8.2533;
20.182;
8.35727;
7.97032;
8.79173;
19.4715;
17.2142;
10.0587;
29.6427;
6.81597;
23.7481;
6.54981;
24.7557;
12.7465;
18.5985;
9.28842;
23.7534;
10.7867;
9.56301;
23.3127;
9.56471;
22.0825;
10.4893;
8.57987;
21.7073;
8.30282;
26.5934;
9.29876;
20.7079;
8.26885;
9.81499;
9.75568;
16.6606;
7.1754;
10.1224;
9.64758;
10.2138;
7.8979;
7.36677;
9.87607;
9.03306;
8.6145;
23.1581;
9.62446;
8.33881;
11.2662;
22.6275;
6.5758;
19.0066;
7.0587;
9.54412;
19.4419;
8.75345;
8.11335;
10.1899;
21.7482;
9.03072;
24.7261;
26.5527;
9.27771;
7.34504;
8.20722;
9.59461;
9.03201;
12.7197;
9.27546;
9.42275;
22.9328;
5.77063;
8.69471;
9.01856;
10.45;
11.0009;
9.85496;
8.60317;
22.1844;
9.10054;
8.40154;
10.6716;
10.5291;
7.49289;
6.5922;
25.8467;
9.55868;
8.92847;
10.3253;
8.11832;
6.95741;
19.0098;
8.46003;
29.6986;
9.08162;
9.51632;
28.2665;
8.7197;
17.3666;
10.5911;
7.29808;
25.649;
11.1453;
20.6514;
26.0535;
9.16967;
22.8108;
9.42654;
17.3629;
10.9565;
16.1677;
7.37401;
7.29482;
24.7076;
8.85395;
9.80068;
26.1537;
8.68233;
7.47506;
9.80491;
19.2453;
21.5524;
8.0757;
30.2743;
9.83302;
9.66526;
26.8884;
9.55701;
9.50428;
8.33754;
8.27127;
7.98256;
25.1277;
9.021;
23.4478;
8.62308;
26.0023;
10.3996;
28.1358;
10.2364;
25.9812;
11.8199;
21.4392;
7.95738;
7.67564;
9.57972;
9.45078;
9.44292;
8.88516;
10.6263;
9.16055;
7.8791;
8.89662;
10.3859;
5.87135;
19.8781;
8.60884;
23.5803;
9.82528;
24.3266;
19.3819;
8.17965;
7.72451;
23.1438;
9.56072;
18.3051;
11.7588;
8.96233;
8.34791;
20.9109;
10.2246;
16.5305;
27.3816;
10.2534;
7.9436;
10.2222;
10.0859;
8.88739;
8.75081;
10.4951;
19.9726;
8.51338;
19.1163;
8.90062;
8.82321;
9.39985;
7.82837;
7.90309;
25.3986;
9.20162;
6.66465;
9.74066;
10.5396;
23.9305;
11.7497;
22.1125;
9.19157;
27.7089;
7.48946;
11.2783;
8.5353;
6.42251;
11.8408;
9.51103;
10.5057;
8.12801;
25.4377;
9.42302;
18.7437;
9.81373;
11.4612;
28.9662;
8.79412;
8.46079;
9.02805;
8.38937;
26.4326;
28.5584;
9.05908;
21.4634;
28.2399;
25.4372;
7.33001;
9.66514;
28.8391;
9.00027;
28.8859;
8.67417;
9.4067;
7.0556;
27.0053;
6.00659;
22.4197;
8.35037;
24.543;
9.83197;
26.6955;
7.15158;
25.5371;
7.50845;
22.3334;
7.76885;
9.50296;
17.5339;
7.0938;
24.6535;
7.61546;
22.512;
8.9337;
21.1615;
8.35142;
21.7836;
5.16055;
24.9614;
8.60194;
28.183;
6.91619;
5.96496;
27.2101;
9.81934;
7.60857;
7.70394;
20.3416;
9.39551;
26.1984;
8.91545;
22.3853;
8.79365;
7.77856;
12.617;
22.6795;
6.32816;
21.8971;
9.87301;
22.447;
7.34657;
7.984;
8.75262;
22.6002;
9.51786;
23.3524;
20.0642;
8.64692;
26.0364;
8.51446;
7.80235;
10.8445;
26.9581;
9.67236;
22.6209;
7.40544;
24.8196;
9.73467;
20.0465;
7.67477;
9.48307;
10.4424;
9.79137;
9.76398;
17.7193;
7.7808;
7.69046;
11.0466;
23.6835;
8.54198;
29.2373;
6.99083;
27.2944;
10.0839;
9.70674;
8.19805;
8.5977;
25.5783;
10.0369;
24.6156;
10.3859;
26.7421;
12.1692;
20.5644;
9.53244;
21.246;
10.669;
20.7878;
28.1748;
8.79185;
28.7333;
6.95621;
8.13072;
8.89382;
30.0354;
6.9919;
22.0991;
9.07675;
8.28782;
8.70311;
23.1413;
8.34719;
28.1211;
8.65404;
29.1207;
11.3824;
18.6415;
8.63857;
25.6564;
9.45745;
26.0139;
17.5832;
7.27748;
29.4384;
9.32825;
19.6545;
8.97745;
22.3867;
7.8674;
21.8593;
26.0556;
9.48491;
25.4837;
7.70844;
22.1723;
10.8155;
22.5774;
9.91934;
26.5333;
7.91218;
7.48112;
18.9151;
8.79735;
26.164;
11.0347;
24.6296;
7.38642;
7.30426;
8.93303;
11.7486;
26.1809;
9.92359;
22.6896;
7.85962;
10.3398;
22.6491;
12.704;
20.667;
9.64989;
28.509;
8.98048;
8.09775;
5.96799;
9.48643;
8.92954;
21.9813;
8.39078;
21.4783;
8.80798;
28.7322;
9.76071;
7.0427;
8.96284;
18.8851;
26.7237;
7.46951;
30.383;
7.26532;
27.4226;
9.21751;
27.3191;
9.45978;
21.297;
10.119;
8.48801;
20.9427;
9.23225;
27.1158;
7.19009;
8.73906;
9.45874;
8.93163;
17.7669;
9.60749;
21.49;
8.69879;
28.3327;
31.8548;
9.20914;
25.0321;
8.41174;
23.3004;
8.97877;
22.8169;
8.60081;
17.8444;
8.90724;
25.2887;
6.29094;
30.1074;
8.35853;
6.83419;
8.93273;
23.8641;
9.20954;
20.4892;
9.57936;
24.6914;
9.49247;
25.0952;
10.8617;
19.0176;
9.77688;
24.675;
9.00165;
31.0457;
8.43608;
26.7647;
8.40033;
10.8028;
23.7126;
6.99303;
27.2059;
9.94251;
25.7574;
8.17131;
6.41427;
9.20838;
21.9851;
8.82012;
9.95442;
21.7851;
11.6023;
24.6155;
8.74507;
22.0649;
8.97734;
17.7062;
8.8947;
22.4855;
8.09535;
10.631;
9.44697;
12.4554;
28.218;
8.44285;
23.8743;
8.61413;
29.9678;
8.15856;
25.7579;
6.52779;
23.5815;
10.5829;
22.4245;
21.278;
10.845;
27.3266;
20.3343;
6.94238;
18.4728;
7.435;
18.7422;
6.1761;
8.32363;
6.58907;
32.852;
7.22902;
27.3483;
7.5779;
7.5352;
8.62496;
7.54945;
6.05551;
24.4563;
8.01065;
21.3563;
11.3884;
10.5123;
11.2613;
25.4778;
10.6667;
28.1762;
18.5521;
8.95422;
28.7181;
7.65889;
22.9374;
7.51651;
31.0381;
23.1771;
8.70388;
10.5231;
21.6458;
7.00666;
18.1441;
7.54107;
19.732;
9.33713;
9.18217;
8.6526;
28.1493;
9.28465;
22.5553;
29.5788;
23.3855;
7.30785;
20.6458;
10.2903;
17.6641;
19.1025;
8.7737;
10.9847;
8.91907;
8.5013;
24.2725;
21.6656;
6.91361;
25.0332;
10.6518;
22.6502;
5.1243;
23.5457;
9.87413;
26.2127;
6.69897;
33.1366;
8.50131;
9.63806;
22.9083;
10.3135;
17.8203;
6.36539;
19.329;
7.84513;
10.4883;
8.94041;
27.1283;
8.60593;
7.93572;
8.77484;
25.8166;
24.0953;
8.89058;
26.9316;
9.60719;
9.25897;
22.5205;
8.4656;
23.0704;
5.55983;
25.3321;
8.97688;
20.9592;
8.70885;
22.7746;
9.84988;
23.5548;
25.4302;
8.92621;
29.3793;
10.5813;
6.59219;
6.71942;
24.7122;
8.57905;
30.8844;
10.0638;
6.91071;
8.38921;
25.7596;
8.96852;
26.477;
6.82669;
21.1907;
11.1178;
22.7969;
22.4724;
24.907;
25.6248;
8.38834;
8.9969;
8.41301;
24.6092;
11.3026;
9.27872;
26.0194;
7.97229;
20.5504;
10.8414;
10.8093;
8.50325;
8.77674;
7.57361;
11.064;
24.4175;
7.37656;
22.8264;
8.88609;
20.4553;
7.43812;
10.4808;
23.5707;
9.38475;
33.3287;
7.7012;
28.8875;
7.56345;
17.5417;
8.76707;
21.922;
9.93255;
9.29685;
8.4461;
22.2591;
10.6274;
23.2128;
10.5508;
23.9476;
11.0176;
8.25115;
32.7481;
8.94721;
10.4982;
22.8871;
10.268;
8.88235;
8.90403;
23.6452;
7.06989;
9.82102;
6.58592;
23.2549;
7.28943;
25.089;
7.69271;
22.5509;
10.4127;
20.5998;
8.65816;
29.5624;
8.41571;
11.9271;
8.96666;
29.756;
7.77717;
20.098;
7.99193;
22.5913;
27.6925;
29.3727;
7.36349;
23.7381;
22.7194;
9.74288;
17.7099;
6.3214;
22.0828;
8.89676;
30.779;
7.07561;
27.9774;
7.70103;
24.61;
8.28658;
27.6452;
8.85754;
20.7467;
8.58474;
25.6193;
8.19752;
8.46711;
8.25342;
10.614;
8.47707;
31.2108;
10.5656;
21.349;
7.87434;
22.175;
9.33729;
27.5587;
8.517;
21.5153;
8.46177;
25.0684;
8.92057;
10.1186;
21.3612;
9.38261;
7.65116;
8.14143;
20.4707;
10.3307;
9.78796;
21.1262;
9.5366;
20.0325;
17.834;
28.2317;
9.26766;
24.6515;
8.50551;
20.5972;
10.6528;
23.9468;
7.80005;
9.31673;
8.86882;
8.27548;
8.36609;
9.22696;
7.95869;
23.9781;
8.4035;
25.5218;
8.13349;
8.09072;
20.4461;
8.13986;
31.3218;
8.93654;
30.0268;
6.01808;
9.0926;
29.1605;
9.86052;
25.4819;
7.46744;
20.9811;
8.06293;
11.3043;
9.9508;
7.46201;
23.0869;
9.54199;
29.8357;
8.85615;
24.3625;
9.43315;
7.07717;
8.28667;
26.0368;
6.24999;
9.45043;
9.10136;
29.9139;
8.62221;
17.6743;
9.94778;
8.89041;
8.74302;
28.1021;
7.00627;
21.4335;
8.6704;
9.44927;
10.7729;
9.24946;
7.99067;
7.93189;
9.55868;
24.0333;
11.3653;
29.5893;
9.09424;
7.60644;
8.91272;
10.0055;
8.45948;
8.41186;
7.3007;
24.5572;
8.5945;
24.5048;
9.22706;
8.82382;
20.0205;
10.0101;
26.6563;
8.68103;
11.0685;
7.6841;
24.6849;
8.78256;
25.8484;
8.92203;
8.99152;
23.4877;
6.78782;
11.0515;
11.4371;
9.05759;
8.33257;
22.1728;
20.842;
11.8058;
27.3638;
8.84699;
9.13527;
18.5572;
10.8362;
21.8408;
10.7392;
18.9216;
8.6787;
21.0389;
9.22044;
24.9502;
12.3709;
8.3276;
29.1889;
9.07227;
7.48788;
9.81477;
20.5748;
20.906;
10.009;
7.10626;
8.01151;
7.3638;
9.8597;
8.30729;
24.0817;
9.73495;
27.2937;
9.14219;
22.5527;
9.82463;
7.86347;
7.54213;
9.41977;
28.924;
7.64862;
21.8195;
10.1956;
9.74067;
23.5982;
10.5223;
19.5978;
8.3786;
23.1259;
8.77645;
19.3746;
23.9733;
7.5602;
20.0885;
10.8854;
24.4731;
28.9705;
10.8475;
10.0355;
10.068;
8.50376;
24.201;
7.5895;
6.47949;
22.1576;
5.84258;
26.2264;
7.32429;
17.8251;
9.7673;
22.6476;
6.69556;
21.4214;
9.16677;
28.0858;
10.2404;
17.1325;
8.27473;
23.5066;
8.76524;
20.8677;
8.29593;
24.448;
9.14579;
23.5065;
9.19607;
13.3851;
10.8895;
26.598;
7.27265;
20.6236;
11.748;
17.2723;
9.79222;
26.799;
8.87606;
11.6191;
8.7677;
22.4151;
8.95353;
20.2707;
26.1579;
10.8573;
18.5172;
7.63669;
24.4074;
10.6285;
21.101;
7.65215;
7.95187;
22.4433;
9.00924;
9.41053;
10.1061;
7.55246;
20.4707;
9.86139;
23.7764;
10.068;
27.063;
9.21237;
25.8804;
8.00897;
26.5241;
8.63803;
21.4026;
8.92805;
20.38;
8.51378;
26.0932;
10.2403;
25.5008;
8.86282;
31.6022;
8.89711;
23.2863;
8.69097;
25.0194;
9.33706;
18.7454;
8.00745;
22.5468;
9.93639;
25.9566;
7.15374;
22.3501;
25.4548;
8.72876;
26.4013;
9.03642;
8.27887;
26.3202;
8.43417;
20.189;
10.5517;
26.0486;
7.7897;
19.2922;
26.3201;
8.29786;
18.4414;
24.6035;
18.3755;
7.13452;
8.01232;
9.55863;
8.07479;
20.2798;
9.88839;
27.2367;
8.08308;
7.62321;
8.89328;
10.9037;
25.0188;
10.0259;
9.3202;
21.403;
6.80343;
18.8469;
8.59196;
24.8478;
7.05702;
12.044;
27.001;
26.8496;
9.53163;
27.6152;
20.1527;
8.25562;
29.2767;
9.30773;
21.8056;
10.0697;
9.11338;
8.7071;
23.1623;
7.55597;
25.6729;
12.4866;
27.007;
8.95147;
25.5284;
8.42433;
23.0215;
8.55263;
20.6957;
9.2238;
25.6482;
7.02741;
33.4175;
31.9603;
9.81043;
9.64656;
28.0364;
10.6098;
27.1084;
28.7403;
21.8617;
9.07861;
21.745;
9.29144;
11.9729;
10.2896;
8.42169;
27.2927;
9.71249;
23.9443;
23.2384;
30.6688;
23.3082;
20.458;
10.3691;
11.3964;
19.1832;
8.37305;
9.92169;
23.5298;
8.54593;
9.15878;
20.576;
26.2178;
28.7032;
22.8404;
9.17268;
8.96228;
19.7123;
8.81089;
10.1623;
25.5665;
22.6317;
26.3218;
23.5587;
22.2206;
30.5148;
21.3074;
21.9282;
22.3541;
22.4802;
24.8941;
23.387;
30.5069;
24.4803;
27.7234;
8.07489;
7.99007;
11.4451;
8.16337;
30.0192;
28.9087;
30.0803;
10.8173;
9.16142;
9.15256;
7.38355;
25.6971;
26.7662;
27.6128;
21.7965;
27.0068;
10.824;
23.0285;
7.37454;
8.95765;
8.4463;
19.686;
23.4973;
8.99594;
19.4908;
22.9096;
20.8621;
22.0223;
10.3811;
8.04559;
22.2787;
21.6849;
21.9801;
21.5699;
9.26857;
9.53292;
17.8133;
23.1322;
30.4032;
24.199;
26.1786;
22.4909;
28.9994;
7.34887;
26.2339;
32.4385;
19.3338;
26.9831;
23.8586;
25.1378;
11.7984;
23.1902;
12.3611;
22.8164;
22.7176;
22.2193;
10.5065;
8.49752;
9.21497;
10.92;
21.6354;
8.73432;
20.5156;
25.0523;
29.0574;
8.78794;
25.2625;
25.7035;
23.9205;
22.1484;
23.1891;
26.2815;
26.7791;
25.3599;
20.9427;
24.5895;
26.1261;
22.6355;
27.7749;
24.2223;
19.9939;
31.0675;
8.01599;
30.4418;
11.7888;
10.0876;
9.59509;
21.2059;
25.6107;
26.212;
25.4554;
23.0102;
25.9499;
9.73781;
19.8311;
22.1872;
27.3834;
26.1453;
28.5745;
10.9142;
8.38637;
9.56484;
8.76574;
20.8596;
23.0003;
28.8623;
31.8642;
10.9032;
29.562;
29.2612;
11.0515;
27.8846;
26.2814;
11.0692;
19.7083;
17.1335;
8.92684;
9.28265;
8.86995;
6.64989;
7.01214;
18.6052;
24.2227;
8.03158;
23.2885;
31.5879;
31.1027;
23.9555;
9.59045;
10.0566;
8.7765;
11.5302;
7.14628;
8.90206;
9.32921;
9.40261;
25.1651;
21.9675;
21.48;
25.9526;
11.7279;
9.03647;
11.7918;
6.36207;
20.5807;
8.96623;
8.82366;
6.76708;
9.96209;
19.9915;
21.3108;
27.8863;
29.1662;
29.829;
29.2267;
27.8688;
21.6648;
22.5276;
22.0598;
13.6662;
8.69179;
26.8845;
23.4958;
25.1857;
22.0281;
22.3563;
21.3644;
19.5118;
9.55507;
11.6217;
25.7603;
8.21473;
17.1724;
9.09106;
23.0623;
10.8954;
32.6594;
8.95866;
9.40694;
29.1405;
10.0064;
10.1268;
17.4452;
11.6149;
10.3181;
26.0111;
8.76659;
24.3045;
27.5052;
8.84605;
10.2894;
9.55762;
8.48796;
23.2506;
9.52799;
21.0645;
25.906;
11.8576;
24.6683;
21.8338;
10.7125;
24.1647;
26.4944;
26.3882;
24.193;
27.0633;
29.8625;
9.355;
10.7332;
22.6024;
27.455;
25.7374;
22.7489;
29.2312;
21.0511;
7.72545;
11.4621;
9.26322;
26.1246;
22.3355;
26.2905;
25.7343;
19.6574;
17.3682;
11.3136;
28.9278;
10.7187;
28.9209;
27.3637;
12.1479;
25.3837;
28.7027;
18.6693;
21.3464;
9.42432;
29.3991;
9.7358;
8.92291;
28.9415;
28.0645;
27.1817;
21.4721;
24.4707;
10.277;
23.0427;
29.1482;
10.7182;
21.0712;
9.99889;
24.8871;
22.4162;
26.1485;
21.894;
20.2202;
30.3442;
11.7014;
28.315;
8.08699;
28.4156;
23.8698;
8.33219;
33.7412;
25.8191;
34.8926;
25.0205;
28.2706;
27.2504;
11.1888;
11.3278;
26.3747;
24.5311;
8.24865;
9.40104;
12.0777;
11.2325;
24.7253;
23.1352;
24.8616;
25.2088;
28.8275;
10.308;
9.44128;
29.9585;
8.72758;
26.6364;
25.4071;
28.6996;
29.9757;
10.1627;
21.2974;
28.7338;
20.7979;
17.9657;
21.4541;
25.9058;
9.76463;
8.09212;
10.5456;
8.58818;
30.1774;
25.3658;
10.088;
7.61989;
30.4897;
26.3867;
31.0824;
26.9686;
11.343;
28.9977;
26.2574;
25.3723;
8.83052;
10.8232;
29.5231;
26.3654;
10.0369;
28.0119;
10.3483;
8.667;
11.2347;
8.62357;
10.2662;
11.0016;
26.1122;
27.4375;
23.5531;
7.15791;
9.74303;
10.4781;
10.484;
9.66173;
21.2454;
9.12769;
24.7347;
11.7872;
10.0073;
30.6001;
11.7811;
12.7562;
23.1408;
10.2307;
8.70182;
9.68026;
30.4615;
10.2771;
7.17882;
10.0769;
9.30218;
22.1532;
12.499;
24.0392;
9.30677;
30.1068;
33.7641;
11.497;
22.2067;
9.76516;
23.6933;
10.0055;
31.7318;
23.363;
7.85964;
10.3188;
9.13847;
26.6411;
8.83712;
27.3473;
9.41786;
7.94303;
11.1959;
21.0841;
10.8646;
24.9716;
11.4763;
25.6787;
12.2757;
22.4251;
8.90286;
30.7633;
10.8714;
25.2331;
10.7391;
21.8187;
10.5129;
11.5105;
24.5388;
12.0349;
26.3012;
11.178;
23.1169;
11.109;
20.4821;
9.78737;
35.4421;
8.68186;
23.4489;
6.8022;
11.807;
8.75808;
11.7735;
22.9172;
9.71788;
29.4652;
24.4609;
9.84023;
17.6216;
9.94045;
30.5225;
8.47662;
23.4921;
9.12456;
25.4631;
8.81107;
9.358;
24.0027;
8.79638;
29.616;
28.9972;
8.92493;
30.8307;
10.1606;
20.2661;
9.86761;
31.3905;
24.6944;
9.6661;
21.971;
11.5948;
29.3473;
11.276;
28.0559;
10.114;
21.6244;
9.50929;
25.1471;
11.0202;
31.4324;
10.2038;
28.3135;
10.4103;
12.0499;
21.5618;
9.42004;
10.8637;
8.51747;
29.5878;
9.56649;
26.7092;
9.99406;
11.2224;
29.7482;
7.77634;
28.2531;
7.39248;
26.089;
10.9885;
25.5205;
9.09432;
26.851;
11.0123;
28.8483;
9.37864;
25.3742;
9.76341;
19.218;
6.99641;
10.2864;
9.23372;
9.95743;
10.0126;
9.63809;
26.5869;
32.9992;
9.93103;
23.8326;
12.29;
28.4337;
10.6441;
27.5773;
10.2745;
25.7203;
8.34626;
12.2009;
32.458;
9.116;
21.9319;
10.6658;
9.38007;
26.2459;
9.55954;
22.5717;
21.3048;
8.24266;
23.6596;
10.7782;
10.3449;
29.2363;
8.05653;
26.1332;
9.3241;
8.75109;
29.0157;
7.40686;
26.1221;
11.6358;
22.5631;
9.78126;
9.39536;
7.35947;
30.468;
10.5371;
10.3806;
7.54516;
8.64605;
26.0449;
11.3449;
23.334;
8.63727;
25.0633;
10.9046;
26.2776;
11.0417;
26.7049;
7.96357;
29.8233;
8.98147;
21.4223;
11.4104;
9.21972;
27.4527;
9.46939;
19.747;
9.45825;
29.1793;
10.5919;
26.6129;
8.47235;
23.4161;
8.14601;
22.8309;
11.242;
19.6445;
10.107;
12.1395;
11.9008;
7.76648;
10.3312;
8.1179;
19.7576;
10.432;
28.9743;
11.1516;
24.2744;
10.1623;
20.9975;
10.6146;
31.0641;
10.3872;
30.3785;
10.2634;
26.9944;
8.21827;
30.3016;
10.1052;
12.1495;
27.9295;
30.8951;
8.72297;
30.5707;
12.0108;
26.6635;
8.35879;
18.1115;
9.81199;
22.717;
8.8017;
25.4913;
26.7791;
9.07617;
19.8946;
24.8628;
9.35029;
23.3772;
6.89563;
20.6389;
10.5192;
9.66308;
22.0529;
10.3462;
21.0151;
12.1633;
20.3599;
8.40906;
27.8595;
23.209;
10.3379;
8.67688;
26.2662;
9.64851;
24.6763;
8.6638;
20.7733;
12.7047;
27.0132;
8.09627;
21.7921;
10.2554;
20.78;
9.18446;
31.2244;
8.05599;
22.8939;
27.7481;
8.91988;
29.7231;
31.2831;
9.23196;
21.0402;
9.30372;
26.7618;
12.3659;
31.9443;
9.98847;
22.7648;
8.12257;
8.54955;
9.12053;
31.2928;
7.87891;
26.8061;
9.87699;
8.32667;
9.92697;
33.2233;
7.47125;
11.6312;
22.7094;
8.18732;
11.5472;
9.22977;
25.768;
10.7687;
26.9837;
12.3909;
5.82612;
21.0633;
9.58596;
27.8468;
20.6262;
7.60415;
31.3254;
12.11;
31.9718;
10.0464;
10.5674;
26.7407;
11.982;
21.3459;
9.80179;
9.7717;
8.27179;
9.95892;
11.1299;
19.1612;
8.45971;
27.3218;
11.048;
11.4649;
10.5231;
25.8564;
4.98402;
9.23628;
11.3164;
9.96829;
23.9404;
9.54437;
8.32973;
7.88206;
10.1749;
9.76148;
11.0145;
9.96721;
27.4954;
8.48403;
26.9789;
11.8052;
18.8885;
10.4341;
21.9043;
7.23296;
18.3776;
11.9721;
10.6369;
29.6684;
10.6588;
26.6072;
10.0474;
8.76556;
9.59396;
20.3011;
8.6836;
10.3236;
8.83731;
9.77818;
8.87413;
27.7713;
9.5081;
18.7978;
18.2413;
27.951;
8.40466;
21.9506;
9.64009;
8.8589;
25.5361;
8.63343;
31.4755;
10.0171;
22.4227;
13.0992;
20.3704;
8.97643;
24.5649;
9.29272;
24.5659;
8.76604;
23.4716;
9.44515;
20.4799;
10.8726;
32.1687;
7.93462;
20.2613;
10.3015;
27.4139;
8.50396;
35.628;
11.6329;
10.5705;
21.4388;
11.2883;
21.2761;
7.94408;
24.7549;
11.5772;
28.6101;
9.15093;
9.91963;
10.3619;
10.5183;
24.9221;
9.33388;
28.5908;
7.37829;
24.5081;
7.08643;
25.7671;
9.30566;
22.1969;
7.98879;
10.4676;
7.96572;
11.0642;
26.3208;
11.7258;
26.264;
9.24681;
19.3735;
9.0154;
20.965;
8.8531;
8.33193;
10.2669;
9.88774;
24.415;
8.14085;
9.53364;
10.8587;
22.3755;
10.0532;
27.0697;
11.1571;
30.4624;
10.1412;
10.3737;
25.8905;
10.3714;
24.671;
25.0205;
25.0682;
6.9559;
21.8455;
9.0044;
13.1647;
25.1304;
11.512;
21.8077;
12.4639;
27.3912;
11.1936;
21.4886;
10.1469;
28.1586;
7.06738;
26.1171;
10.5111;
21.6445;
8.64614;
27.9955;
10.05;
27.1473;
7.26387;
32.1129;
10.1132;
23.3475;
11.0463;
26.8069;
9.40823;
23.9394;
10.9351;
23.629;
8.60052;
22.4222;
9.74298;
24.7827;
8.62551;
23.0292;
8.81142;
28.4322;
10.7895;
19.8248;
10.2192;
22.1034;
10.3687;
22.1098;
11.145;
23.0924;
10.7149;
10.041;
20.3301;
9.07037;
26.1133;
10.7759;
20.0343;
10.8111;
26.1521;
8.96076;
19.8948;
10.2379;
26.2772;
10.5143;
19.3603;
10.2611;
19.3106;
6.83578;
25.5478;
10.234;
10.0228;
9.74096;
20.5984;
11.3799;
28.2853;
8.62917;
21.38;
8.80484;
26.596;
10.7825;
22.906;
8.88507;
23.6504;
10.1193;
29.0074;
10.4379;
24.3676;
10.9597;
26.3108;
11.2383;
11.3197;
29.7862;
9.88947;
32.4813;
6.57708;
32.7144;
12.6684;
22.2788;
9.11025;
24.9352;
8.84166;
26.208;
8.62911;
27.2963;
11.4861;
8.03;
10.2849;
28.3348;
8.17531;
32.7207;
12.0255;
19.5665;
11.3806;
9.9122;
21.7007;
11.3672;
24.5451;
8.18551;
9.42345;
7.4135;
12.666;
10.4544;
11.1508;
21.5688;
8.12364;
27.5747;
13.0656;
20.2757;
11.1174;
30.9701;
10.7001;
17.2351;
8.22143;
26.9893;
7.5305;
31.4402;
11.9272;
25.847;
10.2462;
27.029;
8.95303;
34.4507;
7.23264;
9.69589;
26.6831;
8.49721;
9.16634;
9.30203;
23.1494;
9.32127;
24.0398;
9.45228;
26.5592;
9.67287;
22.908;
6.50105;
21.6655;
12.4029;
23.5833;
9.9416;
25.958;
8.99108;
29.7009;
10.571;
20.4346;
22.0677;
12.4691;
22.7952;
23.4624;
10.5314;
22.833;
11.21;
25.0059;
10.3843;
21.2225;
9.27403;
23.3194;
8.17356;
30.1381;
8.18697;
20.8397;
11.1269;
27.4842;
10.0942;
24.7828;
11.1281;
25.4194;
8.35756;
22.5921;
23.7042;
10.9439;
28.3753;
7.69653;
11.8166;
23.986;
12.1027;
9.0264;
9.76223;
20.9147;
8.60905;
24.0339;
7.56405;
29.4909;
8.40864;
26.8519;
8.87539;
16.8385;
9.88673;
22.7773;
9.40666;
10.4627;
10.3065;
11.784;
21.5589;
9.65803;
10.4109;
26.4473;
19.2908;
8.11738;
20.5941;
10.2293;
23.8325;
9.41115;
25.3101;
10.7133;
24.7396;
7.28103;
24.8793;
10.0152;
30.0512;
11.4528;
24.1125;
10.5879;
23.2399;
10.0655;
30.0299;
9.65429;
23.3116;
8.56315;
18.6818;
8.551;
26.1451;
10.3908;
9.47619;
29.158;
11.7919;
25.5396;
26.5124;
11.8015;
25.6549;
11.3702;
20.1131;
11.4558;
27.3086;
24.1067;
11.6065;
24.7489;
13.7589;
29.2532;
11.4472;
30.443;
10.8826;
9.98701;
8.0531;
23.7335;
8.85594;
23.8759;
12.05;
10.7076;
27.5566;
9.71096;
10.564;
26.6661;
10.116;
9.3989;
29.5548;
26.1415;
9.37822;
23.7466;
11.4532;
20.3625;
12.2671;
10.4908;
9.56842;
9.71053;
11.4215;
9.82608;
22.8066;
9.64843;
19.4666;
10.7847;
30.4713;
8.30567;
24.1763;
9.01391;
19.7952;
11.3261;
27.0054;
11.2342;
24.6874;
11.2342;
11.0072;
10.4569;
9.50007;
25.6929;
13.0197;
24.6734;
10.0392;
26.4735;
11.7308;
25.2921;
11.0267;
23.0744;
10.4405;
10.4837;
20.4342;
9.54818;
26.9822;
10.6007;
10.4262;
9.38626;
8.73056;
26.0913;
10.5732;
7.1569;
10.5189;
22.8116;
13.5827;
28.3307;
8.34291;
19.2896;
10.9823;
22.2542;
10.601;
23.4725;
6.94362;
16.8877;
10.8211;
25.2473;
10.7484;
17.5105;
10.8738;
10.1239;
8.53272;
9.17654;
10.6238;
7.95063;
9.90524;
25.2416;
8.48267;
23.6438;
11.5161;
22.4657;
10.0496;
25.6869;
9.94102;
26.8732;
10.1848;
19.9557;
7.74195;
25.2719;
11.6292;
24.7826;
7.9003;
16.4533;
9.97043;
26.6252;
9.59159;
20.0862;
12.5228;
21.5687;
9.08546;
22.2305;
8.7361;
29.3998;
8.83897;
14.9342;
9.92226;
10.7898;
11.6733;
16.8607;
11.5339;
22.598;
10.4973;
26.5682;
11.2968;
21.355;
9.84076;
35.4188;
12.3166;
18.9518;
9.19708;
27.6863;
11.8406;
28.8347;
13.5495;
30.9435;
8.60348;
22.4927;
9.6749;
25.0994;
10.1177;
26.5427;
10.4604;
25.0826;
9.33264;
23.4496;
8.10042;
20.8597;
11.6074;
9.76877;
26.5767;
8.73109;
25.3006;
7.8791;
25.9742;
9.57199;
31.3175;
10.7278;
9.75032;
25.2383;
8.92724;
24.4127;
11.7963;
23.8434;
11.2259;
11.4804;
11.0725;
10.8565;
24.0799;
9.10125;
29.0772;
8.87191;
30.1834;
10.3129;
26.0199;
8.75601;
24.2768;
9.88277;
26.881;
11.079;
24.9618;
9.45618;
20.1891;
11.2781;
26.0554;
10.9237;
32.9235;
7.69651;
20.8405;
11.0256;
24.6197;
11.0581;
25.1868;
8.13239;
30.7207;
12.0887;
23.7399;
10.552;
22.1494;
8.58988;
22.3949;
20.6532;
8.69436;
24.7684;
10.7264;
19.3676;
9.01807;
21.0714;
10.8452;
30.961;
9.67149;
20.4551;
6.28107;
23.9248;
10.9477;
11.8061;
12.7662;
22.0593;
10.6177;
22.2283;
10.8677;
23.2445;
7.51985;
22.3408;
19.4776;
6.14892;
23.0752;
10.4602;
7.62979;
8.51501;
22.3214;
6.43836;
25.8009;
9.84508;
27.3326;
8.39761;
31.3874;
12.0521;
27.0313;
7.44834;
23.783;
9.3674;
32.3517;
8.18061;
21.1623;
9.74147;
9.80488;
16.5186;
12.5764;
23.0617;
10.0935;
25.6242;
9.87509;
30.8838;
8.22505;
24.827;
8.52327;
21.0426;
9.58553;
22.9694;
11.9343;
21.586;
8.29553;
21.8516;
8.29146;
23.9484;
12.012;
23.0476;
8.59783;
20.806;
10.1691;
23.9841;
8.50729;
26.7267;
9.87699;
23.7696;
8.79931;
17.6609;
25.7859;
9.45448;
23.9472;
12.4031;
26.8202;
8.32149;
18.6921;
11.8708;
22.4643;
8.22989;
20.9621;
11.051;
28.7459;
11.2242;
22.2967;
9.50323;
26.7098;
8.92098;
26.1974;
11.2235;
29.2815;
9.74332;
25.9392;
9.7718;
8.73442;
11.4204;
25.8299;
6.53613;
20.9162;
6.31354;
29.3232;
9.54181;
25.5308;
10.9257;
23.866;
9.68741;
20.4484;
11.6248;
28.4854;
12.1872;
25.5878;
9.9836;
22.9859;
8.09033;
26.6301;
8.727;
24.6616;
10.313;
9.48843;
11.7934;
9.67567;
20.1264;
10.4135;
14.8124;
8.28259;
24.1144;
11.9733;
25.0692;
10.3184;
23.7772;
11.3518;
30.0599;
10.6261;
32.3698;
10.7584;
22.5597;
9.77858;
11.8055;
9.46919;
25.6607;
9.1452;
25.418;
9.50943;
22.4628;
6.74001;
26.3124;
10.6446;
27.2948;
23.5414;
9.35447;
22.867;
9.10348;
9.5185;
8.15782;
23.312;
11.9696;
13.3639;
14.0268;
27.836;
7.8592;
25.3229;
19.0971;
8.12031;
19.5091;
9.7189;
21.7213;
9.91746;
21.2432;
9.76842;
25.3072;
9.41117;
25.4584;
20.7046;
9.57972;
28.84;
10.4774;
24.2836;
8.42184;
20.8113;
10.3241;
21.7881;
7.96854;
29.9213;
8.39547;
12.4666;
8.72307;
22.6938;
11.4997;
31.8362;
10.4527;
9.52146;
25.0866;
12.6334;
20.928;
8.28707;
28.2643;
12.2819;
26.2408;
20.7889;
9.57539;
17.6159;
7.56452;
22.2813;
10.5683;
21.4469;
9.04496;
20.6728;
7.95259;
22.3045;
9.54241;
28.2883;
11.3612;
27.1412;
12.1296;
26.0919;
12.8671;
22.5332;
9.98775;
23.5803;
7.64016;
21.2572;
21.3603;
9.74278;
26.4324;
8.77044;
29.8751;
11.5254;
10.3452;
7.65906;
25.5614;
8.28987;
9.43545;
7.47026;
19.5717;
8.91795;
23.7555;
6.92731;
23.5332;
9.24223;
29.4435;
10.0945;
27.0087;
10.773;
23.7759;
12.7547;
29.2373;
11.1553;
21.1409;
10.812;
19.8726;
8.43247;
21.4627;
8.75497;
20.9315;
9.29434;
18.2729;
22.1458;
8.86988;
21.0391;
8.79234;
23.4263;
11.764;
26.1221;
11.3622;
23.1924;
21.1767;
12.552;
23.9048;
9.63832;
20.4273;
8.60573;
25.9635;
10.7102;
33.7091;
11.445;
25.5839;
11.8705;
25.4028;
19.3393;
11.6323;
25.1659;
7.9146;
24.5599;
8.71993;
26.741;
11.1091;
22.3485;
8.36789;
17.7787;
10.4225;
25.0203;
9.28918;
27.7323;
8.78665;
27.0788;
8.74992;
12.4659;
20.915;
9.58164;
30.694;
8.28958;
11.3875;
10.9775;
20.1128;
9.65956;
22.1332;
9.68574;
10.0974;
18.7456;
12.3445;
29.9005;
26.9141;
11.4866;
9.69094;
25.6242;
10.5444;
25.1087;
25.0523;
11.8911;
22.2395;
12.3154;
11.3947;
24.1619;
11.7617;
11.1946;
23.1637;
8.66448;
24.1743;
12.3868;
15.8146;
9.65459;
26.9729;
10.0191;
21.0534;
8.96234;
22.6136;
9.55031;
19.4079;
10.1112;
22.5446;
6.48488;
7.21829;
11.3789;
23.6618;
10.3096;
24.0426;
11.9294;
20.505;
9.52688;
8.93174;
9.59511;
20.8792;
8.02079;
18.3669;
9.07185;
21.3754;
5.91498;
22.2865;
10.3225;
24.1035;
9.62921;
18.9294;
10.365;
27.8474;
11.5567;
9.81808;
9.19221;
12.0475;
24.8388;
9.10229;
22.8909;
7.87412;
27.5331;
10.76;
22.4209;
10.5891;
26.105;
8.63913;
27.6867;
10.299;
22.2284;
12.6332;
19.5353;
10.2833;
28.5511;
10.5877;
11.5885;
20.1244;
10.4325;
9.48694;
24.6288;
10.5221;
24.165;
10.0438;
25.4381;
9.65709;
26.7798;
8.05794;
24.6275;
8.16994;
22.3077;
9.06685;
8.19956;
23.8271;
9.81241;
25.6543;
10.1183;
23.5035;
11.4097;
24.7518;
8.64319;
29.4183;
11.011;
24.9294;
9.63867;
19.4214;
8.59077;
23.1243;
11.1508;
9.04761;
24.8473;
11.6907;
25.7823;
8.26758;
24.8364;
9.45015;
29.1445;
9.47466;
23.7892;
11.4901;
8.26606;
9.62955;
18.3346;
11.4014;
26.7001;
9.98502;
12.1653;
6.98138;
7.98254;
32.9814;
9.30953;
25.8363;
10.6601;
33.2303;
10.6981;
23.0953;
11.7059;
29.2589;
10.7784;
28.3782;
12.4491;
27.3932;
11.5278;
28.1053;
8.36703;
9.3226;
22.0038;
6.95318;
12.1857;
11.025;
22.9376;
8.4608;
24.3858;
7.94002;
19.9385;
9.42634;
23.0479;
8.3676;
23.6961;
10.4383;
25.3886;
8.98353;
20.7624;
9.85765;
21.6884;
10.0599;
7.50764;
9.81949;
10.9045;
11.8636;
10.0249;
18.999;
10.8771;
27.4696;
10.6849;
18.0966;
8.63451;
21.4762;
8.79286;
20.3448;
9.72298;
20.6357;
10.1834;
21.6821;
9.21287;
17.7765;
11.2033;
17.3081;
10.3548;
21.1586;
10.1451;
9.81366;
8.34762;
22.4144;
8.65496;
20.8518;
12.3317;
9.58396;
9.99012;
24.1161;
9.80148;
25.7444;
8.98027;
21.6673;
8.30807;
21.2756;
9.34157;
21.9141;
10.4354;
25.6812;
9.63313;
22.1086;
8.63767;
24.7687;
9.24341;
10.8821;
24.7296;
11.3183;
19.982;
9.03546;
16.1258;
8.14203;
24.3821;
10.8986;
24.0071;
10.9091;
24.3885;
7.77052;
21.587;
11.5927;
24.3881;
9.90904;
17.962;
10.1608;
23.3973;
8.34688;
21.3619;
10.6694;
25.4048;
9.04914;
24.485;
8.66164;
23.0766;
7.49102;
24.3543;
12.2562;
22.5007;
8.67657;
23.1815;
22.2593;
10.1989;
21.6474;
10.5775;
20.6146;
9.0196;
25.2497;
10.7111;
23.3871;
8.50692;
28.6459;
6.35025;
22.1997;
11.5538;
21.0787;
10.9222;
27.7285;
11.627;
23.5824;
9.30255;
22.6141;
10.1302;
25.1566;
10.3197;
23.8403;
9.92309;
18.7439;
8.0258;
9.10657;
9.54592;
11.246;
20.5728;
11.2288;
22.6584;
10.2317;
17.7425;
6.3584;
22.6302;
11.4818;
24.2493;
11.1259;
19.73;
14.0855;
17.4662;
10.0367;
29.2943;
9.64662;
29.443;
10.8911;
18.831;
11.199;
23.2706;
8.04575;
18.2294;
10.5846;
24.1893;
7.0122;
22.9523;
11.578;
7.49833;
12.6959;
9.42706;
8.3522;
24.8632;
9.65607;
10.9514;
20.8702;
8.95517;
24.2622;
9.9284;
22.6328;
10.8214;
16.1511;
9.16669;
18.4636;
11.2471;
21.3221;
8.80373;
10.1243;
24.7952;
8.68612;
23.204;
10.0823;
19.1264;
11.8086;
24.8987;
8.54064;
20.413;
10.9125;
10.0984;
23.1442;
9.5351;
25.9742;
11.197;
23.8408;
9.11749;
18.6738;
10.0629;
8.47165;
27.7941;
8.25187;
24.2587;
10.3991;
22.3686;
6.85176;
22.9272;
6.53799;
22.0118;
9.49979;
8.43904;
8.5141;
26.282;
8.10833;
20.4982;
9.89686;
19.3668;
8.9146;
25.6867;
10.2804;
20.5762;
9.0984;
10.0325;
24.7417;
11.3084;
21.851;
9.81598;
20.5338;
7.30547;
24.182;
11.2513;
21.1664;
10.2448;
22.7379;
11.6036;
20.0888;
10.0778;
27.3056;
8.79856;
24.7178;
7.88341;
18.6061;
7.09132;
7.43256;
11.492;
25.3556;
10.0299;
19.883;
10.5036;
24.4022;
9.70565;
27.7786;
9.71068;
21.1992;
7.81504;
25.6461;
8.64554;
23.7992;
10.2278;
25.3717;
8.25761;
25.0694;
8.95833;
19.442;
9.12911;
21.1977;
7.84973;
17.8407;
9.15607;
9.48607;
22.9448;
8.66858;
25.7851;
8.63877;
18.3276;
11.7712;
23.5229;
24.54;
10.8927;
21.8642;
10.5753;
20.1431;
9.76579;
8.53139;
9.94107;
20.2744;
8.66364;
17.2167;
13.9526;
23.5055;
10.9852;
22.3196;
13.4326;
17.3884;
19.9285;
20.37;
8.87366;
22.9137;
7.44108;
22.6138;
20.8243;
9.38501;
19.9623;
8.56759;
25.5385;
10.2487;
17.3547;
8.76386;
9.15943;
10.3893;
20.0443;
9.03026;
29.1389;
11.3757;
20.9604;
11.0616;
24.8309;
7.89978;
22.8465;
7.42528;
21.9986;
11.008;
20.2406;
9.80771;
10.0862;
23.551;
10.5224;
23.6094;
7.93598;
26.3179;
11.0535;
24.2556;
7.50415;
19.8145;
11.9295;
17.3285;
9.00994;
17.3971;
12.7646;
17.2793;
11.45;
24.3058;
9.90801;
20.9651;
10.4397;
27.026;
11.562;
21.9373;
9.09746;
29.0907;
9.57882;
25.4458;
8.58135;
23.5122;
11.4674;
27.9075;
7.89074;
24.1762;
9.35746;
27.1884;
9.06562;
31.5702;
11.7269;
24.3225;
9.78359;
25.3355;
11.641;
19.8518;
12.0936;
27.1181;
9.79716;
19.1797;
8.9876;
23.6367;
8.4335;
20.8554;
8.1867;
23.3775;
8.52128;
9.9026;
25.2627;
10.8196;
18.2378;
12.3897;
21.6156;
8.98422;
9.35242;
23.6118;
10.2119;
27.2931;
8.16127;
25.831;
10.6502;
23.745;
9.04012;
11.6912;
20.0775;
10.0366;
23.3607;
7.28304;
19.7523;
8.58264;
25.1935;
8.8679;
20.6973;
8.59084;
9.99045;
8.9053;
20.5734;
10.1332;
22.0412;
8.21769;
19.9552;
11.4656;
21.7341;
11.6647;
23.3665;
9.26329;
8.85858;
21.6031;
10.1024;
26.8014;
9.35653;
23.4302;
12.1969;
22.5372;
8.95237;
21.7;
11.6286;
24.5269;
9.37069;
20.6073;
9.51676;
20.0545;
10.4253;
26.9716;
11.7967;
18.9822;
11.6782;
21.5938;
8.73252;
19.9087;
9.58915;
21.6723;
10.4861;
22.9187;
9.33743;
23.1817;
10.9821;
12.2047;
9.97765;
10.4381;
21.534;
11.5596;
22.452;
9.55593;
25.3038;
11.4773;
17.7371;
7.80693;
16.279;
11.3841;
21.4523;
5.25641;
17.0748;
11.608;
25.1371;
12.4751;
20.4382;
7.42079;
21.2854;
10.6381;
25.3396;
8.93193;
19.8037;
10.1345;
21.9695;
11.0793;
19.8908;
8.65334;
17.7866;
8.46421;
17.8276;
9.17418;
25.2572;
9.14469;
23.3044;
9.90019;
19.4881;
9.52605;
19.0263;
