14.5095;
13.919;
8.87321;
9.89821;
19.4383;
15.7403;
10.3812;
8.23909;
8.82057;
9.95393;
8.4892;
8.84812;
7.71068;
7.35123;
5.42639;
9.25062;
5.91389;
5.83841;
6.7242;
13.007;
12.0486;
15.4842;
12.8488;
17.1787;
13.9607;
16.5273;
15.24;
10.3003;
13.2376;
12.5506;
10.5084;
8.02533;
7.80486;
5.55903;
6.86636;
6.36789;
14.4104;
16.7655;
14.3553;
8.64535;
11.3552;
12.1865;
9.35106;
11.4235;
6.74503;
12.878;
7.27951;
15.5505;
8.10535;
5.60653;
16.108;
13.1011;
7.72092;
8.04941;
10.3134;
9.57218;
11.0551;
8.45036;
7.57401;
7.86822;
11.2496;
7.68652;
8.0699;
13.3712;
8.46212;
7.07407;
7.51413;
7.81431;
9.33749;
10.0205;
7.04513;
7.81705;
13.4774;
7.89706;
6.10693;
10.4434;
12.0518;
11.1271;
8.46125;
11.7445;
7.81327;
11.0148;
11.4995;
13.2973;
12.581;
11.3931;
7.97441;
9.58117;
8.50175;
13.4546;
9.42475;
11.4891;
5.97295;
10.1922;
9.0736;
13.1499;
10.1217;
9.25733;
13.9006;
10.0658;
11.0801;
13.9108;
7.37107;
8.84497;
6.86368;
7.38056;
9.08159;
8.52609;
8.30645;
11.9523;
8.71559;
13.632;
10.4241;
9.15631;
14.3913;
9.57597;
10.4148;
9.09689;
6.8328;
7.40494;
9.4486;
11.989;
10.6384;
12.8428;
13.4182;
8.8542;
13.3305;
10.7068;
11.7715;
13.3321;
7.2915;
7.19042;
7.58039;
8.4669;
12.5799;
15.075;
11.7801;
12.1403;
7.85775;
7.08844;
10.4307;
8.97389;
9.76147;
11.1058;
13.0753;
14.6293;
8.05359;
10.8649;
15.2436;
10.151;
8.24619;
7.79175;
9.06172;
9.77637;
10.0291;
10.3704;
9.384;
9.82603;
6.72002;
5.06721;
10.1689;
9.16675;
9.49146;
8.28702;
9.29986;
8.46649;
16.3681;
9.12426;
11.4955;
11.8642;
13.9452;
15.1654;
15.5462;
6.11766;
10.6033;
6.25944;
12.0617;
13.8386;
12.3474;
6.75326;
10.2043;
11.5471;
15.0415;
17.2278;
10.3637;
8.66274;
11.7954;
9.87184;
7.29617;
7.92716;
12.5226;
8.14897;
6.83368;
11.6799;
6.14023;
10.6221;
11.117;
14.5929;
13.7572;
6.58864;
5.1892;
7.73451;
14.8857;
7.73813;
11.8661;
8.13339;
10.3188;
9.40695;
9.64236;
12.2006;
8.03673;
7.56228;
6.62799;
8.59344;
9.86615;
9.84821;
15.771;
14.5968;
13.9306;
15.2562;
9.08887;
12.3943;
10.0185;
16.7232;
14.6057;
12.9557;
12.5019;
8.01251;
7.6712;
10.8142;
7.21123;
8.2135;
14.0084;
8.00705;
9.47409;
14.889;
7.4923;
11.6061;
9.11244;
8.96717;
15.2739;
8.90708;
9.51422;
9.5679;
10.786;
8.15277;
6.67922;
16.0947;
6.3303;
9.38446;
14.6606;
14.3587;
7.47995;
11.5126;
11.4079;
11.9121;
12.8045;
7.84289;
7.23359;
14.7194;
13.728;
11.1775;
10.7349;
8.75462;
10.2075;
11.8454;
8.50168;
8.88374;
10.6592;
7.23182;
7.84977;
7.23336;
10.5607;
14.1947;
9.55005;
6.79008;
13.7421;
10.308;
7.9028;
8.13591;
9.4329;
9.86651;
15.1043;
11.0559;
10.6228;
9.1065;
6.34071;
9.18366;
10.9011;
9.30707;
14.4993;
15.6547;
14.192;
12.505;
13.3441;
6.15553;
9.78314;
11.4838;
14.7654;
11.876;
13.1175;
11.4774;
7.66293;
14.4025;
12.5769;
9.95453;
13.5671;
13.1957;
15.6044;
8.87838;
15.3517;
15.7039;
8.91592;
5.66499;
9.46019;
13.7357;
7.55108;
13.9839;
11.9428;
9.13042;
7.5597;
14.3046;
9.0048;
10.5874;
8.42517;
10.1766;
9.10892;
7.1652;
7.51545;
8.19332;
13.5401;
11.5554;
8.9521;
5.8729;
10.0142;
10.5008;
9.00144;
8.17648;
11.0941;
15.0908;
10.489;
8.66093;
6.62561;
8.26061;
9.4849;
8.35764;
7.95147;
10.2605;
11.2636;
8.25258;
8.68612;
11.0483;
8.84894;
9.68502;
9.82949;
9.72753;
11.5736;
8.33333;
15.9725;
7.19114;
9.24434;
6.59698;
9.03316;
9.57689;
10.8559;
13.1446;
9.81143;
12.588;
8.25013;
9.38083;
13.0094;
13.5879;
10.1258;
13.6819;
14.4039;
12.0149;
12.5109;
12.442;
9.35263;
10.5688;
13.9321;
9.70285;
14.63;
10.6295;
12.6838;
12.9009;
11.0698;
10.183;
9.7502;
9.05592;
10.7372;
10.3103;
7.62217;
16.7552;
15.4976;
10.7354;
11.2108;
7.58283;
12.6919;
12.9982;
13.876;
6.6602;
8.31409;
12.6096;
12.3924;
8.46783;
13.3052;
9.67061;
10.6901;
7.27759;
13.8169;
6.80892;
10.8267;
11.1372;
11.9441;
12.9752;
14.1835;
12.5221;
5.93494;
7.32513;
8.81627;
8.25717;
13.9393;
13.5243;
11.8768;
16.7427;
8.95111;
13.2351;
8.23719;
10.617;
7.05608;
9.29989;
12.824;
8.75025;
9.01697;
15.0636;
8.68695;
15.7694;
11.1203;
9.2783;
13.474;
10.8613;
13.0747;
8.33978;
11.2984;
16.281;
9.80488;
14.6544;
12.1165;
7.91703;
9.265;
8.45294;
11.1885;
11.8276;
14.6927;
7.96995;
11.848;
15.1242;
7.07085;
12.2321;
10.3409;
12.8963;
11.0324;
13.8649;
7.77424;
12.3112;
13.1692;
13.954;
12.6884;
7.51224;
8.65259;
10.4032;
12.8896;
10.3951;
7.72489;
9.69124;
11.9045;
9.28568;
15.1967;
10.0452;
6.79449;
10.9623;
10.9776;
6.84901;
5.66113;
15.786;
10.8397;
11.7933;
9.07158;
7.50634;
11.9943;
14.3036;
10.2496;
8.52966;
15.933;
8.97964;
10.5895;
13.0672;
10.6648;
11.7047;
7.13132;
10.8524;
10.5076;
11.2196;
9.60566;
14.3472;
8.52056;
9.16767;
6.08743;
13.2917;
11.3535;
9.74911;
7.22254;
9.74089;
9.64871;
12.5159;
9.58507;
13.2553;
9.36081;
10.4842;
10.3718;
7.48449;
8.04324;
12.9578;
10.6119;
6.79346;
9.13574;
7.84963;
8.43984;
8.52518;
6.07277;
10.8378;
13.4806;
7.79049;
8.25058;
7.5128;
12.1103;
14.8011;
11.6408;
9.05951;
8.02227;
10.0512;
10.9768;
9.37183;
8.531;
10.9743;
10.1799;
8.70311;
14.3655;
10.2464;
6.14418;
10.8022;
12.6832;
7.75462;
12.7674;
10.6482;
12.0719;
9.64675;
8.12147;
8.50833;
9.53552;
8.77551;
10.3557;
9.35194;
7.48535;
10.3269;
8.57391;
10.8111;
9.38443;
8.17192;
9.92707;
11.9881;
7.36828;
7.84362;
10.4601;
8.99229;
9.58578;
6.58041;
9.3808;
7.40471;
11.9829;
13.5197;
11.6455;
7.79375;
7.53994;
12.8848;
7.21456;
8.7572;
7.32436;
10.2476;
10.0939;
10.2331;
11.4556;
8.389;
7.85064;
11.0252;
11.6174;
12.1769;
8.01256;
14.0603;
11.11;
10.8644;
10.2612;
7.90591;
12.8835;
12.7376;
9.41504;
8.96923;
7.97392;
9.74632;
11.3864;
11.3474;
11.2175;
12.2628;
14.6717;
10.9567;
16.6822;
9.82989;
7.36334;
10.1417;
13.7206;
8.09334;
13.9254;
12.2678;
13.1055;
14.6279;
9.90249;
8.26092;
9.32268;
9.77966;
10.6584;
9.00722;
14.0349;
11.3458;
11.2263;
6.85845;
9.46687;
9.83938;
7.02344;
12.6413;
12.8051;
8.09976;
7.9015;
7.86821;
13.8416;
13.8583;
9.15211;
9.98778;
11.2559;
11.0503;
10.6694;
11.8828;
13.1979;
10.5799;
7.76698;
11.5874;
6.66798;
9.98898;
7.71124;
9.72404;
11.1596;
8.02999;
9.2953;
7.29148;
11.7857;
12.1156;
12.8253;
9.2513;
11.9947;
10.0356;
12.0589;
9.93445;
9.38341;
7.6339;
9.04406;
12.283;
6.54682;
10.9712;
11.8536;
10.9294;
7.48854;
13.087;
9.53031;
11.5174;
11.5508;
10.8833;
12.5371;
8.11253;
15.3042;
13.7092;
11.6695;
8.80707;
6.94153;
9.37305;
9.97708;
9.60122;
11.1541;
7.4963;
12.5567;
8.65657;
12.5529;
9.41583;
10.4235;
7.54243;
5.98025;
10.0103;
8.3742;
9.457;
8.25409;
10.9705;
6.58767;
6.71227;
11.198;
8.03389;
9.42556;
10.3137;
7.66217;
10.9294;
12.1401;
11.0481;
13.0379;
8.40792;
7.16288;
6.40573;
6.83613;
12.0269;
13.279;
7.75214;
13.1979;
12.1513;
8.76195;
10.0668;
12.7623;
8.44398;
10.6289;
9.61593;
13.6902;
9.12335;
8.36719;
7.5868;
14.4898;
7.22963;
13.2201;
10.8382;
6.22903;
14.8282;
15.8647;
6.97791;
10.0846;
11.1869;
12.795;
13.177;
11.2003;
12.6971;
7.81138;
14.5854;
12.7854;
12.3833;
10.5532;
8.61272;
15.3323;
9.21552;
8.95081;
11.9172;
11.0678;
12.0297;
6.73635;
8.16624;
12.428;
8.49438;
11.0333;
7.76766;
11.6573;
9.02116;
8.73973;
11.0492;
9.75393;
6.98296;
6.37765;
7.80516;
8.47082;
7.68486;
8.17307;
12.3893;
8.55426;
10.8106;
14.2572;
8.79857;
7.65987;
9.01842;
13.4907;
13.174;
13.0759;
9.37309;
6.65308;
5.93634;
7.34282;
8.61613;
6.9129;
9.07502;
11.9352;
9.5433;
7.58277;
6.37665;
11.8394;
11.4267;
10.234;
9.02243;
11.211;
7.27518;
8.78402;
9.6291;
11.702;
12.402;
13.7657;
6.73169;
8.31173;
11.0395;
11.4337;
9.97868;
11.0016;
9.97957;
7.31101;
12.1273;
11.3111;
14.2115;
10.2569;
12.2002;
8.63054;
12.7073;
14.86;
8.26592;
8.73111;
13.4355;
7.93264;
6.53392;
14.7428;
11.3159;
13.2513;
11.43;
6.98856;
7.3819;
10.3217;
11.7269;
9.96059;
8.85633;
7.33107;
7.84272;
9.01243;
9.40898;
8.56113;
12.1831;
9.83737;
14.1595;
5.64288;
7.06901;
10.7564;
9.255;
10.7006;
11.1925;
8.93122;
7.30754;
12.9045;
8.5765;
7.57402;
10.7166;
11.8966;
12.2796;
7.06213;
12.0573;
9.40571;
8.00984;
11.0846;
10.8048;
10.9224;
8.10731;
9.58795;
13.8373;
12.4676;
7.03189;
12.8077;
12.7722;
13.0123;
8.70126;
10.1731;
11.8816;
14.0427;
8.42915;
7.45545;
14.4487;
8.3547;
13.943;
11.6195;
5.46452;
11.0451;
13.4222;
11.8086;
11.1503;
11.1994;
8.63247;
12.7135;
12.7081;
12.7167;
7.584;
11.3176;
7.7365;
9.32436;
7.86324;
9.31867;
10.892;
10.0214;
9.00671;
13.5329;
8.65049;
9.38624;
8.60194;
10.398;
7.94028;
11.3136;
10.5881;
11.2758;
9.87284;
11.0634;
14.0206;
9.07938;
8.95193;
11.4266;
7.64982;
6.04199;
14.089;
9.64189;
9.96242;
11.0368;
7.8943;
10.1917;
8.72643;
12.8703;
10.3253;
14.0248;
9.45609;
13.0359;
14.2223;
12.1089;
14.4011;
12.4463;
9.60583;
10.4114;
12.7426;
7.47948;
11.3142;
9.79038;
10.6797;
8.45365;
6.92546;
7.91652;
12.3083;
13.0489;
7.21518;
8.19023;
9.95045;
8.66117;
10.1478;
12.2162;
10.3949;
19.4579;
6.24237;
13.7717;
9.41942;
6.76655;
13.9813;
12.8923;
9.38774;
11.4995;
10.2152;
11.2487;
12.3322;
8.21991;
8.54187;
8.09193;
9.91506;
6.04784;
8.6097;
8.91941;
14.1474;
6.24716;
14.9513;
10.2364;
7.36485;
10.283;
8.4273;
13.0976;
11.6659;
8.21354;
11.6053;
12.3827;
10.4403;
10.8256;
10.2756;
11.9493;
12.8856;
11.506;
8.13239;
8.9635;
12.7157;
11.4646;
13.7828;
12.6625;
9.4619;
12.4915;
14.5961;
14.3387;
11.6586;
13.2992;
6.7405;
8.53078;
10.0139;
8.81261;
10.5631;
7.06573;
5.39965;
7.92407;
12.2821;
13.026;
12.7813;
13.2447;
6.42874;
11.1694;
8.30791;
12.9592;
8.55093;
11.4285;
11.3507;
13.4747;
12.5148;
8.73565;
7.54775;
13.6619;
9.77083;
13.1913;
5.93444;
8.73527;
11.7435;
11.4762;
8.41994;
11.6109;
10.806;
11.95;
7.97145;
10.9874;
10.3302;
8.36933;
12.5226;
9.76308;
12.1046;
7.3617;
10.3766;
13.1185;
14.3989;
9.51527;
8.57487;
8.24559;
12.2603;
8.37097;
10.0494;
7.07001;
9.97155;
9.27859;
13.2939;
6.53398;
6.88557;
7.873;
12.0474;
12.1578;
9.79701;
6.54801;
11.7309;
12.1877;
11.3277;
11.9624;
14.9987;
10.1126;
10.1031;
5.95759;
6.7669;
9.9097;
9.03546;
10.0148;
10.437;
10.326;
8.17267;
7.95323;
6.71912;
8.72603;
7.25707;
12.0142;
13.7165;
13.5855;
13.7144;
8.40938;
14.3195;
12.106;
13.3908;
7.90569;
9.66442;
9.92809;
8.38968;
12.8083;
9.16084;
15.0551;
12.3178;
8.97282;
8.7007;
16.3394;
8.21944;
13.876;
12.061;
10.8251;
12.1754;
8.74223;
6.22448;
9.15207;
14.5642;
10.881;
11.9147;
10.4612;
10.7264;
7.55653;
11.4072;
11.0095;
7.46617;
10.1077;
7.72351;
7.35851;
8.06025;
12.1663;
7.09641;
7.71781;
11.9568;
8.31122;
11.7272;
12.7047;
10.4982;
12.303;
8.53892;
11.7996;
12.3749;
11.0575;
6.39875;
7.92009;
10.6463;
11.6014;
12.9349;
12.7608;
9.57619;
9.72216;
10.4677;
10.9406;
10.3192;
9.00168;
13.6415;
11.3691;
10.0143;
6.30787;
10.1246;
5.3802;
15.9097;
9.92083;
6.30962;
8.959;
8.90124;
14.7793;
10.5871;
13.0757;
6.89107;
7.84344;
7.24963;
6.29104;
10.2475;
10.6115;
13.2009;
13.6754;
12.3591;
11.7397;
10.2858;
11.3291;
11.0684;
8.10971;
9.06216;
8.7838;
12.1416;
10.2996;
8.72243;
8.15134;
10.8576;
8.1363;
15.1203;
12.0221;
13.7738;
8.1387;
16.5522;
8.34765;
13.8994;
9.2824;
10.2652;
5.83416;
14.1762;
13.2197;
7.13889;
8.99769;
10.3223;
9.96646;
11.6864;
12.9326;
11.6936;
12.8881;
12.2985;
7.19014;
6.92941;
6.69662;
9.08134;
14.325;
13.1782;
10.7702;
9.22235;
12.4995;
12.1321;
10.1059;
12.0264;
8.96676;
11.401;
10.7496;
8.07749;
9.4148;
9.59348;
7.35141;
10.8459;
9.00058;
13.522;
11.0554;
7.61872;
12.3849;
12.6613;
6.58431;
8.72807;
11.8588;
8.3047;
13.0123;
7.46879;
13.475;
13.3994;
10.8304;
9.91189;
14.0936;
10.5534;
10.8428;
9.9891;
12.2645;
8.79199;
8.52542;
8.6075;
7.19884;
14.3877;
14.6857;
8.76052;
5.77014;
11.341;
10.5026;
12.0571;
11.4423;
10.3519;
10.3413;
12.8251;
8.78207;
9.08035;
8.88325;
6.4411;
17.8282;
13.6989;
11.4637;
10.5096;
8.3577;
10.6345;
8.89811;
7.55969;
8.19891;
12.8691;
9.72375;
12.3525;
8.64779;
9.18268;
16.3491;
11.4493;
8.56289;
12.62;
12.1016;
13.0754;
8.30069;
7.01199;
8.23755;
11.5804;
9.61253;
10.0062;
12.9768;
8.49691;
8.47116;
7.57189;
8.7382;
12.9614;
8.17746;
15.5016;
9.58134;
10.5554;
8.0324;
12.2626;
9.51892;
12.285;
20.4586;
12.9822;
10.3938;
11.2263;
9.05788;
11.0411;
9.22075;
7.14425;
10.6549;
11.5989;
11.1251;
12.7019;
7.79517;
7.79501;
11.9752;
12.1275;
6.3276;
6.77774;
10.3718;
12.7739;
10.3097;
10.0714;
7.43151;
8.58902;
10.2727;
8.58814;
8.85196;
8.62546;
14.6371;
9.98883;
11.7835;
10.3136;
10.6395;
9.2781;
9.23712;
8.04251;
13.5383;
11.1867;
7.93927;
13.9115;
9.30435;
10.2464;
8.62072;
9.99797;
12.0455;
10.7531;
12.9877;
12.9967;
10.235;
10.1058;
11.75;
9.30414;
8.8053;
9.64089;
6.07732;
5.97593;
8.15779;
7.29772;
7.97775;
13.9186;
11.0623;
6.88379;
11.9236;
9.33255;
8.49858;
11.1178;
8.95398;
7.87862;
13.9139;
9.49606;
8.336;
8.97979;
11.8748;
13.1523;
8.70285;
9.4688;
11.509;
11.4172;
12.5232;
12.0598;
10.5399;
11.5611;
7.73456;
6.73394;
7.47011;
7.46689;
11.8444;
11.6876;
12.7017;
9.33618;
9.94705;
9.86436;
10.573;
15.4334;
12.6278;
12.1107;
8.0382;
11.1922;
9.73777;
9.2192;
8.57895;
12.0087;
8.37503;
10.0448;
10.8747;
9.55062;
14.6013;
10.1697;
7.6872;
12.5883;
8.50713;
9.69559;
13.1551;
5.18368;
9.66529;
9.79839;
9.39314;
10.4673;
7.50457;
7.96852;
9.06267;
9.57243;
6.20138;
6.26113;
12.1713;
10.2567;
8.65209;
11.7751;
9.76626;
9.40085;
13.137;
10.883;
11.6649;
12.1715;
7.89189;
7.93115;
8.6173;
12.8586;
11.1533;
8.74559;
10.7998;
5.90462;
9.02319;
7.2201;
9.17316;
9.42817;
6.12833;
12.9209;
13.7772;
12.9156;
10.7795;
10.9737;
7.76031;
11.1963;
11.283;
10.3283;
9.58451;
11.3754;
11.3876;
5.5087;
10.1286;
13.1795;
12.1055;
10.8911;
14.6227;
10.3535;
5.92884;
10.7479;
10.7987;
8.66136;
10.2811;
11.0947;
11.6015;
6.1325;
10.3694;
8.2422;
7.10499;
13.5801;
6.92601;
14.6497;
9.92709;
12.4255;
7.67308;
10.1922;
10.6213;
10.4559;
11.0836;
10.645;
10.3261;
12.4627;
11.3036;
9.20658;
9.15835;
12.1236;
8.59958;
8.30726;
6.31607;
13.3891;
12.016;
7.19341;
8.77591;
6.86644;
6.3444;
10.2989;
13.4981;
10.7714;
8.24775;
11.7482;
9.56143;
9.96429;
11.2441;
7.95446;
7.29074;
9.94201;
6.25678;
9.15522;
12.0304;
7.5315;
8.44067;
13.4595;
8.61495;
6.67796;
14.3356;
13.2534;
7.77809;
12.4822;
11.403;
8.12126;
9.78539;
9.4933;
15.2282;
9.00694;
13.1954;
6.79697;
8.37512;
12.7198;
7.65723;
10.126;
9.37086;
10.9767;
11.9767;
10.3809;
12.4798;
11.1907;
10.3614;
12.5898;
12.2821;
6.46477;
8.58752;
8.498;
9.87316;
12.8036;
9.27954;
10.3053;
11.5829;
9.85169;
9.0869;
10.7272;
13.8465;
8.7356;
12.6072;
8.47921;
12.5204;
11.088;
10.8288;
12.1351;
9.91972;
12.4801;
4.37938;
13.9389;
10.4924;
11.4276;
10.9632;
8.68633;
10.163;
10.5934;
10.6862;
10.2652;
12.7083;
11.5285;
10.5493;
9.71556;
11.4525;
9.37515;
10.7348;
10.4268;
10.0218;
10.859;
11.6882;
9.35462;
7.68948;
9.71703;
15.2375;
8.2143;
10.5866;
11.6327;
11.3029;
11.5066;
12.8118;
6.13964;
9.74498;
9.39201;
10.8782;
10.7704;
13.0573;
13.1154;
8.749;
13.9896;
12.7888;
9.6735;
10.8271;
12.0622;
11.6804;
10.7803;
13.3945;
11.1928;
9.33975;
12.8545;
6.80226;
8.41396;
10.0112;
10.3038;
11.7276;
10.9499;
14.97;
13.2263;
8.52411;
10.2017;
10.161;
7.57348;
9.64728;
9.45671;
5.91955;
11.1169;
12.9854;
10.3336;
11.2293;
12.5283;
6.90991;
7.45681;
10.3962;
13.2583;
10.8229;
9.49028;
6.83918;
7.54822;
7.28748;
10.6325;
11.3716;
8.65795;
6.93251;
12.0003;
11.5722;
10.8642;
9.46891;
13.615;
13.4675;
10.1367;
9.54269;
6.46298;
7.45034;
10.0401;
9.11507;
10.949;
10.0405;
11.236;
7.94345;
13.7462;
6.34669;
14.389;
13.4735;
8.40086;
11.2506;
7.73833;
8.3818;
13.6531;
6.19582;
11.0214;
9.02466;
11.1226;
8.326;
14.4238;
10.4281;
10.5283;
12.8515;
11.0363;
8.85262;
9.55026;
10.8015;
7.30432;
7.62299;
9.55604;
11.3271;
11.2678;
11.4567;
10.19;
11.9511;
11.5687;
12.0196;
6.72808;
8.81742;
11.5288;
7.5127;
13.2423;
11.9009;
11.898;
6.13558;
9.66165;
14.0019;
14.0407;
9.50206;
6.18662;
16.5859;
12.0367;
7.99717;
10.4809;
7.82848;
13.59;
5.91277;
9.33061;
11.6658;
11.0741;
11.5591;
9.78277;
11.0061;
10.4968;
12.5984;
13.2755;
8.44327;
10.691;
12.6731;
9.17474;
14.2317;
10.8418;
7.30383;
8.32587;
8.52648;
10.2882;
11.8703;
10.1018;
12.3856;
8.48387;
6.93861;
9.03235;
8.27865;
7.29008;
11.0985;
7.38957;
10.6225;
9.70846;
12.9366;
6.71266;
11.2013;
9.67977;
6.0568;
10.5664;
9.53953;
12.9953;
14.2656;
11.3687;
8.93702;
9.47099;
11.6406;
12.4108;
10.7999;
12.6381;
8.5781;
11.9131;
13.3168;
9.25744;
11.5779;
11.3483;
11.2695;
12.527;
10.5236;
12.5075;
13.7943;
9.98693;
15.9982;
5.32274;
9.3657;
12.4182;
12.345;
7.64976;
11.0124;
6.81353;
11.5847;
10.336;
11.754;
9.21896;
9.957;
10.3436;
12.0926;
10.2262;
9.04764;
9.62499;
12.3157;
11.5086;
9.80783;
10.1537;
11.8488;
11.435;
11.4346;
7.14461;
7.09868;
12.6611;
10.7629;
10.2025;
6.98135;
11.1168;
10.3451;
4.63266;
9.27835;
7.58163;
9.69753;
14.3462;
11.3509;
8.11619;
10.4173;
13.4182;
18.3552;
12.3296;
10.7011;
8.46882;
12.2963;
11.5339;
10.5412;
10.3065;
9.52758;
8.85725;
9.04829;
8.57562;
8.57996;
7.64439;
11.4957;
10.0271;
11.4969;
9.69551;
12.0203;
10.7933;
13.0239;
11.1964;
10.1365;
10.6756;
11.2481;
6.57303;
12.313;
11.8032;
9.1819;
7.50574;
5.53355;
10.555;
9.56099;
7.03011;
11.2578;
11.9307;
10.656;
13.2836;
14.4855;
9.00952;
7.24245;
9.05739;
13.3713;
10.7374;
8.68191;
14.6805;
8.89155;
11.0146;
12.9534;
9.76731;
9.79603;
6.11273;
11.2226;
9.61747;
10.6719;
10.5286;
11.7955;
9.79391;
8.40784;
13.0094;
12.4061;
12.5861;
11.1004;
12.8924;
8.48358;
10.5187;
13.4756;
9.25437;
8.73409;
10.2623;
11.7585;
8.33825;
10.2081;
7.02263;
13.2218;
10.9236;
9.76466;
10.772;
8.2425;
11.5546;
7.54716;
8.83775;
11.3302;
12.5981;
6.57132;
11.0171;
10.8419;
8.98794;
9.64874;
7.7442;
14.0119;
8.42383;
9.8572;
9.00794;
13.5492;
8.99751;
10.3687;
12.5181;
9.79562;
7.38782;
9.20933;
11.8166;
12.2623;
8.26937;
11.9839;
10.6846;
9.12099;
11.5147;
10.1042;
7.35562;
8.01869;
8.72717;
7.35709;
12.1395;
11.0148;
7.7216;
6.94542;
13.9921;
13.1193;
11.0624;
10.0878;
10.4825;
9.26039;
14.0083;
10.0573;
7.52361;
8.43123;
10.0162;
11.3322;
9.5863;
9.46079;
9.76351;
10.4682;
9.95986;
8.85958;
10.1129;
12.4979;
10.8177;
14.8483;
11.2869;
9.8019;
15.4981;
12.7089;
10.7813;
11.4194;
9.28417;
12.4886;
10.8113;
11.6167;
10.5326;
8.48338;
9.56213;
4.48081;
10.9238;
12.8763;
7.74455;
13.7489;
8.32928;
6.91945;
10.5531;
11.5731;
9.92036;
9.43374;
9.99861;
10.0408;
9.00825;
8.47215;
6.41705;
7.21847;
7.52944;
10.8657;
9.46947;
10.7311;
11.6199;
11.6328;
9.31185;
10.7314;
9.29745;
11.6256;
8.31916;
8.10314;
10.2925;
11.2905;
12.7853;
5.64287;
12.766;
7.65716;
9.39818;
8.5662;
7.45415;
8.71048;
10.7121;
7.49379;
11.1497;
13.4814;
7.68226;
7.65139;
9.17936;
5.63731;
9.15871;
10.4363;
11.9562;
11.9842;
10.6544;
12.5819;
11.7366;
8.86629;
10.125;
12.4454;
9.79274;
12.4408;
11.8174;
8.98406;
9.79581;
11.5748;
13.2562;
7.56956;
6.71306;
7.06188;
8.13211;
9.81925;
13.716;
12.1213;
11.2783;
10.389;
10.106;
9.90426;
10.9824;
8.39312;
7.97488;
9.31936;
11.4895;
11.2722;
7.89823;
10.9651;
10.1565;
9.40566;
11.2976;
9.47684;
10.008;
12.1179;
7.92065;
9.97315;
11.4133;
9.67484;
16.3461;
8.07578;
7.10664;
9.68713;
7.02422;
11.2458;
8.72524;
9.2606;
5.4688;
13.1777;
9.32435;
10.1782;
9.12499;
11.4365;
10.8216;
10.3258;
10.0284;
5.50539;
10.5821;
8.66459;
13.2627;
5.26563;
8.07275;
10.81;
8.41429;
8.13351;
10.9592;
11.8007;
6.99951;
7.83774;
12.5849;
11.8585;
11.9782;
8.1967;
11.9621;
9.38218;
10.6201;
10.4663;
11.2569;
9.07015;
8.91338;
10.6082;
10.4015;
8.84982;
9.45741;
11.0697;
8.32954;
6.77431;
11.6956;
10.1465;
9.45391;
10.764;
6.58656;
12.0365;
12.3606;
10.2929;
10.8988;
9.13697;
12.0639;
13.047;
9.77445;
10.8423;
8.81371;
11.0859;
12.1094;
9.6579;
11.1985;
11.2105;
6.09927;
10.6518;
16.3831;
9.00351;
9.77435;
8.75286;
11.542;
10.752;
9.22935;
10.9431;
10.1456;
10.3472;
10.9603;
6.35077;
11.1105;
10.7306;
14.6033;
6.27541;
11.2011;
8.61278;
11.5872;
12.6594;
11.0842;
12.8886;
13.2395;
9.85357;
7.74456;
12.2586;
7.70251;
9.45322;
11.5775;
8.95175;
10.3967;
11.1012;
9.5214;
8.66637;
10.3766;
13.3628;
8.98168;
12.0135;
5.52744;
10.1919;
9.17299;
8.60158;
8.99722;
12.12;
5.6278;
9.64785;
11.1191;
10.5485;
7.60165;
13.7027;
11.4155;
9.36502;
9.49562;
10.1677;
7.00214;
12.0628;
8.85398;
6.18085;
12.1609;
5.8697;
11.6382;
6.45869;
13.3328;
11.0497;
10.8679;
12.0862;
12.1622;
12.0307;
9.8813;
6.63708;
7.92974;
11.5004;
10.4191;
10.8507;
9.23959;
10.953;
5.62889;
9.95665;
11.5494;
10.4709;
6.62241;
9.3238;
11.5454;
10.688;
9.35366;
11.0191;
6.00864;
10.4258;
8.35739;
5.84034;
7.97072;
10.3596;
9.62405;
9.69231;
9.63368;
13.402;
10.3739;
7.85603;
13.9442;
8.05174;
10.9293;
11.6682;
7.93528;
9.25654;
12.1588;
9.35554;
10.7951;
9.6025;
10.3251;
5.09728;
4.78746;
4.32291;
14.1762;
10.2234;
9.76708;
9.76455;
9.43505;
12.12;
9.8399;
10.7512;
10.1092;
8.6523;
13.5347;
9.72364;
8.8185;
11.6086;
11.5602;
9.32609;
9.79848;
5.63948;
8.78735;
13.9393;
11.573;
10.7003;
10.5661;
9.01249;
11.4314;
10.9545;
13.2058;
9.84665;
8.91132;
10.2834;
10.636;
9.9791;
8.46354;
7.13339;
12.8461;
10.7366;
9.13736;
11.8775;
11.0038;
7.31069;
9.31545;
10.4706;
11.3947;
9.56733;
9.91922;
9.1498;
9.6923;
9.68655;
8.18433;
10.646;
6.42441;
7.98862;
8.76061;
11.2377;
7.16537;
8.40699;
8.78425;
10.9199;
8.25231;
12.4066;
10.6941;
10.5899;
11.273;
10.3532;
8.43171;
10.4533;
13.579;
9.54209;
7.06066;
7.34921;
10.324;
9.09346;
7.94003;
10.5509;
11.2514;
10.0901;
10.4329;
8.8292;
8.22144;
10.9091;
9.4809;
10.566;
8.90377;
10.6961;
11.9184;
10.0985;
10.765;
9.97326;
9.41761;
12.8895;
9.25907;
7.5028;
8.7837;
9.31529;
11.3146;
10.8154;
12.659;
11.5037;
6.44878;
9.69367;
8.28539;
9.17804;
9.45159;
9.72213;
9.7375;
10.3893;
9.53969;
8.89115;
12.0603;
8.9137;
9.63949;
15.7211;
12.4123;
9.6728;
11.1733;
9.67859;
7.66462;
11.6713;
6.6007;
9.94621;
8.71358;
12.4309;
11.4222;
7.13152;
10.7562;
8.84572;
10.2788;
9.94582;
9.56202;
10.2137;
9.87951;
12.0381;
10.2733;
6.70864;
12.3822;
7.37129;
9.41735;
9.4409;
12.4295;
11.2782;
9.96838;
8.97834;
9.80481;
15.2609;
13.4127;
8.54128;
8.64151;
5.87685;
11.6815;
9.89566;
10.2952;
9.65164;
7.1318;
8.54449;
10.6381;
14.3464;
9.36329;
9.41738;
9.25332;
13.2878;
9.2093;
12.8395;
10.2427;
11.2648;
6.54816;
11.1347;
7.84034;
9.7553;
9.91171;
10.9986;
11.97;
11.9452;
7.44568;
9.99616;
10.2579;
10.0012;
8.58126;
9.764;
9.73206;
10.6028;
11.3589;
6.96196;
8.82495;
7.3112;
8.96224;
10.2418;
11.1976;
9.50842;
6.89637;
13.5534;
8.24114;
9.75562;
7.18362;
10.2908;
6.82771;
6.20239;
10.9635;
5.35737;
9.55225;
8.67741;
8.90885;
10.6678;
9.26861;
10.37;
9.49504;
8.9966;
8.9562;
10.5226;
9.75464;
5.38823;
9.37044;
9.4104;
12.0116;
5.94117;
10.1144;
10.7525;
7.65404;
7.76955;
10.5512;
15.1962;
13.3784;
10.1032;
9.89367;
7.3096;
11.7168;
9.53446;
9.37695;
9.82692;
8.02879;
6.36256;
9.26732;
8.84116;
7.68988;
7.52647;
7.4355;
9.06059;
11.1647;
9.26671;
8.65343;
11.019;
5.78508;
11.7502;
11.9513;
11.0376;
11.6167;
10.2567;
14.2222;
15.9691;
9.16581;
6.5534;
11.1495;
8.19918;
6.90057;
8.14156;
10.8155;
11.049;
12.4448;
7.33764;
10.3385;
9.7373;
8.58604;
7.76223;
9.43874;
8.20266;
10.5745;
9.1803;
9.44313;
5.39766;
15.2282;
8.2724;
8.81112;
10.0538;
10.4149;
12.884;
9.83714;
6.6877;
8.03208;
10.0456;
8.61484;
10.7254;
10.1227;
9.56263;
9.95739;
9.05733;
3.86008;
7.67176;
12.1148;
6.86293;
10.0664;
8.94212;
7.87593;
8.83316;
8.75676;
10.399;
9.47868;
9.55284;
12.4613;
9.20526;
13.1989;
11.7918;
9.79783;
12.2627;
10.5984;
10.8996;
9.81773;
9.80489;
11.7949;
11.6878;
9.84469;
10.3582;
9.62655;
10.2001;
15.3788;
8.9606;
8.00694;
11.0263;
7.04232;
8.78532;
9.55928;
6.38822;
8.13217;
11.732;
8.59205;
12.3762;
8.8012;
8.45718;
8.65694;
11.692;
9.65723;
11.1123;
7.64134;
8.5866;
9.50324;
10.1758;
8.39617;
10.375;
7.67481;
9.00709;
7.31017;
9.28045;
9.91015;
8.94543;
9.70748;
8.23712;
10.5063;
10.2537;
10.0464;
9.9191;
8.94369;
8.97494;
7.67249;
10.0716;
10.2747;
8.10608;
10.2293;
12.1499;
8.01432;
9.76123;
8.21133;
6.78309;
13.0077;
7.14625;
6.59962;
7.66517;
6.20739;
9.15683;
6.70441;
8.12371;
9.07093;
11.744;
11.905;
9.28751;
9.45974;
6.34396;
12.4815;
9.65462;
7.71042;
8.6751;
9.69702;
12.1969;
7.05041;
9.96533;
13.9255;
9.67744;
10.2471;
9.19012;
8.90693;
8.84417;
9.28362;
11.0509;
7.83264;
8.80134;
11.3108;
9.82945;
13.0479;
10.8459;
8.8623;
11.3913;
8.71013;
7.42654;
9.8436;
9.25183;
7.70113;
8.58049;
9.16375;
10.0527;
10.5647;
9.43066;
9.27012;
8.76366;
8.57938;
7.97737;
10.4157;
11.7923;
11.4273;
6.28513;
8.60079;
11.9982;
10.7872;
4.47796;
8.81511;
5.34269;
12.8893;
8.87852;
10.3705;
6.81226;
6.62297;
7.79467;
9.59418;
10.614;
9.50778;
11.3752;
9.64039;
10.4623;
8.99685;
8.63618;
7.90713;
10.1658;
13.0854;
8.89933;
11.8689;
12.4058;
11.5247;
8.44192;
9.52895;
10.8902;
12.2845;
7.81913;
12.5257;
10.6778;
9.00075;
7.97362;
9.42962;
7.04325;
9.75721;
12.7499;
9.92075;
10.2799;
10.7845;
7.61278;
8.98371;
12.277;
8.91186;
7.91332;
7.26841;
8.30429;
7.25876;
10.7221;
12.1207;
11.5335;
9.0009;
9.90285;
11.0632;
8.55635;
10.8861;
8.80595;
8.25065;
10.2456;
7.83205;
10.5345;
9.4556;
8.56328;
8.69846;
8.04803;
10.5365;
7.07856;
11.4962;
12.4791;
6.0928;
9.08933;
10.3263;
7.42647;
11.1289;
10.4322;
10.2952;
8.88972;
7.39819;
7.79239;
10.7666;
9.6362;
13.4134;
8.89278;
10.3099;
6.90429;
10.3598;
9.3855;
5.58581;
9.78021;
8.80265;
8.81319;
8.4288;
7.83101;
8.14899;
13.9691;
8.55185;
9.81896;
9.61698;
8.22142;
8.15716;
9.52021;
8.30238;
10.3689;
9.29858;
12.2867;
8.98266;
9.52271;
15.1602;
10.3347;
9.65293;
13.983;
10.9336;
9.46273;
8.31499;
10.1087;
10.488;
14.5793;
9.87336;
7.63385;
9.9588;
10.5301;
8.54319;
10.8545;
9.90795;
12.2426;
9.34948;
10.6924;
11.0902;
12.5082;
12.2179;
9.2547;
9.75047;
6.58862;
10.0519;
5.14901;
7.25719;
7.19568;
8.79793;
7.00981;
8.33031;
11.1037;
9.77174;
8.55119;
10.4421;
8.30039;
9.29902;
8.44208;
5.8988;
9.15734;
11.2124;
13.8202;
10.221;
9.14541;
10.3445;
7.77235;
7.66401;
9.48754;
9.49016;
7.88938;
9.0407;
9.66028;
8.72258;
7.96347;
9.78555;
9.20179;
8.1287;
11.253;
10.1427;
11.2738;
6.82971;
11.3459;
10.2091;
14.8935;
11.5595;
12.4387;
7.28583;
15.2049;
6.04178;
10.0216;
8.74064;
10.074;
10.6652;
10.2294;
11.9407;
7.2327;
15.1061;
7.89604;
6.30153;
10.6902;
7.10411;
9.62666;
9.49818;
7.95502;
7.67774;
9.86429;
9.12611;
8.3858;
10.2908;
10.0659;
11.7555;
9.89954;
9.23238;
9.23199;
9.00268;
8.69435;
9.34396;
9.41089;
7.25797;
6.47685;
8.62669;
5.95441;
7.48537;
9.96837;
9.3693;
9.06699;
10.4694;
9.31033;
9.56504;
8.5997;
11.0844;
6.36021;
10.1956;
12.5256;
10.6569;
7.85106;
6.73805;
10.4417;
6.59164;
7.10368;
8.64727;
10.637;
7.65963;
8.43986;
8.87349;
10.1255;
9.53899;
10.6823;
7.10189;
9.33761;
10.0861;
9.79858;
8.85208;
8.21544;
9.88105;
10.4585;
10.5374;
9.3408;
9.778;
11.7386;
12.9649;
7.68421;
10.9559;
8.61922;
7.93979;
6.55351;
9.26782;
9.6214;
8.28806;
8.03037;
9.00443;
9.13212;
7.08576;
10.7315;
10.143;
8.05555;
9.1664;
10.5788;
8.76528;
7.7186;
8.37383;
9.89992;
9.50086;
10.7657;
7.16539;
9.31939;
5.68016;
7.91059;
13.0054;
13.7401;
6.90541;
4.70788;
11.6576;
11.0476;
7.77212;
6.40528;
11.5667;
7.20677;
7.61304;
8.79761;
9.68543;
10.7992;
9.09824;
8.75839;
9.10523;
7.66537;
7.40803;
9.50581;
10.1657;
6.17454;
10.7029;
8.20833;
10.8785;
9.3207;
6.90793;
6.11749;
13.7137;
10.5562;
9.26523;
8.5103;
9.49246;
12.5221;
12.5922;
9.43721;
9.79062;
11.7424;
7.26422;
8.17064;
10.4477;
9.38963;
9.69009;
9.87746;
9.63738;
9.26166;
8.7586;
9.96838;
9.27917;
9.10678;
9.54277;
8.81657;
10.1249;
8.93782;
10.8008;
7.88885;
9.77356;
8.97462;
7.08041;
10.1984;
10.0425;
10.1084;
11.5337;
7.84694;
9.7253;
11.77;
9.09696;
7.74559;
9.1655;
14.1172;
8.94392;
11.4232;
10.5707;
11.1423;
9.58088;
8.72967;
10.8722;
8.4644;
10.488;
9.28145;
9.85183;
6.54965;
9.26997;
7.47003;
10.9143;
9.39031;
8.8735;
12.42;
9.16836;
9.59246;
9.23387;
8.5012;
10.4227;
10.939;
10.1086;
7.41759;
8.73149;
5.93469;
6.27056;
8.89848;
9.68728;
7.72299;
8.72613;
9.50316;
11.2361;
10.4172;
7.69589;
8.42283;
8.76167;
8.66483;
10.1901;
9.77328;
9.23015;
7.89046;
8.07855;
9.61926;
10.4913;
7.8087;
10.6083;
11.065;
8.06888;
10.9469;
10.5337;
8.3876;
9.44473;
6.62283;
10.161;
9.75103;
9.83205;
9.41642;
9.1269;
10.147;
8.85986;
12.8996;
8.29794;
11.9342;
8.34296;
4.83939;
13.411;
7.70242;
12.9023;
7.21278;
10.6534;
8.02956;
9.46998;
9.10532;
9.96925;
9.8983;
6.64403;
8.10977;
5.67417;
9.41726;
6.09402;
9.22118;
12.8264;
9.90046;
8.90283;
9.4599;
7.07248;
9.47899;
8.37649;
8.33989;
11.7942;
9.17369;
8.33307;
9.15937;
7.56129;
12.2967;
8.89689;
7.54403;
8.64013;
8.6033;
9.07908;
9.61067;
10.407;
9.59217;
8.07198;
11.1754;
12.2358;
6.36162;
7.54202;
8.34895;
9.87293;
9.5046;
8.676;
7.01056;
6.31389;
9.7572;
9.83557;
8.84461;
7.95979;
11.7509;
10.5155;
9.39041;
8.01741;
7.27098;
8.09583;
8.69799;
9.99074;
6.93418;
8.62643;
10.7061;
8.16512;
7.54827;
8.13096;
8.86533;
6.16299;
8.23696;
10.9462;
9.12253;
8.63284;
7.72122;
9.28644;
11.4024;
8.94081;
8.97668;
6.93129;
7.40357;
10.1036;
6.48665;
7.4222;
12.0797;
8.58985;
9.41126;
10.1251;
11.3452;
8.46326;
8.28934;
10.1452;
9.42979;
7.21454;
8.72268;
11.4389;
9.30438;
10.4547;
6.9207;
8.4905;
6.40025;
8.66439;
7.92787;
8.5341;
9.79406;
13.3937;
8.4837;
8.33215;
9.38543;
9.33419;
10.4995;
7.30577;
8.14167;
9.3422;
12.5199;
12.074;
8.18891;
9.95284;
9.35176;
11.3205;
8.35818;
8.82257;
12.9069;
8.63852;
11.5602;
7.17787;
8.72338;
10.8426;
9.09694;
7.42482;
9.97703;
8.07627;
8.14941;
9.12345;
8.35791;
8.84522;
8.98807;
11.0029;
11.5493;
11.3027;
8.57002;
9.91378;
8.38209;
8.08923;
9.65416;
8.06706;
9.8778;
8.99185;
10.7576;
7.61248;
8.20672;
8.31336;
9.59841;
8.70449;
7.94664;
10.0204;
8.93307;
12.3143;
10.3048;
10.0402;
9.75954;
9.74188;
8.33684;
8.5167;
11.9552;
8.76393;
8.95243;
10.1252;
8.90159;
10.693;
10.3868;
9.30996;
9.31379;
10.0371;
9.15885;
8.18845;
9.29717;
9.18367;
11.41;
9.76298;
7.88178;
7.98858;
6.41303;
8.43927;
12.1088;
7.09584;
9.52438;
6.18584;
6.35243;
8.82744;
9.16097;
9.8609;
8.34477;
8.54011;
9.83185;
9.3869;
8.22129;
10.6683;
12.7147;
8.21583;
8.92046;
8.88131;
12.8781;
9.6642;
12.3675;
9.32232;
11.5756;
8.60961;
11.2885;
7.69337;
10.6834;
6.39721;
7.65753;
7.86298;
8.1678;
8.10927;
10.0003;
7.46853;
7.15118;
7.7336;
8.70021;
8.78528;
11.8166;
8.83109;
7.252;
8.34972;
8.44425;
9.47333;
9.26006;
9.32955;
7.97639;
8.9418;
11.5493;
9.46871;
8.13729;
5.24448;
8.90902;
9.41329;
8.93882;
11.4951;
10.8009;
11.5173;
8.60354;
8.99176;
9.34576;
9.48537;
9.37662;
7.96506;
9.78545;
4.77511;
7.69595;
9.41756;
9.53764;
10.0733;
11.8233;
8.72226;
8.82695;
8.2555;
8.47163;
9.39285;
9.21216;
9.07588;
9.66949;
9.12125;
9.46681;
12.3915;
8.1699;
9.39616;
8.44912;
6.48847;
9.82252;
12.7789;
10.6104;
11.5619;
8.23766;
9.22771;
13.3681;
8.80106;
12.8948;
7.13872;
8.65118;
10.133;
10.235;
9.33234;
9.87862;
8.02005;
8.90621;
12.4645;
9.91382;
9.22707;
7.19013;
10.0367;
7.35328;
6.20535;
9.62419;
8.60641;
8.52964;
9.84093;
13.0243;
8.85167;
11.9922;
10.5466;
7.81002;
9.12477;
8.73876;
8.24901;
9.08555;
8.72668;
7.56172;
10.2007;
3.38655;
8.25126;
8.39253;
9.58767;
10.0371;
9.78726;
10.7685;
11.18;
11.4935;
7.21883;
10.6081;
8.68366;
6.75265;
9.56896;
9.19349;
9.22427;
8.00747;
7.60043;
10.977;
9.74433;
8.68558;
9.37907;
9.70427;
7.50146;
9.37936;
7.82186;
9.61523;
8.32312;
10.2235;
7.70858;
8.935;
9.26576;
8.88854;
8.50192;
11.0128;
14.6562;
8.93762;
8.65838;
9.66427;
8.15364;
11.8473;
11.4487;
12.2614;
11.527;
8.43676;
9.96542;
8.69819;
7.97768;
6.02741;
6.85176;
11.2392;
6.07917;
10.6184;
7.62121;
9.02851;
9.61202;
9.50153;
7.73705;
9.22352;
9.29303;
9.74815;
10.2717;
8.48406;
8.54199;
8.9369;
9.51819;
7.43956;
11.2053;
8.86026;
9.14355;
7.99403;
6.50175;
9.66385;
9.22154;
10.7385;
10.4539;
9.13936;
8.47436;
9.00389;
9.05497;
7.05123;
8.70654;
7.32199;
9.93819;
9.34516;
9.77636;
10.4153;
8.45893;
11.1721;
10.1927;
9.93156;
7.59194;
9.48304;
9.20613;
7.83788;
10.3411;
5.44948;
11.6664;
10.7357;
8.85355;
11.9499;
9.68367;
12.0807;
6.9503;
8.04871;
8.99502;
9.34771;
8.33176;
7.75348;
8.81141;
8.9047;
9.18835;
10.2163;
10.7018;
8.28563;
9.76269;
8.84322;
9.70744;
8.58926;
7.52587;
13.4785;
8.18626;
10.1474;
7.97605;
8.03466;
10.4903;
14.679;
9.71572;
9.34857;
9.10029;
6.81983;
8.60646;
7.85431;
7.13437;
4.4895;
8.91915;
9.86751;
7.68425;
8.73806;
9.41208;
8.96366;
8.64722;
12.2591;
8.35954;
9.52838;
9.52377;
8.91587;
6.8246;
10.413;
9.28767;
9.57512;
6.10585;
8.93321;
10.1471;
12.0809;
7.72899;
7.64146;
8.83798;
7.60102;
9.23452;
8.06795;
11.1988;
12.3114;
6.44699;
9.12391;
8.95909;
8.58177;
7.46329;
8.36144;
10.3149;
7.69299;
12.2689;
10.1513;
10.6255;
7.73607;
8.28491;
8.70948;
6.79793;
7.54362;
9.00844;
8.75628;
7.77906;
11.2643;
9.99577;
8.81836;
8.1868;
12.0495;
12.1905;
6.35798;
9.70012;
6.26484;
9.94226;
8.5117;
6.76963;
6.56044;
8.11957;
10.1245;
9.54395;
9.55628;
12.1577;
9.53127;
9.62562;
14.1585;
10.4004;
11.1312;
7.8723;
9.00585;
13.1737;
9.90227;
11.382;
7.88475;
9.4049;
10.8728;
9.5776;
8.10369;
8.11282;
9.07866;
10.0321;
6.96456;
6.63385;
11.742;
8.03321;
11.0671;
11.4477;
8.55444;
9.09367;
7.82144;
4.93644;
8.01918;
8.6712;
8.57416;
7.75826;
8.73354;
9.48007;
9.60649;
11.6952;
10.5202;
8.02163;
9.21072;
9.17914;
9.00951;
10.9383;
9.23528;
9.36867;
11.0824;
10.9817;
8.73068;
9.40905;
7.83688;
11.3479;
8.87163;
10.9108;
7.59694;
8.35963;
8.27521;
7.86101;
8.40065;
8.14936;
8.42279;
8.40174;
7.763;
7.12671;
8.38261;
7.94878;
8.13901;
7.29911;
8.3145;
9.09119;
8.18328;
6.85136;
9.16658;
9.58241;
8.74396;
9.37904;
8.59384;
7.51164;
8.03427;
9.27131;
8.55707;
8.84372;
8.43888;
13.4093;
9.36012;
8.11346;
8.6862;
11.3534;
8.3471;
9.00742;
8.88537;
7.98006;
10.3387;
11.795;
4.22755;
9.59302;
8.85704;
10.9852;
8.99466;
7.98348;
10.6494;
8.17556;
6.99282;
11.671;
7.2133;
8.23294;
8.27222;
7.6709;
7.88577;
8.13963;
8.72023;
9.58701;
10.7966;
8.3757;
8.17709;
9.59734;
7.72434;
9.72659;
8.84397;
8.31797;
7.98551;
6.9058;
8.95688;
7.50184;
7.75693;
7.61385;
6.59185;
8.81681;
9.07356;
11.6641;
7.26696;
8.44733;
9.38824;
7.29496;
9.4522;
9.37051;
8.4;
8.00036;
8.02583;
8.14208;
8.02643;
8.29689;
7.94707;
10.3633;
12.2908;
9.75723;
7.43178;
11.5411;
7.51335;
7.82477;
8.18237;
8.0237;
9.76622;
7.31532;
8.01235;
9.5062;
8.54669;
8.72253;
8.74655;
8.03484;
8.22737;
9.0286;
7.59414;
8.36985;
8.83818;
8.77318;
8.01993;
7.48719;
8.99319;
8.53758;
8.58252;
7.62993;
10.0737;
8.75902;
8.36477;
9.23158;
8.12843;
12.5179;
8.93338;
7.82049;
8.66108;
8.52801;
11.191;
10.6915;
6.01594;
9.19778;
9.45409;
6.88675;
8.64745;
8.99572;
9.60664;
8.89567;
7.70292;
8.44584;
7.89538;
8.71369;
8.9633;
8.35652;
7.33238;
7.94448;
5.52514;
8.30029;
8.13587;
8.36579;
8.35416;
9.00861;
8.15214;
8.11666;
9.5785;
7.95632;
9.92253;
7.79058;
6.42044;
9.01052;
10.7332;
7.27873;
8.54706;
7.47972;
7.95137;
13.59;
9.8356;
6.02575;
12.2435;
10.8659;
12.5162;
10.1813;
9.89154;
8.21039;
6.94568;
8.51143;
10.0008;
10.659;
7.97495;
9.02135;
9.42772;
8.4911;
8.764;
9.71417;
7.906;
7.61596;
7.38269;
11.9579;
8.37771;
7.5188;
8.22233;
8.01642;
10.4549;
7.88263;
7.65783;
8.04127;
6.47862;
8.25694;
8.80052;
9.87715;
8.25181;
8.80285;
8.52833;
7.47901;
10.9804;
11.5209;
9.03244;
10.2002;
8.83193;
8.37795;
6.96583;
7.88276;
9.27653;
7.85664;
9.4263;
5.85969;
9.13963;
7.06427;
8.10967;
9.16826;
8.4902;
8.35722;
12.4599;
8.364;
8.54107;
7.57497;
9.37125;
8.24366;
8.96852;
8.21927;
8.11707;
12.7855;
8.40814;
8.70592;
8.69239;
7.11403;
7.41622;
9.24246;
7.75138;
8.87567;
10.09;
7.30405;
7.61166;
10.9779;
9.40682;
7.68624;
11.7286;
7.89578;
8.29041;
7.75623;
7.77854;
8.75937;
7.5502;
9.61266;
10.0775;
7.83458;
7.785;
9.76064;
9.11289;
7.69445;
10.227;
9.31343;
8.33152;
14.2878;
9.13522;
9.59275;
8.23904;
6.82043;
9.08786;
9.04448;
7.97512;
7.39488;
7.86259;
6.30933;
10.3737;
8.49822;
11.8611;
7.90874;
10.1209;
11.0536;
9.55926;
8.77426;
8.92291;
10.8911;
8.98809;
11.9651;
8.29957;
7.89493;
7.72672;
10.3158;
8.07016;
8.02554;
8.57185;
8.3338;
7.87465;
8.0063;
8.9563;
8.42653;
10.9894;
9.92412;
8.27796;
8.73085;
7.61468;
6.95021;
7.13975;
8.95964;
8.56545;
9.2473;
9.01216;
12.7622;
8.65324;
5.13828;
9.07561;
11.9052;
7.74993;
7.92222;
7.98482;
8.59141;
8.06296;
8.20623;
6.24268;
9.89031;
7.97352;
8.10564;
8.673;
8.11912;
7.88676;
7.96275;
7.79283;
9.1404;
8.10343;
8.21206;
7.60632;
9.2145;
7.64661;
8.6811;
9.87138;
10.8462;
11.0024;
15.1748;
8.77947;
8.26244;
10.5084;
12.9869;
7.07669;
7.61842;
12.5504;
7.68597;
8.16341;
7.85358;
3.97988;
8.83592;
12.557;
10.7753;
7.25853;
8.04995;
11.2617;
8.31029;
10.7905;
7.22586;
9.13892;
11.9222;
8.18041;
11.1671;
7.50516;
10.407;
9.53593;
7.9871;
6.91761;
7.92024;
8.10337;
7.94846;
10.2631;
8.05302;
9.4685;
11.1626;
9.59986;
7.87929;
11.5073;
8.79513;
9.27558;
10.3526;
8.54722;
8.0434;
7.65685;
7.90417;
10.7704;
12.0716;
8.19339;
10.0744;
10.2243;
6.89204;
8.41051;
10.3065;
8.25003;
8.51488;
7.37232;
11.6457;
8.99233;
8.97098;
8.28049;
8.02774;
7.59335;
8.26441;
7.07305;
5.79271;
12.3903;
8.98021;
11.6894;
8.35212;
8.56031;
8.00765;
13.9962;
6.77803;
8.1743;
10.8348;
10.8485;
7.83804;
7.75959;
9.99412;
7.814;
7.618;
8.05318;
8.41395;
8.37346;
8.46645;
8.04866;
8.13012;
8.47377;
7.49147;
11.6309;
10.5649;
9.60334;
7.68683;
7.77939;
8.95935;
8.24878;
10.5182;
11.9841;
8.63158;
7.43567;
7.53403;
8.33317;
10.7868;
9.70892;
8.26488;
12.4591;
8.47844;
9.19552;
9.33007;
7.69464;
9.60007;
8.59668;
8.12891;
6.65142;
7.83734;
9.48272;
11.2017;
7.62444;
7.37763;
9.36766;
10.0669;
8.27217;
7.87347;
8.6621;
7.86273;
7.79706;
8.28695;
8.05409;
12.7602;
8.62182;
8.70828;
7.22964;
8.23211;
7.65939;
7.83795;
7.13475;
6.94865;
8.63374;
7.61861;
10.507;
7.82703;
8.16143;
7.93503;
8.15452;
6.98727;
7.13685;
8.92075;
7.93673;
8.27265;
7.35323;
8.77644;
8.49714;
9.99055;
7.89318;
7.26422;
7.68843;
8.71649;
7.69997;
7.00006;
9.22818;
9.55338;
7.79633;
6.98492;
9.89474;
10.2015;
8.06948;
6.79776;
10.3405;
10.5135;
4.86415;
8.72956;
7.86981;
8.86936;
7.86431;
7.67038;
9.91687;
5.30328;
10.386;
10.6305;
7.51632;
7.78839;
8.16071;
9.04539;
10.0519;
7.5143;
7.79703;
7.778;
8.22352;
7.00166;
7.74578;
7.77543;
7.59481;
9.94609;
8.8373;
12.2241;
9.22821;
8.86366;
9.161;
8.75198;
7.38227;
7.47801;
7.36651;
6.42892;
7.93;
8.11282;
7.56897;
8.65847;
8.21608;
10.117;
9.59613;
6.76291;
6.73437;
8.2992;
10.4474;
11.2313;
8.90917;
11.0152;
10.5249;
7.85916;
8.74936;
7.92516;
7.62822;
8.01256;
7.97625;
8.04574;
12.345;
9.32428;
8.13357;
9.80237;
6.88051;
8.20968;
7.4477;
9.56078;
8.26415;
8.37402;
8.50487;
7.42373;
10.1167;
8.47619;
7.69709;
6.531;
8.08584;
7.74538;
8.63799;
6.30099;
9.88679;
10.9831;
10.3617;
8.67919;
8.17768;
11.2998;
13.2492;
6.68273;
8.59885;
7.96642;
5.25466;
6.69953;
6.51645;
9.07737;
8.06316;
7.70658;
8.4126;
7.94952;
7.85916;
7.34312;
7.13157;
7.46101;
8.39378;
11.3153;
6.03789;
8.85476;
7.87353;
8.8225;
8.16722;
9.29504;
6.64129;
8.19978;
13.1734;
8.97618;
8.92403;
10.3376;
7.48;
7.46282;
5.79575;
12.465;
11.05;
7.11601;
8.11368;
11.1558;
8.68841;
9.32995;
12.3871;
9.4196;
6.95742;
9.64581;
7.52932;
8.868;
8.81789;
8.54418;
7.47882;
10.0661;
8.72406;
10.1024;
7.88995;
10.4234;
9.20411;
8.60143;
7.91588;
10.1858;
11.0978;
7.22921;
8.61668;
7.62094;
7.24872;
7.71691;
8.94295;
7.97976;
8.41664;
5.00198;
8.29089;
8.07789;
11.4334;
7.37254;
8.06059;
7.70953;
8.59328;
7.9307;
10.4449;
9.90666;
9.70232;
10.7439;
12.795;
7.12069;
10.4969;
10.3294;
6.81756;
7.68946;
7.82901;
6.66531;
10.6161;
13.3856;
9.83217;
9.10595;
8.21869;
7.2926;
8.78134;
7.47971;
7.46632;
7.32052;
10.8185;
10.4559;
7.00702;
11.0962;
6.87185;
7.6771;
10.0193;
8.23468;
9.6514;
7.58017;
7.60809;
7.47927;
7.31887;
6.90348;
7.74062;
10.4094;
7.98161;
8.66461;
8.90641;
8.27514;
8.29608;
7.61523;
8.43829;
7.3311;
9.87778;
7.68564;
7.32102;
6.94271;
6.96351;
11.2305;
8.59664;
8.14024;
8.19476;
5.80652;
10.6497;
12.0563;
9.28571;
10.8758;
11.5851;
6.01717;
10.0324;
7.65981;
7.76802;
7.36517;
11.673;
12.4505;
6.69357;
7.86004;
7.15939;
9.25653;
8.26007;
11.108;
8.50986;
10.3509;
12.4194;
9.13342;
8.35145;
6.89771;
9.9387;
8.12553;
7.17826;
6.67699;
7.54497;
8.99892;
8.23264;
7.6741;
9.01947;
7.77706;
7.54457;
7.24954;
7.03263;
7.19039;
7.12802;
7.53419;
7.86204;
7.61472;
5.79118;
7.92352;
8.16498;
9.97623;
11.3221;
9.46654;
8.32308;
7.04098;
7.28163;
7.22265;
7.84742;
8.56509;
10.3915;
10.6509;
8.31737;
7.23011;
7.29296;
11.5704;
6.84936;
7.42879;
7.38813;
7.45323;
8.8341;
10.4193;
6.98215;
8.22902;
6.08777;
5.56697;
8.16201;
8.02567;
8.475;
9.23915;
8.37195;
12.7746;
9.68804;
11.2866;
7.99138;
10.9265;
7.67005;
9.00232;
7.89949;
9.08528;
8.68259;
7.46176;
13.6913;
8.21961;
7.66393;
7.08728;
7.10897;
6.56158;
8.37867;
7.12958;
7.58957;
8.90255;
7.88152;
10.8196;
7.42263;
8.29505;
7.71802;
6.97064;
7.20767;
9.68915;
6.97156;
9.05771;
10.1422;
8.38118;
8.75855;
7.85019;
7.84035;
6.69443;
7.35729;
9.60655;
7.60579;
9.98681;
7.51154;
8.41252;
7.57026;
9.03645;
7.1842;
8.64003;
7.62827;
8.56828;
5.52724;
11.8055;
7.95513;
8.2038;
7.8793;
6.64374;
11.6534;
7.50006;
7.32258;
7.50948;
7.4331;
7.45774;
10.4466;
7.34138;
7.43843;
6.89967;
6.90656;
7.66725;
7.3836;
10.5796;
7.70172;
7.60303;
8.08195;
8.65866;
10.4847;
7.61909;
9.08805;
9.60264;
11.6255;
7.30469;
7.02337;
10.454;
8.76758;
8.53216;
8.28853;
6.78797;
7.72736;
7.19589;
6.6436;
9.88743;
6.65645;
9.49803;
6.62753;
7.36459;
7.25089;
6.87666;
7.65094;
8.40676;
6.92484;
10.6509;
10.783;
8.69568;
7.32182;
7.06002;
6.88725;
6.65744;
7.15529;
7.03454;
7.59359;
10.1494;
9.00511;
9.51599;
7.0281;
6.67981;
7.21399;
8.15823;
11.2695;
7.39485;
7.9094;
6.91462;
6.56878;
10.1662;
7.45169;
6.93912;
10.116;
7.15146;
7.23244;
8.87706;
6.93246;
10.2335;
6.76682;
10.2182;
7.75072;
8.95446;
7.47292;
7.11835;
7.49693;
7.81346;
8.69207;
7.27663;
9.25042;
10.7116;
6.46246;
6.91211;
7.21267;
9.31319;
7.99929;
8.09326;
4.64376;
7.24914;
10.8957;
9.91316;
8.16426;
8.06571;
7.72479;
7.55011;
8.0909;
6.61609;
12.9228;
13.8833;
8.01568;
8.10686;
6.47972;
10.2274;
8.92322;
5.1304;
7.05927;
7.98272;
7.71567;
8.82266;
7.03425;
7.24888;
8.51956;
7.17015;
7.50374;
10.7573;
8.04784;
7.36366;
7.521;
7.0837;
7.65472;
7.17719;
8.47166;
6.16254;
7.13625;
9.54311;
11.3223;
6.61719;
8.77462;
10.3055;
7.45911;
7.18579;
6.8854;
7.54321;
7.86875;
8.69949;
9.41712;
8.91823;
8.94057;
7.44342;
7.96931;
8.71058;
6.71939;
7.38766;
6.99173;
6.81857;
7.40361;
7.08078;
9.78288;
8.95729;
8.28689;
7.23233;
7.08647;
8.96193;
11.075;
7.65246;
9.97595;
8.7937;
9.14947;
9.1482;
7.01928;
7.17293;
7.49746;
7.40991;
6.94237;
7.55379;
7.34782;
6.6629;
9.93236;
7.56551;
9.21609;
8.45331;
7.52654;
8.18869;
6.70438;
7.62421;
7.27994;
5.95059;
9.62366;
5.83661;
6.09725;
8.43697;
6.6124;
7.18071;
7.28988;
10.8926;
5.29908;
10.2575;
11.0687;
10.1751;
7.12692;
7.31808;
6.56942;
9.84647;
7.31186;
6.57922;
9.18678;
8.24411;
6.89368;
5.65148;
8;
6.81334;
6.92162;
7.2717;
10.1561;
7.39625;
6.90943;
8.45262;
7.04965;
8.32597;
7.11011;
7.44325;
7.52356;
7.15898;
5.25656;
6.87551;
10.6236;
9.19471;
6.79488;
6.93166;
7.43252;
6.75363;
9.01056;
6.83305;
7.01891;
7.10035;
9.39593;
11.5654;
7.38404;
7.26009;
7.74501;
6.57497;
7.11785;
10.5614;
6.67062;
6.33473;
6.88448;
7.43944;
6.81477;
10.5848;
11.2805;
7.56534;
6.18189;
6.75916;
9.94219;
10.7332;
13.1603;
10.914;
8.27484;
7.7233;
8.61701;
6.99629;
7.05522;
9.68677;
7.00306;
10.0393;
10.9736;
11.1515;
8.01303;
9.85295;
7.30835;
11.4188;
10.6707;
8.87726;
7.45029;
10.1136;
10.5912;
9.82465;
7.0862;
6.32129;
6.89594;
5.66264;
10.3845;
7.07444;
7.02173;
7.71918;
8.04975;
9.02102;
9.5033;
10.8145;
6.98537;
9.21686;
9.41402;
7.48952;
7.36487;
7.50893;
7.75196;
8.82819;
8.78639;
8.26143;
6.27318;
6.61402;
11.0638;
6.90382;
8.9305;
10.409;
7.68557;
10.7156;
8.77435;
8.21765;
7.96377;
6.50633;
7.68119;
9.13058;
7.71133;
6.49254;
6.89948;
9.24735;
8.34379;
7.08683;
8.84244;
6.22957;
6.83061;
4.5928;
8.28791;
9.8274;
8.09205;
8.59826;
6.82823;
8.1313;
9.56518;
7.27675;
8.27487;
10.2135;
9.0091;
9.87711;
11.0868;
8.81142;
9.67207;
6.49885;
6.46953;
8.53907;
8.05705;
6.82337;
5.74605;
5.14855;
7.15498;
7.78614;
7.99183;
6.90853;
7.44226;
5.71011;
10.1013;
10.4473;
8.09459;
10.4961;
6.9279;
4.76861;
9.75449;
6.41497;
7.19228;
9.58642;
9.45729;
7.37793;
6.97709;
7.43711;
5.73472;
7.49579;
9.52774;
7.0827;
9.6669;
7.92667;
7.68089;
9.83626;
5.55825;
5.92113;
8.33231;
9.55301;
9.15163;
8.24551;
7.00456;
9.35654;
5.34925;
9.57102;
6.92298;
8.34368;
8.81569;
6.17996;
10.0044;
6.74096;
6.79018;
7.9697;
8.48287;
7.37947;
7.32241;
6.59919;
6.72807;
6.0876;
7.45497;
7.5237;
6.81129;
6.97866;
6.51998;
7.59778;
6.14775;
5.69101;
8.95527;
8.36254;
7.25475;
7.20969;
8.6811;
9.65261;
6.68387;
7.33888;
5.04686;
6.61814;
7.69622;
6.45878;
6.27832;
8.38331;
7.20292;
7.25762;
9.22081;
6.27457;
6.358;
9.97637;
6.99421;
7.24819;
6.91553;
7.00446;
4.68703;
8.99011;
5.21487;
6.4612;
5.03779;
6.96962;
7.67196;
5.99094;
8.86667;
7.63704;
5.84354;
6.74513;
8.04686;
7.21194;
7.08302;
8.00381;
6.12991;
8.14087;
9.90676;
7.36347;
5.65922;
8.09219;
7.01703;
9.10537;
8.00326;
9.18926;
6.93652;
5.94524;
6.53492;
7.84657;
7.13326;
6.63662;
6.40188;
7.19804;
6.53587;
7.14282;
7.34994;
6.82342;
5.5547;
6.97206;
6.95951;
6.91453;
6.47355;
8.74974;
7.11387;
6.47431;
6.81499;
8.73046;
6.01736;
11.2493;
6.94799;
9.00894;
7.56974;
6.51501;
5.33074;
8.07075;
7.50719;
6.97359;
8.62313;
7.45455;
9.45474;
6.75728;
10.091;
8.46999;
7.2885;
6.01214;
11.4141;
9.48594;
6.93584;
6.27267;
5.26308;
8.8629;
6.29382;
6.29074;
7.63636;
8.05467;
4.82936;
8.54817;
8.45607;
11.5035;
9.09326;
6.22594;
7.59795;
7.91109;
9.09284;
6.71232;
7.1435;
8.2146;
8.41737;
9.15938;
6.14009;
7.72036;
6.74301;
7.06201;
6.72713;
5.85401;
9.04419;
6.5911;
7.87906;
7.15827;
10.3626;
7.25593;
6.81586;
10.0161;
7.38257;
6.28463;
6.63146;
5.42784;
6.92452;
8.56577;
6.25558;
10.5908;
6.41805;
5.8597;
6.82588;
6.45823;
6.85894;
7.2987;
6.37487;
7.13825;
7.34694;
6.9893;
6.34977;
6.46275;
7.84519;
7.60581;
8.04397;
6.41704;
7.46709;
6.88869;
9.24524;
8.05474;
5.26269;
12.3076;
8.23647;
10.5324;
6.03753;
6.84016;
9.02638;
8.19847;
6.63242;
6.52834;
6.24976;
8.93771;
9.05166;
8.54687;
6.47039;
6.68791;
7.9092;
7.80186;
7.94734;
6.55502;
7.07803;
7.68485;
7.40264;
9.17125;
11.1717;
6.75983;
10.0295;
9.07483;
10.8307;
6.95236;
6.15865;
5.93851;
6.92978;
6.18114;
7.28075;
9.43165;
8.29535;
7.52743;
4.16567;
8.91577;
6.93669;
6.00783;
7.27969;
6.53851;
7.76057;
6.97269;
5.13672;
8.39422;
6.8393;
6.02447;
7.22954;
8.73081;
6.53706;
8.11353;
7.32975;
7.03884;
6.0528;
8.54013;
7.3293;
6.99739;
7.4559;
7.09043;
6.96734;
7.47745;
5.78262;
5.79741;
10.4696;
6.48755;
7.21957;
8.865;
8.40703;
5.56394;
6.66396;
8.7976;
5.46989;
6.97769;
8.06718;
6.1688;
7.16809;
7.78936;
6.71684;
5.18033;
9.88553;
8.32817;
7.19539;
7.48452;
6.74611;
4.8732;
8.78551;
8.65417;
7.29101;
6.66624;
8.64132;
7.8275;
8.05964;
5.85663;
7.59406;
6.86032;
7.96038;
4.78207;
9.28047;
4.94459;
7.27127;
6.93038;
7.98757;
8.19889;
4.53988;
7.12462;
8.73909;
9.45602;
7.20446;
5.76077;
8.45836;
6.53453;
4.08142;
6.52022;
9.43264;
6.81226;
6.97719;
8.77928;
7.10587;
4.38229;
8.39503;
6.99904;
7.45088;
5.38922;
5.07737;
7.37817;
9.34587;
7.00007;
6.15868;
8.4076;
7.62686;
6.04887;
2.6954;
6.65418;
6.75051;
4.25861;
7.63083;
6.90769;
6.6984;
6.23074;
10.6851;
6.06576;
7.2482;
7.69664;
7.42994;
4.99317;
6.40671;
6.23408;
8.22402;
8.05722;
8.47414;
7.3916;
7.06683;
4.38338;
7.5703;
7.75328;
7.74466;
7.64812;
8.09228;
6.12148;
6.50467;
9.40219;
7.25136;
5.37815;
6.71603;
6.74774;
7.78591;
4.76742;
7.64467;
5.45884;
5.65841;
6.82113;
5.9796;
9.1844;
8.69673;
5.87613;
6.1855;
5.74073;
5.08479;
6.02012;
6.16208;
7.94866;
6.41555;
7.16231;
8.03559;
8.39935;
8.53984;
7.47782;
6.34159;
4.76186;
6.63637;
5.98872;
6.16315;
7.24227;
5.93268;
4.42036;
7.0002;
6.99355;
4.06246;
8.62708;
4.05741;
6.86574;
7.23321;
6.84622;
6.9828;
6.53429;
6.97044;
4.58935;
4.63124;
9.21668;
5.84574;
6.76194;
6.85781;
4.41929;
7.86381;
5.82941;
4.59504;
4.74601;
7.36038;
8.11289;
6.39395;
6.05919;
8.88857;
7.81824;
6.24789;
7.28019;
4.60066;
8.45017;
5.495;
4.14753;
7.97187;
8.99491;
8.41297;
7.92075;
6.62892;
6.58523;
4.5333;
4.99053;
8.11789;
6.8272;
6.38355;
7.19672;
8.99204;
7.26236;
6.79502;
7.0499;
4.34659;
4.85994;
6.65777;
10.7034;
4.92307;
6.40771;
6.59189;
6.72554;
6.7193;
7.28406;
7.23188;
6.31322;
8.15747;
6.0341;
8.76725;
8.90325;
5.11313;
5.60184;
8.06669;
6.28854;
4.68886;
5.45047;
6.75694;
8.02463;
3.20465;
5.55266;
5.47913;
7.39623;
6.0458;
6.084;
5.63559;
9.40684;
5.74373;
5.56307;
4.83607;
6.57157;
6.90235;
5.44959;
5.93324;
6.00518;
6.03617;
7.64414;
6.40421;
5.5783;
5.63355;
5.95161;
6.61115;
9.97137;
3.37903;
5.83851;
5.54083;
5.09334;
6.77293;
7.1353;
4.86255;
9.21237;
6.7423;
3.77103;
6.67588;
6.17897;
6.39426;
8.73673;
7.07651;
3.72748;
6.16388;
8.90741;
7.5889;
4.67959;
5.24591;
4.24684;
7.30705;
7.20098;
6.19343;
6.12411;
6.48428;
7.02166;
6.16756;
5.76934;
3.83945;
6.1041;
7.16667;
5.54472;
6.68652;
6.24341;
6.31264;
8.26539;
5.46746;
8.777;
7.01023;
6.11143;
5.82153;
6.5069;
6.25432;
8.01392;
3.37072;
5.23138;
5.23635;
5.78035;
7.08407;
6.44447;
7.50329;
4.8342;
6.45526;
7.28402;
5.38772;
5.13566;
7.11909;
7.70247;
5.90325;
5.76903;
6.37645;
6.45879;
4.69341;
9.54201;
7.86841;
4.67768;
7.12347;
5.59412;
3.65786;
6.27201;
6.01555;
5.4778;
6.12598;
5.87867;
7.66793;
8.55445;
5.6343;
6.09845;
7.10496;
6.01591;
5.91245;
7.25242;
3.07264;
6.27642;
5.33725;
6.78476;
7.62723;
7.61475;
6.50236;
6.37042;
6.8272;
8.09721;
6.55878;
8.83627;
5.45686;
5.75559;
6.35071;
5.01457;
6.14875;
7.46822;
9.07291;
4.1339;
5.67996;
6.53868;
5.41237;
7.11059;
6.38082;
7.36412;
7.88542;
6.23644;
5.9093;
6.50295;
6.31547;
5.42392;
5.88743;
6.46875;
6.41886;
5.33446;
6.74493;
8.23659;
5.57487;
5.98257;
7.39774;
5.32659;
6.14376;
4.34297;
7.59071;
4.64937;
6.56268;
6.6801;
5.6301;
8.11927;
5.52538;
4.19615;
6.13186;
5.97464;
6.32698;
6.88904;
5.70082;
5.90097;
4.32251;
5.68249;
7.14913;
5.77093;
6.60123;
5.47221;
6.4693;
4.63381;
4.68397;
4.44323;
4.85411;
6.13843;
8.21553;
9.30953;
6.47116;
3.78876;
4.24062;
4.84977;
6.65268;
8.55363;
3.65144;
7.93588;
3.45141;
5.80118;
5.05588;
5.72895;
7.84119;
5.06998;
4.98461;
7.33054;
5.57052;
6.70316;
9.2743;
5.36321;
3.72191;
7.65427;
6.0702;
3.56009;
7.25533;
6.12392;
6.38078;
5.07089;
6.17893;
5.5322;
9.20219;
6.13105;
4.634;
6.56873;
6.69217;
5.85087;
5.13728;
5.52866;
8.21167;
5.51671;
6.44604;
8.73008;
6.21268;
4.69636;
4.83608;
6.19242;
5.59025;
6.601;
3.53017;
5.19684;
5.5299;
4.5822;
4.6814;
4.1372;
6.26605;
5.72128;
5.44954;
6.6237;
5.22484;
3.58941;
5.64513;
6.4525;
6.00489;
5.20722;
4.68078;
4.89995;
4.9914;
7.66482;
6.96463;
4.40697;
6.38583;
8.50804;
5.52833;
6.20039;
5.82237;
6.76867;
5.143;
9.80862;
4.5492;
7.27854;
6.01269;
6.36366;
5.62574;
5.92103;
4.9196;
7.52598;
5.12322;
5.95323;
4.54185;
4.10712;
6.25519;
3.94434;
5.72165;
6.61023;
8.12906;
6.17527;
5.69241;
5.3879;
5.83971;
6.10366;
5.79178;
6.30289;
5.79908;
5.8669;
5.90554;
4.86441;
4.28485;
5.203;
6.3465;
6.52205;
5.84065;
6.16451;
6.84009;
6.29209;
4.53626;
6.36251;
6.50579;
5.39312;
5.63053;
6.36238;
6.12909;
3.23254;
7.24148;
4.65625;
5.0493;
6.56353;
4.13367;
6.25031;
6.01636;
5.23637;
4.10038;
4.47088;
4.08561;
5.4121;
8.3966;
5.17939;
5.55775;
3.99712;
6.19644;
6.89014;
5.76165;
6.87416;
3.4728;
5.9946;
4.44502;
3.56303;
6.0139;
6.08029;
6.39547;
9.5849;
6.87166;
6.07049;
4.56444;
6.09163;
6.13739;
5.15406;
7.00874;
7.10735;
3.65915;
5.26186;
7.20049;
5.19784;
5.42563;
5.83668;
4.81784;
5.15398;
5.40729;
6.43934;
5.9447;
5.87594;
6.95919;
6.02655;
5.58601;
6.32842;
4.48357;
3.87359;
5.30206;
6.1178;
5.3668;
4.97972;
4.07355;
5.77672;
6.00854;
4.28145;
5.06606;
5.02261;
4.91757;
6.94817;
5.36284;
5.1635;
5.30655;
5.7124;
6.62339;
6.48141;
6.43488;
7.35726;
6.61853;
4.56408;
8.0646;
3.86299;
4.75928;
6.09951;
3.86751;
4.16925;
4.11274;
6.63258;
5.20173;
4.06412;
5.28681;
5.88583;
6.35986;
6.38852;
5.80112;
6.72382;
6.20286;
6.19245;
3.54398;
4.59628;
6.72773;
6.04602;
3.47177;
6.52073;
6.92488;
7.74644;
3.91801;
6.0875;
5.9194;
7.69699;
4.47117;
6.87692;
7.14046;
4.94733;
5.91957;
4.47048;
4.93811;
4.68726;
6.63836;
6.29769;
4.47317;
3.65068;
5.65039;
5.29392;
6.24621;
6.01975;
5.73831;
5.12135;
4.0567;
6.15222;
5.53285;
4.23113;
6.3255;
5.51286;
6.17944;
4.51229;
6.38659;
4.5099;
3.69648;
5.8203;
5.26323;
6.10168;
6.89351;
5.17748;
6.26583;
5.37325;
4.95463;
8.06508;
5.27055;
7.93059;
5.34489;
4.44347;
5.38638;
4.09176;
6.338;
6.67928;
6.2087;
6.79929;
8.04569;
6.75686;
8.72508;
4.76224;
5.41719;
4.10808;
4.88566;
7.86558;
6.93396;
4.14053;
7.42931;
6.18231;
5.95666;
6.93251;
6.32919;
4.83741;
3.48919;
6.77022;
5.63998;
5.06674;
6.96562;
5.72246;
4.98878;
4.0642;
5.55278;
5.65088;
5.43545;
5.17879;
4.71497;
6.53915;
4.7843;
5.84009;
5.11056;
6.14713;
6.54867;
3.67239;
5.94041;
5.91416;
7.53881;
6.83856;
6.54121;
4.52428;
5.19934;
7.26047;
4.52099;
6.01285;
3.43958;
6.99618;
7.79;
6.32845;
5.85106;
5.38391;
2.91334;
5.53746;
6.51874;
4.10487;
4.71276;
4.851;
7.70685;
5.25236;
5.72077;
7.36536;
5.67676;
7.71122;
5.31913;
4.9638;
3.98434;
4.49223;
3.96782;
4.50497;
7.54604;
5.82447;
7.17937;
4.40282;
3.91147;
5.80887;
4.85566;
4.01261;
3.08407;
6.59529;
3.93246;
3.18783;
3.77063;
4.97692;
6.02125;
7.14468;
4.08329;
4.07593;
4.25623;
6.02416;
4.74183;
4.54398;
5.34992;
3.35776;
6.20846;
4.96979;
7.50247;
6.49194;
3.8138;
5.80594;
3.40656;
4.82342;
6.21905;
6.09571;
6.92863;
3.44799;
5.11266;
4.62622;
3.92267;
6.62864;
3.90296;
5.07456;
2.92264;
6.95267;
5.7099;
5.27926;
6.1439;
7.7089;
3.68272;
4.99237;
4.64425;
6.2878;
4.94942;
5.84478;
6.41011;
3.33322;
5.40671;
6.44913;
6.11682;
4.55782;
4.05153;
4.02524;
5.85996;
5.23752;
3.79754;
6.15826;
5.73196;
3.54994;
5.29352;
5.35692;
3.10148;
4.16394;
4.16778;
5.18699;
4.7586;
4.01711;
4.88729;
4.54386;
6.14736;
6.31775;
5.25158;
5.38667;
7.65425;
5.40433;
3.43775;
5.98095;
5.58979;
5.88704;
5.12882;
6.53963;
4.40705;
5.25311;
6.12115;
5.00961;
5.40336;
3.99833;
5.46893;
3.51182;
5.98653;
5.74683;
4.10742;
3.70033;
4.88433;
3.87867;
3.64068;
4.18108;
6.42211;
3.41262;
5.63072;
3.21476;
5.79277;
5.37181;
5.66175;
6.13772;
6.33083;
4.11764;
5.83768;
5.78575;
5.72473;
7.02224;
4.43662;
6.45996;
2.23407;
5.35277;
4.65192;
6.6877;
4.76993;
6.05615;
5.38884;
6.33359;
4.38782;
5.88541;
6.68375;
3.82276;
3.75561;
4.23667;
3.70824;
3.1061;
6.04857;
4.21311;
6.59061;
5.84467;
8.03584;
5.63188;
4.78072;
5.34677;
4.26436;
7.14615;
6.29773;
4.50037;
4.34371;
4.53279;
5.59006;
4.59612;
4.37629;
4.55972;
5.86648;
3.26877;
2.54211;
6.48181;
3.8333;
5.42638;
5.39633;
5.84469;
6.56778;
4.16471;
5.04997;
6.49566;
4.89994;
6.19481;
3.03659;
4.2366;
6.1859;
6.86153;
3.52197;
6.3742;
4.87345;
2.62579;
4.12733;
4.70067;
4.89477;
6.2513;
4.6695;
3.88244;
5.92822;
4.92724;
4.10315;
4.28364;
4.27601;
4.61831;
6.08845;
6.30596;
4.67757;
4.82127;
6.41306;
5.22971;
4.53673;
6.66486;
3.76288;
4.55059;
4.29027;
3.89738;
6.50261;
6.85475;
5.25669;
5.12444;
3.89157;
3.32803;
3.68222;
4.88068;
5.75719;
3.447;
6.39114;
4.49059;
4.29527;
3.66943;
4.7506;
4.97018;
4.18271;
3.42793;
5.02987;
3.32585;
6.27149;
6.65448;
3.88571;
5.83795;
4.90657;
4.43146;
4.31544;
3.38418;
4.57405;
3.86938;
5.5087;
2.47216;
6.40405;
4.19701;
4.66935;
5.94385;
4.16203;
3.5921;
3.86116;
4.55223;
5.07614;
4.00362;
3.25427;
6.3008;
5.95012;
3.66017;
7.24809;
5.80012;
3.88798;
6.37822;
3.67756;
5.4682;
7.49448;
3.01292;
2.80419;
5.81093;
4.32837;
6.57337;
6.61897;
5.61274;
4.29051;
5.98845;
4.01827;
3.67863;
4.30744;
2.63861;
5.24287;
5.71337;
6.32062;
5.24445;
5.95007;
4.50975;
5.45399;
4.6518;
4.30733;
5.79056;
5.78138;
3.7346;
4.1639;
5.83905;
4.46096;
3.24358;
6.00506;
4.14507;
6.45932;
5.83358;
2.1473;
5.06433;
5.12391;
2.92695;
5.3572;
6.39699;
3.39816;
4.67205;
4.19819;
5.57116;
3.35965;
5.11799;
4.12254;
4.28108;
4.48962;
2.35927;
3.28606;
6.41304;
3.84444;
5.92891;
4.17292;
7.45614;
3.95412;
3.65827;
2.44056;
2.81528;
5.99971;
2.99577;
6.38333;
5.7513;
5.06099;
2.79689;
5.37411;
5.82639;
5.75042;
3.72438;
3.92356;
5.25163;
3.1114;
6.48667;
5.77406;
4.13816;
6.62566;
6.1775;
6.0105;
5.07689;
5.00136;
1.86949;
2.40444;
7.80422;
4.58062;
5.30308;
2.95287;
4.08428;
3.55318;
5.21188;
4.51819;
6.08749;
4.09408;
1.85326;
5.40247;
4.43598;
4.27527;
4.85506;
5.24657;
5.84024;
5.73043;
5.86333;
3.98407;
2.47514;
4.43585;
3.01292;
6.1971;
4.29359;
4.42708;
4.3497;
5.0257;
6.38397;
4.81301;
4.36126;
2.52689;
2.71635;
4.76971;
6.82583;
5.13039;
4.56082;
7.10469;
4.0976;
2.24461;
3.34245;
3.52828;
3.52113;
4.55547;
4.24364;
4.08081;
3.37497;
4.23298;
2.6529;
4.73604;
5.69253;
3.41084;
4.27177;
4.74478;
4.86258;
6.43097;
4.99576;
3.69595;
6.80254;
2.39399;
4.73177;
3.88472;
4.4432;
3.95667;
3.83716;
3.81307;
3.26038;
6.10999;
4.33555;
3.93781;
5.35552;
4.03574;
3.84412;
3.76441;
5.44228;
3.24586;
3.66712;
6.53749;
4.38422;
5.01631;
6.23497;
5.47558;
3.98503;
3.59109;
4.25553;
4.43458;
3.83177;
6.48887;
4.36042;
6.22246;
6.89934;
3.37874;
2.36205;
3.24554;
3.17675;
2.0769;
2.55919;
5.11179;
3.6139;
3.68172;
2.82621;
6.04492;
0.961279;
4.59605;
6.04546;
2.79478;
8.53203;
2.26998;
2.81978;
4.48638;
3.39726;
4.4353;
3.0001;
6.79984;
5.15007;
5.05662;
3.42515;
3.91094;
3.99042;
4.1263;
6.19329;
5.71474;
4.67079;
6.22457;
7.07008;
2.24071;
3.94273;
8.06325;
4.94855;
5.64698;
6.77743;
5.0255;
5.0792;
4.40261;
3.06333;
5.76343;
2.81364;
1.78793;
6.34338;
4.91548;
5.58334;
3.47212;
6.59731;
4.69399;
6.27791;
2.11669;
5.65202;
4.67083;
3.84162;
5.66264;
3.25464;
3.75389;
3.24302;
2.71877;
3.28652;
3.66327;
6.52725;
3.38073;
4.74082;
3.35797;
3.16663;
3.65247;
1.58516;
3.57145;
2.6269;
3.19813;
3.5728;
4.62877;
4.58952;
4.32584;
2.11701;
3.7897;
2.85373;
6.18404;
3.86543;
6.06059;
4.03746;
4.92315;
5.17757;
4.80042;
2.66534;
4.83084;
1.4293;
1.52016;
1.8649;
3.80151;
7.72019;
4.95756;
3.65513;
4.49235;
2.10872;
4.13877;
3.21175;
7.14365;
2.86126;
2.87418;
4.46435;
3.5754;
3.1466;
5.99351;
3.97783;
3.18203;
4.71068;
3.77781;
6.2968;
2.9992;
4.62946;
5.65363;
5.51911;
4.68027;
5.3714;
3.92042;
5.34135;
6.97039;
5.40882;
3.01333;
2.97248;
3.32212;
1.80558;
2.14349;
3.2059;
3.32624;
4.93516;
4.01521;
3.81004;
3.03403;
3.64969;
2.93528;
3.02125;
5.78994;
4.03749;
6.43055;
4.32453;
3.73798;
3.2082;
5.17745;
5.26864;
4.61393;
3.8773;
5.5378;
4.4073;
3.82027;
6.72618;
3.8833;
4.20941;
3.56315;
5.97165;
5.8174;
3.9202;
4.38011;
3.35194;
4.72473;
3.488;
3.59306;
4.54645;
3.23202;
6.31546;
5.03439;
3.01096;
2.92898;
3.44534;
3.23061;
3.593;
5.96046;
5.22702;
3.8352;
2.48839;
3.07202;
2.6413;
5.27995;
3.40902;
4.87277;
3.53309;
4.89245;
2.79288;
5.29457;
5.69645;
5.81927;
3.79889;
4.01624;
5.85047;
4.78069;
4.1332;
4.29221;
4.07043;
3.74419;
4.62761;
2.75753;
6.36346;
6.63335;
4.91329;
3.74458;
4.12515;
5.20814;
6.1474;
6.45188;
3.20288;
4.06484;
2.7692;
1.34061;
3.75631;
4.43431;
4.06968;
2.88018;
4.44297;
6.21841;
3.53368;
3.42755;
4.05058;
4.26145;
5.36555;
4.48117;
3.23313;
3.34301;
4.03244;
4.50763;
3.54331;
5.3874;
5.2776;
6.3317;
1.37719;
2.15985;
2.09811;
3.71554;
3.55442;
4.24064;
1.85022;
4.26493;
2.06678;
3.96546;
4.26643;
3.51443;
3.34856;
6.0524;
4.19059;
3.20766;
4.16888;
2.61235;
4.4463;
4.14206;
1.55148;
4.06101;
0.998834;
5.32932;
5.74703;
2.19999;
5.86817;
3.62573;
3.60072;
2.42319;
3.24663;
1.12423;
5.22826;
4.26269;
2.00375;
2.7466;
4.94271;
4.80901;
3.23297;
3.50983;
2.84704;
2.91407;
4.08019;
6.18754;
4.65283;
6.19959;
3.43241;
4.22698;
4.36791;
3.34445;
5.20923;
2.88011;
4.98365;
2.66376;
3.57218;
2.91123;
2.3107;
4.6875;
3.35408;
1.01848;
4.8631;
3.27955;
3.17008;
2.89728;
6.29428;
6.68628;
3.36701;
2.33125;
4.09622;
3.51064;
4.01766;
3.17044;
5.96381;
3.29413;
2.57155;
3.9284;
4.30606;
6.45998;
3.37644;
1.70292;
3.36918;
3.32373;
3.33988;
3.12552;
5.73693;
4.09425;
2.30274;
2.0734;
3.41314;
5.84404;
2.70706;
4.01301;
3.4303;
5.99967;
3.68172;
2.77475;
3.35969;
4.11026;
4.74344;
4.22324;
2.83503;
4.10652;
6.03161;
6.18596;
3.16635;
4.25145;
2.4486;
4.10733;
6.4408;
2.68365;
2.68366;
2.41098;
2.829;
4.8211;
3.86401;
2.65233;
2.86486;
5.92778;
3.47785;
2.43738;
4.79322;
4.56836;
4.82032;
2.04666;
2.52841;
3.3971;
2.62197;
4.32633;
5.96063;
2.08423;
4.56028;
3.94704;
3.43175;
2.60356;
3.23294;
3.0688;
4.19992;
3.75025;
1.93455;
4.38134;
2.93202;
3.7652;
4.02284;
2.58292;
5.13652;
1.75871;
2.40084;
4.18879;
3.95271;
4.21331;
3.18541;
5.86651;
3.96791;
3.7838;
2.73607;
3.99756;
4.85854;
2.07531;
2.30235;
3.29003;
2.81679;
3.47112;
3.00102;
3.57734;
5.18547;
2.13344;
3.53026;
3.11173;
2.91996;
2.33792;
3.38271;
2.92045;
4.3732;
3.92465;
3.42089;
3.90811;
1.5562;
3.58007;
2.69822;
2.5964;
2.333;
3.01573;
2.89047;
2.43658;
3.44814;
5.7248;
3.44358;
6.08302;
2.77554;
2.16621;
2.7979;
4.18075;
2.63371;
3.1915;
3.88293;
2.16019;
2.28587;
4.37203;
2.13036;
4.11734;
2.84483;
4.03724;
2.08572;
2.49561;
2.76243;
3.14557;
3.89809;
2.81785;
4.9129;
2.40929;
3.12438;
2.49902;
1.99727;
2.8547;
2.95278;
4.37151;
4.62801;
2.48106;
5.86841;
4.98331;
4.77797;
4.50662;
2.96159;
3.89899;
2.37249;
2.57888;
3.09783;
2.8096;
1.92343;
3.8453;
3.43995;
1.94562;
2.60142;
4.44723;
5.95034;
3.35027;
3.90659;
3.99818;
6.49339;
2.32208;
3.85873;
4.1618;
2.87288;
2.68677;
2.78586;
2.70999;
3.84542;
1.47502;
4.05816;
1.34856;
4.57968;
3.13115;
3.72125;
3.12441;
2.22931;
2.08968;
2.84027;
2.84168;
3.17668;
3.98924;
3.63254;
1.24757;
2.86167;
2.17922;
3.33028;
2.43582;
3.10647;
2.35495;
3.38011;
6.11407;
3.28724;
4.43811;
2.69077;
3.75975;
3.87466;
2.70369;
1.83375;
3.74568;
4.59751;
2.64197;
3.44117;
3.14815;
4.97138;
2.79088;
2.64039;
3.25329;
4.59483;
5.16925;
3.15555;
3.83545;
3.30252;
2.18233;
2.11942;
2.5414;
2.78412;
2.62075;
2.01041;
1.62337;
1.90236;
2.93701;
2.4318;
6.48986;
5.29949;
4.46571;
3.19486;
3.45656;
2.00379;
2.51611;
3.55272;
3.64825;
2.69315;
1.81723;
2.46593;
1.76164;
2.7924;
1.81252;
2.60332;
3.07136;
1.88921;
1.36751;
5.70747;
2.55608;
4.67047;
2.24112;
3.04978;
3.29587;
3.46167;
3.44594;
5.16042;
3.39077;
4.73916;
2.83811;
1.40572;
3.85615;
3.7862;
2.78678;
3.48737;
4.13305;
2.75027;
3.216;
2.17555;
3.5835;
2.41522;
6.39049;
2.82443;
3.56837;
2.4033;
2.60595;
3.12022;
4.10332;
4.13472;
4.1924;
1.99723;
6.81323;
1.62528;
2.45792;
1.2488;
3.39292;
1.93667;
1.9086;
2.29746;
2.15449;
4.97594;
3.26519;
2.88779;
2.39696;
2.43286;
2.18638;
2.03733;
2.39159;
2.72584;
7.06765;
4.01603;
3.54155;
3.56631;
3.35386;
1.91402;
2.15418;
2.49148;
2.99858;
1.90749;
2.71483;
1.65528;
5.86945;
2.52078;
4.0338;
3.12107;
2.14076;
5.42743;
2.22483;
2.83315;
1.53844;
2.86351;
4.57233;
2.56193;
3.06854;
2.68451;
2.14382;
3.40477;
2.24956;
2.64707;
2.08177;
2.45994;
4.67831;
2.41818;
3.48818;
2.19251;
2.32538;
5.41741;
3.0553;
3.17293;
2.16147;
3.46012;
3.364;
3.50541;
3.93863;
1.42784;
2.61276;
2.55032;
3.23724;
3.39473;
6.49021;
2.71631;
3.27992;
4.09062;
3.02956;
1.02796;
4.12575;
2.78855;
3.00135;
4.12559;
1.87536;
3.53432;
2.51699;
3.76355;
2.92261;
2.7414;
1.90088;
6.41371;
3.07197;
6.15957;
5.22382;
2.83071;
3.6818;
4.72901;
1.14586;
2.4529;
2.52463;
2.15478;
3.55668;
3.7057;
5.75338;
2.71091;
4.49792;
3.07806;
3.45366;
3.38832;
2.63607;
3.58932;
2.60269;
3.68129;
1.61005;
2.32458;
2.73753;
1.94812;
1.85345;
6.3935;
2.71828;
3.46373;
3.53026;
3.5224;
1.15522;
2.11374;
2.42663;
3.84842;
6.01827;
2.88229;
2.88778;
4.07806;
2.54527;
3.81573;
3.06347;
3.65195;
3.45893;
2.40432;
1.96324;
2.08889;
6.3533;
1.4187;
2.71397;
2.71305;
2.18747;
4.52969;
2.82275;
2.06364;
3.45562;
3.19768;
2.78661;
2.90103;
3.04102;
2.75364;
6.9576;
3.95962;
1.78794;
2.38093;
7.53547;
4.86048;
2.85543;
3.25757;
3.27395;
3.02265;
4.10542;
1.07656;
3.27984;
3.0097;
2.88243;
2.03682;
0.851245;
2.5965;
2.1909;
3.01489;
2.46584;
2.6871;
3.38327;
2.7076;
3.45232;
2.16002;
1.90815;
1.79751;
4.23786;
1.95625;
3.5955;
6.69308;
3.243;
2.84636;
1.64023;
6.15896;
2.09516;
4.4055;
1.85366;
2.07591;
2.26315;
2.71992;
1.37883;
2.08033;
2.88713;
1.94818;
6.28192;
3.06895;
4.19175;
3.42706;
6.25827;
4.48522;
2.2805;
1.74876;
2.54252;
1.85127;
2.52444;
3.61555;
1.4269;
1.89766;
3.63438;
0.886593;
1.41304;
1.69326;
3.59168;
2.75299;
2.21947;
2.25935;
3.88288;
3.06833;
3.35152;
2.80024;
3.16983;
2.09201;
6.12107;
6.90612;
3.06982;
2.89039;
2.22344;
3.28692;
1.85688;
2.11372;
3.87049;
2.48105;
2.69098;
2.97679;
4.14512;
2.44603;
3.69532;
2.19848;
2.66473;
2.10893;
1.77817;
1.19002;
3.72938;
2.23078;
4.83533;
2.2504;
1.73304;
2.67347;
2.45645;
2.97896;
1.98953;
2.0764;
2.5913;
1.0061;
1.74363;
2.29125;
7.23391;
1.61267;
2.79824;
2.92705;
2.10365;
2.95658;
4.48046;
2.9437;
3.31517;
2.77436;
3.53184;
6.3961;
2.05651;
3.70322;
1.77695;
3.70604;
3.09903;
2.27342;
2.75925;
3.51265;
1.96799;
3.81968;
6.23642;
6.22427;
2.68481;
3.15401;
2.42093;
3.46761;
2.5027;
1.48208;
2.6134;
3.94819;
1.95216;
2.43607;
2.50764;
2.62212;
1.90285;
3.85283;
2.44146;
3.11571;
2.47081;
2.10106;
1.46521;
6.32634;
0.428233;
3.35594;
1.06611;
4.02202;
2.92946;
1.85896;
1.46268;
3.23273;
1.87973;
2.14955;
1.6281;
3.94517;
1.71505;
3.86759;
3.27818;
1.46618;
1.71134;
1.70443;
3.40077;
6.25939;
2.96501;
1.40532;
2.40603;
2.14962;
2.51325;
2.59946;
1.53428;
3.6005;
1.45958;
2.74319;
5.39921;
0.98096;
6.68071;
2.88817;
6.91919;
2.46145;
0.532563;
3.62415;
4.56162;
4.01754;
2.70339;
3.57266;
1.0267;
2.86249;
2.55603;
3.70103;
6.32245;
2.78655;
2.27713;
2.47354;
6.90226;
2.44665;
1.53326;
1.53228;
1.66782;
2.89841;
1.80915;
2.48763;
1.61541;
2.96639;
3.12033;
3.90901;
3.34349;
3.46164;
1.05685;
1.67764;
1.47069;
1.62495;
2.84703;
4.01128;
3.15796;
4.73952;
1.15981;
2.78094;
1.68274;
1.81038;
2.62422;
4.20873;
3.71851;
3.75734;
1.45974;
3.3364;
1.29226;
3.39774;
5.18885;
2.60142;
1.52445;
1.24807;
1.46188;
3.28885;
3.41669;
1.87897;
3.62228;
3.27342;
2.65508;
2.92166;
3.1296;
4.83018;
3.21651;
0.543424;
2.58742;
6.33901;
1.23771;
1.66032;
3.79261;
1.81319;
1.39503;
2.66498;
2.69319;
1.74611;
1.89217;
1.60997;
2.42678;
4.44744;
2.46253;
2.7927;
2.85169;
3.96792;
3.1148;
2.30271;
2.79305;
2.18537;
2.76298;
6.59681;
4.38974;
2.1659;
3.22392;
2.84212;
3.74536;
4.1675;
2.37892;
3.64594;
2.26465;
3.3677;
2.93753;
3.37993;
1.69876;
2.28138;
2.41423;
1.68662;
2.63901;
2.53025;
3.88946;
2.35752;
6.52005;
5.28049;
1.00683;
3.66151;
3.20724;
2.08782;
1.35002;
3.70865;
4.16995;
3.08289;
2.77952;
1.92584;
0.720046;
4.60615;
2.39467;
2.33537;
6.02346;
1.86718;
4.13828;
2.44433;
1.77774;
3.88161;
1.0756;
3.29187;
2.74276;
2.35109;
2.48588;
2.89605;
2.6027;
3.22226;
1.88551;
4.00229;
2.70599;
2.52623;
0.97967;
2.28701;
2.37248;
1.58953;
3.63511;
3.43033;
1.81864;
1.60852;
2.67763;
0.854855;
7.09968;
2.08608;
2.82107;
3.14558;
4.23236;
3.56995;
3.23103;
2.89196;
6.49995;
3.44809;
3.90593;
4.498;
3.3644;
1.84549;
3.124;
1.08622;
1.32681;
1.22807;
6.68568;
1.9757;
1.98587;
2.24633;
1.27147;
0.490835;
3.55707;
2.44219;
2.36246;
1.7434;
3.77635;
4.71988;
2.49031;
2.92688;
1.29984;
2.06889;
5.37137;
1.95966;
2.14635;
3.07334;
6.95076;
2.21962;
3.81891;
1.42617;
2.5935;
3.25746;
2.15082;
3.1776;
2.04291;
2.77704;
2.39817;
1.56526;
2.10665;
2.87294;
2.07935;
2.95681;
3.83939;
2.68823;
2.7161;
3.18032;
2.18715;
1.61074;
1.77779;
3.12243;
3.92042;
6.2987;
1.80005;
2.41255;
2.06325;
2.56736;
2.31109;
1.76817;
2.93756;
2.80387;
3.96125;
2.35114;
3.875;
2.74394;
1.81109;
2.69821;
2.1946;
2.02001;
1.84142;
1.85767;
3.45828;
2.20092;
3.25504;
2.08989;
4.26518;
1.52706;
4.05074;
2.31973;
1.41688;
2.3777;
1.92005;
2.08395;
0.644721;
1.97255;
1.7457;
1.9412;
2.02817;
3.50037;
3.22322;
3.09671;
1.99418;
2.90663;
0.641338;
3.82734;
3.00865;
2.98366;
3.37569;
1.43978;
2.71906;
2.27369;
3.1029;
6.57979;
6.44548;
2.21903;
4.01227;
1.60374;
1.13392;
4.18904;
3.21864;
2.38898;
1.38404;
3.45817;
2.23491;
6.42452;
2.71328;
2.74484;
3.3572;
1.63174;
2.65387;
1.28351;
1.78112;
2.04313;
2.30428;
2.08876;
2.80261;
3.58391;
2.46435;
2.21816;
0.700088;
1.77447;
1.88984;
3.70886;
2.1094;
3.01417;
3.77238;
1.16649;
1.5856;
1.60436;
1.55406;
2.60554;
2.33995;
2.65325;
1.21007;
2.25512;
3.05221;
3.96439;
3.91206;
1.70663;
2.70819;
2.78168;
1.62982;
2.3114;
0.874915;
1.03682;
1.44829;
3.17802;
6.542;
6.78156;
1.18114;
1.99624;
2.87837;
3.13314;
5.14673;
2.98301;
6.63743;
3.7107;
2.17417;
2.11087;
1.25515;
2.22202;
1.66517;
0.933226;
2.22351;
1.25262;
1.38891;
2.13591;
3.91728;
2.97669;
3.69872;
3.30031;
1.88172;
1.36486;
4.10734;
1.83261;
2.79796;
2.04409;
6.76041;
1.97528;
2.38215;
1.88463;
2.19493;
2.42375;
1.13452;
2.59875;
2.0746;
3.61579;
1.80677;
0.43091;
1.85359;
3.05574;
1.79807;
1.85368;
3.82356;
1.81095;
2.54667;
2.66717;
7.20671;
2.55309;
2.75085;
2.1894;
3.27778;
1.73626;
1.25059;
3.09338;
1.2126;
1.26016;
1.10652;
3.58633;
2.80092;
3.02955;
1.63898;
2.2095;
4.49038;
1.68031;
2.41982;
2.90461;
2.01697;
2.38447;
2.07894;
2.68891;
1.49692;
1.95981;
3.01804;
0.986838;
3.53153;
1.74611;
7.10638;
2.30462;
1.78502;
3.06885;
1.49537;
3.00925;
2.0964;
3.86364;
1.74285;
2.98892;
1.15077;
2.92934;
3.5465;
3.22609;
3.79673;
1.82273;
1.13383;
0.577521;
2.06822;
1.75452;
4.19445;
1.83473;
7.0184;
2.27206;
2.77116;
3.43613;
2.3179;
2.06678;
2.29054;
2.2278;
1.62929;
1.31318;
2.18344;
2.38391;
2.84558;
6.63957;
0.59711;
3.76352;
2.72856;
7.41212;
1.82586;
1.89909;
1.04565;
0.656162;
2.74203;
3.47732;
2.33748;
1.91814;
2.11688;
4.3304;
2.43698;
4.34292;
3.20798;
1.55553;
1.8485;
3.62359;
2.73335;
1.82687;
2.29708;
2.40198;
0.99864;
2.76118;
1.59456;
3.40625;
6.76367;
1.55193;
1.32965;
2.16019;
2.41039;
2.84838;
1.89452;
3.19608;
1.0401;
1.49121;
3.41069;
5.22883;
3.24698;
1.90404;
1.95431;
2.85706;
1.07875;
3.46061;
2.71934;
2.98032;
2.887;
0.481479;
1.60879;
2.92345;
2.1876;
1.65077;
1.33679;
2.87561;
2.11045;
2.60251;
2.72638;
2.37356;
3.93715;
1.94936;
2.49192;
3.17867;
1.58668;
1.65633;
3.1877;
1.60603;
2.91024;
7.30222;
1.32622;
1.85825;
3.2323;
1.39538;
2.87067;
2.68133;
2.24809;
1.4549;
2.92845;
4.21548;
0.817235;
1.68191;
3.0203;
3.13186;
3.22739;
1.8848;
1.87505;
2.5779;
1.9909;
1.43175;
3.105;
1.88465;
3.07836;
2.61315;
0.993213;
0.717188;
4.06389;
2.47737;
4.00926;
2.6874;
1.73519;
3.02026;
7.15025;
3.78028;
2.03441;
1.87057;
2.81574;
2.17766;
3.43688;
2.20137;
2.81713;
2.45695;
1.87173;
2.25047;
2.44778;
2.87102;
2.64406;
1.70108;
2.62375;
3.48325;
2.20704;
2.4791;
2.86428;
1.53089;
2.02069;
1.93274;
1.41754;
2.65103;
2.93232;
1.93582;
1.57398;
7.66446;
2.09687;
2.31024;
3.53028;
2.39573;
2.60523;
3.84306;
2.34873;
3.6248;
1.3727;
0.801657;
1.14081;
1.32053;
1.01069;
6.6579;
6.78089;
3.4739;
3.58517;
2.78782;
2.49717;
1.94464;
2.26067;
0.236338;
2.1182;
1.86639;
2.52089;
0.838629;
1.37217;
2.14797;
2.61096;
2.84283;
2.71737;
1.06683;
0.978148;
2.92227;
2.72714;
2.47994;
2.41826;
2.33763;
1.09288;
1.44919;
0.82717;
2.10626;
2.82714;
2.72613;
2.35849;
0.905543;
3.0105;
3.55859;
1.68173;
1.92348;
1.96211;
1.97623;
1.9874;
1.52576;
2.45436;
1.6182;
1.73351;
1.23086;
2.50928;
2.08813;
2.92327;
1.84524;
2.15163;
2.57325;
1.57996;
0.842159;
2.40619;
3.18533;
1.78376;
3.50544;
2.15064;
1.06817;
1.75521;
1.73702;
3.27216;
2.36619;
0.897599;
1.29537;
0.543711;
7.35301;
2.62645;
2.49457;
4.38678;
1.60937;
2.03033;
3.74228;
1.6853;
2.44551;
2.50367;
2.657;
1.50926;
2.30965;
3.08521;
3.19211;
1.05136;
2.42874;
2.55871;
2.13514;
2.3347;
3.10216;
1.46097;
3.74262;
1.7178;
1.54194;
3.20554;
1.44101;
4.0904;
1.99836;
3.10597;
2.0398;
6.96837;
1.62751;
2.6034;
2.48461;
2.71991;
2.92181;
2.80092;
2.0747;
2.15823;
1.66899;
3.41444;
3.30568;
1.97422;
6.68093;
1.64306;
2.00046;
1.01156;
3.3073;
2.50796;
3.13304;
2.58034;
2.65362;
2.81868;
2.059;
3.38908;
0.399549;
2.27186;
1.29548;
5.27524;
1.75283;
3.01936;
2.17867;
2.68426;
1.88646;
1.2366;
1.47672;
0.740253;
2.36086;
2.98738;
1.26624;
1.5342;
2.99474;
3.20024;
3.02259;
2.38081;
1.67228;
3.40418;
0.18104;
2.84411;
2.35507;
2.954;
4.16593;
3.05239;
1.56069;
2.23546;
1.23575;
1.94462;
2.26989;
1.02497;
2.52982;
2.49419;
2.88616;
2.58334;
1.91567;
3.09073;
3.40845;
1.34025;
1.02393;
2.12645;
1.85475;
1.00741;
7.26532;
2.88977;
1.65267;
3.14622;
2.2037;
1.64567;
2.95726;
1.76624;
2.32364;
3.98448;
2.72424;
2.53642;
3.65997;
3.09686;
1.45671;
1.57983;
1.65642;
3.46927;
0.933415;
1.79886;
2.13752;
2.70703;
1.02526;
1.8533;
2.06419;
2.15724;
1.67946;
1.54;
1.44125;
1.96644;
2.37087;
2.47618;
2.195;
2.61454;
1.71587;
2.00727;
2.77393;
4.05925;
2.76165;
1.37957;
0.420495;
2.98902;
1.59358;
2.79868;
3.08314;
1.36061;
2.44433;
2.44824;
2.58287;
1.26394;
1.33654;
1.6008;
2.17172;
1.74713;
1.3634;
1.77703;
1.28997;
1.78361;
1.58306;
2.69229;
3.05855;
2.85028;
2.93864;
1.20988;
2.13293;
1.46497;
2.49187;
2.07525;
2.11411;
1.15664;
3.7893;
1.61555;
2.6324;
1.77195;
2.19416;
2.37298;
1.71047;
1.49684;
2.80832;
7.10545;
2.63579;
2.42968;
1.88963;
1.15405;
1.64515;
2.51349;
7.71323;
1.30156;
0.595305;
0.85243;
2.42421;
2.06999;
1.1835;
1.6379;
1.39936;
3.73571;
1.36366;
2.22223;
0.809203;
1.62006;
1.64916;
2.16627;
1.07999;
3.16804;
1.74825;
2.76523;
2.68537;
1.98362;
0.806325;
1.25088;
1.42054;
2.79824;
1.92225;
1.59746;
1.58181;
3.5704;
1.29267;
2.45784;
3.62629;
1.75712;
2.29355;
1.56175;
2.89639;
1.67562;
3.01503;
3.32882;
1.44405;
3.03712;
4.34212;
2.63154;
1.45304;
3.02035;
2.86481;
1.54694;
1.33294;
2.08705;
2.38398;
2.58076;
1.4184;
1.2777;
1.53492;
1.31688;
1.50513;
1.3762;
1.70962;
2.1674;
2.01379;
7.74713;
2.42462;
2.16359;
1.33886;
1.38737;
1.3986;
1.3353;
2.18048;
3.71664;
2.7426;
3.43472;
1.29287;
2.79787;
1.39558;
1.63267;
1.9753;
1.26311;
0.80423;
1.38976;
2.36295;
2.87488;
1.1407;
2.90223;
0.430816;
0.662307;
2.58968;
0.998007;
1.92055;
2.71143;
2.3247;
3.26642;
2.3155;
2.63996;
4.09395;
1.44096;
1.01065;
2.43363;
2.4261;
0.977058;
3.4606;
1.73778;
1.66692;
0.759329;
3.14754;
0.501164;
1.95193;
1.73175;
0.658357;
1.42073;
1.42324;
1.97042;
1.77159;
2.94099;
2.35916;
2.52938;
0.916645;
2.06788;
3.21036;
2.70391;
0.932648;
2.37554;
0.607369;
2.34415;
2.48135;
1.60945;
7.37086;
2.21816;
1.53098;
1.20475;
1.72055;
1.23758;
3.32703;
2.18545;
1.0934;
2.45738;
1.37261;
0.804735;
2.29607;
1.6668;
1.29368;
1.51609;
0.660471;
3.2168;
1.17558;
1.05173;
1.83009;
1.90959;
2.03581;
4.9736;
0.750567;
0.5792;
2.81541;
2.30675;
1.75687;
2.76728;
0.121891;
0.885399;
1.98514;
2.07128;
2.16635;
2.62707;
1.52794;
1.96951;
1.49816;
2.88566;
2.97169;
1.74048;
1.25479;
1.79755;
2.1231;
1.49822;
1.57151;
2.48166;
0.789084;
3.05063;
1.94784;
1.54384;
3.22953;
2.83664;
1.12422;
3.10984;
2.73755;
2.77975;
1.19978;
1.50989;
2.4072;
2.14878;
1.95511;
1.6249;
1.38632;
1.18783;
1.86547;
1.20947;
2.66552;
1.63228;
3.20666;
2.22927;
3.93677;
3.22647;
2.33731;
1.50573;
1.47338;
3.94211;
3.17;
1.33019;
2.37168;
2.98352;
2.30859;
3.13692;
0.928577;
1.57361;
3.00441;
2.24411;
0.531429;
0.53202;
1.07662;
1.46583;
2.82637;
1.20476;
7.44829;
1.61991;
1.05568;
2.18109;
1.1241;
2.38381;
1.88874;
1.39306;
1.71173;
1.87064;
1.45466;
1.80788;
0.888964;
2.2155;
1.16339;
1.57484;
1.7566;
1.92904;
1.61706;
1.70329;
1.70386;
2.04547;
1.74243;
3.17905;
2.19198;
2.34145;
1.49438;
2.02073;
2.30631;
2.15062;
1.34695;
2.00646;
2.42746;
1.48567;
1.32624;
2.91928;
2.85947;
1.69182;
1.24868;
2.80272;
3.81895;
2.43769;
2.77581;
1.61762;
1.22786;
2.25764;
1.9037;
0.481739;
0.564942;
2.42998;
2.95188;
2.92403;
7.72464;
1.64514;
1.48868;
2.12467;
1.83404;
1.80399;
1.20778;
2.79833;
2.55218;
1.8653;
1.26301;
3.59857;
1.72636;
1.08187;
0.393328;
0.818852;
3.60092;
1.00743;
1.121;
1.9544;
2.97067;
2.02891;
1.59894;
0.581962;
3.12802;
2.01431;
1.49117;
2.18437;
1.24012;
0.839443;
1.10097;
1.84963;
2.71161;
1.83512;
1.29015;
3.41087;
2.34359;
0.411661;
2.85542;
2.09008;
2.06268;
3.15454;
1.33203;
2.50504;
1.39346;
0.840994;
0.725174;
1.78561;
1.04127;
2.12571;
3.3751;
0.403471;
1.20181;
1.13565;
1.76619;
2.82794;
1.41562;
7.35527;
2.24642;
1.89714;
1.42441;
1.24474;
1.15077;
1.83705;
1.51052;
2.15166;
0.911995;
1.42689;
2.2386;
1.94765;
1.95883;
0.174671;
1.55517;
2.11007;
1.61741;
0.851679;
1.93862;
1.57047;
1.89392;
1.62684;
1.09106;
0.735381;
7.3359;
0.625545;
1.05887;
2.30448;
2.14977;
3.12308;
1.0332;
2.004;
1.85568;
1.68567;
0.918537;
1.13977;
1.02283;
0.184198;
1.20023;
0.48902;
0.892597;
3.16497;
2.31179;
1.57968;
2.13899;
3.41977;
1.46321;
1.58997;
1.02196;
0.862478;
1.6613;
2.30485;
0.0931036;
2.21949;
2.00856;
1.76928;
2.6761;
1.33782;
1.64749;
0.842847;
2.3011;
2.0129;
1.6726;
1.83865;
1.48612;
2.14492;
1.17757;
2.49588;
2.11786;
1.4896;
2.07163;
1.07596;
7.38124;
1.72373;
0.969347;
1.78625;
1.37821;
1.41273;
1.35506;
2.40924;
1.10166;
1.50855;
2.14403;
1.67434;
1.1863;
1.04982;
2.7837;
0.654907;
1.15942;
2.08033;
1.64534;
1.77707;
1.31223;
3.29053;
1.27462;
1.69961;
1.8167;
1.07613;
1.21097;
0.92939;
0.512285;
0.619704;
1.26937;
1.1291;
0.858596;
1.6083;
1.74277;
1.73563;
1.98293;
1.27704;
2.86036;
1.99062;
1.20895;
1.24027;
1.52627;
1.42447;
1.36195;
1.80216;
2.75953;
2.11686;
1.29392;
1.70737;
1.74921;
2.44019;
2.09996;
0.0959706;
3.59663;
0.676543;
3.19053;
2.55377;
1.13455;
2.86007;
0.354981;
7.34941;
