13.0781;
14.3217;
17.6827;
19.933;
32.1762;
17.5604;
12.3931;
23.7277;
31.4228;
20.8775;
28.4024;
10.48;
13.0084;
20.8572;
13.3035;
15.9963;
16.9011;
12.3788;
20.5842;
15.8691;
10.4713;
25.9188;
28.4134;
15.6482;
11.0009;
22.0792;
18.9397;
19.6386;
15.9906;
21.5797;
29.0722;
10.9248;
17.8926;
28.1867;
12.9725;
21.694;
11.1145;
20.7986;
24.7706;
27.4108;
24.6172;
14.1412;
16.5809;
12.3881;
34.5046;
30.8259;
13.6976;
19.4001;
26.3764;
31.7784;
27.1683;
8.98323;
10.5692;
18.4452;
14.0381;
14.9517;
23.979;
16.6722;
17.7886;
18.3537;
14.1856;
24.8302;
26.2851;
17.0198;
18.6271;
10.2136;
22.3824;
19.7035;
15.7489;
12.3089;
20.7388;
20.6941;
20.3001;
21.0728;
19.4593;
32.524;
11.9697;
16.0737;
23.8647;
28.3122;
13.2649;
21.9831;
14.5376;
41.731;
16.9489;
18.8429;
19.4781;
19.1496;
21.871;
16.5256;
24.5441;
19.5878;
7.58118;
12.5877;
34.8177;
13.5905;
6.65049;
27.3613;
21.8058;
15.6527;
19.2604;
19.0744;
21.7506;
21.8124;
20.4976;
17.8778;
25.0815;
15.2614;
20.4134;
15.5009;
31.0687;
15.4177;
24.4636;
12.4949;
10.8736;
14.9077;
15.8603;
16.5562;
34.7564;
15.5873;
30.4894;
15.2333;
11.1808;
23.0033;
17.4373;
27.8446;
15.1308;
18.56;
12.5946;
19.3049;
21.4978;
15.4131;
17.7334;
11.8646;
25.659;
11.1768;
30.8233;
14.4696;
31.2055;
20.6429;
14.256;
20.1313;
21.5479;
18.3524;
17.0448;
10.9732;
20.2788;
19.5105;
36.6654;
22.4808;
27.5836;
24.425;
31.7799;
18.3677;
31.1213;
29.5985;
9.41617;
23.1237;
27.1747;
32.8818;
25.5218;
16.1669;
17.9512;
14.6468;
9.34426;
35.4941;
21.0616;
23.8796;
22.0547;
16.1336;
26.2149;
24.6224;
27.9472;
21.7733;
18.1377;
13.6657;
29.4878;
15.6538;
18.5648;
10.9067;
21.5161;
13.0288;
25.8502;
8.33248;
16.3008;
19.9235;
18.5133;
20.09;
17.6477;
18.6847;
27.3381;
13.7376;
15.9388;
25.8131;
15.8982;
34.7691;
18.5269;
29.8444;
13.9541;
15.2916;
30.9855;
10.1253;
15.7566;
16.5332;
26.1453;
18.917;
19.8262;
10.7229;
11.7183;
21.044;
29.5882;
16.8424;
21.6218;
20.2836;
13.8176;
9.17966;
27.0393;
20.3205;
17.241;
29.5155;
19.729;
20.4756;
7.56868;
17.2397;
19.1971;
21.8896;
13.2378;
33.1178;
16.2936;
16.3523;
15.0087;
25.2804;
36.4637;
21.8971;
22.2338;
20.1957;
14.7896;
25.4428;
21.8034;
17.8257;
18.4144;
31.797;
27.7591;
29.5235;
30.8891;
21.4764;
17.2907;
25.8092;
17.85;
20.2329;
24.5007;
35.6038;
25.1191;
19.7212;
24.6991;
21.4547;
42.3839;
11.4895;
12.3503;
32.0617;
22.6319;
43.0122;
18.187;
22.5967;
17.3375;
25.1037;
19.7136;
23.3223;
20.9439;
22.2649;
8.61539;
23.1407;
18.6924;
13.5938;
12.6048;
9.36424;
18.2711;
23.5479;
27.6329;
24.5841;
7.6804;
10.4244;
15.5683;
30.8099;
14.0707;
9.18025;
28.358;
15.4798;
14.9677;
26.163;
16.9319;
14.0107;
13.0802;
20.4521;
26.1142;
29.2016;
12.5472;
21.3837;
23.1667;
22.7899;
23.484;
15.0453;
42.1002;
22.0019;
11.4185;
32.3159;
28.76;
21.3995;
26.6682;
15.0431;
20.456;
24.6743;
24.8314;
35.8806;
14.4396;
15.6342;
13.2408;
22.0368;
17.2658;
20.6426;
24.4201;
27.1397;
28.9177;
27.374;
14.7217;
29.9164;
37.5833;
15.5418;
19.2616;
26.5647;
24.7143;
17.7602;
31.3289;
19.8207;
27.827;
14.0296;
9.73056;
17.5109;
12.1594;
37.6159;
13.5125;
24.8498;
37.1993;
20.4986;
36.8334;
20.9019;
13.0391;
34.0078;
23.6861;
15.4282;
29.363;
14.9037;
21.5308;
25.1137;
24.978;
33.9722;
22.9047;
23.3114;
24.0372;
26.764;
36.3581;
21.309;
21.3871;
21.589;
26.7743;
16.4065;
36.5584;
14.2928;
21.0589;
25.4383;
29.2873;
16.642;
17.4322;
25.6249;
15.7327;
30.8785;
8.48649;
25.178;
9.02943;
28.471;
24.5074;
31.2414;
19.0799;
21.976;
13.9205;
31.9647;
16.5305;
13.4936;
24.736;
19.5605;
28.2763;
14.2194;
23.02;
26.8227;
22.3078;
29.3225;
17.2025;
20.2241;
33.0336;
21.3879;
24.9494;
8.14476;
16.6002;
20.1631;
20.58;
22.5196;
14.1286;
32.849;
11.7461;
34.498;
11.9297;
9.30308;
33.7732;
30.6214;
23.5073;
15.8152;
27.1053;
29.5555;
9.06391;
21.5231;
40.3223;
22.4624;
9.32234;
29.5371;
26.3797;
22.1495;
12.6951;
29.4441;
17.5364;
32.3273;
12.5411;
11.5705;
18.1603;
31.2761;
20.1886;
18.2825;
35.9733;
22.517;
22.0871;
26.3476;
22.1909;
25.4309;
19.125;
11.1425;
29.151;
28.3884;
15.7093;
23.4526;
26.7344;
19.729;
17.0142;
25.8269;
25.681;
14.1189;
18.9632;
33.0851;
16.2103;
26.2227;
27.0748;
25.8216;
17.935;
36.4644;
22.0848;
22.6256;
26.0832;
14.4044;
22.8645;
15.7488;
20.5072;
14.7916;
5.93258;
33.375;
18.6167;
22.9205;
27.0865;
18.9839;
18.0182;
21.6181;
9.42312;
50.8967;
26.4093;
24.745;
30.6455;
34.1253;
35.5;
26.2221;
20.898;
23.3818;
20.7149;
27.9877;
25.3362;
20.8698;
20.2424;
24.147;
25.8932;
20.7397;
27.1656;
24.8141;
26.501;
28.1818;
26.045;
16.06;
22.2465;
17.0367;
20.5748;
18.3073;
31.1598;
26.8231;
24.1943;
20.5097;
43.6118;
12.4843;
23.0676;
9.09188;
31.1646;
12.748;
34.0576;
31.8324;
22.457;
24.5545;
25.3125;
36.8221;
24.6828;
18.415;
21.2518;
21.4629;
21.6665;
39.917;
32.0809;
12.3981;
29.9218;
19.7062;
31.3271;
32.1865;
23.6193;
27.1858;
9.9803;
23.39;
24.093;
22.2428;
23.7132;
19.2442;
15.3097;
17.3221;
21.6889;
22.8318;
23.6969;
31.2535;
19.9826;
11.8523;
27.18;
24.9768;
24.3335;
28.6077;
30.9365;
18.7557;
34.4282;
23.2507;
19.7555;
18.4638;
21.3385;
32.6542;
32.4288;
16.5611;
22.1694;
15.557;
23.1133;
19.1355;
28.4259;
24.5755;
22.3681;
17.3695;
21.4863;
19.8497;
24.057;
35.0646;
17.3276;
22.7605;
26.2604;
12.4444;
34.9601;
28.9037;
25.3292;
30.9291;
43.213;
37.8714;
20.6377;
27.3618;
21.1807;
24.291;
19.2211;
12.5119;
15.9211;
11.8829;
20.0108;
33.4659;
20.4483;
31.1012;
22.787;
21.1435;
12.1079;
22.5424;
11.7074;
22.2768;
17.4953;
28.458;
31.1063;
34.6005;
34.5924;
17.5202;
18.4559;
29.9104;
33.9796;
20.1408;
33.3989;
25.6311;
18.9319;
25.0085;
12.5126;
31.8438;
14.7283;
19.7432;
20.7839;
25.1378;
22.1477;
52.6109;
23.2147;
19.6054;
22.229;
16.9884;
14.838;
16.2053;
17.6552;
35.0203;
19.2915;
16.0341;
18.7843;
26.2473;
16.8206;
29.5118;
27.5301;
24.2877;
37.0078;
17.6505;
23.7784;
25.1194;
10.3844;
21.0156;
30.8302;
34.1862;
15.3195;
29.237;
36.8118;
20.3395;
22.7307;
15.7296;
19.5988;
18.5961;
18.7081;
21.7722;
20.5872;
23.7769;
28.1972;
14.7862;
26.0069;
35.4765;
38.2571;
42.7612;
13.8619;
20.2673;
29.0158;
18.7573;
26.6096;
27.3234;
24.3291;
23.0307;
30.7924;
15.6573;
25.0295;
27.8487;
27.5046;
34.9546;
19.9515;
32.0608;
31.4585;
24.3272;
19.3386;
23.22;
14.4011;
14.8308;
25.9965;
33.5609;
27.7461;
25.4062;
15.3852;
34.9572;
14.0412;
25.1465;
28.8269;
24.298;
30.6229;
18.5035;
31.895;
30.4449;
31.4137;
19.988;
14.1732;
19.1023;
21.226;
23.2379;
28.8448;
16.3329;
29.3159;
20.6367;
30.1839;
22.4062;
31.9041;
38.3428;
33.085;
42.679;
26.5779;
25.5121;
26.8688;
21.2397;
18.4152;
34.1805;
28.3717;
29.7225;
27.0342;
16.6222;
14.1539;
28.2588;
45.9164;
29.1086;
25.5865;
29.3688;
20.5257;
13.3172;
20.3415;
22.5345;
25.9511;
13.6727;
19.1536;
37.7614;
41.8865;
22.1089;
25.164;
25.6279;
28.7129;
38.8505;
24.1352;
26.7638;
34.0941;
24.8665;
18.2603;
19.2628;
19.584;
43.305;
34.9647;
34.7436;
27.622;
37.4602;
33.612;
15.0198;
18.0393;
23.6136;
14.7928;
23.4373;
20.4316;
18.2413;
12.9932;
27.1493;
11.5985;
23.7364;
21.6461;
13.7643;
14.0708;
19.5134;
26.3424;
36.0216;
27.0259;
25.632;
18.9425;
19.3899;
23.47;
30.4716;
32.2771;
25.6994;
21.3143;
20.7508;
13.9137;
35.9713;
27.0581;
22.4563;
28.4637;
20.7069;
30.7885;
14.2001;
24.7364;
19.2464;
29.4432;
31.6941;
23.1044;
31.5531;
20.1026;
17.6026;
13.687;
14.7493;
17.8967;
22.0692;
33.0961;
31.0656;
41.6655;
10.091;
28.8011;
20.0632;
30.6552;
13.0553;
20.8896;
37.3325;
18.8217;
32.9478;
25.0707;
29.5246;
19.5214;
35.4703;
21.0055;
30.9434;
36.1648;
23.8574;
16.8449;
27.1107;
41.2503;
33.6283;
19.0893;
28.4853;
32.8068;
21.0994;
32.0269;
11.9544;
19.2612;
24.5515;
20.8237;
32.1985;
29.2527;
17.0502;
15.9003;
15.0738;
31.0362;
21.818;
24.7552;
27.1393;
22.8993;
7.03186;
24.1632;
26.0298;
17.4853;
18.3409;
36.9184;
26.4122;
27.8377;
17.3031;
20.9977;
36.2917;
22.5276;
29.4224;
32.3378;
28.0742;
17.2785;
20.3733;
23.9951;
21.227;
18.1613;
37.9486;
31.7193;
35.3238;
31.4741;
18.3076;
28.7304;
25.5981;
20.5544;
26.6065;
45.269;
16.1019;
18.5095;
19.1656;
31.1909;
9.53847;
18.2691;
8.11632;
12.5928;
25.0456;
26.2291;
22.9768;
15.5343;
24.311;
30.4613;
34.1751;
31.2094;
18.0568;
30.4828;
22.9352;
24.2209;
30.0288;
15.6628;
22.0939;
22.369;
24.5356;
18.1241;
31.173;
34.2452;
17.7677;
24.5755;
14.8263;
28.1254;
14.2811;
26.8985;
26.3999;
9.08563;
17.1347;
21.0098;
11.3317;
19.4418;
31.762;
35.2401;
33.39;
11.9303;
33.6957;
39.3238;
20.8277;
29.4774;
23.165;
29.9708;
39.6987;
31.3453;
29.0961;
28.8786;
21.7514;
39.5479;
20.0105;
38.5593;
21.4484;
8.6727;
23.3244;
35.2157;
27.2594;
33.3717;
27.2062;
23.5864;
27.5155;
32.3412;
19.9888;
19.3819;
28.3615;
26.3616;
29.7726;
22.619;
31.932;
22.2549;
29.0351;
26.2184;
31.8942;
26.1224;
18.2936;
26.9243;
21.7766;
27.0095;
30.3138;
18.54;
23.1354;
19.1624;
36.2517;
42.5389;
26.8698;
23.0931;
22.361;
21.1359;
35.9005;
25.0532;
36.0982;
31.2055;
29.6458;
33.2487;
20.2504;
37.5665;
18.8107;
23.7793;
37.9798;
21.1617;
21.0676;
25.0998;
32.3608;
26.915;
28.9699;
21.3538;
28.2779;
27.3279;
32.3204;
25.458;
22.8631;
23.5946;
37.4329;
14.8105;
25.6213;
20.2195;
26.352;
28.085;
21.2621;
34.0597;
30.5911;
15.6585;
12.5618;
22.7356;
23.3315;
16.3601;
26.562;
33.7859;
23.1684;
29.2177;
32.2225;
43.7294;
25.4918;
20.0406;
18.3587;
18.0913;
13.4464;
23.0988;
21.9441;
34.8465;
23.9763;
31.7115;
21.5794;
16.5291;
21.8448;
34.1158;
18.0371;
23.5871;
31.9058;
36.9326;
13.6586;
13.407;
21.1365;
43.2851;
24.3484;
26.0432;
21.8372;
18.4755;
27.632;
18.715;
23.9037;
34.8645;
32.8197;
11.7681;
16.7499;
16.7364;
33.3647;
29.6439;
16.2989;
16.0435;
6.69044;
23.3018;
17.0339;
24.3249;
8.82224;
41.7866;
33.361;
20.662;
23.1987;
21.4289;
21.2437;
22.1282;
36.2317;
36.6587;
44.0606;
27.5414;
20.2711;
20.2985;
19.1286;
15.4399;
21.8407;
13.5838;
33.7608;
30.2781;
18.8711;
23.1033;
30.0286;
22.8135;
28.0782;
27.7181;
33.7005;
27.334;
23.0031;
17.3428;
22.5839;
23.7846;
19.366;
17.5659;
20.5065;
23.1362;
11.4907;
26.7398;
24.8655;
33.6489;
27.8498;
26.6661;
17.3098;
30.1707;
14.8891;
29.2068;
16.7079;
22.0724;
21.575;
22.5674;
22.9748;
24.141;
22.8016;
39.116;
28.9989;
38.7618;
19.6776;
20.4363;
36.5472;
19.4975;
29.3076;
28.6078;
19.6958;
32.1453;
26.7858;
25.6625;
24.5093;
19.4049;
22.4863;
17.6739;
18.8949;
26.0182;
20.6336;
26.2053;
32.826;
23.6111;
32.1065;
24.1709;
31.7479;
22.4062;
21.3538;
16.3546;
39.8963;
32.0282;
36.1061;
29.7615;
35.9229;
31.5796;
24.8529;
23.9316;
27.5342;
15.7375;
17.9281;
29.0126;
17.6127;
20.2997;
27.0342;
19.8393;
30.3029;
20.3947;
12.2628;
21.0576;
34.4546;
15.3597;
32.381;
11.4991;
44.0797;
26.6737;
28.4133;
41.8141;
30.5202;
20.875;
22.261;
27.1076;
20.8784;
32.3063;
21.1371;
32.3237;
18.6643;
14.3973;
25.0018;
18.6846;
45.9343;
15.5615;
36.9795;
34.8239;
21.8194;
19.7889;
27.8722;
25.8671;
32.234;
36.3967;
30.8781;
38.968;
10.775;
30.6022;
18.3729;
31.2297;
31.3406;
21.1726;
21.8721;
25.8693;
23.6609;
25.1471;
15.3417;
37.9042;
23.9083;
19.4746;
15.2197;
15.0452;
25.7585;
24.9369;
19.1782;
20.7816;
18.1604;
19.5338;
18.7352;
14.1853;
42.3858;
27.6351;
37.8152;
32.0399;
23.5826;
21.4347;
15.8666;
32.3992;
24.4213;
21.6816;
18.7091;
37.1152;
25.2226;
17.871;
40.2288;
20.7197;
26.6961;
21.0304;
33.4399;
28.6216;
20.3494;
34.5623;
32.0896;
17.4158;
21.8552;
28.0795;
9.53788;
31.8916;
42.2216;
12.6469;
30.5301;
34.1405;
19.9331;
19.1852;
36.4131;
29.1548;
30.3659;
32.9966;
22.9366;
17.2669;
32.1774;
23.4932;
15.8983;
21.9287;
29.3172;
28.0587;
22.6188;
24.6793;
31.5916;
28.8769;
29.1068;
24.9343;
24.7658;
30.5073;
34.0933;
16.259;
36.9655;
9.37564;
21.6872;
25.1212;
27.6171;
34.1138;
33.2284;
30.4052;
12.4123;
33.0729;
32.4519;
33.2445;
12.9704;
36.6355;
13.5098;
21.1462;
34.7852;
30.8182;
17.4867;
26.7799;
24.8814;
26.2947;
24.3774;
28.4083;
26.0423;
20.3165;
27.3545;
21.9504;
15.7459;
22.409;
33.3872;
34.511;
17.0366;
24.1793;
34.1451;
29.9941;
19.2057;
33.9234;
31.9646;
15.6554;
32.836;
20.4455;
29.1104;
19.2107;
28.4737;
30.3456;
20.892;
34.6167;
17.3055;
24.0727;
24.5524;
44.8354;
33.4365;
33.4629;
31.6219;
19.7642;
19.6049;
26.2882;
33.5541;
36.0495;
34.3574;
25.6134;
37.9651;
31.2239;
25.7311;
31.4558;
32.4715;
20.65;
30.0222;
26.7493;
25.6735;
19.0369;
28.4725;
21.5589;
23.2722;
46.1726;
26.3263;
22.7589;
27.9843;
32.7257;
43.4054;
13.8198;
23.0308;
21.9312;
29.1274;
30.3001;
33.8878;
26.9338;
19.2178;
24.7411;
23.2179;
20.1567;
25.9037;
21.1917;
23.05;
25.4119;
29.0641;
12.8486;
26.5581;
33.3736;
28.0181;
27.7882;
26.0544;
15.6413;
22.5979;
34.1837;
31.0553;
20.5142;
27.0969;
17.1788;
27.4457;
18.8086;
24.7358;
22.5106;
25.9305;
31.5052;
21.0186;
25.7394;
40.9195;
28.8734;
19.7016;
30.1417;
18.973;
20.5817;
22.7921;
30.4153;
26.5968;
16.7217;
23.7079;
26.3868;
10.9182;
16.5378;
29.9985;
37.5819;
20.2509;
28.5447;
27.8486;
30.9762;
35.2582;
22.3107;
17.263;
30.3117;
31.524;
22.9926;
38.684;
28.8077;
32.4442;
41.3074;
21.154;
48.4454;
32.643;
17.5302;
21.0514;
11.5497;
16.5551;
16.9935;
26.3076;
15.7267;
26.8107;
39.3264;
30.8223;
26.267;
18.0884;
25.4298;
30.4596;
45.2674;
24.6715;
31.4568;
26.4871;
19.0899;
23.1793;
23.6529;
34.7123;
22.2824;
15.9798;
19.8549;
28.48;
36.5664;
23.9138;
29.0462;
16.428;
24.1254;
23.6417;
33.9202;
19.2079;
22.4267;
44.8111;
20.8108;
37.5358;
22.8735;
32.8546;
28.9583;
16.4833;
28.7245;
25.1811;
22.9314;
35.536;
27.0181;
20.3547;
28.3724;
27.7243;
25.9389;
26.5415;
19.0902;
32.0529;
28.8162;
32.0862;
22.4926;
23.0634;
27.9959;
15.9896;
24.8108;
20.4983;
36.0696;
20.1677;
20.817;
43.0684;
32.0798;
26.0533;
20.358;
24.1995;
19.5212;
26.9407;
26.6774;
23.2006;
25.1991;
30.836;
30.494;
27.7435;
39.6963;
26.0163;
20.3455;
31.2957;
36.433;
35.776;
19.5455;
32.9375;
24.6103;
16.174;
26.0151;
13.7434;
25.3406;
28.671;
28.3431;
25.3948;
28.7144;
24.062;
29.8634;
23.9204;
32.8088;
30.6609;
16.1819;
14.1505;
31.2439;
17.195;
33.2892;
38.0186;
23.2862;
33.1452;
40.4859;
28.2051;
31.7699;
32.3237;
21.8377;
18.7835;
42.2707;
18.2313;
27.5844;
10.0466;
16.7829;
38.3827;
24.2652;
26.4086;
33.7308;
21.9147;
31.1003;
38.5499;
16.4233;
24.8847;
23.4047;
32.8674;
31.887;
24.7842;
20.094;
17.9125;
21.7913;
22.3994;
34.1134;
27.2506;
16.9949;
21.7412;
23.4691;
28.4494;
16.7232;
30.4888;
24.6593;
36.6565;
25.6836;
19.7667;
20.1118;
20.721;
34.0671;
18.003;
35.6087;
21.1118;
21.4808;
30.5744;
35.3916;
46.2058;
27.7981;
26.5459;
32.809;
29.7178;
31.0536;
24.4009;
24.5174;
18.4279;
21.5777;
17.3603;
16.3482;
25.3635;
36.2354;
42.282;
37.2813;
36.275;
30.9813;
21.6273;
30.2124;
33.6847;
29.3974;
30.0567;
24.7903;
17.1951;
23.4103;
29.1872;
26.2265;
19.4157;
27.4107;
23.096;
29.1743;
34.7179;
31.8671;
28.9087;
27.5817;
27.1517;
31.9935;
25.8761;
19.582;
29.9736;
22.245;
32.6195;
36.9032;
22.7013;
22.9075;
27.6703;
34.5016;
37.6207;
34.2514;
31.8277;
21.3208;
23.6899;
30.1376;
28.4755;
34.8905;
24.7332;
28.6108;
32.7978;
39.8038;
34.7823;
38.4148;
34.6227;
21.8144;
40.7965;
26.5713;
34.0962;
23.8634;
35.6036;
24.9996;
27.6914;
34.0038;
22.3935;
12.0202;
38.3977;
20.1619;
30.1813;
21.2353;
28.3077;
30.1864;
14.8472;
20.9244;
18.064;
34.6536;
44.8042;
23.8603;
29.9239;
21.7987;
28.1417;
27.5831;
27.5182;
16.6914;
33.9182;
26.6152;
30.1005;
32.7421;
33.4179;
38.5237;
26.066;
22.6314;
35.7327;
35.1761;
32.322;
49.3192;
33.3327;
21.8875;
26.1995;
19.9235;
33.2782;
25.775;
33.8081;
21.1647;
32.9964;
40.1537;
27.3031;
21.2797;
18.1557;
23.4358;
24.5531;
17.558;
28.5376;
35.446;
23.6891;
43.928;
37.8104;
14.2686;
28.3522;
34.0884;
18.035;
26.2419;
28.2807;
26.3116;
29.0703;
28.9655;
26.673;
21.9822;
19.5167;
36.6059;
26.9402;
30.6862;
25.3293;
30.9282;
21.7296;
19.9849;
32.1863;
35.4;
14.4832;
23.1543;
22.5995;
41.8437;
42.5198;
33.5523;
23.131;
33.7101;
33.1879;
25.6029;
29.5412;
24.6261;
10.8676;
22.9756;
34.6118;
32.1809;
25.9111;
22.1172;
24.3637;
18.5209;
32.4866;
23.7708;
15.8854;
27.1298;
28.3527;
26.2416;
34.0396;
27.459;
28.1532;
33.0124;
43.3299;
27.7329;
21.3019;
31.2623;
40.0462;
21.5071;
25.7688;
38.0398;
32.6121;
15.6487;
27.8343;
34.3935;
31.3161;
14.1398;
20.6023;
30.6866;
23.3631;
23.1495;
30.19;
31.922;
41.0521;
29.0812;
48.8336;
17.416;
16.9762;
19.1789;
18.027;
38.9054;
23.2435;
29.4097;
40.5901;
30.9094;
39.1667;
29.4187;
24.4154;
37.2574;
19.9993;
31.8706;
36.876;
15.7384;
25.3889;
30.933;
28.8584;
41.1919;
26.4052;
20.5526;
21.2031;
33.9656;
38.9729;
23.8866;
28.3071;
33.6162;
16.3641;
50.5696;
21.6652;
28.8513;
31.3713;
25.5855;
24.5177;
35.1232;
33.7304;
27.5859;
12.7227;
28.306;
24.9528;
21.8994;
22.9936;
22.2427;
24.4986;
24.4656;
29.8148;
32.4094;
25.2094;
21.6999;
19.2377;
24.2643;
25.4063;
22.533;
23.2503;
29.0917;
28.6172;
31.2517;
34.5849;
22.6189;
15.1924;
22.1884;
28.1111;
24.6598;
17.86;
20.8845;
24.821;
14.6631;
22.2261;
33.9348;
19.6925;
18.5842;
20.0921;
35.6388;
24.2832;
33.5131;
38.9922;
16.9537;
31.6416;
24.416;
35.8802;
21.9355;
18.522;
27.3734;
18.4246;
25.3111;
15.2543;
32.3854;
29.9198;
26.6102;
24.1819;
26.0542;
21.3217;
43.2153;
35.0347;
25.7845;
32.4036;
20.2928;
30.6326;
34.6789;
32.4325;
12.7161;
19.3247;
18.5618;
23.5144;
17.5395;
18.4287;
27.2703;
25.9928;
14.4242;
34.3406;
21.42;
19.5529;
35.7027;
34.7295;
30.1063;
33.7608;
28.2376;
28.8517;
33.2622;
13.4218;
22.1395;
23.3928;
25.6459;
22.2296;
37.8019;
42.3072;
22.7649;
35.2457;
26.4076;
15.8415;
29.6995;
22.2751;
27.6815;
19.9552;
19.4111;
26.6026;
21.0226;
26.9942;
20.7503;
20.6642;
28.6396;
19.2251;
19.8344;
12.508;
26.9329;
16.7557;
31.3002;
37.1828;
17.6635;
40.3544;
24.4431;
24.1122;
20.5269;
28.0999;
27.0706;
33.5059;
44.3614;
23.6603;
17.2332;
34.0077;
27.6225;
24.4577;
27.2782;
27.307;
30.162;
32.5757;
22.9664;
25.1979;
39.7669;
21.9428;
35.2015;
21.2002;
44.6736;
19.0062;
31.3523;
20.4149;
29.1664;
16.5451;
18.8362;
18.7541;
23.4693;
24.1783;
26.5035;
22.1132;
25.2974;
17.762;
12.8019;
18.714;
22.365;
37.3353;
27.2971;
27.6183;
20.1538;
32.6755;
27.921;
33.9679;
36.3259;
22.5162;
27.2153;
24.1993;
20.1242;
31.7008;
28.4253;
29.0667;
14.5457;
21.8689;
39.6998;
18.9069;
20.4248;
21.4255;
20.8591;
20.3901;
23.0456;
14.2081;
26.4303;
20.7585;
27.1358;
30.3363;
21.5869;
31.0123;
23.7698;
28.9177;
23.7767;
12.5707;
22.143;
35.5905;
27.2755;
19.3886;
29.6403;
39.8009;
16.7032;
22.0511;
12.0629;
21.869;
22.8832;
17.8176;
22.0283;
16.7251;
27.2159;
23.7081;
32.2304;
20.991;
17.7196;
18.222;
31.039;
28.3942;
18.1119;
36.474;
34.6446;
21.1546;
29.3135;
27.4263;
28.5221;
36.6634;
37.3931;
31.2435;
17.2455;
23.5164;
18.3652;
20.0872;
26.8848;
26.7498;
16.2821;
16.1724;
35.4529;
15.9261;
35.6188;
25.4217;
26.4678;
15.221;
27.2724;
26.5252;
28.2831;
22.4401;
21.0754;
29.4827;
26.7574;
19.6254;
33.8215;
21.3007;
22.4571;
28.2966;
15.4222;
19.6566;
25.9996;
26.03;
23.6849;
27.7604;
31.4055;
28.2615;
27.4858;
30.8727;
45.5613;
19.0373;
38.5613;
35.2936;
20.2445;
44.8215;
22.203;
26.1958;
30.7854;
22.1702;
20.8362;
24.6244;
30.7683;
22.7977;
21.3344;
20.8151;
28.1912;
31.6943;
25.9323;
23.2941;
26.7665;
18.4271;
31.6853;
25.0913;
38.2237;
24.8567;
27.9787;
37.8636;
26.693;
28.5422;
28.1427;
38.7915;
19.6291;
18.0694;
25.1324;
23.9644;
18.4846;
13.905;
24.9026;
39.4794;
21.9425;
40.2844;
44.5437;
28.4401;
31.9533;
24.5766;
32.6156;
36.2952;
28.0747;
16.0048;
24.9088;
23.8608;
15.2082;
30.0576;
29.1775;
28.9383;
25.7605;
30.531;
34.0517;
17.2611;
26.7493;
25.5179;
16.4902;
11.9786;
24.3582;
25.2912;
20.9046;
41.7659;
34.4479;
38.4397;
29.4277;
22.4257;
21.0578;
14.1622;
27.5238;
29.6308;
33.0574;
31.6804;
24.5386;
25.5767;
17.9268;
21.596;
32.047;
31.6034;
20.8546;
38.0609;
29.0502;
15.5258;
22.111;
23.6988;
12.4289;
29.8942;
29.4497;
24.3213;
11.8751;
25.5144;
24.9883;
31.38;
14.1746;
25.3982;
13.1751;
34.4055;
21.8745;
22.3497;
19.9927;
19.2052;
28.8789;
27.0997;
34.4542;
14.1553;
30.5163;
26.587;
18.9432;
36.4881;
48.761;
19.8597;
21.5846;
33.2749;
29.9851;
20.551;
30.6184;
27.0185;
16.6423;
19.3494;
19.167;
21.5567;
29.5341;
20.7801;
29.5834;
23.169;
19.8476;
13.1559;
29.5781;
43.7736;
25.508;
29.2159;
22.3515;
25.562;
27.5796;
24.0854;
23.8449;
18.9572;
24.4556;
26.1115;
19.2869;
27.7803;
35.8237;
22.663;
33.5872;
19.4887;
27.712;
25.2992;
22.5626;
25.7412;
27.7693;
25.4496;
23.0871;
20.6999;
20.5794;
15.9495;
16.605;
30.6249;
16.336;
28.2236;
17.2269;
26.604;
27.8932;
21.805;
32.9205;
25.9985;
27.9578;
24.5969;
23.8138;
22.5367;
26.9968;
16.5466;
24.3331;
24.4376;
17.8381;
21.5519;
30.5616;
25.3074;
21.3415;
26.634;
29.4195;
30.3511;
31.9322;
16.9126;
20.2589;
26.8503;
27.6462;
23.8757;
29.1266;
15.531;
18.2054;
39.9556;
25.595;
16.0403;
16.8247;
28.0793;
23.1645;
23.0036;
26.5079;
38.6442;
17.5525;
20.0052;
23.925;
11.7907;
24.8428;
21.1313;
37.8632;
31.4447;
37.9231;
31.8418;
25.1344;
23.6907;
25.4387;
21.5101;
22.4966;
30.5149;
41.4639;
19.1285;
9.61964;
19.8484;
21.4052;
20.0182;
31.0098;
38.3367;
16.491;
20.3637;
41.6686;
26.3137;
24.4201;
25.5503;
26.5694;
38.1343;
23.9343;
24.5916;
24.5561;
23.5401;
11.451;
24.3695;
32.4631;
18.6746;
21.1122;
17.6238;
31.3905;
23.7239;
28.5509;
34.187;
27.561;
41.4895;
16.3885;
23.339;
21.1821;
38.0312;
16.0998;
24.8101;
22.2058;
14.0989;
20.3171;
17.5014;
29.0922;
22.3781;
20.0409;
22.2369;
34.359;
29.437;
32.9493;
21.3862;
31.7995;
28.8138;
33.5169;
30.9024;
23.3131;
39.4865;
16.6152;
33.1552;
23.1024;
22.1451;
24.6135;
23.0226;
29.052;
19.8188;
20.2326;
24.0501;
28.4764;
16.4036;
23.8341;
19.4868;
8.23515;
24.864;
29.2585;
15.9991;
26.6415;
15.1037;
20.3759;
19.7168;
13.2534;
24.8792;
21.521;
30.8289;
31.5531;
31.7404;
18.4646;
14.3662;
39.3005;
21.7432;
33.4406;
25.2459;
36.2223;
24.0844;
16.976;
18.0066;
24.5259;
17.3075;
29.2435;
25.6368;
19.3069;
30.1263;
29.2495;
18.3397;
26.3772;
35.6089;
35.6391;
29.7539;
32.5646;
14.0823;
20.4996;
22.6528;
15.7653;
11.0998;
13.5616;
34.0109;
12.2825;
33.4451;
19.1054;
16.9851;
22.4616;
27.0448;
26.309;
13.6558;
22.8683;
14.9424;
24.6235;
14.5893;
30.0271;
23.8069;
31.4927;
23.5384;
34.4761;
17.4839;
22.8718;
21.9592;
23.2174;
23.6312;
18.3886;
16.9975;
12.5189;
19.2259;
29.3238;
19.0725;
14.1517;
26.7169;
27.4477;
12.2905;
7.74755;
29.584;
21.4785;
25.0972;
23.9413;
22.0045;
24.0193;
10.7432;
15.0244;
15.2412;
19.1184;
17.538;
11.8545;
20.4744;
22.2113;
20.6838;
22.9524;
23.2067;
15.5385;
16.2014;
23.6838;
25.8982;
15.2034;
26.5618;
31.4531;
25.0914;
17.1;
17.8159;
26.7337;
27.7671;
8.05535;
23.7253;
11.1907;
31.6282;
28.7488;
17.1759;
14.2117;
28.1792;
34.0855;
17.3143;
23.3124;
29.9256;
17.7625;
31.7976;
25.5573;
21.5546;
22.9354;
21.0581;
25.867;
33.3277;
21.7931;
13.389;
13.5044;
9.30197;
26.6913;
25.7246;
11.6021;
12.4531;
13.5863;
13.0007;
17.0565;
19.6362;
14.4671;
26.3624;
8.85633;
31.8225;
19.7623;
28.1894;
12.4846;
20.5382;
21.8293;
23.0115;
27.1736;
18.7476;
19.9863;
22.153;
18.9067;
24.5087;
18.7323;
23.1225;
17.7615;
29.7617;
29.2643;
19.2649;
23.0217;
32.55;
24.3347;
35.1903;
22.6839;
36.5697;
25.1236;
22.9389;
23.4258;
20.29;
18.425;
16.8782;
28.6272;
19.4318;
22.0389;
20.2601;
21.5823;
26.6682;
22.1467;
23.0474;
23.0126;
17.3387;
13.7346;
19.9592;
24.6001;
37.9052;
14.5331;
26.2345;
16.5109;
36.6552;
30.9604;
27.1543;
25.3645;
33.0396;
27.4195;
18.5766;
19.0523;
12.9772;
24.2663;
33.084;
22.5878;
24.8877;
26.9687;
22.6152;
19.435;
19.0039;
29.8216;
23.6455;
23.0123;
24.4989;
27.5848;
16.3358;
24.3317;
24.5779;
20.482;
19.9079;
30.0578;
29.5034;
14.9377;
18.6535;
30.0421;
25.1078;
22.7158;
21.1464;
26.2357;
35.6888;
17.1248;
23.1857;
17.4647;
20.7561;
19.8195;
23.8497;
24.8757;
20.4327;
18.5238;
27.3529;
26.5238;
17.0645;
14.8931;
28.6115;
22.2941;
15.4184;
12.1488;
29.7692;
24.4434;
30.2825;
50.151;
24.6573;
36.5179;
13.0985;
25.9073;
16.976;
25.1047;
26.0446;
18.6154;
19.508;
22.7572;
29.478;
28.0178;
21.5003;
20.7996;
20.8275;
31.6904;
34.5226;
27.1427;
21.3098;
25.2008;
27.1084;
20.7765;
28.3896;
21.1423;
23.0485;
27.8875;
25.0844;
26.8543;
26.8106;
18.7752;
19.2822;
17.2717;
20.7654;
17.5532;
15.1698;
16.7683;
20.4652;
19.7949;
32.5712;
22.0003;
16.8195;
27.4779;
34.7169;
23.5591;
29.2462;
27.9137;
24.0738;
13.9872;
17.6939;
23.1746;
18.3258;
25.4125;
29.7415;
25.3982;
18.616;
23.044;
16.9524;
21.4727;
18.0292;
31.2113;
13.7311;
22.6097;
27.7587;
22.0185;
10.5643;
36.5625;
28.5148;
22.2044;
16.2981;
20.4231;
23.7712;
28.2981;
28.8134;
23.7451;
31.4369;
24.0373;
24.3461;
21.6472;
20.0257;
35.7635;
14.0091;
11.5614;
16.8685;
27.479;
14.0556;
24.227;
19.6913;
35.8035;
14.3676;
27.8853;
23.8711;
28.1315;
15.4131;
19.842;
27.5157;
24.7932;
16.7022;
25.4143;
18.8194;
24.4278;
21.5601;
22.8244;
18.989;
17.2676;
22.7922;
21.1094;
14.3063;
30.8552;
11.4165;
22.8022;
18.1433;
29.4417;
24.9268;
25.2787;
20.9525;
33.229;
16.8693;
20.8152;
28.2515;
33.4435;
24.5107;
28.1328;
24.9975;
26.4719;
13.6083;
23.5306;
24.8756;
16.3717;
23.1476;
21.3924;
29.96;
19.3449;
16.7899;
21.7152;
22.6902;
20.7671;
17.5612;
39.7402;
34.7517;
18.6269;
35.494;
27.0116;
18.3204;
24.9464;
18.294;
19.217;
33.5173;
21.685;
25.9881;
23.2898;
18.2982;
16.4541;
14.967;
26.6329;
7.77805;
23.1801;
22.7346;
13.3193;
30.5064;
29.6186;
22.2154;
20.1671;
34.4895;
20.6658;
16.0847;
28.5859;
25.4482;
29.9928;
32.0683;
26.7194;
22.5658;
27.3849;
25.8457;
15.1297;
29.0959;
22.3118;
18.2536;
21.2306;
26.0846;
26.3573;
24.3546;
25.1137;
19.7284;
26.0481;
27.6912;
19.6808;
22.9158;
12.1205;
29.4837;
22.3784;
18.6697;
27.4357;
18.2697;
23.4666;
22.2003;
16.769;
20.1232;
21.5049;
28.4679;
18.4148;
20.9458;
23.4277;
18.2299;
18.2196;
20.1564;
15.3636;
17.0025;
20.1931;
23.4823;
27.2828;
32.4228;
34.8437;
10.131;
21.771;
21.1237;
16.8552;
28.5679;
23.9134;
16.3589;
17.5128;
33.4686;
33.9105;
19.4212;
19.688;
27.9506;
20.6671;
23.823;
27.9548;
28.2974;
17.1497;
27.6989;
15.9123;
21.4149;
22.9345;
22.4944;
17.2472;
24.135;
33.8431;
15.657;
24.9439;
18.7087;
20.3232;
20.1486;
25.8483;
21.9207;
19.1115;
24.6077;
29.0843;
16.1191;
14.5942;
17.8972;
16.989;
6.12917;
33.6636;
19.134;
33.7883;
31.3335;
19.6453;
24.0763;
26.971;
28.7782;
13.0732;
26.7165;
26.1665;
32.1769;
20.5795;
19.181;
29.4726;
13.7328;
15.265;
17.3955;
17.325;
14.2294;
21.1168;
30.6111;
21.1052;
23.223;
28.8818;
29.955;
18.3415;
31.0481;
30.2084;
15.8373;
25.7289;
22.0186;
10.5129;
28.0328;
26.2298;
21.1096;
20.4424;
17.8151;
16.3535;
22.6397;
19.7095;
26.9867;
23.2687;
44.1542;
24.5674;
21.3935;
20.1125;
23.6056;
19.9601;
19.9747;
16.0419;
24.4177;
23.6513;
29.0193;
22.467;
32.8875;
33.0416;
22.8061;
15.9876;
23.5117;
25.7797;
19.8735;
13.8639;
32.3062;
15.1187;
19.9438;
28.1524;
19.0825;
26.6975;
13.9469;
23.0608;
13.1852;
21.0131;
31.5585;
12.8364;
26.8906;
22.1764;
15.7954;
27.459;
19.8021;
30.0103;
26.5023;
17.5506;
20.8741;
28.1104;
21.784;
33.7408;
30.8277;
21.6753;
14.3775;
18.9494;
13.3219;
33.4484;
33.1086;
23.1351;
17.5427;
21.6031;
20.9313;
22.6977;
29.0149;
15.7853;
20.1013;
29.2175;
17.1486;
27.735;
15.8209;
25.1276;
23.3607;
32.5666;
26.8702;
19.774;
25.9531;
26.304;
24.9209;
22.9532;
16.2824;
23.0764;
14.0819;
15.7299;
17.5824;
25.0224;
17.6277;
17.8662;
16.6073;
14.8861;
19.356;
24.2232;
23.373;
31.3212;
15.9765;
32.3379;
24.4144;
22.7987;
27.9711;
26.8978;
21.8306;
30.0132;
21.9678;
19.0693;
18.6082;
26.3701;
30.9213;
18.617;
26.5667;
25.8441;
17.4977;
19.1707;
15.4116;
15.3795;
25.8853;
20.8867;
27.4412;
36.1832;
33.5726;
17.2115;
25.3893;
26.5875;
24.2625;
16.2756;
29.3905;
27.1655;
32.5393;
13.5616;
28.4702;
26.3896;
23.2553;
28.4053;
31.0916;
23.6294;
15.6675;
19.9879;
25.8606;
18.4985;
21.5902;
25.4542;
25.1541;
15.0044;
27.6028;
32.9077;
17.5131;
25.966;
12.6855;
26.1771;
25.3262;
20.8302;
31.9601;
16.8163;
26.9251;
21.2662;
25.3364;
33.8864;
20.5187;
26.1073;
15.3646;
20.0861;
26.0854;
19.9065;
18.9099;
11.74;
16.9277;
17.257;
23.3493;
23.0977;
12.2789;
23.9612;
23.307;
26.1881;
12.5953;
17.8116;
25.9536;
21.5759;
16.2765;
20.611;
17.3646;
17.0281;
23.3313;
13.5042;
26.4089;
16.6888;
18.2695;
24.643;
17.816;
16.0059;
25.9112;
28.8425;
18.5947;
22.5852;
9.41041;
18.1174;
36.2308;
25.8357;
17.0927;
11.4238;
14.158;
17.7217;
16.0135;
21.4988;
19.6907;
24.6528;
26.6026;
31.7165;
31.7784;
14.3576;
17.0161;
30.9981;
24.497;
23.2645;
18.5098;
14.2062;
20.2928;
29.4786;
17.8307;
22.2247;
25.0618;
16.0688;
26.6495;
14.0194;
15.0668;
20.2335;
24.1324;
11.4682;
19.4117;
17.0597;
31.0959;
13.833;
25.2205;
23.082;
22.7952;
21.3132;
22.3296;
21.8977;
25.2843;
24.1351;
11.7063;
20.9839;
23.2954;
13.915;
23.0968;
12.747;
20.2547;
16.0377;
11.856;
15.2874;
29.6262;
16.3666;
16.8156;
28.933;
17.1543;
28.0001;
23.4271;
29.6586;
14.899;
15.4915;
18.3382;
17.6704;
14.2294;
21.286;
23.6778;
16.9034;
22.621;
28.9256;
24.4405;
12.8037;
26.9395;
27.1794;
16.5278;
18.8231;
20.2736;
17.1778;
17.6033;
18.8778;
26.254;
16.9297;
25.7972;
12.2338;
24.2982;
24.6516;
13.2829;
12.3981;
15.2477;
39.7504;
22.7962;
29.0529;
18.7831;
14.4148;
29.6532;
22.9416;
14.5837;
13.4228;
23.1736;
28.3168;
19.7749;
31.5782;
19.7159;
21.3938;
32.9344;
32.6451;
16.8824;
18.4667;
23.8489;
16.5143;
17.2503;
25.1969;
25.3422;
25.5957;
31.1546;
33.8063;
11.5717;
22.9611;
21.8284;
19.9937;
22.0312;
16.4654;
28.2344;
21.7481;
18.5237;
27.2988;
16.8647;
22.4318;
11.7386;
23.1917;
28.4921;
23.8396;
23.3305;
20.8339;
29.6998;
26.6565;
22.371;
20.4542;
14.7194;
19.0938;
17.4197;
23.8146;
15.7139;
30.0996;
18.7629;
28.0031;
34.5791;
17.3137;
17.1302;
24.4661;
19.0866;
26.6245;
20.1921;
27.0263;
17.5254;
19.2388;
15.53;
20.5374;
30.8088;
18.2301;
30.1856;
28.8871;
12.4578;
19.4167;
17.4057;
31.7813;
12.4664;
28.7693;
26.1688;
24.7316;
21.677;
16.9845;
27.5495;
22.1926;
21.9661;
22.3356;
17.1597;
21.236;
31.0644;
20.8231;
18.1155;
29.8776;
25.8692;
21.022;
25.711;
22.5112;
15.9451;
40.399;
29.9279;
38.0858;
30.8875;
21.1893;
14.4059;
20.1723;
10.4336;
12.2321;
14.2581;
16.2937;
13.6687;
19.5354;
16.7286;
23.9929;
25.445;
28.601;
8.47076;
14.8425;
23.8018;
29.9714;
15.9412;
31.8914;
22.0804;
30.2085;
21.0279;
16.1236;
32.937;
20.1282;
3.09727;
13.1962;
25.188;
15.1847;
28.2578;
15.2454;
21.2594;
13.0933;
23.1601;
28.1968;
16.8248;
34.989;
14.7293;
15.1213;
22.6079;
18.799;
16.4859;
17.3685;
25.4917;
20.6855;
20.3553;
14.4576;
16.8392;
10.4702;
9.34267;
14.0246;
15.0575;
27.2146;
19.8493;
22.1391;
11.9284;
16.1764;
28.3374;
23.3916;
20.0354;
10.2127;
23.6854;
17.9937;
10.4853;
10.4207;
22.6798;
10.3684;
19.1812;
27.2661;
20.9901;
19.7521;
21.5226;
19.1283;
26.1204;
26.1179;
14.6949;
26.3634;
22.4327;
24.9461;
23.4992;
31.0809;
27.3443;
21.1329;
13.6429;
9.71286;
20.4245;
24.0706;
15.0185;
28.779;
12.4929;
11.4795;
29.5581;
21.2581;
7.88567;
12.5853;
23.1717;
34.4904;
21.338;
19.6899;
23.761;
15.325;
22.9075;
19.4494;
22.0071;
14.995;
13.8219;
33.2313;
21.2624;
19.9687;
17.5962;
20.7954;
14.4868;
23.9917;
16.9617;
22.9332;
22.1286;
28.7239;
15.787;
18.6801;
28.3923;
15.7923;
34.0397;
15.0662;
22.3126;
15.0384;
12.6124;
19.2818;
19.1774;
31.3068;
26.6575;
13.5064;
13.1573;
20.4675;
21.0841;
17.6424;
18.7628;
17.6848;
27.0662;
17.8983;
18.2779;
20.2345;
23.18;
18.3915;
14.937;
24.5707;
19.1677;
28.7558;
21.0557;
24.9217;
20.419;
15.7474;
17.9007;
21.935;
8.89913;
23.2126;
21.4963;
18.6369;
12.6368;
28.4409;
24.3243;
24.4354;
21.3839;
24.0275;
24.3354;
19.5242;
14.8026;
18.7926;
17.2344;
19.4034;
12.6798;
14.6601;
24.221;
19.4242;
12.1532;
20.9685;
20.9234;
23.1173;
24.0295;
23.2636;
11.6924;
19.6395;
21.1211;
11.417;
13.3343;
23.4536;
17.5752;
24.444;
28.749;
22.1144;
9.86691;
20.7938;
14.9636;
22.2441;
14.6483;
25.4291;
23.328;
12.6353;
19.8249;
28.8697;
17.7601;
26.0902;
18.2652;
15.3254;
8.71125;
14.4578;
29.1069;
22.8054;
14.2078;
20.1584;
14.2441;
8.34372;
32.5912;
12.8785;
21.44;
22.319;
13.7093;
14.2336;
17.5597;
18.228;
22.027;
26.612;
19.9853;
10.631;
22.8554;
27.0431;
19.6069;
20.4007;
18.1471;
20.0306;
9.01453;
7.93258;
29.7915;
22.2849;
22.8884;
29.5805;
22.2576;
15.8429;
27.236;
16.1787;
28.5784;
24.6368;
24.8314;
15.1188;
16.4829;
22.14;
31.6954;
19.0601;
22.1274;
14.8691;
14.561;
25.6979;
20.218;
25.4731;
20.8175;
19.4738;
23.7091;
19.4235;
23.9594;
16.7611;
20.7627;
19.4778;
24.9368;
15.8218;
23.5175;
17.2428;
23.5595;
12.7573;
25.1388;
18.8684;
18.9746;
15.9237;
18.3806;
19.3076;
26.7987;
19.6866;
20.2026;
17.6921;
20.35;
15.3768;
17.8569;
16.0412;
15.9408;
14.0065;
29.4081;
16.5062;
30.6846;
15.5507;
18.726;
8.13157;
12.2787;
22.7423;
15.8341;
13.1844;
18.0567;
10.4812;
11.4906;
21.0335;
22.5132;
18.0303;
30.6732;
26.5986;
12.1877;
16.9329;
24.2348;
27.792;
19.1443;
11.6722;
20.7591;
16.3011;
25.2149;
17.3772;
24.2119;
18.3654;
21.8262;
23.802;
15.3877;
13.6747;
21.5557;
19.928;
24.7196;
18.0285;
17.0676;
18.0696;
15.0425;
16.5221;
12.9463;
14.6363;
16.6655;
22.9536;
12.0289;
17.2203;
22.448;
25.6895;
19.3868;
15.611;
26.8793;
20.8148;
14.8182;
18.3746;
17.4695;
14.4019;
22.0125;
14.567;
19.2027;
22.0255;
22.2622;
13.9407;
13.8727;
6.59145;
13.6639;
14.9175;
20.8565;
26.2814;
17.3113;
21.119;
13.9646;
24.6393;
8.31234;
15.7616;
25.5289;
16.3815;
20.4844;
27.0771;
23.3081;
15.0238;
13.285;
18.6008;
19.0925;
14.6025;
21.3674;
21.1774;
28.8449;
15.6911;
16.8828;
26.7859;
14.8523;
13.131;
23.3858;
15.7651;
11.3529;
24.1238;
10.1833;
23.8261;
12.4427;
18.156;
23.2592;
15.4436;
14.4827;
13.9092;
21.3328;
14.2507;
17.3736;
19.4279;
29.6478;
17.0379;
16.5724;
16.1879;
13.8059;
15.4432;
22.7064;
10.104;
16.8601;
23.3786;
9.66226;
15.7155;
19.6656;
13.9373;
16.5139;
23.3332;
14.3764;
20.4886;
11.3533;
19.5735;
11.7432;
17.6796;
17.6863;
7.9326;
17.6581;
15.641;
18.6663;
21.5837;
20.5987;
14.161;
13.3109;
20.2322;
18.7392;
20.336;
16.92;
23.2241;
22.2696;
16.4058;
16.391;
27.1793;
24.1775;
16.3173;
20.6719;
14.386;
15.0249;
16.9039;
10.3;
17.901;
9.77571;
22.6003;
12.1301;
19.6043;
20.4814;
23.2794;
5.83247;
11.5744;
21.0797;
25.6839;
15.2138;
32.7194;
24.6043;
17.3398;
14.6744;
15.4075;
16.1478;
20.978;
24.3548;
25.8618;
21.4494;
15.3011;
15.137;
14.7027;
9.91783;
21.2296;
11.6103;
7.227;
11.7575;
11.4626;
15.1089;
14.1306;
10.0121;
22.3435;
13.2741;
21.3792;
10.0297;
29.5641;
21.0599;
21.5531;
23.0605;
16.2038;
17.7377;
23.6657;
16.2731;
29.1186;
19.4706;
8.72522;
20.5405;
25.665;
9.49164;
17.7685;
20.4488;
19.2087;
15.689;
23.8725;
22.3511;
10.8563;
21.3817;
19.4926;
19.6757;
18.0189;
20.6952;
15.0888;
8.48421;
14.3765;
32.2914;
12.6068;
22.0272;
19.1552;
12.6605;
13.4784;
17.6866;
31.2581;
10.982;
12.6825;
25.2764;
16.8286;
9.90316;
23.5414;
12.5973;
17.058;
22.314;
13.6176;
20.197;
20.9993;
17.0285;
29.8657;
15.872;
10.872;
16.3431;
18.81;
13.0805;
21.0802;
27.9036;
24.1147;
19.0387;
21.5125;
14.9588;
26.8498;
25.6642;
19.69;
19.7062;
14.1018;
8.52529;
11.9056;
27.6527;
16.9313;
15.5582;
17.5029;
21.7902;
19.1032;
25.3061;
10.1566;
15.2926;
25.8544;
16.0191;
32.548;
20.6893;
19.2886;
20.4857;
22.0275;
16.4464;
17.7947;
16.4895;
23.6142;
20.7561;
20.5228;
15.5447;
20.2792;
11.8468;
22.9998;
12.3789;
9.35978;
25.1563;
17.6876;
16.4133;
19.6362;
24.405;
28.4494;
16.5781;
22.1258;
15.6846;
7.5053;
23.3091;
23.2278;
15.3848;
19.9052;
15.4769;
18.9641;
16.3197;
22.7607;
31.2464;
21.6215;
24.228;
20.6929;
13.117;
25.0916;
19.3314;
14.068;
10.7719;
27.2943;
22.8762;
10.9791;
16.4667;
22.4152;
21.215;
17.0754;
21.3982;
16.8915;
15.744;
11.4705;
19.0717;
14.7712;
16.2999;
17.2773;
25.329;
13.819;
20.5867;
11.3569;
10.1841;
25.2147;
14.427;
22.5066;
31.6087;
23.4539;
13.4062;
11.2387;
20.1055;
23.5332;
11.6356;
19.1374;
11.5266;
18.0988;
27.383;
27.4028;
14.5576;
17.9706;
16.5915;
18.2672;
20.0978;
29.4362;
18.0047;
13.4304;
22.7693;
17.0181;
15.3204;
22.9949;
9.15839;
20.6386;
31.6262;
20.4838;
11.1241;
14.5521;
18.4248;
15.6919;
21.5463;
13.7354;
15.8801;
9.46849;
18.2277;
17.9221;
17.4404;
23.8129;
20.8643;
19.4515;
16.0269;
24.2493;
13.6193;
13.362;
17.6567;
22.7267;
10.3977;
22.8144;
25.8508;
12.9574;
19.6149;
31.8822;
15.0281;
21.5625;
21.0167;
14.8414;
21.3708;
20.963;
16.545;
7.85826;
14.7701;
19.4689;
22.1383;
15.5411;
17.1685;
19.0909;
14.9587;
14.5147;
16.9941;
20.1717;
24.4906;
10.9957;
15.071;
19.4143;
9.76173;
25.9117;
21.6057;
20.5547;
20.3525;
19.4054;
13.1557;
17.1103;
24.3412;
8.46565;
17.1597;
17.0398;
19.668;
13.1204;
17.5679;
20.0903;
16.9594;
11.5524;
22.3998;
20.1744;
6.98879;
19.7544;
22.259;
14.635;
12.1596;
17.2708;
12.2331;
10.1738;
13.774;
24.5432;
28.7303;
20.715;
20.5159;
17.6733;
24.564;
25.8494;
18.3279;
11.7238;
16.7513;
17.0552;
23.5096;
24.1456;
16.0388;
19.0014;
15.7124;
18.3816;
22.9694;
22.074;
18.538;
22.255;
15.7316;
12.647;
23.9128;
17.3192;
20.3863;
15.9223;
17.8213;
20.6157;
20.5366;
10.8791;
7.43452;
21.0261;
23.1152;
18.7017;
17.3356;
10.6743;
16.4538;
13.7079;
18.814;
19.5382;
29.203;
13.3337;
32.7267;
18.0404;
18.1082;
13.6281;
15.0166;
19.869;
17.6846;
19.1141;
19.1136;
22.443;
17.4547;
18.8811;
11.8377;
13.0889;
18.2619;
9.29491;
15.0387;
10.9235;
16.8776;
12.9347;
15.6279;
26.3256;
26.9035;
25.4338;
16.8801;
20.4531;
23.9532;
12.5927;
18.2427;
20.9257;
23.1927;
22.4656;
13.9555;
20.8011;
20.2791;
21.73;
21.0273;
23.3914;
13.9873;
18.122;
25.0358;
21.8048;
18.313;
27.8561;
14.9235;
16.0145;
16.5644;
11.5603;
18.9948;
19.7678;
22.2585;
21.4107;
9.13817;
21.4005;
18.9753;
17.2609;
11.7027;
20.852;
16.1807;
17.3245;
17.4407;
22.8046;
11.8807;
23.3413;
26.2658;
16.4487;
22.9569;
13.8459;
25.889;
15.8962;
13.9051;
15.1768;
13.056;
15.0231;
21.4466;
14.7293;
19.9694;
17.2399;
15.2988;
22.9009;
17.052;
19.2643;
21.64;
23.2417;
24.9787;
14.9498;
5.9973;
24.3403;
19.1718;
12.443;
5.66886;
12.8245;
13.2048;
24.7259;
11.6945;
20.8423;
16.508;
20.0871;
21.1393;
20.7839;
16.4725;
19.9881;
22.6218;
15.4867;
12.6191;
18.882;
19.7012;
26.545;
17.2359;
18.676;
19.1604;
12.3218;
23.1209;
13.0459;
14.9282;
13.2443;
8.33227;
20.983;
20.7572;
26.2292;
29.053;
21.8953;
17.0005;
15.6186;
12.2553;
15.0135;
18.3701;
18.2962;
10.4187;
11.7391;
19.7906;
11.9228;
12.9185;
16.5789;
20.2435;
8.7992;
21.8426;
11.4416;
11.4038;
12.2008;
19.7411;
28.7555;
15.1135;
12.422;
19.3763;
22.7834;
12.2023;
20.6012;
22.9451;
27.8608;
22.2505;
18.0855;
31.3855;
19.6064;
18.4526;
23.712;
22.2188;
16.8116;
15.6687;
13.3066;
12.5209;
10.8758;
23.3549;
17.9604;
17.1282;
11.6756;
13.7803;
16.2908;
23.7479;
16.6697;
15.3988;
16.1462;
21.9802;
27.449;
16.2;
24.822;
7.0618;
23.2121;
14.4993;
22.0893;
20.0621;
16.3778;
17.9307;
11.6197;
21.818;
17.1926;
14.562;
8.14794;
17.2529;
17.0027;
22.0432;
15.4665;
19.3797;
17.6605;
26.5253;
11.2409;
11.7816;
19.0148;
18.0562;
19.4849;
15.4306;
11.7393;
20.2402;
16.3435;
17.8725;
18.1401;
24.066;
13.5085;
23.0444;
17.8508;
25.4095;
26.6996;
14.3303;
13.5028;
18.4905;
11.1148;
21.6095;
25.4225;
24.5676;
14.5263;
21.3031;
12.7255;
26.2026;
17.987;
14.9807;
18.0744;
16.2538;
10.3407;
24.6121;
15.3872;
15.0969;
23.7023;
12.9568;
11.5227;
18.1561;
16.6844;
13.4249;
15.6002;
14.6908;
23.442;
19.4221;
17.1214;
15.0319;
12.2347;
12.4868;
14.713;
14.2042;
23.8697;
21.7458;
17.2092;
24.7715;
19.2533;
13.3115;
20.715;
18.1636;
21.5097;
11.2502;
13.2388;
10.9313;
9.46622;
16.9539;
19.9106;
14.1111;
27.3363;
25.4629;
15.2375;
19.7137;
20.2266;
10.6416;
14.4993;
22.9473;
11.1337;
24.5861;
12.6211;
11.8877;
13.8215;
18.2933;
9.56245;
13.7649;
17.7193;
13.8554;
13.6199;
16.975;
9.74655;
20.4207;
15.7975;
10.7865;
16.7277;
15.1791;
14.7628;
17.6484;
18.7139;
17.4281;
14.5494;
20.4552;
20.1125;
13.5868;
16.3931;
8.4215;
14.2033;
14.0198;
25.0058;
13.0459;
21.2284;
9.7692;
16.5752;
14.484;
27.7285;
24.8614;
18.4864;
17.7842;
16.3511;
23.0176;
21.7755;
19.7959;
12.107;
18.1478;
9.12542;
12.9049;
15.5278;
18.8409;
27.1086;
26.4021;
9.77274;
20.9816;
11.927;
18.4121;
15.0226;
21.3831;
22.1709;
14.4624;
14.6067;
21.8921;
10.8825;
9.08661;
18.002;
19.1368;
15.7466;
6.7415;
19.9676;
11.9007;
9.82123;
15.1467;
14.3724;
18.1113;
14.4129;
16.4819;
18.8904;
16.8675;
19.7342;
17.2452;
28.9109;
16.5699;
17.1936;
14.5235;
19.3751;
13.6582;
14.5377;
13.2289;
18.1466;
20.1479;
12.4629;
13.5405;
17.6335;
13.2026;
14.6806;
18.2105;
10.8127;
23.5868;
15.7091;
7.36397;
19.3089;
9.9651;
22.7132;
25.8218;
10.2096;
17.9704;
17.9412;
19.9723;
9.13205;
19.2347;
12.0779;
17.9937;
24.6917;
11.9114;
15.1132;
26.7662;
15.0458;
20.6526;
20.2283;
20.3695;
14.7779;
16.6458;
15.063;
11.8627;
17.2253;
24.5056;
23.8726;
23.8044;
12.6301;
14.5633;
14.9313;
24.2546;
20.9973;
13.4073;
11.0612;
17.9032;
23.0892;
15.1506;
21.5958;
14.4493;
17.6986;
18.7446;
25.5723;
13.1148;
12.04;
25.6127;
12.5341;
10.3703;
18.785;
17.1864;
12.8006;
17.9011;
14.9885;
18.4869;
8.91256;
13.566;
20.1483;
14.2761;
21.402;
27.0189;
25.2656;
14.8029;
15.7296;
16.3806;
22.7819;
14.6296;
16.489;
19.6709;
9.35774;
9.97506;
18.8297;
13.9432;
9.98434;
17.0696;
16.5973;
14.9984;
11.3584;
14.713;
28.1;
12.3502;
20.4337;
9.52743;
16.8306;
23.1643;
17.4836;
17.4313;
25.5861;
22.2016;
25.0229;
10.0161;
17.1501;
18.3519;
21.4477;
12.1133;
15.1809;
20.0306;
11.4814;
26.5844;
21.4439;
4.69378;
15.3711;
8.45474;
12.7995;
16.5796;
14.239;
11.3811;
16.1695;
26.2689;
12.0066;
12.8974;
21.334;
11.0848;
11.9366;
17.8504;
13.0675;
8.62584;
16.0198;
20.7026;
19.4283;
13.1462;
18.4353;
8.91028;
17.2408;
24.0527;
6.177;
10.0401;
24.2963;
12.9319;
22.011;
29.1587;
24.1936;
5.26914;
9.46871;
10.9603;
16.865;
17.8606;
18.2555;
7.61987;
19.7346;
18.7438;
13.9826;
15.0063;
13.3634;
13.071;
7.78942;
27.3;
18.1589;
8.56196;
12.8779;
20.7957;
14.1716;
27.2255;
14.2492;
16.8801;
14.9414;
14.8865;
14.7632;
26.0662;
21.7491;
18.8399;
15.2515;
12.2258;
20.0654;
15.2176;
14.0263;
22.4565;
14.8946;
20.0849;
22.0734;
7.57146;
18.9297;
19.1491;
17.8903;
15.5375;
17.2958;
17.5337;
19.8625;
8.73743;
13.2529;
13.2818;
17.9119;
17.3144;
15.2768;
28.1325;
25.1492;
13.2771;
17.0296;
16.4706;
15.1201;
20.851;
18.0382;
14.1593;
16.1852;
18.9035;
21.6816;
17.1323;
18.0788;
15.021;
15.2961;
8.06924;
23.881;
21.8512;
23.3457;
17.1705;
11.1544;
20.7488;
16.0657;
16.124;
14.5173;
21.2891;
19.1241;
11.6887;
16.6908;
18.9947;
24.3826;
17.1611;
19.2767;
15.4848;
18.9682;
20.1173;
13.8073;
13.8463;
11.2999;
14.442;
12.6538;
15.904;
15.5489;
19.4997;
10.8342;
15.501;
24.3785;
18.9716;
12.7948;
13.3082;
24.3328;
15.6244;
18.9537;
24.0305;
12.7475;
25.2027;
10.8765;
13.9971;
16.2953;
15.3584;
14.1469;
14.9624;
14.4014;
18.6086;
23.0233;
17.1395;
8.21346;
9.46388;
16.7825;
24.109;
20.9908;
14.3744;
11.7764;
8.09683;
16.8848;
14.4476;
10.3498;
14.1363;
16.3703;
13.0096;
16.2795;
11.231;
17.3897;
20.5683;
16.8618;
16.7204;
16.1173;
10.8873;
14.5879;
14.1825;
17.0648;
13.8655;
8.66547;
6.66481;
15.4074;
14.9789;
13.1185;
23.7576;
17.0237;
20.3395;
13.0593;
8.61733;
22.5919;
10.8577;
11.4788;
26.0482;
13.3878;
13.7404;
13.7157;
12.6324;
12.5384;
10.8316;
3.3056;
19.974;
14.9223;
10.5343;
15.4499;
13.1566;
11.1372;
13.8983;
16.5068;
9.71325;
14.1009;
10.679;
19.0791;
4.51066;
7.47001;
17.0028;
18.6921;
14.0432;
22.182;
20.0693;
19.7942;
18.8847;
9.55162;
17.3087;
16.286;
23.4511;
14.7097;
18.0739;
18.5197;
13.0554;
17.5068;
14.0392;
9.56456;
13.1555;
9.4476;
17.2659;
10.6149;
14.4987;
13.4014;
14.5318;
12.6379;
10.8532;
17.9474;
14.2314;
14.523;
8.34076;
14.9669;
12.1082;
9.73713;
12.6023;
10.8265;
15.5888;
8.50086;
20.6149;
16.5281;
13.9079;
5.62988;
17.6204;
13.6227;
12.5479;
21.7939;
16.4696;
15.7809;
15.625;
10.1073;
16.2761;
14.0344;
19.8869;
14.6239;
11.1511;
13.1873;
17.1962;
15.3847;
18.9035;
15.4181;
15.3649;
14.8438;
14.0479;
14.3661;
20.9335;
11.4856;
15.7878;
21.5047;
12.6382;
16.8845;
17.7577;
7.91687;
13.107;
21.6077;
18.4196;
16.0701;
13.5433;
20.669;
14.3407;
12.0816;
13.0215;
7.81541;
7.55925;
11.1397;
11.2366;
13.4695;
18.5041;
21.7165;
22.2878;
14.2033;
17.598;
7.48461;
10.9745;
7.82151;
27.408;
7.76558;
14.905;
19.1937;
7.38087;
17.1175;
13.3251;
14.9646;
13.7907;
9.44726;
6.8456;
7.6782;
16.0132;
16.3855;
17.6624;
16.1375;
15.532;
9.11036;
20.3429;
12.2116;
17.8644;
6.41839;
10.3554;
14.8737;
12.2253;
17.5123;
15.0377;
9.15971;
15.5107;
18.8725;
15.6954;
9.94454;
10.4735;
14.4595;
10.802;
16.9377;
8.68739;
11.5954;
16.0512;
16.231;
8.69521;
17.7719;
12.8228;
14.4375;
19.4597;
16.1623;
17.22;
11.3277;
14.6293;
18.8042;
10.069;
13.4005;
15.4302;
6.21299;
16.5704;
12.6205;
7.66852;
14.9927;
23.6074;
12.5514;
14.9437;
11.5939;
18.5061;
13.6849;
15.2345;
11.9545;
18.4002;
15.9162;
9.47005;
18.7425;
13.1576;
7.9851;
15.5573;
23.1322;
20.977;
14.2311;
11.4985;
11.7233;
12.9132;
10.0072;
13.6839;
15.8557;
14.8926;
12.834;
18.207;
19.0442;
22.4863;
4.13317;
22.855;
7.56445;
12.046;
10.5236;
13.5518;
15.9122;
14.7657;
22.3612;
11.0137;
16.5458;
22.4891;
8.10343;
21.2886;
12.9981;
9.01722;
13.3762;
10.7031;
16.9333;
14.5525;
11.1116;
18.5787;
17.2416;
16.8432;
14.2109;
13.8651;
19.848;
7.19336;
6.1917;
15.9784;
13.0852;
18.9655;
12.4543;
8.87654;
19.0329;
17.5142;
12.9135;
21.5448;
6.91353;
10.3055;
11.1854;
17.3888;
6.30172;
11.8133;
10.5866;
16.5925;
15.3552;
11.8067;
14.9348;
17.1834;
15.8813;
9.798;
12.4345;
6.64565;
24.5598;
13.1615;
14.6551;
4.54414;
14.3055;
13.5136;
7.22941;
10.5174;
7.83736;
9.79035;
13.7193;
14.6961;
8.4981;
16.8224;
11.3701;
11.5886;
11.4229;
13.8189;
10.8697;
17.0509;
9.65956;
20.8834;
11.1413;
15.8415;
7.82324;
14.4724;
18.1949;
17.2702;
14.4342;
11.0985;
15.7312;
9.59225;
9.91691;
10.1203;
13.5648;
8.43951;
21.8027;
12.5826;
18.0593;
19.1191;
13.1299;
12.1737;
14.323;
10.6389;
18.1138;
18.1714;
17.2659;
10.2757;
17.1022;
11.5753;
8.59928;
10.6338;
10.0472;
16.8034;
5.22231;
15.009;
11.1296;
10.4508;
8.95482;
8.23743;
10.9317;
9.26855;
12.9251;
9.46581;
13.0127;
17.6004;
16.5122;
21.3087;
17.3987;
14.0533;
12.4601;
17.8734;
13.4868;
14.697;
9.65707;
10.7392;
10.9466;
8.55985;
10.1699;
18.7791;
11.1679;
10.4149;
15.943;
14.4471;
11.655;
22.6873;
12.5916;
17.1894;
18.6994;
13.128;
11.1908;
15.6597;
15.0382;
16.3854;
12.2575;
19.6454;
18.3364;
11.2751;
13.1755;
8.65861;
16.049;
14.0715;
9.38128;
8.99325;
16.7015;
12.508;
15.1209;
14.9872;
16.179;
21.8403;
7.57143;
7.5159;
13.691;
3.76582;
10.9631;
11.3112;
15.7784;
14.9866;
15.7418;
17.9234;
18.541;
12.0511;
16.5735;
19.5879;
14.6792;
10.9356;
16.0677;
11.8257;
20.4339;
12.647;
8.04577;
14.4031;
19.6534;
11.7779;
13.7622;
17.9649;
17.5998;
8.9932;
9.88365;
10.088;
10.711;
17.6589;
6.80575;
17.1565;
10.1359;
15.5348;
9.71444;
11.7304;
19.008;
11.532;
19.6083;
12.1192;
9.642;
13.6737;
9.99048;
7.89822;
16.1739;
16.0726;
13.0973;
15.9472;
15.9705;
10.946;
12.4413;
11.7377;
9.65551;
16.9282;
15.3534;
8.26249;
12.6388;
10.7385;
9.73599;
15.3319;
12.2473;
13.7152;
8.25556;
15.6242;
15.0322;
10.4293;
10.7663;
20.3982;
10.3405;
9.78057;
20.3599;
7.9728;
6.8754;
10.9653;
15.6846;
20.1872;
6.3536;
10.7176;
9.9679;
7.22126;
13.8635;
16.8344;
10.3442;
14.9032;
14.5361;
9.92005;
18.1827;
11.3718;
11.9802;
10.5251;
12.198;
14.3092;
20.5893;
6.41971;
8.62561;
13.9443;
15.9969;
11.7769;
11.0712;
5.10664;
13.5468;
13.1834;
10.1148;
9.3805;
14.2167;
12.8974;
17.7056;
16.4169;
16.7593;
13.1006;
9.0726;
15.6719;
17.8262;
6.78151;
13.2816;
13.1532;
13.8944;
14.8173;
13.4337;
5.90403;
16.8121;
17.9447;
10.1817;
6.8889;
21.578;
10.0385;
8.43628;
10.9474;
7.73777;
7.38042;
10.5267;
11.7932;
16.2503;
16.9082;
8.11876;
11.0094;
12.7001;
13.2164;
9.89377;
12.0697;
12.6201;
12.6569;
13.221;
7.17771;
16.2013;
13.0202;
12.6936;
18.0434;
9.77596;
11.7884;
14.3007;
7.22882;
8.8785;
13.8628;
5.04056;
15.6031;
18.8909;
12.851;
12.7498;
10.1015;
13.5884;
12.8441;
8.203;
12.514;
7.30034;
12.0514;
12.4022;
11.5819;
11.7661;
11.8213;
14.4796;
16.9472;
11.4019;
9.20826;
10.7336;
12.3181;
9.43656;
19.2579;
10.0911;
14.6001;
14.1163;
13.6761;
7.42863;
12.5068;
11.6962;
11.4689;
11.5001;
10.1673;
15.6695;
10.1284;
12.0585;
13.7155;
11.0097;
13.3263;
14.9807;
13.8508;
12.3591;
9.7876;
14.6811;
15.3719;
19.0207;
7.0332;
9.71923;
9.09196;
16.0937;
9.41419;
12.725;
9.90138;
11.1244;
10.4836;
10.064;
9.26317;
11.1158;
9.80505;
14.1421;
16.1212;
13.0688;
12.4062;
6.69908;
9.80733;
7.07762;
12.8552;
12.2749;
10.7364;
8.92932;
9.83638;
16.3344;
16.2509;
11.4751;
10.4014;
16.6551;
9.25321;
12.2785;
16.0752;
11.8352;
17.9273;
20.1211;
10.9208;
14.3425;
11.5588;
14.576;
11.4614;
16.7605;
7.902;
10.9696;
11.3295;
13.8063;
23.5681;
13.4754;
9.56115;
10.3918;
7.74816;
9.52944;
10.4227;
17.9625;
13.9931;
7.30004;
6.70021;
15.1573;
10.7171;
12.5134;
8.32834;
15.5139;
7.99575;
9.02401;
12.396;
11.6014;
10.9284;
15.9352;
10.1808;
12.5323;
15.5915;
11.5431;
14.6617;
15.3345;
13.0077;
17.7375;
8.35186;
15.0932;
8.33669;
13.4855;
9.34267;
13.3743;
10.8729;
11.168;
13.8029;
10.7298;
9.80284;
10.9575;
16.8098;
21.9393;
12.4946;
17.0616;
10.2725;
19.3548;
13.141;
4.22605;
7.87377;
14.5958;
9.93152;
8.14539;
11.9773;
12.1998;
12.2239;
12.9054;
5.041;
15.8385;
13.7559;
4.1047;
13.3585;
12.7483;
10.1198;
15.1876;
4.96927;
9.04302;
11.7575;
8.04926;
15.7314;
9.87836;
9.67424;
2.71074;
12.0021;
17.0667;
10.6233;
14.1438;
9.54611;
9.51336;
14.751;
5.14597;
12.7077;
4.7053;
14.0453;
11.7938;
9.55185;
8.45044;
13.1119;
19.7717;
8.71813;
9.1507;
11.3982;
9.24318;
8.43159;
10.884;
4.86228;
13.5142;
16.6511;
13.1483;
21.3523;
12.5522;
17.9308;
10.7682;
8.13697;
9.61362;
10.3543;
7.4631;
11.075;
10.7736;
7.46966;
8.98056;
14.0674;
11.9415;
18.0102;
18.6488;
8.56927;
18.6695;
13.1804;
14.0344;
17.3446;
14.3473;
10.9672;
7.52295;
5.68517;
10.5989;
14.8535;
11.3967;
11.9566;
13.1538;
10.4184;
5.66101;
8.93626;
8.16709;
14.3879;
17.1359;
14.4389;
13.0086;
15.8734;
19.3411;
5.29296;
12.6841;
9.57833;
20.419;
8.74882;
9.03493;
6.76903;
6.71613;
16.6357;
8.36011;
9.14115;
14.69;
6.8685;
7.80148;
15.8811;
7.333;
10.1353;
13.9354;
18.2261;
8.67451;
10.9132;
6.57361;
15.6665;
8.61037;
16.1836;
11.2736;
16.9548;
12.5628;
10.9877;
6.90746;
13.988;
11.8232;
12.6152;
3.91147;
7.63143;
12.603;
10.4434;
9.28392;
10.405;
10.7051;
12.1363;
11.117;
9.33392;
16.3061;
8.06782;
14.5888;
6.36782;
6.63672;
7.89463;
9.75164;
14.0755;
12.5591;
11.5437;
16.1517;
9.12081;
9.80446;
16.5119;
11.6563;
8.18894;
16.9296;
8.2059;
14.8156;
11.4985;
10.135;
10.7974;
13.0492;
8.95171;
15.6043;
14.1794;
15.9917;
13.8001;
14.0549;
10.5719;
14.6019;
12.1071;
9.40713;
16.8584;
6.3861;
10.0268;
5.40816;
14.8656;
6.67633;
11.8758;
14.7888;
13.2335;
4.92735;
19.7524;
11.7416;
8.07527;
13.7751;
8.53127;
8.62007;
7.63762;
12.2779;
10.1444;
10.4857;
18.8849;
15.2947;
14.4804;
12.3169;
7.97856;
16.1873;
9.36294;
7.56428;
5.70991;
5.87669;
11.8205;
10.0326;
13.2721;
18.4636;
12.0629;
17.6957;
8.87334;
10.0499;
9.98085;
10.9329;
13.161;
12.5532;
23.9346;
6.73072;
13.2858;
10.2127;
11.8448;
6.89539;
10.8006;
15.7741;
6.89964;
6.4052;
14.299;
9.59615;
14.8358;
8.84431;
5.56211;
18.8385;
8.36409;
10.1835;
14.7078;
16.0881;
15.093;
8.90775;
11.2119;
14.7343;
13.3596;
7.22334;
9.15487;
9.23251;
12.2438;
8.59898;
7.37338;
12.2782;
12.0475;
12.488;
15.0273;
7.69942;
10.0765;
7.91507;
11.2835;
16.7881;
10.852;
6.62027;
10.2239;
6.96506;
11.8619;
8.09313;
5.25157;
8.84709;
12.2447;
7.39733;
8.238;
10.7873;
11.5024;
11.1624;
7.42987;
8.45702;
9.4793;
13.8146;
12.7703;
13.7373;
11.1602;
13.1998;
9.34174;
11.4607;
13.7755;
15.9102;
14.0694;
7.91251;
10.6524;
10.4911;
10.0194;
13.1851;
20.3307;
8.77542;
13.0671;
5.15503;
12.8803;
18.2447;
14.1028;
6.62401;
8.80746;
8.12493;
12.4986;
7.09744;
8.57551;
15.2167;
11.1617;
9.37159;
6.02583;
8.15317;
12.4836;
20.628;
10.9217;
6.33966;
12.7861;
10.0021;
8.87743;
6.83277;
15.9753;
12.3796;
12.3753;
7.30262;
11.1111;
5.81665;
16.2926;
13.2892;
7.69025;
8.97302;
13.6901;
9.87054;
6.6487;
8.15575;
10.7989;
9.53555;
7.28437;
10.5268;
9.11863;
9.94848;
12.671;
14.8036;
13.4713;
5.9312;
7.65802;
9.61403;
12.3643;
6.7436;
7.49376;
8.28798;
14.6294;
10.4963;
10.7456;
10.8841;
11.8135;
7.46512;
9.85999;
14.5038;
8.67175;
7.68789;
11.0174;
8.52574;
12.5249;
10.2932;
4.05504;
9.0038;
10.4152;
11.4514;
14.0608;
14.8632;
11.8074;
10.4529;
11.6968;
6.28214;
15.9245;
9.8027;
9.62059;
8.23324;
10.5698;
10.7367;
9.71057;
11.0611;
6.37682;
6.16325;
14.9813;
11.9941;
7.33684;
16.3005;
7.34495;
6.30367;
7.22572;
6.23988;
14.2716;
14.1008;
11.4705;
10.5686;
5.248;
13.2882;
5.57321;
10.6297;
10.7064;
10.815;
9.41648;
6.34841;
17.6908;
9.52877;
9.4064;
8.33088;
13.8035;
14.3683;
9.05213;
7.00967;
8.58823;
13.3614;
6.47318;
7.58246;
6.1233;
13.3144;
12.5992;
8.96038;
10.0887;
7.34483;
7.35516;
12.251;
10.4412;
10.9069;
12.5831;
8.86929;
7.79648;
12.4475;
9.65025;
10.9344;
10.7664;
12.0257;
8.81466;
7.44052;
6.23182;
13.5635;
10.5836;
12.182;
4.11465;
8.4173;
9.60089;
14.2519;
10.3086;
10.2625;
6.83355;
19.0462;
10.4653;
6.91075;
8.96781;
9.60539;
8.30347;
8.74538;
10.6862;
9.17947;
8.132;
11.7152;
13.3373;
14.4122;
15.9657;
9.31637;
8.65893;
13.6188;
4.98454;
8.57377;
8.0861;
12.5269;
7.65034;
9.0343;
8.07865;
16.3505;
8.77995;
15.3794;
10.7157;
13.412;
17.0255;
5.96903;
8.95194;
8.07333;
11.7074;
7.66469;
11.2641;
5.12473;
16.2384;
11.0506;
12.582;
7.49699;
13.2116;
12.888;
9.2742;
7.71473;
4.25665;
5.16749;
7.78278;
8.72498;
8.80307;
5.78639;
7.41143;
3.47766;
14.9301;
10.0747;
6.70154;
12.2252;
8.33234;
7.04064;
12.1938;
7.71877;
7.06218;
8.50729;
13.3828;
14.4006;
6.54552;
14.8384;
5.37285;
5.1324;
11.553;
8.98183;
8.61027;
14.9534;
11.1284;
7.65239;
9.40503;
11.153;
11.8598;
10.1477;
6.07505;
8.36789;
9.10544;
12.1589;
10.6037;
8.69359;
11.0504;
8.62948;
17.9376;
11.1977;
4.7554;
12.2605;
7.712;
8.21906;
11.5512;
8.63928;
12.7733;
9.46676;
16.3779;
9.16127;
9.58091;
11.6791;
7.9814;
9.3768;
10.7264;
11.0353;
8.14892;
7.97783;
8.59924;
10.2676;
10.1136;
6.39645;
8.0387;
8.55151;
5.40328;
10.7579;
12.2538;
8.98802;
9.45715;
13.086;
12.4402;
7.58108;
6.14223;
10.1264;
4.07937;
8.13216;
4.41103;
11.1766;
8.5505;
12.0185;
10.7111;
10.51;
8.85394;
9.76568;
9.76639;
7.0034;
10.6595;
7.26943;
11.2215;
8.56061;
11.6005;
7.66105;
11.7468;
16.5339;
4.726;
8.95504;
9.49936;
9.40918;
9.91091;
10.6195;
12.8004;
10.5732;
7.82151;
11.7786;
10.1923;
10.4621;
13.2693;
13.7605;
14.1495;
11.2052;
9.00085;
11.2551;
7.79657;
7.92301;
16.0054;
10.6919;
10.0398;
11.4197;
14.6638;
10.9654;
7.90157;
15.5246;
10.9142;
13.6524;
4.25843;
12.6985;
2.14231;
7.33581;
7.17419;
10.4033;
14.564;
7.18202;
7.25564;
9.95028;
10.7067;
9.31094;
8.23802;
3.35896;
9.38213;
7.22963;
9.36962;
5.34944;
10.2136;
10.0306;
13.2016;
7.02745;
8.11445;
8.95731;
7.3362;
8.27146;
7.4403;
8.20918;
10.6491;
12.2035;
11.5628;
7.79508;
11.5348;
10.504;
8.88469;
8.92244;
6.87448;
8.36682;
9.96922;
5.64078;
11.8124;
12.0977;
8.4855;
14.3788;
10.3324;
9.08775;
12.4115;
4.13524;
8.40635;
11.9659;
15.2137;
8.00846;
7.39761;
12.7583;
7.79403;
10.8965;
9.68889;
10.9096;
8.78136;
5.13475;
8.21929;
5.19423;
12.6661;
10.5375;
6.855;
5.35166;
7.36983;
7.82509;
8.29588;
7.23971;
11.0005;
12.4093;
10.2967;
14.8283;
11.515;
7.24485;
7.5873;
6.16036;
9.73766;
12.8756;
6.12552;
4.78378;
8.14057;
10.0395;
6.40008;
7.75796;
11.0333;
16.5391;
12.7597;
15.3242;
12.0949;
11.1725;
9.06958;
10.9631;
9.49806;
11.4841;
5.66368;
12.2951;
12.5443;
6.68231;
11.3163;
8.22801;
9.72982;
5.28577;
10.0358;
13.0146;
5.35039;
5.72579;
7.934;
10.759;
14.5228;
11.7777;
7.37713;
9.37781;
7.89373;
7.01777;
8.25066;
10.6533;
9.24917;
6.02605;
8.79628;
12.5048;
10.5402;
8.66181;
7.75236;
10.3466;
8.45451;
8.42929;
9.39922;
9.80747;
9.85607;
9.33443;
11.1079;
9.21478;
10.2947;
6.98703;
6.12774;
9.68096;
7.34526;
5.08159;
4.27933;
10.4094;
7.16917;
5.77647;
11.5131;
13.1549;
8.05093;
11.9273;
6.07037;
6.19634;
11.6532;
10.7856;
11.4327;
12.3327;
12.3424;
9.15636;
9.03577;
8.9521;
8.20608;
7.67406;
11.7492;
7.89052;
6.67376;
9.59714;
11.5793;
10.0727;
17.3868;
5.73394;
12.3487;
6.29973;
5.78472;
12.0581;
15.4599;
4.78419;
4.61366;
10.406;
6.82274;
6.54324;
11.8694;
8.11781;
7.62875;
6.47631;
8.09235;
10.092;
6.39567;
11.1335;
11.9854;
10.1568;
5.67954;
11.9158;
13.6874;
6.88604;
4.52271;
7.37223;
7.3376;
6.85859;
4.12747;
8.72468;
9.25473;
8.55573;
10.9509;
10.5485;
5.94378;
9.61149;
6.45977;
4.18276;
6.69686;
10.426;
11.6248;
14.4267;
5.04562;
6.6938;
9.26067;
13.7675;
6.13402;
4.06105;
9.6158;
5.63621;
6.10764;
10.3921;
6.80686;
10.047;
5.15301;
7.22359;
11.0478;
13.2245;
6.27547;
6.93009;
8.67673;
10.4615;
11.3965;
8.73622;
10.8128;
6.79081;
7.44257;
7.69209;
7.38042;
9.87946;
10.5164;
6.25935;
12.7546;
10.1231;
7.34188;
11.626;
4.65932;
10.9295;
5.86804;
6.13605;
14.3045;
11.7076;
8.5711;
12.0744;
10.8911;
5.1038;
6.77245;
7.54524;
6.27581;
6.60981;
7.39299;
11.689;
7.1589;
11.437;
9.16152;
12.2678;
8.71258;
14.4655;
5.45219;
7.90914;
6.81133;
7.36644;
13.2023;
4.6278;
7.03815;
5.36464;
5.39421;
6.17357;
11.0962;
5.33019;
5.74397;
10.5205;
9.42515;
9.89856;
3.51768;
8.3086;
8.46321;
9.8583;
5.85469;
4.24759;
15.2951;
6.15287;
12.7477;
16.8231;
11.9717;
7.49473;
8.1162;
12.7853;
8.48667;
8.1998;
5.64189;
7.66073;
3.98018;
7.74023;
9.17699;
4.09533;
6.13535;
11.4106;
5.95536;
5.16639;
8.42749;
9.64752;
12.4226;
9.99804;
11.2465;
11.2388;
11.3868;
10.9794;
5.39577;
8.55072;
7.31488;
4.27988;
13.8086;
6.82606;
11.5248;
5.67763;
13.5013;
9.70043;
12.0553;
12.2572;
10.6175;
8.15405;
15.0768;
9.3597;
6.17569;
3.7924;
7.66279;
6.80181;
6.95614;
5.47567;
5.71634;
6.44953;
8.09527;
9.38392;
8.141;
10.9808;
6.39449;
11.871;
3.89588;
8.48482;
14.6546;
5.86708;
5.35989;
6.35403;
8.24341;
7.48719;
8.01995;
7.14873;
6.53497;
9.61826;
7.18822;
6.67598;
7.65099;
9.48656;
7.15619;
8.46937;
4.98877;
7.45078;
9.78919;
5.66973;
12.3448;
7.10098;
10.1127;
10.0155;
10.9382;
4.91755;
3.97624;
4.41598;
12.2472;
8.15783;
3.98847;
8.97706;
9.04461;
4.26656;
6.97637;
5.78376;
8.91459;
8.73658;
5.51796;
7.26964;
8.32101;
10.3853;
6.37076;
7.16161;
12.1356;
7.46014;
11.7341;
6.20689;
6.91793;
4.49367;
9.42682;
12.9009;
6.80354;
5.70454;
3.73861;
4.72429;
4.52101;
9.16309;
12.8094;
6.79989;
4.88107;
6.87995;
9.26525;
8.7344;
4.40265;
6.93052;
7.18101;
5.61356;
6.31529;
11.5872;
6.29049;
6.54883;
6.85302;
9.03124;
4.35774;
9.34439;
10.3017;
6.59872;
5.01469;
10.0669;
12.7741;
9.59645;
7.99883;
7.05497;
5.42742;
7.68462;
8.59842;
5.00031;
5.94694;
7.93939;
9.55271;
6.84829;
9.52171;
8.13058;
5.3215;
11.2394;
8.32748;
9.72876;
5.77026;
16.7419;
6.49021;
4.18559;
3.01927;
9.4102;
8.772;
6.27856;
15.3712;
12.0683;
4.63924;
17.3283;
6.78786;
8.07817;
15.152;
7.9209;
9.46797;
11.6638;
6.5098;
5.55697;
8.38836;
5.85347;
10.5828;
8.36001;
14.9782;
8.99563;
7.26933;
6.61707;
8.51127;
2.68599;
9.18832;
8.03815;
11.1581;
8.2118;
11.0926;
13.5698;
10.8373;
5.49475;
3.65855;
8.5334;
10.5422;
5.49657;
7.89228;
6.31693;
15.4122;
10.2913;
4.21572;
7.48975;
5.99079;
7.1174;
6.17822;
5.54507;
8.96548;
5.81388;
6.94924;
6.20503;
9.87723;
7.25112;
6.53476;
7.41725;
10.1384;
7.91983;
8.26379;
3.95956;
10.8279;
5.8569;
6.90584;
6.37444;
9.01263;
10.6129;
9.28714;
8.20246;
6.6025;
6.20323;
8.63692;
3.3954;
4.21732;
7.14905;
5.08218;
9.12051;
6.37251;
6.09706;
3.99659;
7.33859;
6.0214;
6.3513;
7.1353;
9.56921;
7.61299;
8.34237;
9.8501;
7.8353;
8.86549;
8.03384;
9.63638;
4.44738;
5.2911;
5.75642;
10.1237;
5.89161;
11.1571;
5.06632;
12.3177;
6.22626;
4.7649;
7.88463;
6.11864;
8.70103;
9.13691;
7.3549;
12.0143;
6.69097;
7.19493;
11.3577;
6.40994;
4.97301;
7.84163;
4.51363;
9.94905;
8.33815;
11.2361;
9.3294;
5.25453;
4.77119;
6.44463;
8.87067;
8.72854;
6.85102;
9.26269;
8.20238;
6.24802;
6.98814;
6.94322;
8.64213;
7.43796;
5.86247;
7.42404;
8.28345;
2.71691;
9.72958;
6.57575;
5.43067;
5.42008;
10.6702;
10.6089;
7.5352;
6.9704;
6.37613;
9.61725;
12.105;
3.76057;
7.3112;
11.2271;
12.1571;
7.02276;
7.1108;
7.2574;
8.41628;
5.8252;
7.19468;
5.34186;
5.68207;
5.28684;
11.1283;
4.949;
5.79562;
11.5769;
7.08097;
6.29898;
9.44917;
8.15674;
9.73992;
11.7848;
9.30564;
3.98859;
4.79139;
9.40744;
8.9786;
5.25358;
7.41636;
7.53615;
5.85566;
6.30013;
6.94267;
7.41721;
9.43435;
9.73635;
6.08554;
6.49481;
6.29244;
4.83382;
9.14309;
5.81562;
7.07033;
5.58685;
10.1276;
5.42756;
7.03244;
11.5388;
7.91713;
8.27287;
5.26443;
6.01597;
7.16808;
6.14079;
11.005;
5.42397;
8.33902;
12.1485;
5.33051;
5.74445;
9.66936;
9.31001;
2.93896;
4.48314;
8.40153;
8.15958;
7.34115;
9.74673;
5.69689;
14.9982;
5.24994;
6.16014;
7.87901;
7.27699;
8.13131;
6.5545;
5.00782;
4.47249;
8.21451;
2.687;
5.32928;
4.61157;
8.89549;
6.76789;
7.52237;
7.1363;
5.47024;
6.77785;
8.21732;
7.63035;
9.26651;
11.4725;
7.40762;
5.96499;
10.2427;
9.22359;
7.74417;
14.9132;
5.0333;
11.515;
6.15111;
9.63298;
8.46229;
6.66363;
8.43971;
8.69047;
5.55272;
6.68542;
9.18902;
4.46634;
5.51096;
4.97865;
11.2263;
6.61014;
8.12673;
9.39189;
6.44156;
7.71518;
7.63617;
3.74333;
9.10816;
5.78976;
3.15075;
12.9503;
7.96156;
6.57081;
9.04387;
5.51623;
9.60171;
8.89087;
7.74478;
3.97229;
13.4813;
8.74884;
4.05145;
7.67526;
5.36023;
8.5126;
9.89312;
8.66575;
6.0516;
7.09285;
7.25436;
10.8282;
3.42294;
9.69866;
6.33234;
5.23622;
12.2062;
6.09584;
7.43219;
5.85419;
5.09341;
11.408;
10.4229;
7.09708;
10.0102;
6.25149;
7.2745;
7.5025;
6.53802;
5.26268;
7.47577;
7.61392;
5.81866;
7.3037;
7.27215;
8.12067;
5.24405;
5.33286;
3.79183;
4.1115;
2.36037;
6.01766;
7.63279;
4.49901;
5.31098;
6.52889;
2.89333;
5.83316;
9.14761;
8.69623;
7.17643;
5.50871;
8.40692;
5.20829;
4.81548;
7.7928;
8.26724;
7.9988;
8.51141;
6.6875;
4.64978;
9.76123;
9.19288;
8.73439;
4.1162;
2.65305;
8.57198;
4.17166;
8.5291;
2.65379;
4.79759;
8.43906;
6.89583;
11.2781;
6.6893;
9.13433;
5.19403;
6.71638;
3.45728;
12.7042;
3.64426;
10.1292;
8.00451;
9.56832;
9.5897;
9.66941;
4.6891;
6.22119;
10.9799;
8.91045;
8.30747;
5.41344;
5.31814;
10.3835;
11.0506;
5.1201;
10.0069;
5.69215;
8.3828;
8.86193;
4.47263;
5.78388;
3.22425;
4.33502;
5.45952;
9.11462;
5.73772;
9.55379;
9.04852;
5.35674;
3.32297;
4.41347;
7.15733;
6.11172;
3.17278;
10.998;
8.65082;
4.90441;
6.74536;
5.13686;
6.99575;
5.72836;
6.52837;
7.12364;
6.17629;
6.1875;
7.11397;
6.89133;
3.79037;
7.4224;
4.09694;
1.66767;
9.23604;
5.43693;
6.35819;
8.83148;
4.00283;
2.76253;
4.26689;
5.31314;
9.28714;
10.6777;
6.38053;
6.31;
8.63378;
7.11846;
10.8379;
4.89078;
3.32186;
8.40206;
6.62443;
5.30152;
3.45264;
3.73413;
3.70762;
7.38056;
7.5186;
6.27935;
8.66494;
5.38444;
5.45456;
6.59269;
6.87003;
7.7842;
4.05407;
5.03149;
7.12043;
9.04031;
8.57908;
3.88032;
6.98513;
6.08835;
2.10564;
4.4101;
3.72853;
5.23709;
4.3614;
8.18112;
5.11121;
6.22212;
3.80475;
4.19924;
5.91884;
5.40471;
6.09646;
4.03915;
8.7375;
7.82813;
6.44138;
7.32409;
7.42836;
8.19839;
5.21275;
2.25834;
9.54343;
4.71789;
7.23454;
7.6429;
6.54479;
11.0429;
8.40059;
2.81286;
6.21416;
5.30236;
6.00066;
10.2027;
9.77803;
7.4123;
7.69053;
5.87618;
6.99691;
8.184;
9.67972;
3.82423;
7.82075;
7.39803;
4.90283;
5.60879;
4.58637;
8.69273;
5.4185;
8.0099;
2.16089;
7.91191;
6.53263;
9.79515;
5.49719;
4.10831;
6.94072;
10.0235;
6.06994;
8.57058;
5.21295;
3.89999;
3.95229;
5.90535;
7.59236;
4.88138;
5.08852;
4.22047;
9.82806;
7.6456;
4.81641;
6.34209;
9.07387;
4.99319;
5.84792;
6.99361;
7.65957;
6.05548;
7.19545;
6.81959;
5.27068;
7.82108;
6.02451;
3.6114;
6.33528;
2.0735;
4.33787;
2.97847;
3.07489;
9.48758;
7.71698;
7.28682;
5.50198;
5.17886;
4.385;
8.88261;
3.31335;
10.7218;
5.37176;
5.01072;
6.66195;
5.01581;
3.91686;
3.15367;
9.84805;
8.73529;
8.15226;
5.41316;
4.46063;
5.52654;
9.72568;
6.69413;
4.14864;
8.30297;
5.77713;
4.87137;
8.35616;
3.75914;
8.24241;
6.80143;
4.17104;
3.00508;
1.99942;
5.80982;
8.12113;
3.84721;
5.23565;
6.33117;
8.25997;
2.76919;
7.20241;
2.29713;
9.86162;
7.0425;
6.09936;
7.74634;
5.11036;
6.35709;
3.47949;
5.99173;
4.84332;
5.52587;
5.01842;
3.71307;
9.07776;
5.12285;
5.90152;
3.59431;
6.1033;
6.76012;
5.92048;
6.36335;
8.21582;
7.85546;
12.4534;
4.84085;
7.76468;
6.53518;
3.76423;
11.4912;
9.43759;
9.80135;
4.58981;
5.38333;
6.19636;
7.67004;
4.53375;
3.5286;
2.49682;
3.86795;
6.05392;
4.67145;
3.01568;
4.73397;
4.10435;
7.36434;
4.26557;
7.3669;
4.76283;
6.03181;
5.15136;
9.80841;
5.2848;
9.04662;
6.30561;
12.4094;
6.60877;
7.15622;
7.11827;
2.7114;
8.8925;
10.2035;
7.26596;
6.17615;
8.15499;
4.33757;
10.2919;
8.06564;
5.02539;
7.60372;
6.14373;
5.16535;
6.81104;
5.93059;
4.63234;
3.52296;
6.16181;
5.43995;
3.63399;
6.99232;
6.27018;
7.60319;
9.76029;
8.83869;
2.94517;
2.46232;
9.21008;
5.86488;
7.68008;
5.51966;
9.20197;
7.69048;
4.83243;
5.23236;
5.36258;
4.68613;
10.3036;
5.70329;
5.46227;
8.63468;
4.74042;
5.08449;
3.67959;
8.75696;
6.42234;
5.03947;
9.51058;
6.72663;
3.68267;
6.26641;
5.33499;
6.01853;
7.97695;
5.64346;
5.2893;
5.03496;
5.90983;
8.03073;
1.87161;
4.02468;
3.57091;
3.23006;
8.00755;
5.30429;
2.31727;
7.69959;
5.58183;
8.67644;
9.99755;
8.2563;
4.42788;
6.48024;
10.0172;
8.72065;
5.67078;
7.56531;
6.32546;
4.20074;
5.70134;
2.30869;
10.055;
8.66966;
4.25383;
5.51318;
4.27076;
2.94008;
6.59303;
6.32849;
6.6024;
3.35634;
8.7022;
4.47946;
3.49022;
7.97914;
6.14398;
9.15293;
5.8371;
7.15846;
5.227;
4.66254;
3.55382;
6.09227;
6.52282;
4.89578;
8.82616;
6.40925;
4.04336;
1.9544;
10.5202;
5.1314;
5.07947;
7.1289;
4.95265;
7.98742;
10.3611;
6.99155;
6.59141;
7.18611;
5.7035;
8.95566;
4.78045;
8.1764;
4.5712;
11.7766;
13.2803;
3.33395;
4.61601;
6.44059;
7.22519;
7.4364;
6.65178;
8.10312;
2.77944;
5.86917;
6.13163;
6.90417;
5.86525;
2.95664;
4.89152;
8.70642;
7.10602;
8.04061;
5.31784;
5.1811;
6.16798;
5.06197;
5.19176;
6.40007;
8.12054;
4.44632;
4.95547;
6.06204;
3.5122;
6.35975;
8.38383;
7.6143;
6.07442;
6.83836;
7.95549;
4.92187;
7.46702;
4.00576;
7.54406;
6.58607;
6.26888;
4.00357;
6.84724;
4.11599;
7.88546;
5.62699;
5.39997;
6.13734;
4.70457;
7.61986;
5.74464;
3.46301;
6.71203;
5.97236;
3.19145;
2.61821;
5.07102;
6.99262;
6.49504;
8.6499;
10.95;
2.89557;
7.29368;
7.99095;
9.38626;
5.80934;
4.9412;
4.38289;
3.79262;
5.93;
2.20528;
5.8359;
6.13364;
1.7497;
3.65192;
3.42476;
3.23941;
4.59231;
4.17644;
6.59768;
6.03059;
7.50718;
3.53176;
8.38741;
3.52639;
9.38194;
7.52809;
4.56187;
5.94016;
4.85684;
5.48083;
6.69927;
5.41116;
6.44918;
4.16177;
4.4057;
4.71586;
6.40864;
2.74264;
11.668;
3.38634;
5.71047;
5.1814;
2.61965;
3.70194;
7.13408;
5.71661;
10.3063;
7.58184;
4.43259;
6.88161;
5.59328;
8.47623;
4.66926;
5.89704;
6.9204;
4.098;
4.11277;
7.57443;
2.92166;
4.24813;
5.73135;
6.36964;
5.61346;
4.65583;
9.96611;
6.68729;
3.44944;
5.93063;
5.89231;
5.68181;
5.12442;
8.20646;
8.33454;
7.46004;
5.49113;
2.46775;
4.64773;
4.70958;
4.35703;
3.41501;
5.39187;
7.95848;
7.55487;
5.76785;
4.87504;
7.54467;
5.71397;
3.53252;
5.61428;
2.23804;
3.26288;
10.1616;
6.62815;
4.81603;
3.88642;
7.22926;
4.99485;
6.29861;
5.24332;
3.81926;
4.95839;
6.97634;
4.23108;
4.78649;
5.13737;
5.56495;
7.45959;
3.50707;
2.64338;
8.03387;
5.07812;
6.39846;
5.47341;
4.27333;
2.81481;
3.93978;
3.54387;
7.3451;
7.18746;
4.4262;
9.15439;
6.10761;
7.98723;
8.19024;
6.14926;
3.70777;
4.70236;
3.9089;
6.008;
4.21598;
4.90193;
2.79532;
4.3763;
4.49748;
5.78928;
2.51089;
6.31895;
3.01085;
3.19214;
3.09801;
5.47332;
4.77855;
5.26877;
3.15741;
2.5497;
7.19956;
4.84741;
3.59698;
6.49647;
4.5784;
2.6302;
4.83847;
2.40347;
6.87277;
9.81211;
5.56732;
7.85681;
6.97824;
8.98419;
4.84852;
6.12359;
4.88824;
5.42209;
3.79958;
11.4162;
5.73038;
4.59674;
4.7223;
4.6059;
7.49984;
2.13604;
7.26745;
6.40141;
11.2275;
5.30196;
3.64543;
5.20789;
5.37264;
3.86969;
1.48735;
6.55756;
3.20633;
6.11472;
5.34443;
5.02086;
5.9205;
4.64011;
6.03123;
4.39774;
6.23979;
7.6894;
4.31879;
4.6756;
5.89121;
4.79778;
3.11208;
6.15889;
6.81927;
8.32486;
5.90099;
5.41587;
4.35132;
5.03763;
3.43174;
3.45255;
6.48955;
7.44897;
3.67877;
7.85739;
3.71254;
4.3321;
6.07292;
5.17759;
9.24964;
3.93805;
4.13225;
4.82267;
4.69087;
5.19229;
7.24767;
6.17913;
2.29709;
5.05541;
2.49827;
5.95605;
6.34822;
5.40915;
4.95501;
2.93472;
7.02683;
5.51995;
4.20135;
2.0661;
4.35571;
2.7571;
3.62595;
3.94647;
2.43692;
6.64277;
8.52511;
4.83239;
3.18577;
6.48932;
5.64761;
3.39593;
3.2225;
4.4828;
6.24251;
6.34007;
5.07806;
3.33758;
3.15213;
2.61794;
3.78567;
5.21766;
4.32852;
4.11673;
4.09047;
2.9338;
4.27265;
4.74785;
4.39274;
9.7814;
3.58655;
5.1461;
4.5132;
5.50965;
3.8166;
4.48244;
3.45899;
8.17191;
6.50736;
3.00361;
7.0056;
1.70459;
8.86761;
5.40874;
4.90331;
7.79055;
4.60919;
4.25236;
4.05294;
5.01907;
3.7841;
3.72605;
5.03385;
7.57819;
3.6358;
2.05404;
5.27683;
6.31232;
3.89651;
5.17929;
4.89446;
1.57547;
5.77647;
4.08286;
5.32273;
5.4909;
3.68678;
1.7634;
8.09135;
6.40531;
6.14196;
4.99995;
4.20973;
4.25131;
5.07402;
4.9008;
3.91893;
2.35563;
4.4365;
4.73048;
4.50684;
5.70268;
2.18564;
5.44333;
7.94092;
5.64673;
4.31516;
5.38581;
3.183;
5.40706;
5.96486;
4.63183;
4.11124;
5.92965;
5.4131;
6.61277;
3.16147;
2.84167;
3.97116;
2.63523;
3.9232;
3.71438;
4.82534;
4.73758;
4.38573;
6.01443;
6.76207;
4.58588;
4.24758;
5.58988;
2.53318;
5.94056;
2.9868;
7.31595;
2.99416;
6.35239;
3.94778;
1.38808;
6.15636;
4.23909;
9.72446;
6.66499;
5.87845;
3.54839;
3.18934;
6.93694;
5.83927;
4.70133;
3.98901;
6.14766;
5.34639;
6.7114;
6.52941;
5.23764;
4.69136;
7.97885;
6.82869;
5.01566;
7.47863;
7.68941;
3.74276;
4.29605;
4.32468;
4.37301;
4.11348;
5.35704;
4.63358;
4.6361;
6.62142;
6.28062;
3.73222;
4.70868;
4.41303;
3.30231;
3.59611;
3.03082;
7.77334;
8.03745;
6.89113;
2.6216;
4.52461;
6.42024;
4.36027;
3.65358;
3.36573;
5.25408;
6.41059;
4.89852;
3.70646;
5.22417;
3.43866;
6.60835;
4.93875;
6.43349;
4.88541;
4.37035;
2.76032;
2.33043;
2.47145;
5.56174;
4.58507;
5.35573;
5.93727;
4.75355;
3.92548;
6.88522;
4.96702;
6.10525;
3.85912;
5.08635;
2.24138;
3.34166;
4.26013;
6.16241;
3.29646;
8.36784;
4.29771;
4.99055;
3.95522;
6.36687;
2.7861;
3.9738;
2.86119;
4.22751;
4.3698;
3.38076;
3.65103;
5.38461;
5.30503;
4.60654;
3.19134;
8.08694;
2.74776;
7.62736;
6.74302;
4.91971;
2.35673;
7.75466;
6.99821;
3.0134;
5.8188;
5.68116;
4.45642;
4.80262;
8.22773;
4.08765;
5.01476;
3.83026;
4.24489;
4.10351;
5.09477;
3.05896;
4.32792;
6.30627;
3.36188;
5.35437;
2.68576;
4.25599;
2.79122;
3.18993;
4.88512;
6.66884;
4.19763;
4.54808;
5.88223;
4.88605;
6.40496;
6.88847;
5.06047;
6.62964;
5.86896;
3.32875;
4.64848;
5.27895;
6.05491;
7.73089;
5.6133;
6.12393;
3.98138;
5.15345;
2.69415;
7.50275;
6.62563;
2.51199;
2.00291;
4.47547;
6.05312;
5.22069;
4.96606;
3.80758;
2.47796;
2.99667;
3.79622;
5.74;
4.68196;
10.3;
5.78325;
4.57767;
5.38017;
5.08215;
8.03473;
3.85721;
4.88947;
4.89512;
6.16818;
5.01629;
5.13585;
5.20275;
3.17017;
2.38367;
2.72455;
2.00188;
6.90458;
6.75197;
4.24274;
2.59899;
2.70156;
3.67925;
2.36631;
3.39859;
5.82354;
5.05837;
4.87755;
8.04827;
3.18287;
5.44178;
2.96866;
3.79013;
6.62191;
7.42346;
5.82371;
2.92954;
4.06719;
3.86029;
4.68935;
10.8994;
3.97306;
6.31675;
3.07575;
7.25998;
6.8824;
5.26094;
6.09839;
7.5934;
5.47995;
7.28492;
4.62967;
5.6032;
4.56527;
2.82615;
7.18308;
3.55901;
7.04435;
1.2071;
2.18356;
4.99863;
6.06268;
3.66358;
5.50408;
3.85728;
3.70709;
6.5475;
6.59634;
3.28042;
4.56935;
3.54778;
5.78639;
3.13334;
5.42018;
2.45354;
5.64056;
2.45274;
4.85293;
4.8303;
4.76175;
3.63232;
7.23578;
7.03121;
5.58481;
3.11046;
7.38886;
3.94722;
4.10898;
3.87819;
7.95545;
2.3872;
2.43602;
6.66487;
5.38752;
4.44752;
2.62248;
6.03882;
6.64304;
3.53129;
3.20398;
5.71467;
4.45024;
5.29312;
4.8013;
6.86014;
3.47447;
4.9571;
3.31831;
5.77063;
7.1788;
4.99563;
1.77522;
3.6154;
4.03212;
2.1013;
5.41319;
6.58495;
4.18742;
4.75183;
4.45792;
3.61082;
5.07179;
3.31324;
4.4497;
2.34377;
5.71301;
8.69031;
6.42001;
4.34297;
1.75965;
3.99174;
1.52821;
4.54894;
5.39483;
2.20199;
4.70569;
6.63682;
4.38749;
6.74318;
5.25535;
3.48054;
4.33246;
1.7;
5.29334;
5.35615;
5.32699;
3.63152;
4.02154;
3.1298;
4.67946;
4.43523;
5.52229;
5.76746;
4.19517;
2.52327;
2.54444;
5.42597;
5.3543;
5.68935;
6.7631;
7.02209;
4.72157;
5.56145;
1.25513;
1.8954;
8.52143;
5.89138;
5.16989;
2.51663;
3.34943;
3.35722;
6.04181;
3.89161;
2.6263;
4.04351;
6.45103;
1.34019;
2.40501;
2.59516;
3.2098;
5.09848;
2.06007;
2.28664;
3.65844;
4.35338;
3.30517;
4.93665;
5.8843;
4.12565;
4.09805;
6.55924;
2.79576;
2.42142;
5.99029;
4.18859;
7.09521;
4.73159;
5.655;
7.12443;
4.97467;
3.85745;
3.59356;
3.40293;
7.58655;
3.0761;
2.98775;
3.4649;
4.55944;
3.77824;
4.81702;
4.14166;
5.83942;
2.6601;
3.47455;
3.7817;
1.95626;
7.21411;
4.54383;
1.11833;
5.03689;
3.45751;
2.1271;
2.60595;
7.14817;
1.55143;
5.58728;
5.17625;
4.20289;
3.99825;
5.0513;
2.40468;
6.72704;
4.47818;
7.76683;
4.33924;
2.42054;
2.7339;
2.59672;
5.96684;
2.23262;
3.81749;
3.75227;
3.33597;
2.98641;
2.8074;
2.81469;
3.9394;
4.34946;
7.7828;
3.51826;
6.08424;
5.56815;
3.96702;
3.52598;
2.92862;
5.04875;
2.57319;
3.6162;
4.84047;
4.05963;
3.68553;
4.31171;
4.67893;
7.74367;
4.45677;
5.22796;
4.89102;
6.5362;
4.0283;
1.98272;
8.3996;
3.28964;
5.20412;
4.66333;
6.21904;
4.60467;
0.792789;
3.06817;
4.16143;
3.71082;
1.8272;
2.54673;
2.04649;
8.07152;
3.79204;
6.44225;
3.28334;
2.77776;
5.16692;
3.23097;
3.93254;
6.34707;
2.96287;
4.26036;
3.92436;
3.62752;
3.32095;
4.4311;
5.1976;
8.69938;
4.49474;
4.58451;
1.51017;
3.61858;
4.51604;
3.82931;
2.94834;
1.48813;
4.98152;
5.85697;
4.12348;
5.2785;
3.91539;
4.26995;
4.81466;
5.60397;
5.96746;
5.68198;
4.49754;
5.65839;
4.66588;
3.54986;
4.30143;
1.57147;
4.65367;
3.12684;
7.3852;
3.18995;
5.07413;
3.54942;
5.20983;
2.33593;
8.28106;
4.99978;
6.43087;
6.98758;
5.44293;
3.4264;
4.0936;
2.3894;
2.74051;
4.86794;
7.33166;
5.53017;
2.78691;
0.825107;
5.59772;
4.58911;
4.54669;
5.26993;
3.7939;
4.6342;
5.84468;
2.88093;
6.33044;
2.33138;
4.98575;
2.99478;
4.65514;
6.41624;
2.4483;
2.76986;
3.17899;
7.34816;
2.0237;
5.03139;
5.99319;
3.80958;
8.60601;
5.30003;
4.21607;
5.77065;
5.83757;
4.43991;
8.22856;
5.61785;
4.0025;
3.00807;
4.26616;
4.60881;
2.89186;
5.74912;
4.16405;
4.46298;
5.42171;
4.52247;
5.43207;
3.51819;
3.13524;
4.97736;
6.57048;
4.91786;
2.64247;
4.26867;
5.34951;
3.99108;
6.10208;
8.25533;
3.70009;
4.92618;
2.84852;
5.02766;
5.09903;
4.26066;
4.61788;
4.57235;
7.04609;
3.15374;
4.95535;
2.91843;
2.83159;
3.24752;
4.61282;
2.99318;
5.59629;
3.2143;
6.82808;
2.51762;
4.15188;
3.64642;
3.78746;
3.38589;
6.53473;
5.5976;
3.27826;
6.43316;
5.13724;
2.37673;
5.34766;
4.46198;
4.05565;
2.2229;
8.12176;
2.9817;
3.7361;
5.2044;
5.33438;
2.47451;
6.79447;
5.47889;
4.13748;
3.15749;
2.27799;
2.2638;
2.86245;
1.75465;
3.31932;
6.77419;
3.01515;
3.22425;
2.90429;
5.46309;
2.69362;
2.5706;
2.93528;
2.83888;
3.98371;
4.57217;
4.3004;
6.53022;
4.29389;
2.88244;
3.73819;
6.8432;
4.21826;
3.1733;
6.1046;
2.38839;
6.39195;
6.99022;
5.25547;
2.60724;
5.35085;
2.15924;
3.45628;
5.23963;
1.98743;
3.17719;
3.16169;
1.90346;
4.76477;
2.89226;
5.85802;
6.17157;
2.76358;
4.22274;
6.44205;
3.50831;
4.76261;
2.94856;
4.28634;
3.6594;
5.83578;
3.70172;
4.33782;
3.60248;
3.26252;
5.00794;
3.36394;
4.13167;
3.44895;
8.39885;
3.31607;
4.01214;
2.23922;
2.56703;
3.12687;
8.04305;
5.35711;
2.23043;
5.1177;
3.35635;
3.45051;
4.89293;
4.20796;
6.15073;
2.85435;
2.22865;
3.00572;
3.5357;
4.49657;
3.40981;
3.7323;
2.5283;
4.70633;
6.93598;
3.58039;
3.66031;
6.62732;
5.41981;
3.83912;
5.5472;
4.06016;
6.28265;
2.76052;
4.61386;
6.83461;
5.39093;
3.1132;
4.21939;
3.91079;
5.85454;
4.63961;
2.62311;
2.1887;
2.63076;
3.52751;
2.56723;
5.28652;
3.43691;
4.66026;
4.91714;
3.30495;
6.7633;
4.57642;
3.05218;
2.99762;
7.55441;
4.80871;
6.78131;
9.25161;
2.65535;
5.32711;
3.67359;
2.64892;
6.19967;
3.17503;
6.87736;
8.59629;
3.53764;
2.74267;
3.57242;
1.8761;
4.74625;
4.15047;
4.22685;
4.93928;
2.90226;
2.33199;
4.43504;
4.71725;
4.30583;
3.73746;
5.41653;
4.7988;
4.77153;
5.16434;
2.64451;
2.99243;
4.27766;
4.41496;
4.77883;
2.47923;
5.68132;
2.42445;
2.80827;
2.54192;
3.38356;
2.27366;
2.49607;
3.17654;
5.46197;
2.50872;
3.31324;
4.7524;
3.265;
1.36112;
4.4161;
2.52783;
2.21512;
2.72783;
3.72628;
4.15875;
4.57015;
3.30476;
5.64759;
4.42178;
3.38708;
6.48726;
4.38998;
6.8292;
3.46833;
3.66082;
3.67269;
2.58786;
4.4007;
4.16663;
4.32791;
2.45701;
4.72331;
6.56547;
4.24005;
4.63137;
3.85921;
5.69029;
5.21228;
1.94078;
5.31246;
5.78413;
5.46899;
5.54116;
3.40706;
4.878;
2.77011;
5.24904;
6.02133;
2.76472;
0.578835;
1.82943;
1.95976;
3.73562;
4.8099;
2.6111;
4.71078;
4.81071;
2.37635;
1.77096;
3.00819;
2.97904;
3.44016;
5.76659;
4.85206;
5.18023;
2.5544;
5.18137;
4.16507;
3.99607;
5.57963;
5.66709;
5.71926;
2.71693;
3.0664;
3.17363;
2.74275;
2.55268;
4.99948;
5.10717;
3.76287;
4.28865;
4.28292;
4.92153;
2.83658;
5.64406;
2.88092;
3.62303;
1.21821;
4.57439;
2.61483;
4.02352;
3.9716;
3.97189;
4.52268;
4.76104;
4.99997;
2.43863;
7.08358;
4.07802;
7.987;
1.78465;
4.17693;
6.25846;
3.61952;
4.31112;
3.51542;
3.56691;
1.89292;
5.36736;
4.69666;
3.55469;
4.68814;
2.53486;
2.56324;
3.46708;
1.70438;
7.40306;
9.31931;
2.26455;
1.35228;
3.78877;
4.04279;
2.56568;
4.28733;
2.82172;
