27.4106;
4.04274;
1.42209;
0.481942;
-0.744337;
0.0864962;
0.298768;
0.086384;
1.00017;
-2.02818;
1.41968;
-0.743659;
-1.24649;
0.500371;
-0.51135;
0.670189;
1.06989;
6.92842;
0.221759;
-0.740538;
0.213169;
1.43255;
1.06855;
1.0003;
2.80168;
-0.739516;
-0.0398366;
-0.0397581;
2.10795;
-0.0814679;
4.47898;
0.498421;
9.79893;
6.32529;
-1.1997;
1.40648;
0.497687;
1.54398;
1.40572;
0.222624;
0.0884947;
-1.00947;
15.3755;
0.304688;
0.610265;
5.75558;
2.86912;
-0.465511;
-1.33092;
0.496522;
11.1043;
-1.64329;
0.578629;
1.06055;
2.03585;
-0.135603;
0.496039;
-1.23839;
0.526633;
0.22575;
4.26041;
14.639;
0.0991615;
7.23709;
-1.12996;
-0.706092;
-0.124308;
0.665014;
-1.29605;
2.14523;
0.743939;
0.868908;
1.00272;
-0.00912238;
6.41559;
0.678575;
0.310354;
0.925997;
2.22248;
0.173432;
1.61711;
0.310677;
14.0245;
-0.696489;
0.729923;
6.7349;
1.00306;
0.542869;
1.72256;
1.10675;
1.25471;
1.37627;
1.00277;
0.492527;
0.107491;
1.8277;
0.945331;
-0.690764;
5.11771;
-0.362965;
1.81327;
1.30508;
-0.109408;
-0.194849;
0.491136;
0.313889;
0.00366595;
1.002;
-1.40868;
2.06783;
1.27006;
0.31427;
6.23546;
7.96819;
1.36578;
0.112005;
0.489631;
13.1144;
-0.152522;
0.0127646;
10.6642;
1.29414;
3.4457;
0.727459;
6.50317;
2.77524;
-0.734522;
0.09043;
5.78136;
0.319565;
9.3422;
0.486784;
0.320423;
3.10145;
1.80845;
8.04614;
-0.458479;
-1.19212;
0.128468;
5.02055;
0.0343272;
0.458957;
0.13084;
0.544546;
0.0172777;
0.788349;
9.55014;
1.75415;
-0.644658;
1.16084;
3.16132;
0.484247;
-0.642061;
9.76634;
11.1535;
0.348955;
0.711754;
4.34099;
0.327081;
0.327065;
1.26914;
1.24307;
1.33715;
1.33283;
2.6494;
0.701026;
-0.256349;
0.482672;
1.08372;
0.593493;
6.05894;
-0.0551256;
1.00426;
-0.622647;
0.596038;
-0.250054;
0.328705;
-0.106814;
0.97102;
10.1369;
11.629;
-0.239054;
6.18591;
4.61455;
4.22119;
1.49404;
0.701001;
27.6847;
-0.947367;
1.47812;
1.89158;
0.90029;
0.0361488;
1.81124;
1.40382;
5.77072;
-0.501996;
0.694838;
1.48806;
2.83815;
2.54409;
2.00089;
8.49259;
0.336332;
0.557372;
3.32436;
2.76934;
0.691428;
9.56533;
8.59231;
10.3512;
1.32547;
0.688227;
1.23694;
0.955006;
0.338586;
-0.572206;
13.475;
0.686547;
2.49082;
0.938683;
7.59966;
15.0915;
0.881496;
0.25442;
9.33749;
0.54569;
0.732837;
13.9797;
1.65205;
-1.02271;
-0.294403;
4.64284;
8.34427;
10.308;
1.45058;
0.676904;
0.676795;
10.8036;
13.5191;
1.63506;
0.674156;
0.472251;
-0.534509;
5.52676;
6.47758;
-0.529889;
0.0328488;
-0.471833;
0.346996;
6.83937;
1.53075;
1.25769;
3.84734;
23.0376;
2.01542;
9.26763;
1.14867;
0.0338031;
3.86497;
4.96679;
13.7528;
19.0568;
0.35248;
0.352456;
1.53693;
4.31282;
0.661413;
1.0275;
9.4075;
2.08012;
12.4983;
2.92254;
8.97679;
7.04532;
4.5158;
0.656482;
14.0458;
19.5629;
0.653444;
-0.153238;
6.0843;
13.0112;
3.44463;
10.1022;
13.2606;
3.93251;
1.24853;
0.649451;
1.81575;
0.19703;
8.1656;
6.44904;
6.37211;
10.7138;
4.57301;
19.7618;
0.363429;
4.74085;
11.3734;
0.228311;
12.5592;
1.66183;
0.641046;
15.5082;
0.467834;
1.35871;
15.7908;
2.57538;
0.467826;
1.17315;
6.14838;
-0.419847;
0.544594;
1.98487;
3.05289;
1.5718;
1.23014;
7.93837;
9.76863;
0.980493;
4.64426;
0.268549;
0.822032;
0.129349;
0.467102;
13.9388;
13.8559;
0.467153;
0.917951;
1.04426;
1.29262;
17.8868;
7.20839;
7.49596;
0.466905;
14.5507;
10.9395;
2.83954;
4.38983;
0.771808;
11.0308;
5.73002;
10.5125;
3.81941;
4.67842;
1.21096;
0.35605;
8.13472;
0.621175;
4.76329;
0.313149;
2.51418;
11.4825;
1.01855;
11.0307;
3.70532;
4.74596;
0.318046;
7.36084;
2.98927;
10.245;
2.35461;
4.25067;
7.57894;
14.713;
2.26982;
8.05255;
15.7319;
12.2099;
14.9954;
8.38863;
5.94164;
2.13889;
5.57841;
23.8091;
23.2406;
0.601595;
6.20498;
12.531;
1.64166;
6.47243;
5.71181;
7.00454;
1.37047;
1.84321;
11.0652;
12.1456;
9.3783;
10.3844;
6.29611;
0.591678;
0.680779;
10.7518;
1.32517;
7.03257;
7.28647;
8.77089;
4.82539;
6.02021;
8.63291;
0.584997;
5.62911;
0.390754;
0.58416;
3.863;
5.38421;
7.571;
6.7743;
1.79465;
17.2288;
12.1405;
-0.266413;
8.84947;
-0.264271;
13.3745;
13.1615;
6.74945;
6.7407;
2.27035;
8.98264;
1.3632;
2.66838;
8.74281;
17.6231;
11.0573;
6.69361;
1.0212;
15.8552;
10.4568;
1.99319;
9.12654;
6.4847;
21.315;
13.7899;
2.20236;
19.3178;
10.3462;
-0.220449;
9.64163;
3.51933;
5.00286;
6.18012;
13.9159;
0.545358;
5.81163;
3.0723;
15.5381;
4.4273;
1.03136;
9.89593;
13.2986;
1.62974;
5.5938;
10.4058;
15.3527;
0.534973;
10.2664;
16.6167;
0.277613;
9.99427;
-0.190045;
15.775;
4.05842;
10.9528;
0.525732;
1.00497;
2.33714;
0.525015;
0.524906;
6.06723;
29.0989;
10.3465;
9.25475;
11.4934;
-0.296553;
7.68696;
0.514404;
16.1199;
-0.169395;
5.69637;
6.3817;
9.92748;
1.23048;
16.1643;
5.40766;
1.89545;
14.5927;
5.68194;
12.2968;
3.37243;
16.2884;
37.2474;
0.946437;
0.490311;
0.4902;
0.490093;
0.41689;
0.489906;
0.489796;
0.489697;
0.489583;
1.9853;
-0.145387;
0.48909;
-0.145413;
0.488884;
1.45265;
0.488544;
0.488468;
0.420523;
0.488278;
0.488171;
0.488058;
0.487961;
0.487851;
0.487739;
0.487651;
0.487572;
0.419724;
0.48735;
1.37991;
14.2571;
0.485349;
0.485253;
1.0028;
0.485046;
18.2382;
1.44125;
13.8123;
0.41737;
7.29744;
0.478934;
0.478826;
9.69073;
0.477285;
0.477176;
0.477066;
1.43034;
0.476732;
0.476624;
12.1637;
36.3151;
0.29212;
6.02125;
0.39858;
0.468384;
0.468275;
0.468166;
0.468069;
1.86885;
1.90824;
0.467305;
0.467209;
0.467103;
-0.130192;
14.2303;
5.166;
3.6225;
15.0753;
1.27607;
1.39411;
17.1816;
10.2205;
9.22029;
1.48048;
9.06729;
12.3456;
0.871077;
16.8092;
8.28292;
9.86408;
16.2984;
21.1441;
13.721;
12.8864;
9.34487;
15.4954;
9.08527;
8.81122;
9.27856;
8.21348;
13.9279;
8.60229;
17.5518;
0.79646;
8.5463;
6.40596;
5.09386;
5.40637;
0.781344;
4.39265;
0.826441;
4.99658;
4.98175;
4.95289;
7.30848;
5.89388;
0.894661;
3.50464;
5.90338;
4.72151;
6.26832;
0.41467;
4.86398;
0.439114;
5.35523;
2.06543;
5.33402;
0.809731;
5.02705;
5.79572;
5.79363;
5.7097;
4.3617;
0.402578;
0.803848;
0.437878;
6.27508;
5.75502;
4.0343;
4.94093;
4.78241;
5.66115;
7.06022;
5.8042;
5.26927;
3.43325;
6.59084;
0.397024;
0.315366;
6.03869;
4.88126;
4.87641;
4.37199;
4.87676;
5.68733;
6.50925;
6.51703;
5.29906;
5.92075;
5.71986;
5.61203;
5.17757;
4.70879;
6.10179;
4.28888;
4.77206;
4.7281;
6.77622;
0.761247;
5.58903;
1.63153;
0.391475;
5.23505;
4.66835;
4.71688;
6.73225;
4.15064;
2.06421;
0.750751;
4.12189;
0.377133;
3.80795;
4.89301;
4.20203;
5.05181;
4.96665;
4.96769;
4.62445;
5.44072;
4.62154;
4.61408;
4.60682;
5.33412;
5.18913;
6.03294;
0.381573;
1.27191;
0.365163;
6.57679;
4.0876;
7.77666;
4.94539;
8.66441;
4.84948;
0.377852;
4.9044;
4.44918;
5.64422;
5.70351;
3.17841;
4.82976;
4.8367;
7.14053;
5.20167;
5.29812;
4.78419;
6.64603;
4.7585;
5.51985;
5.56165;
1.91505;
5.52277;
6.29782;
6.2124;
5.85698;
4.69733;
5.08169;
0.680092;
0.365515;
5.03492;
5.8414;
5.77528;
5.01278;
5.77352;
4.98285;
5.32725;
4.61596;
4.6446;
5.00575;
4.92189;
5.38068;
0.358196;
3.01781;
5.28015;
4.56919;
4.55377;
6.07757;
