0.665146;
-1.00595;
0.630099;
0.267221;
-1.03924;
1.37863;
0.610646;
0.629301;
-0.699131;
-1.90526;
2.53506;
-0.269948;
-0.414644;
-1.71046;
-4.21765;
1.37692;
3.10597;
0.810345;
-0.993688;
1.37593;
-0.993319;
0.268393;
-0.280564;
1.40131;
-0.413395;
-1.92232;
0.810011;
-2.19822;
0.809227;
-0.400025;
0.559224;
0.809082;
-3.51463;
-2.84152;
2.03405;
0.918366;
0.808473;
-0.720507;
-0.272362;
0.808231;
-0.396744;
2.38926;
0.37245;
0.355721;
-3.83463;
-4.28386;
0.269929;
1.36954;
-1.69021;
-2.44783;
-0.976006;
2.60785;
1.8305;
-0.970605;
1.41737;
6.72754;
-1.55098;
0.583708;
0.266232;
-0.95869;
-0.669682;
-2.02599;
-0.668704;
0.53506;
-0.041537;
1.27784;
-0.79264;
0.782959;
2.66515;
0.800746;
-1.37241;
-1.38414;
-2.20136;
-0.399986;
-3.27088;
0.615477;
-2.01194;
0.615375;
7.99054;
0.270795;
0.613162;
1.65201;
0.797045;
-0.983636;
0.357447;
2.21346;
1.34723;
-2.41363;
1.37184;
2.74832;
-0.367388;
0.357339;
-3.94826;
2.16711;
2.56791;
0.793714;
-1.98156;
0.793619;
0.793553;
0.610316;
1.66534;
0.610166;
1.36633;
1.51244;
-0.933506;
1.28444;
1.23251;
1.61406;
-2.23488;
-1.7356;
0.761919;
-1.73363;
1.58555;
0.608264;
1.22902;
-3.59228;
-8.34531;
-1.29405;
-0.920813;
-1.95209;
-0.488683;
1.82117;
-1.10283;
-0.91798;
-0.917955;
0.920254;
-0.838691;
0.603644;
1.21808;
0.784349;
1.26202;
1.65459;
0.858239;
-0.995706;
1.3762;
0.539001;
0.812228;
0.773893;
0.780137;
1.3392;
-3.12778;
2.03503;
1.8343;
-0.34192;
-3.19855;
-0.379654;
-0.379615;
-0.228913;
0.599286;
0.599252;
0.35468;
0.0737652;
1.33333;
0.777098;
1.91917;
0.0810516;
-2.17831;
0.597795;
2.26055;
-3.78251;
-1.72005;
0.0925265;
-0.366813;
0.265987;
-1.13301;
-0.898848;
1.32245;
-1.13763;
2.1508;
-0.225961;
0.771046;
3.98291;
1.95477;
-0.894606;
0.593816;
1.88223;
0.593241;
0.77795;
0.766573;
-0.370161;
0.592778;
-0.370037;
1.29686;
1.31046;
0.857685;
-2.88319;
-0.369241;
-0.458001;
-0.890838;
1.02321;
1.28294;
0.764097;
-2.85293;
2.1301;
0.590517;
-1.54552;
-1.06111;
0.589066;
1.29751;
1.14905;
0.759096;
-0.111756;
-2.76714;
0.758637;
-0.00912428;
-0.363387;
-0.60048;
-0.333752;
0.349887;
0.756665;
-0.88135;
0.756626;
2.20186;
0.754173;
0.455973;
0.915778;
-0.876062;
1.96131;
0.101617;
-1.86897;
0.751878;
0.687415;
2.07479;
0.348523;
2.26759;
-0.8727;
-4.87139;
3.05392;
-0.138865;
1.8465;
0.746013;
4.98142;
-0.3535;
-0.353438;
-0.867692;
-0.867605;
4.19601;
0.742378;
0.741575;
-0.277327;
-1.24299;
1.23601;
-0.350843;
-0.864777;
0.345752;
2.32194;
-0.864368;
1.51852;
-3.03993;
-1.24039;
0.577363;
0.738998;
2.85954;
0.437886;
1.8713;
0.576521;
0.654931;
-0.34803;
0.736427;
-1.09994;
0.736001;
-0.347726;
-0.861655;
1.81402;
0.735543;
0.73541;
-1.75225;
0.865151;
0.762555;
1.43171;
0.730906;
1.30604;
2.01518;
1.80004;
-0.34371;
0.573184;
-3.61412;
-0.343424;
-0.343383;
2.48057;
0.728482;
-0.342594;
0.965917;
-0.201828;
-0.582522;
2.90013;
-0.341123;
-0.322642;
0.571338;
0.738823;
0.725643;
-0.854231;
3.17118;
-0.339969;
-0.322238;
1.09679;
0.724078;
-0.272076;
1.2242;
-0.852577;
-0.338979;
1.19978;
0.722505;
1.50393;
-0.369986;
1.22174;
0.721714;
0.721596;
1.88514;
0.747499;
1.98495;
0.719977;
-1.21752;
0.568718;
0.568667;
1.19324;
5.65282;
0.71631;
-0.37251;
1.19901;
1.90255;
1.0803;
1.20273;
2.24884;
-1.53885;
0.0913426;
0.711052;
2.11682;
0.710515;
1.71287;
0.710025;
0.564294;
-0.331004;
-0.375451;
0.709651;
-0.330795;
-0.330734;
-0.239004;
-0.329963;
0.563352;
0.70806;
0.396215;
3.46009;
0.703935;
0.703802;
-1.96602;
1.16098;
1.18375;
-0.841185;
-0.57755;
1.20176;
1.15782;
0.701633;
-0.840269;
-3.27192;
-2.82052;
0.0403242;
0.699305;
1.62286;
-1.81735;
1.05873;
-0.838419;
-0.577378;
1.19144;
-0.322533;
1.46007;
1.61256;
-0.32182;
-0.245361;
-0.84955;
0.71739;
-2.3496;
1.31079;
-0.320324;
0.691489;
-0.836236;
0.326777;
0.690971;
1.42677;
0.690323;
0.707656;
0.555892;
1.89359;
2.07912;
1.49984;
-0.316521;
1.14672;
0.87702;
0.684193;
-0.389001;
1.12207;
-0.318665;
-0.318614;
2.23471;
-1.17977;
0.681908;
0.681775;
0.681648;
1.4154;
-0.314434;
2.3382;
0.680551;
-0.831265;
0.551902;
-0.648535;
-0.831057;
-0.831036;
-0.830972;
-0.313466;
-1.17732;
1.29528;
0.678769;
1.73274;
-1.48679;
-0.228431;
1.10974;
2.34107;
-0.311887;
0.676556;
0.676462;
-0.3189;
1.02958;
-0.311451;
0.675896;
-0.229916;
-0.829647;
-1.17413;
1.6214;
-0.310604;
2.15479;
0.764254;
1.05242;
-0.828905;
1.4781;
0.672396;
0.579964;
0.548297;
-0.30868;
2.68066;
0.670041;
0.669908;
0.669785;
-0.82759;
1.98203;
1.11377;
0.675146;
0.068005;
0.54684;
0.546798;
2.07046;
1.10844;
-1.22849;
1.01175;
-1.68275;
-0.825625;
2.11831;
0.661252;
0.544679;
1.8075;
0.843151;
1.03483;
-0.620063;
1.0048;
1.06961;
1.03056;
-0.300789;
-0.300728;
1.0299;
-0.822645;
0.656521;
2.08976;
-0.243361;
1.7912;
-0.340655;
-0.822145;
0.654529;
0.542269;
-0.299246;
-1.76133;
0.710403;
1.78471;
0.653077;
1.08452;
0.541485;
0.652235;
0.30943;
0.651869;
-3.52741;
0.650685;
1.07242;
0.30128;
-0.81964;
0.647609;
1.46463;
0.646727;
2.0441;
0.539143;
0.645222;
-2.57263;
0.644402;
0.644269;
-0.414928;
0.209178;
0.957259;
0.535535;
-0.817728;
0.537814;
1.54809;
-0.817559;
-0.817545;
0.640476;
0.512697;
-0.817076;
1.1978;
0.6396;
0.639468;
0.639334;
-0.816723;
1.03232;
0.347845;
-1.14338;
0.63834;
1.21111;
0.244511;
0.809379;
0.536025;
0.636517;
-0.289168;
-0.120218;
0.635355;
-0.283543;
0.53556;
0.974386;
-0.815555;
-0.288245;
1.02278;
0.63408;
0.300893;
-0.287884;
1.6271;
0.534947;
-0.285076;
1.72345;
-1.21774;
-0.330664;
0.631578;
1.9959;
0.630969;
0.630837;
0.228602;
1.67293;
0.298894;
-0.285837;
0.629613;
1.22005;
-1.13686;
0.53343;
0.201373;
-0.814004;
0.201208;
1.34785;
1.55879;
-0.28444;
0.326891;
1.55741;
0.6454;
0.625693;
0.532398;
-0.582563;
-0.266158;
0.98704;
0.624217;
0.53192;
0.623951;
-0.28293;
0.623685;
0.623555;
0.258785;
0.531611;
-3.28582;
-0.281685;
-0.812489;
1.59771;
-0.812416;
0.994905;
0.530637;
0.62008;
0.530556;
0.530512;
-0.586589;
0.619278;
-1.74227;
0.618886;
0.311951;
0.530075;
2.38798;
-0.279609;
0.529498;
0.616629;
0.52942;
0.616369;
0.616236;
0.22069;
0.615809;
0.193967;
-0.141046;
-0.811234;
1.89943;
0.630601;
-0.810899;
-0.810885;
-0.0412353;
-0.810732;
-0.277485;
-0.770851;
0.527827;
0.288918;
2.21352;
0.610487;
0.610354;
-0.276267;
-0.276206;
-0.276145;
0.967991;
-0.0259884;
0.995377;
0.608796;
0.608663;
-0.275487;
0.766722;
-1.48561;
-0.809657;
0.992214;
1.64677;
-0.809441;
0.610479;
1.64369;
0.936363;
0.605609;
-0.156836;
0.525197;
-0.272849;
0.758984;
0.423084;
0.602261;
-0.27229;
-0.808412;
-0.808398;
0.524693;
0.601597;
1.86304;
0.979025;
-0.254567;
2.10849;
2.35054;
-0.270432;
1.54523;
-0.807385;
0.596979;
0.596846;
-0.269574;
0.59658;
0.970325;
-0.269331;
-0.26927;
0.522851;
-0.681961;
0.270265;
-0.268689;
1.50061;
0.594008;
1.81385;
0.592879;
0.598621;
0.521669;
-0.317469;
-0.323523;
1.83968;
0.521352;
0.27822;
-1.11289;
-0.266303;
0.520961;
-0.734375;
-0.265333;
1.03699;
1.58192;
-0.224917;
-0.323854;
0.519235;
0.519197;
0.583966;
0.583833;
-0.263338;
0.519044;
0.583444;
0.518967;
0.583179;
2.19663;
0.518386;
-1.36326;
0.581015;
0.174484;
0.280039;
1.75375;
-0.260749;
-1.96949;
2.05677;
0.330474;
0.951398;
3.06342;
0.922142;
0.574165;
-0.320621;
0.573437;
0.573302;
-0.258175;
0.573028;
0.515555;
-0.257995;
2.48324;
-1.45277;
0.91804;
2.64161;
0.568551;
0.887863;
1.34571;
-2.28324;
0.911307;
-0.254995;
1.47194;
0.565895;
-0.801765;
0.216064;
0.565219;
-0.25441;
0.564948;
0.564813;
0.909671;
0.512863;
0.263769;
-0.340331;
-0.801562;
0.563593;
-0.801535;
0.563323;
0.563187;
1.15301;
0.562412;
0.540423;
1.45791;
0.547542;
-0.801034;
1.14291;
0.559569;
1.38131;
0.51105;
0.050372;
0.510883;
-0.841526;
1.13511;
0.556623;
2.71354;
1.33948;
0.553502;
0.553367;
-0.248979;
1.44471;
0.552687;
1.52116;
0.55136;
2.05029;
0.508605;
0.508568;
-0.799415;
0.549914;
-1.1623;
1.4391;
0.0401994;
0.740865;
1.43652;
2.51142;
-0.245821;
0.46053;
1.75106;
-0.867621;
1.93435;
-1.28422;
1.42551;
2.46717;
0.723371;
-0.605469;
0.149869;
-1.71362;
1.41954;
0.826678;
-0.797511;
0.535567;
1.94941;
0.619096;
-0.797245;
-0.365215;
-1.7123;
0.532818;
0.845488;
0.596172;
1.29529;
0.530188;
-0.332213;
2.68215;
1.40698;
0.527759;
-1.59477;
0.14418;
3.21125;
3.07661;
1.39813;
-1.99834;
0.49991;
0.112413;
0.521166;
2.86287;
1.82622;
1.39268;
0.824481;
0.480003;
-0.298415;
-0.444782;
0.512677;
-0.359357;
-0.246361;
2.15042;
2.15499;
2.6599;
1.81645;
-0.225321;
0.0396017;
2.26644;
0.129553;
2.19157;
2.40908;
0.955517;
2.06928;
3.20927;
1.11431;
1.35457;
0.201397;
0.935422;
2.24464;
0.781272;
1.70691;
0.487159;
0.487109;
2.10499;
2.66698;
0.482771;
2.06257;
-0.0330801;
3.36092;
1.72017;
0.740744;
0.398752;
2.73431;
-0.433257;
1.48937;
1.21579;
-1.04756;
0.766132;
2.16669;
2.55129;
1.32433;
2.65044;
3.07711;
2.82871;
0.213749;
-2.75811;
2.19507;
-0.78328;
2.93227;
0.47784;
-0.20605;
2.98619;
-0.572884;
2.31048;
2.51923;
0.74147;
1.45858;
-0.202311;
1.5995;
0.474271;
2.0414;
0.733809;
2.70372;
0.472839;
-0.150657;
0.478803;
1.24244;
1.97557;
0.461214;
-1.19261;
1.14629;
-0.777063;
0.821462;
0.475308;
2.30571;
0.672432;
1.52129;
1.45494;
1.08877;
0.937943;
1.95125;
-0.444531;
3.70205;
1.45074;
1.6844;
0.555611;
2.91855;
-0.351556;
-0.351613;
-1.46209;
2.29859;
0.743177;
3.53605;
2.05144;
0.454915;
1.53655;
-0.0137454;
0.723694;
0.677616;
2.11354;
1.77741;
2.82406;
1.19953;
0.465578;
0.816616;
0.632581;
2.21876;
-0.839999;
3.51933;
0.448989;
-1.51155;
1.18459;
0.0788167;
1.41857;
0.447226;
2.44693;
2.08287;
2.40217;
1.17394;
1.17323;
0.444676;
0.654426;
-1.64235;
2.35514;
0.608987;
1.7329;
1.16441;
1.1698;
-0.171431;
2.63315;
1.41991;
1.41871;
2.82945;
1.66446;
2.1296;
1.83336;
0.369991;
0.636077;
1.64198;
2.35075;
2.78714;
0.955596;
0.172541;
3.0773;
2.03425;
2.68112;
2.05241;
1.73599;
0.429339;
1.59953;
0.615491;
1.48782;
1.85318;
2.49355;
0.609939;
0.479714;
1.29602;
0.423586;
0.605428;
0.275094;
0.167758;
-0.156128;
2.19757;
0.0613137;
1.09597;
2.3394;
-0.0756183;
0.598107;
0.420102;
2.78592;
3.23282;
-0.154027;
1.51868;
2.27348;
0.61217;
-0.152482;
2.01292;
0.415608;
1.73158;
2.44247;
1.07325;
1.25948;
0.917478;
-1.0869;
1.55465;
0.411435;
0.802975;
0.575722;
0.898161;
2.22959;
-0.615248;
2.52225;
2.50087;
2.67773;
1.74111;
2.11438;
2.32261;
1.5911;
1.97499;
0.400893;
2.56982;
1.51747;
1.50279;
2.4557;
1.58316;
2.25895;
0.819708;
3.05264;
0.68177;
2.00275;
-1.23972;
1.42951;
0.230439;
0.661816;
1.20638;
0.451961;
0.635565;
0.527503;
-1.18892;
-0.117278;
1.80222;
2.36842;
2.71536;
2.70162;
-0.911562;
0.228897;
0.534641;
-0.196686;
0.620119;
0.379126;
2.33067;
2.32732;
2.41967;
0.969065;
1.9521;
0.37614;
2.8488;
2.06166;
1.47846;
0.362008;
1.36037;
0.371863;
0.414473;
2.28091;
-0.237953;
2.28069;
2.26982;
1.4191;
2.01409;
1.84839;
2.12178;
1.82875;
0.712936;
2.23968;
-1.00328;
2.23414;
0.485891;
0.503747;
1.57794;
2.15299;
0.104291;
-0.392582;
1.44101;
-0.645125;
2.23467;
0.358391;
1.74179;
1.02239;
1.42054;
0.469715;
0.38299;
0.995846;
0.434652;
0.354288;
1.25606;
0.352762;
-0.0109016;
0.462008;
2.14291;
0.903712;
-0.0172939;
1.34572;
2.64473;
0.347797;
0.347711;
1.77859;
2.27709;
1.63667;
2.09846;
-0.273492;
0.0201086;
0.447484;
1.03681;
1.21858;
2.45831;
1.03652;
1.6809;
1.3399;
1.39486;
1.91544;
2.23228;
0.434561;
1.33646;
0.953122;
0.386078;
-0.693954;
-0.634743;
1.42956;
0.671368;
1.65779;
0.979961;
1.9832;
-0.152865;
1.95628;
1.96253;
-0.689279;
-0.408741;
1.56639;
2.30422;
2.05361;
0.231248;
0.81108;
0.927887;
0.503939;
0.319629;
1.58585;
0.318439;
0.911757;
1.77013;
1.4598;
0.786456;
0.929791;
0.395142;
1.78088;
0.393528;
0.640487;
1.6851;
0.390536;
1.55216;
1.27195;
-0.138093;
1.46955;
0.384614;
0.90574;
1.67612;
-0.091916;
0.956417;
1.6824;
1.20461;
-0.0908046;
1.54061;
0.750634;
0.729248;
0.82531;
-0.418992;
-0.0749488;
1.79643;
1.68349;
0.751289;
1.66472;
2.3946;
0.253141;
0.297965;
1.77173;
1.28753;
1.34864;
1.18557;
-0.421988;
1.74821;
1.65006;
0.355793;
1.32306;
1.29799;
0.707718;
2.32917;
0.712941;
1.17346;
-0.944361;
1.70462;
1.34235;
1.45589;
1.64724;
0.627717;
-0.0809451;
0.339594;
1.10726;
1.65321;
1.59431;
1.65939;
1.05896;
1.65259;
1.64835;
0.707255;
0.790043;
1.27484;
1.62884;
0.325757;
1.51086;
0.857009;
1.04965;
-0.270779;
1.59841;
1.11892;
1.59615;
1.00372;
0.427962;
1.1871;
1.44038;
0.268778;
0.981016;
0.984302;
0.383319;
1.04624;
1.90143;
1.46616;
1.42053;
0.619365;
1.41233;
0.635989;
0.000883671;
2.04758;
0.784244;
1.2199;
1.21674;
1.20311;
1.49426;
-0.291317;
-1.08028;
1.34947;
0.254742;
0.616096;
0.639373;
0.57712;
0.169759;
1.4621;
1.62805;
1.05527;
1.09636;
0.869864;
1.43717;
1.70771;
1.32758;
1.39552;
0.896375;
0.952731;
0.271559;
1.31;
1.837;
1.30066;
0.920877;
0.14926;
1.30747;
0.346294;
1.37291;
1.36844;
0.488925;
1.26195;
1.35526;
0.884658;
0.77425;
-0.369851;
1.33438;
0.834289;
1.06721;
-0.35867;
-0.45158;
0.811571;
0.230686;
1.30699;
0.299053;
1.00873;
-0.634549;
1.23816;
0.535378;
1.09964;
1.27538;
1.2335;
1.2659;
1.26185;
0.112418;
0.42202;
1.00386;
1.52221;
0.391735;
-0.690866;
1.39215;
1.21996;
0.731587;
0.509281;
0.731993;
0.217362;
1.16173;
1.09933;
1.14694;
1.14227;
1.45427;
0.3532;
1.16777;
0.935557;
0.691217;
0.204729;
0.644964;
1.14726;
0.706414;
1.05478;
0.205687;
0.54961;
1.04428;
0.609154;
1.1082;
1.38143;
1.45474;
1.10163;
0.675324;
1.02979;
0.669687;
0.198585;
1.08515;
1.16159;
1.07611;
-0.352922;
1.10946;
0.772238;
0.193723;
1.05219;
0.842401;
1.02008;
0.549106;
0.190727;
0.541991;
0.404318;
0.621664;
0.911635;
0.813108;
0.167224;
0.801292;
0.787111;
-0.100596;
0.521188;
-0.0357612;
0.102139;
0.752288;
0.967176;
0.962994;
0.958965;
0.924272;
1.01334;
0.943607;
0.750374;
0.935608;
0.878002;
0.404492;
0.446495;
0.136913;
0.908995;
0.352907;
0.367356;
0.644404;
0.66998;
0.419827;
0.880291;
0.205206;
0.376014;
0.254595;
0.859371;
0.855169;
0.381756;
0.844471;
0.838372;
0.834461;
0.355538;
0.35289;
-0.385338;
0.771548;
0.159228;
0.648165;
0.645077;
0.806475;
0.723734;
0.634771;
0.290089;
1.04497;
-0.193549;
0.26662;
0.773854;
0.270948;
-0.379465;
0.256126;
0.662596;
0.105498;
0.74383;
0.132515;
-0.538352;
0.746132;
0.845476;
0.717975;
0.42345;
0.126803;
0.691588;
0.290414;
0.703933;
0.699607;
0.184786;
0.689102;
0.620289;
0.679057;
0.314762;
0.670852;
0.666368;
0.67483;
0.52026;
0.291942;
0.650473;
0.0290708;
0.553905;
0.553782;
0.0786867;
0.362152;
0.102737;
-0.020523;
0.545273;
0.609333;
0.0887399;
0.342463;
0.596346;
0.591803;
0.467703;
0.58258;
0.578308;
0.261695;
0.57146;
0.566728;
0.562097;
-0.0513361;
0.551904;
0.547493;
0.730147;
0.00818487;
0.531531;
-0.0229025;
0.520904;
0.0518224;
0.532144;
0.114899;
0.451338;
0.183956;
-0.0308328;
0.390758;
0.23013;
0.490263;
0.0164952;
