6.44493;
-0.499107;
-8.74395;
-6.98088;
-4.36322;
-4.01185;
-5.91873;
-2.51403;
-5.73646;
-2.58125;
-11.8108;
-4.7794;
-0.496643;
-7.5189;
-3.79664;
-0.496091;
-12.5486;
-0.495585;
-2.76418;
-1.6703;
-5.90685;
-3.49008;
0.361552;
-2.38225;
-2.38217;
-2.38203;
-16.5483;
-1.96898;
-8.63519;
0.361079;
-0.493268;
-2.82121;
-2.02515;
-2.89767;
-12.5072;
-2.55825;
-6.42367;
-4.69819;
-0.491522;
-0.0854056;
-9.4891;
-2.80713;
-14.3975;
-0.259863;
-0.489485;
-0.489436;
-3.30023;
-13.7683;
-0.715055;
-1.79718;
-12.2898;
-2.79748;
-4.62661;
-2.12419;
-4.6701;
-2.358;
-13.7126;
-1.94867;
-1.03201;
-2.72805;
0.359474;
0.359437;
-8.42399;
-10.6459;
-0.253535;
-2.08729;
-5.83959;
-2.34988;
-0.909143;
-3.20504;
-0.9193;
-4.72008;
-2.52124;
-1.94131;
-2.24994;
-3.81327;
-15.8626;
-2.34363;
-0.251015;
-5.11807;
-4.64076;
-0.699992;
-0.822637;
-4.36531;
-2.92028;
-4.6187;
-6.76294;
-2.77045;
-26.2374;
-2.76449;
-0.477184;
-2.75565;
-4.34954;
-1.52823;
0.358131;
-2.69865;
-2.7538;
-0.248574;
-6.41882;
-4.75699;
-0.354493;
-6.56162;
-0.24794;
-1.98085;
-2.32791;
-2.9331;
-2.42277;
-1.92236;
-6.71841;
-2.32538;
-2.7536;
-4.56295;
-5.02388;
-5.54748;
-1.79648;
-5.96866;
-4.55592;
0.35732;
-3.98581;
-0.689207;
-4.22988;
-12.7688;
-0.246715;
-8.63753;
-2.73872;
-5.0754;
-7.20067;
-1.51234;
-4.3093;
-1.60555;
-4.68612;
0.356931;
-2.31473;
-6.78701;
-4.4365;
-0.468233;
-2.30592;
-6.39504;
-4.52408;
-12.7499;
-2.42088;
-2.81658;
-7.70935;
-0.974513;
0.35666;
-13.5781;
-0.465129;
-4.55126;
-2.70482;
-0.464885;
-2.41266;
-6.40665;
-0.244672;
-2.70193;
-3.2502;
-2.46051;
-4.77788;
-2.18901;
-1.68165;
-1.08193;
-10.8592;
-0.46272;
-5.04169;
-11.963;
-26.3737;
-0.555853;
-6.17431;
0.35605;
-10.8413;
-6.39093;
-0.97121;
-1.93085;
1.637;
-4.23527;
-4.97693;
-13.7375;
-2.35811;
-1.86662;
-0.455268;
-0.455232;
-28.6654;
0.355609;
-5.12183;
0.355535;
0.355486;
-11.1759;
-3.86695;
-0.452283;
-0.452228;
-2.25741;
-2.65303;
-1.57352;
-6.94662;
-6.14663;
-0.241834;
-1.91424;
-1.85407;
-7.39817;
-9.44277;
-2.33574;
-1.84628;
-1.84611;
-6.04578;
-1.90535;
-2.58716;
-1.84474;
-2.2431;
-26.0287;
-1.195;
-3.4357;
-0.444829;
-0.444789;
-4.38982;
-1.14685;
-1.89464;
-0.241335;
-11.4116;
-1.44439;
-2.32656;
-6.25953;
-7.98176;
-2.22444;
-7.69602;
-3.08568;
-2.22189;
-5.31854;
-2.68451;
-0.440884;
-7.11984;
-2.60267;
-4.48032;
-0.190344;
-4.39998;
-10.3318;
-7.98188;
-7.70922;
-4.115;
-1.20766;
-0.820659;
-3.53981;
-3.57165;
-1.871;
-1.81046;
-1.81026;
-12.2863;
-23.2427;
-1.86848;
-2.71012;
-3.22907;
-1.59843;
-3.76846;
0.353343;
-2.51724;
0.353263;
-3.79815;
-25.4071;
-2.33912;
-6.16449;
-0.427881;
-0.803055;
-7.03338;
-15.7552;
-2.54129;
-2.55358;
-2.06663;
-0.241722;
-1.83466;
-0.241786;
-0.425005;
-1.39079;
-1.7738;
-1.77357;
-1.83882;
-2.55094;
1.98932;
-4.24993;
-3.48188;
-1.46498;
-0.997661;
-1.82726;
-1.76694;
0.352232;
-0.173843;
-2.15781;
-3.47272;
-4.23679;
-0.256319;
0.35192;
-0.420581;
-8.01947;
-2.19834;
0.351752;
-0.242376;
-2.14784;
-0.242428;
-2.52809;
-2.76562;
-3.5164;
-1.75497;
-1.45212;
-2.24442;
-1.61274;
-2.04483;
-3.75488;
-4.0749;
-9.86835;
0.351425;
-7.2734;
-1.95632;
-7.57238;
-6.05592;
-3.17645;
-7.64203;
-2.22468;
-1.73397;
-3.88946;
-6.67666;
-0.242793;
-3.15667;
-13.6132;
-1.1338;
-0.242946;
-0.660314;
-12.9069;
-9.66224;
-5.95383;
-1.82906;
-6.95239;
-2.13474;
-8.86269;
-0.155067;
-4.56906;
-0.154894;
-4.16234;
-3.67318;
-5.08721;
-4.41101;
-4.5437;
0.349424;
-3.67503;
0.34933;
1.93558;
-2.69038;
-0.316384;
-3.66052;
-2.22293;
-0.646741;
0.348914;
0.348882;
-2.18649;
-10.0388;
-2.30979;
-2.07315;
-0.397562;
-8.53349;
-14.3078;
-9.54255;
-0.30165;
0.347866;
-2.41388;
0.347789;
-5.50845;
-1.67479;
-6.77548;
-5.76826;
0.347587;
-1.29844;
-4.11616;
-0.347204;
-2.08917;
-0.390361;
-4.85851;
-2.96127;
-3.53845;
-1.84719;
-0.608196;
-1.36345;
-3.42583;
-0.126264;
-3.94002;
-4.79032;
1.80392;
-1.65508;
-8.18026;
-0.974617;
-0.3736;
-4.65976;
-1.65113;
-0.716886;
-1.0386;
-6.24705;
-1.49952;
-6.52553;
-9.26648;
-1.27048;
-0.709587;
-10.7173;
-0.707246;
-4.94244;
-0.378589;
1.49903;
-2.00966;
-4.36447;
-6.32613;
-0.498459;
-7.00856;
-0.900955;
0.344583;
-1.62598;
-1.03475;
-2.81907;
-3.90801;
-2.18542;
0.344234;
-1.25167;
-1.69248;
-8.59836;
-3.6481;
-4.20608;
-8.39858;
-2.98125;
-2.15054;
-8.50278;
-1.60386;
-1.64008;
0.343313;
-1.60325;
-0.691466;
-1.30273;
-1.01347;
-0.245235;
-1.0486;
-4.4781;
-1.81818;
-0.679063;
-0.460682;
-0.109308;
-2.2289;
1.87428;
-2.66306;
-4.90414;
0.342254;
-0.993733;
-2.15935;
-2.47257;
0.341988;
-1.59235;
-0.673489;
-4.1802;
-7.76397;
-0.245832;
-2.07639;
-0.114395;
2.15612;
-0.26164;
-8.29555;
-2.34223;
0.0513286;
-2.63838;
0.340968;
-5.54658;
0.127614;
-0.711635;
-1.21459;
-1.69587;
-1.61273;
-0.715339;
-1.57222;
0.340464;
-1.63456;
0.340367;
-0.301407;
-3.2405;
-4.29107;
-5.24412;
-1.20711;
-0.916871;
-0.0321619;
-4.18398;
-0.259998;
-6.88959;
-2.04853;
-1.92246;
-4.82862;
-2.28417;
-1.55299;
-1.55285;
0.338607;
-1.55267;
-2.04201;
-1.75035;
-1.61478;
-5.39116;
-2.73378;
-1.91077;
-2.38491;
-3.44902;
-12.3608;
-1.90277;
-3.79519;
-2.70894;
-2.5538;
-1.53687;
-1.87369;
-0.919889;
-1.59654;
-1.24107;
1.30718;
-0.692621;
-1.86328;
-8.92114;
0.335683;
-0.700223;
-3.47311;
-0.248477;
-10.9107;
-0.267451;
-4.66022;
-1.62786;
1.74028;
-4.75085;
-4.85691;
-4.02018;
0.333914;
-0.189881;
-1.52149;
-1.10069;
-11.7761;
-0.329478;
-1.86484;
-4.58622;
-2.73274;
-2.62764;
1.79029;
0.418259;
-1.1505;
-1.92388;
-5.98392;
0.0474976;
-1.49053;
-2.66764;
-1.85463;
-3.32758;
-2.12155;
0.00175734;
-0.907478;
-1.83941;
-0.927505;
1.68634;
-1.8036;
-2.66363;
-0.315305;
-2.10884;
-3.65382;
-0.357824;
-1.83007;
-3.60801;
-2.92157;
-3.78054;
-1.4775;
-1.9642;
-0.317025;
0.329013;
-1.47691;
-2.67852;
1.1698;
-1.48116;
2.28103;
1.51334;
-3.94583;
2.48707;
-1.95471;
1.45224;
-4.05324;
0.0906183;
-0.914255;
2.21279;
-1.91999;
-1.75856;
1.41067;
-1.98205;
-4.49063;
-2.0693;
1.70952;
-1.34304;
-2.1806;
-1.74727;
0.3248;
2.192;
2.19103;
-1.39048;
-0.241718;
0.324065;
-0.0377733;
2.18907;
2.18121;
-2.31803;
-0.254743;
-0.303771;
-1.38041;
-1.11454;
-1.59319;
-3.27396;
1.34137;
-0.903077;
-0.867284;
1.93288;
-1.50249;
-0.255212;
-0.623257;
-1.78102;
0.321638;
2.01097;
-1.5003;
2.2487;
-0.557321;
-2.06676;
0.372217;
-1.73416;
1.9693;
2.14893;
-0.527451;
0.286966;
1.56779;
0.256955;
-0.609591;
-4.62373;
-2.01529;
-0.20546;
-3.25833;
0.0434326;
-1.18443;
-0.270121;
0.316976;
-2.82719;
-0.078243;
-0.332452;
1.33764;
2.44565;
-1.75039;
0.230303;
-1.10528;
2.53533;
-0.656389;
-1.4163;
-2.60718;
-2.01663;
-1.41333;
1.36873;
-1.95317;
-2.33242;
-1.67867;
2.09144;
-1.40796;
-1.08809;
-1.73507;
1.37991;
2.08556;
-0.365327;
-1.35163;
-1.08627;
-0.0712628;
0.676058;
0.406297;
0.0251467;
-1.34707;
-1.18227;
-3.1724;
-4.4621;
1.83872;
-2.81136;
-2.24526;
-1.37757;
-1.39479;
2.09086;
-1.66917;
-1.39263;
-2.80432;
2.04488;
-0.660522;
-1.86356;
1.89292;
-1.39041;
1.34745;
-0.223745;
-3.69305;
2.08411;
-0.663095;
-2.12996;
0.128289;
-2.31866;
-1.38307;
-0.227551;
-4.0894;
1.58023;
-1.38328;
0.304009;
0.3039;
-1.99864;
-1.44138;
0.303576;
-2.06303;
1.33797;
2.05455;
-1.92298;
1.89817;
0.301968;
-1.84534;
-5.04064;
1.73393;
-1.18558;
2.31468;
2.02765;
-1.37434;
0.300146;
0.300071;
-2.79941;
-1.47412;
-0.191729;
-1.47303;
-1.81559;
0.298878;
1.09536;
1.51999;
-0.262438;
-1.04565;
-0.887662;
1.26082;
-1.36892;
1.95874;
0.297208;
-1.3684;
1.78427;
-0.114505;
1.94981;
0.0827284;
-1.34277;
-0.573515;
0.164915;
1.22809;
-0.502645;
1.42706;
-1.35483;
1.82532;
-0.888456;
-0.0579554;
-0.25685;
-1.36039;
-0.257146;
0.0293519;
-0.0125176;
-0.0577538;
1.0452;
-1.38749;
-0.0338394;
-0.841955;
-0.264008;
-1.21394;
0.290658;
-6.16844;
0.290018;
-0.687281;
1.91703;
1.89097;
1.68058;
1.36675;
1.88399;
-0.264724;
1.99746;
-0.890964;
1.38276;
1.61067;
0.28722;
-0.555614;
-2.88337;
-1.782;
2.0775;
-1.00026;
-3.2721;
-1.8438;
-1.03189;
1.43068;
-1.34565;
-0.25726;
-1.85627;
1.42822;
1.39155;
0.54127;
-0.842641;
1.36755;
-1.15859;
-1.34094;
-0.549194;
-0.413229;
-1.27262;
-1.33967;
1.67792;
1.54725;
1.11059;
-3.92178;
-1.49684;
-0.265506;
-0.667459;
0.132555;
0.277311;
-0.551369;
-1.57393;
0.492323;
1.78496;
1.82331;
-0.62987;
-0.0751657;
0.274691;
1.85008;
1.23132;
1.5693;
-0.58837;
1.50952;
1.75854;
1.75592;
1.75326;
-0.432056;
-0.102861;
-1.34487;
-0.0255012;
-1.32838;
1.7594;
-0.681509;
-0.105481;
-1.10214;
0.267829;
-0.0906341;
1.91187;
-0.375883;
2.06674;
-2.06595;
0.264415;
1.69687;
1.69385;
-0.226363;
-0.0553556;
-2.4221;
-0.357032;
1.38809;
-0.299342;
-0.916676;
1.25519;
-0.365512;
1.35629;
-1.05192;
1.2336;
-1.84448;
1.48297;
1.6365;
-0.371012;
-1.05923;
-1.76215;
-2.95471;
1.62437;
1.42402;
-0.839334;
-1.31487;
-0.141684;
0.91085;
-0.374426;
-2.36233;
1.33733;
0.250661;
1.64527;
0.29134;
1.58863;
1.77838;
2.0244;
1.61846;
1.3117;
-1.31187;
-1.24926;
-0.968905;
1.56429;
-0.784541;
1.55879;
-1.06361;
-0.787299;
0.843702;
-3.10268;
-0.38504;
-2.12231;
-1.72354;
1.54079;
1.29092;
-1.06583;
1.09089;
-0.202999;
1.52184;
-1.30994;
-1.06754;
1.06715;
0.96742;
1.53194;
1.25428;
-0.201005;
0.883199;
-1.30867;
-0.224584;
-0.812147;
-1.41001;
1.11032;
-0.1839;
-0.203551;
0.234249;
1.4762;
0.963563;
1.22384;
0.807984;
-0.960025;
-1.40863;
0.231347;
0.375041;
1.60135;
1.47187;
1.46768;
-2.37066;
-0.382025;
-1.3621;
-1.30676;
1.46307;
1.46931;
-0.264624;
1.45963;
-0.971228;
-1.07771;
-0.432007;
-1.26608;
1.13599;
-2.70308;
-1.07968;
1.11095;
1.12205;
1.13507;
0.22174;
-0.854706;
-0.561982;
-0.332124;
-0.0421696;
0.0920704;
1.36654;
1.36309;
-1.47132;
-1.8927;
1.38118;
0.974045;
1.3409;
-0.282448;
-0.651544;
0.213611;
-0.385996;
1.33369;
1.14059;
1.3424;
1.30705;
-1.08926;
1.11509;
-0.621287;
1.29158;
1.02139;
1.08502;
0.207165;
-0.264491;
1.07961;
1.27404;
-0.668352;
-0.530226;
0.846787;
1.25576;
-2.99635;
-1.72355;
1.2462;
1.58824;
1.23833;
1.35693;
-1.09918;
-0.716628;
-2.189;
-1.02308;
1.21553;
0.197728;
-0.385934;
-2.98309;
1.32415;
0.929826;
1.19693;
0.920767;
-2.97783;
-0.676803;
0.674902;
1.1922;
1.17132;
1.18883;
0.952289;
-1.35571;
1.15461;
-0.633121;
1.30032;
0.187517;
0.941009;
-0.572026;
0.832238;
-0.629651;
-1.28517;
0.184536;
1.11773;
-0.188093;
-0.666314;
0.817695;
1.09822;
1.09428;
1.09056;
0.713711;
1.08167;
-0.675573;
0.876623;
0.785023;
0.177117;
1.06459;
-1.06997;
1.05717;
-2.84157;
-0.843295;
0.847116;
-1.06941;
0.838015;
-0.507543;
0.828355;
1.02124;
0.639688;
0.807527;
1.00645;
0.903566;
0.996886;
0.736252;
0.73111;
0.784137;
-0.735441;
0.973758;
0.597848;
0.708008;
0.958854;
-1.1036;
1.21283;
1.20559;
-0.754328;
0.647395;
-0.587388;
-0.270647;
0.917866;
-0.933241;
0.909468;
1.15389;
-0.782634;
0.89621;
0.890046;
0.886191;
0.522452;
-0.871208;
0.150304;
-0.88687;
-0.693988;
-1.15885;
0.863933;
0.840096;
0.854004;
0.578678;
0.844827;
0.622322;
0.834649;
-1.31194;
0.828823;
-1.14335;
-2.69566;
0.819421;
0.613837;
-0.835809;
0.806305;
0.759925;
0.795269;
0.791523;
0.573568;
-1.15738;
-0.977372;
-0.859248;
-1.31406;
0.766371;
-1.17741;
0.75968;
0.755194;
0.68061;
0.566907;
-4.13117;
0.733445;
0.45588;
-0.929331;
-1.01208;
-0.811819;
0.708086;
0.703187;
0.698117;
0.693648;
-0.953768;
0.40469;
