-5.0656;
-4.0626;
-3.72207;
-0.520063;
-1.16249;
-1.47545;
-1.17307;
-2.27899;
-1.20757;
-0.519218;
-1.49155;
-7.0825;
-10.0281;
-5.06583;
0.415733;
-8.46601;
-0.515517;
-1.59828;
-7.02344;
-11.6414;
0.414767;
-8.82386;
-0.816853;
-0.646251;
-1.99792;
-1.49784;
-3.09611;
-3.06589;
-1.13971;
-0.817099;
0.41379;
-2.26253;
-0.510656;
-0.510601;
-2.85472;
-1.97605;
-5.86214;
-5.30631;
-2.04544;
-6.22904;
-4.80943;
-1.17791;
-4.57955;
-3.34949;
-6.91364;
-11.4344;
0.41119;
-1.17404;
-1.13444;
0.411035;
-0.966689;
-9.04203;
-0.340134;
-10.8104;
-1.11447;
-10.2363;
-0.395353;
-1.54026;
-29.0437;
0.407483;
-1.48213;
-8.05041;
-6.27467;
-2.29992;
-2.66964;
-0.489961;
-3.76105;
-1.49076;
-0.81853;
-3.06982;
0.405215;
-0.186144;
-0.818556;
-2.22386;
-1.13989;
0.404617;
-1.62156;
-1.05506;
-4.46517;
-2.60567;
-14.1316;
-1.09386;
-0.623376;
-0.818555;
-1.48788;
-1.87195;
-1.48963;
-2.29474;
-3.00401;
-0.481982;
-2.62463;
-7.62057;
-1.14945;
-0.91832;
-1.03573;
-0.480006;
-22.8105;
-6.35562;
-0.474727;
-1.66772;
-3.28287;
-1.99499;
-0.351774;
-9.81194;
-4.04672;
-4.12279;
-1.65881;
-0.846287;
0.181991;
-3.33876;
-1.85113;
-5.19759;
-0.766322;
-1.44083;
-1.88506;
-0.353905;
-6.56224;
-0.466504;
-13.2947;
-4.87919;
-3.14701;
-1.13026;
-4.28083;
-1.08943;
-9.11219;
-6.56572;
-0.458662;
-1.09062;
-2.81737;
-0.0282467;
0.213815;
0.391392;
-1.02237;
-0.0287595;
-1.02187;
-11.0663;
-1.55662;
-0.342185;
-2.25771;
-0.45438;
-1.01531;
-2.64193;
-0.360036;
-0.817428;
-1.33719;
-3.61219;
-6.24447;
-0.27309;
-7.4257;
-2.53492;
-10.094;
-2.47374;
-1.40269;
-1.50609;
-2.81941;
-0.998122;
-0.346314;
-0.84776;
0.220246;
-1.09492;
-12.6557;
-4.84405;
-3.64716;
-4.87801;
-0.452936;
-2.34824;
0.382622;
-1.97286;
-2.13883;
-1.08792;
-1.0662;
0.382015;
-0.044113;
-2.24236;
-0.307059;
-7.50872;
-2.15618;
-2.03646;
-5.15487;
-0.96398;
-8.11947;
-0.815987;
-3.84175;
-0.970405;
-1.01727;
-1.76631;
-4.38153;
-9.77512;
-2.8507;
-1.05564;
-6.25344;
-0.644251;
-13.098;
-3.22803;
-13.2074;
-0.358168;
-2.44388;
-3.21054;
-2.02892;
-2.39703;
-0.0519762;
-0.814863;
-1.95012;
-0.0037817;
-0.357409;
-0.814848;
-0.357501;
-2.86027;
-0.814783;
0.371909;
-3.94638;
-1.00008;
-0.814562;
-3.69103;
-0.9384;
-1.33795;
-0.0615103;
-2.68936;
-8.67312;
-1.50185;
-0.814004;
-1.27139;
-1.50183;
-2.45051;
-0.714836;
-0.411408;
-0.411358;
0.120976;
-12.3659;
-0.301615;
-5.00945;
0.365693;
-5.17024;
-7.26132;
-0.238854;
-0.918814;
-5.72783;
-0.917462;
-0.0706169;
-17.6094;
-3.1442;
0.0106403;
-0.073704;
-0.812726;
-0.908874;
-0.812666;
-1.4996;
1.3979;
-8.31641;
-1.02028;
-1.69699;
-4.97319;
-3.00232;
-1.72659;
-5.52001;
-3.32577;
0.247569;
-0.00974208;
-2.17779;
-1.31993;
-1.77806;
0.356365;
-2.72047;
-2.40046;
-1.73753;
-1.32728;
-1.03011;
-6.99921;
-0.505983;
-1.52943;
0.151218;
0.251725;
-1.1696;
-3.33172;
-0.370998;
-1.61751;
-0.739219;
1.33366;
-0.371623;
-0.809462;
-3.35456;
0.351444;
-1.71933;
-1.89032;
0.351089;
-2.73168;
-2.41034;
-0.998151;
-1.01924;
-0.380025;
-2.2331;
-0.603066;
-0.711142;
-5.42361;
0.0207424;
-1.89242;
0.348803;
0.348735;
-0.376405;
-1.2362;
-0.374435;
-1.99069;
-7.45274;
-0.857539;
0.257917;
-3.95747;
-1.04522;
0.346374;
0.258799;
-0.375944;
0.346128;
-2.90571;
-0.603494;
0.298342;
-3.30442;
-3.64127;
-0.806629;
-0.689752;
-0.846524;
-4.39137;
-2.00075;
-7.88294;
-2.4806;
-0.997787;
-14.4873;
0.123168;
-0.830117;
0.340109;
-1.00687;
-0.579541;
-1.04832;
-1.22586;
-2.79179;
-0.159452;
-1.00685;
-0.350691;
-0.585835;
0.336502;
-15.6943;
-0.380635;
-16.3542;
-0.113387;
-2.15653;
2.03987;
-0.971096;
0.332585;
-0.799502;
-1.64989;
0.332129;
-3.939;
0.331498;
0.531148;
-0.577261;
-1.89849;
0.33077;
-6.29176;
-0.575447;
-1.85742;
-1.47102;
0.329265;
1.07886;
-0.785719;
-0.332392;
-1.29107;
0.0614457;
-0.653776;
-1.5124;
-2.351;
-2.09343;
0.172978;
-0.568912;
-0.698099;
-4.41149;
-3.53775;
-0.871077;
1.59444;
-0.871197;
0.323909;
-1.32931;
-8.13528;
-1.75491;
-2.01018;
-0.704756;
-0.873167;
-0.655103;
-4.54081;
-1.12991;
-1.65955;
1.2886;
-6.97909;
-0.309791;
0.563484;
-0.810541;
-1.84899;
-1.28925;
1.73631;
-4.28558;
-0.74074;
0.316524;
-0.880459;
-3.20062;
-0.738245;
-1.09076;
-4.8496;
1.21159;
-0.300432;
0.313718;
-2.39351;
-0.383331;
-5.34413;
-0.262174;
-0.29773;
0.311449;
0.804396;
0.311072;
-2.37398;
-0.31943;
0.213918;
0.309517;
-1.11766;
-0.906952;
-4.64855;
-0.383386;
-5.0144;
-0.287352;
-1.1354;
-0.256374;
-2.0998;
-1.03949;
-3.23094;
-1.50828;
0.304392;
-8.43376;
-0.278887;
-0.383086;
-0.383128;
-0.383181;
1.80799;
0.0368622;
-1.21959;
-3.08662;
-0.395042;
0.752426;
-4.13569;
-0.832025;
-1.33819;
-0.61913;
0.298592;
0.321695;
0.298036;
0.121535;
0.765095;
-2.52778;
-1.36022;
-0.510188;
-1.10436;
-0.727124;
-1.02539;
-0.130452;
-2.23377;
-1.13117;
0.263371;
-0.241862;
-3.75827;
-1.2167;
0.292735;
-0.383698;
1.15194;
-0.884022;
-0.259838;
-0.864186;
-0.383969;
0.0495559;
-0.384206;
2.72136;
-0.425525;
-0.357756;
2.60297;
0.398717;
1.61218;
-0.845576;
0.311252;
-0.163854;
-1.16661;
0.278955;
-1.67644;
-0.650704;
0.31176;
2.13994;
-0.343921;
-0.0262428;
-0.250739;
0.28516;
0.311818;
-3.75603;
-0.168399;
0.284016;
-0.385353;
0.0878537;
-0.385591;
0.31196;
-1.31694;
0.251618;
-2.72668;
-0.661774;
-0.63994;
-1.38919;
-1.03967;
1.11148;
-0.155742;
-0.819105;
1.01611;
0.279657;
-0.39901;
-2.41806;
0.278748;
-0.462236;
-1.03883;
0.437956;
-2.43988;
-0.343202;
-0.177472;
-0.387676;
-0.178235;
-8.45424;
-1.75924;
0.427296;
2.1477;
-1.99068;
-0.40794;
-0.651161;
0.517366;
0.284793;
-2.73849;
-1.0798;
-0.245942;
-0.034677;
0.914078;
-2.40664;
-0.755942;
0.409472;
-0.136617;
-0.00125082;
0.315909;
0.612975;
0.266488;
0.316298;
-0.390719;
-1.32489;
0.855159;
-0.33229;
0.588932;
-0.114876;
-0.806115;
-1.05273;
1.4893;
0.37336;
0.261867;
-0.59359;
-0.57967;
-0.392368;
0.639732;
0.260116;
1.00974;
-1.60883;
0.259122;
0.197759;
0.926338;
0.258143;
0.383149;
-0.585944;
0.257637;
-2.22833;
0.379259;
0.0969093;
0.531852;
1.15353;
-0.989477;
-4.04716;
-1.04729;
-0.464785;
0.035052;
-0.29748;
-2.3427;
0.756103;
-0.335216;
-0.908323;
-2.03697;
0.246775;
0.134209;
0.248143;
-1.24522;
-0.217939;
0.659684;
1.42698;
-1.26641;
1.22131;
0.0956403;
-0.378205;
1.76188;
-0.437265;
1.75325;
-0.399865;
0.831951;
-0.400357;
-1.23671;
-1.33934;
-1.32988;
0.240346;
1.73065;
1.7275;
-0.0584322;
1.91502;
0.719814;
-0.73912;
-3.09338;
0.690325;
-0.251142;
-0.460382;
1.80011;
1.99253;
0.479222;
0.232593;
0.232451;
-0.19442;
-0.929073;
0.314371;
-1.30998;
-0.471502;
0.0326041;
0.205806;
-0.218614;
1.0571;
0.313149;
0.541825;
0.227454;
-3.90516;
0.983265;
0.476822;
-0.809437;
0.22457;
0.168798;
0.425735;
1.79681;
1.60959;
0.222448;
-1.11212;
1.3768;
0.6537;
1.7402;
0.866591;
0.250419;
1.72159;
0.334924;
-0.23538;
0.00174378;
-0.954009;
1.71954;
-0.48007;
0.443948;
-0.241146;
-0.412792;
-0.457499;
1.08162;
1.65065;
-1.8852;
-0.0389456;
-1.91737;
1.65096;
1.74245;
-0.41591;
1.61568;
0.207898;
0.206945;
-0.329077;
-0.560239;
-0.553325;
1.94825;
-0.767966;
-0.418553;
-0.280289;
-0.0547104;
0.409681;
0.655091;
1.11257;
-0.363777;
-0.873548;
0.0895729;
-0.70879;
-0.887078;
0.989199;
-0.579519;
0.466903;
0.759088;
0.19545;
1.84756;
1.41157;
-0.423706;
0.16041;
0.0771568;
-0.328139;
-1.77037;
-0.908213;
-0.299193;
-0.888784;
1.46781;
0.142686;
0.188381;
-0.541671;
1.4362;
-0.580124;
0.355811;
0.0106542;
-0.34294;
-1.29825;
-1.23908;
-0.875177;
1.51875;
1.70251;
0.109318;
0.232542;
0.238644;
-0.614004;
1.54902;
-0.433632;
0.549583;
1.6312;
0.174512;
0.174368;
-0.906419;
-0.0285801;
-0.113307;
-0.114236;
-0.4506;
0.515484;
1.32676;
-0.437681;
0.155651;
0.352821;
1.22811;
-1.33567;
-0.45599;
-0.334667;
0.166604;
0.275107;
1.32119;
-0.0190992;
-0.24579;
-0.442059;
0.73123;
-0.442959;
-0.719556;
-2.02611;
-1.17893;
-0.786259;
-0.350542;
0.736243;
0.47898;
-0.354042;
0.15441;
-0.628769;
-0.511506;
-1.30403;
-0.0508019;
-0.162327;
-0.360267;
-1.13966;
-0.254539;
1.21124;
0.686808;
-0.307502;
0.175811;
-0.145837;
-1.30319;
-0.0586704;
-1.31293;
1.05197;
1.04803;
0.141562;
-0.195896;
1.15778;
0.23676;
0.597082;
-1.05334;
1.42831;
-0.460976;
0.35028;
0.720688;
-0.0102419;
-0.0590883;
-0.592199;
0.261987;
-1.90206;
0.720596;
1.22523;
-0.46556;
-0.465815;
1.27379;
-0.548078;
1.12766;
-0.3999;
0.940345;
0.759598;
-0.624151;
-0.648482;
0.0996384;
-0.625229;
-0.102396;
0.710667;
-0.472694;
0.893508;
0.534175;
0.884706;
-0.171471;
0.103789;
-0.264617;
0.0460587;
-0.268389;
0.693651;
-0.477548;
0.280593;
0.582104;
0.106449;
0.0763257;
0.462108;
-0.482006;
-0.043092;
-0.482642;
0.0296037;
0.882143;
-0.295406;
0.786141;
-0.60946;
0.102629;
0.516474;
1.01171;
1.09075;
0.470804;
0.032561;
0.0970502;
-0.602225;
-1.80292;
-0.662412;
-0.205695;
0.707976;
0.0924961;
1.11264;
0.776077;
-0.336245;
-0.531832;
0.0884812;
0.12205;
-0.49697;
0.334855;
-0.3872;
-0.274027;
0.321121;
0.685066;
0.314519;
0.710515;
-0.230669;
-0.00202828;
-0.855574;
0.285199;
-0.665568;
0.226731;
0.588891;
-0.441821;
0.29981;
0.0737674;
-1.11119;
-0.230922;
0.602862;
-0.628559;
-0.125127;
0.228247;
0.591974;
0.52661;
0.0335732;
0.51127;
0.513666;
0.0829266;
0.0616735;
-0.616326;
-0.308068;
0.152723;
-0.503454;
-0.464854;
0.143324;
0.450311;
0.443682;
0.0381359;
-0.364157;
0.426535;
0.334167;
0.00325097;
-0.422647;
0.473778;
-0.531617;
0.0709784;
0.37855;
0.372397;
0.334568;
0.356286;
-0.536351;
0.0412941;
-0.501104;
-0.262343;
0.0189687;
-0.198361;
0.320959;
-0.719084;
-0.349897;
-0.493468;
-0.300755;
0.259607;
-0.500859;
0.280952;
-0.0908601;
-0.0393256;
0.291891;
-0.549555;
-0.868231;
0.0261801;
-0.519055;
0.238783;
-0.582766;
-0.361227;
-0.721957;
-0.657642;
-0.452855;
-0.419104;
-0.103408;
-0.0255837;
-0.549068;
0.167763;
0.161646;
-0.563383;
0.013273;
0.153097;
0.147033;
0.140243;
0.133864;
-0.207128;
0.122599;
0.116725;
-0.924326;
-0.196856;
-0.542506;
-0.340222;
-0.574549;
0.0736774;
-0.566193;
-0.257849;
-0.567546;
-0.599174;
0.0149226;
-0.331535;
-0.580675;
0.0337095;
-0.313825;
-1.06653;
-0.575967;
0.0356436;
-0.652225;
-0.0159965;
0.0141176;
-0.0404864;
-0.611435;
-1.23682;
-0.585692;
-0.022751;
-0.690171;
-3.01958;
-0.824901;
-2.66473;
-0.608415;
-1.08434;
-3.20953;
-8.11173;
-0.865233;
-6.35989;
-0.903696;
-1.43667;
-0.0412608;
-0.610254;
-4.00806;
-1.22583;
-2.47947;
-7.61944;
-0.710975;
