-6.4682;
-0.47812;
-0.948415;
-7.67279;
-1.52234;
-0.478118;
0.241426;
-1.01651;
-0.477939;
-1.01628;
-0.492073;
-0.682572;
-3.2111;
-0.947461;
-5.74002;
-1.9476;
-33.0124;
-1.95983;
-4.68732;
-0.479282;
-0.943818;
-5.78596;
-4.21321;
-1.6444;
-9.44059;
-3.49426;
-0.479406;
-1.09974;
-23.0105;
0.227642;
-0.996173;
-0.996056;
-1.57541;
0.227178;
-0.479582;
-8.04751;
-2.90461;
-0.809029;
-0.99276;
-2.31075;
-1.59583;
-5.54479;
-13.0465;
-0.988556;
-0.666868;
-3.60792;
-1.0742;
-0.987286;
-1.71899;
-0.665728;
-2.98062;
-0.465852;
-24.7356;
-0.460118;
-1.93432;
-1.92498;
-1.48775;
-4.62156;
-2.61345;
-0.985582;
-4.80228;
-3.48929;
0.2111;
-2.002;
-4.93279;
-0.947762;
-1.40346;
-0.497921;
-0.347903;
-1.48143;
-3.0242;
-0.466362;
-0.480107;
-0.498224;
-47.002;
-2.55711;
-20.1926;
-1.07189;
-2.43854;
-0.650179;
-0.919488;
-0.957749;
-3.53693;
-0.649225;
-1.46599;
-2.19641;
-1.51779;
-0.51021;
-0.480794;
-3.49865;
-0.955018;
-3.03764;
-0.953903;
-2.81448;
0.0319211;
-15.326;
-0.839553;
-1.4592;
-0.39043;
-18.2394;
0.183436;
-1.10961;
-0.946236;
-5.96634;
-2.48205;
-0.957607;
-0.519928;
-0.640956;
-1.45211;
-0.503953;
0.180719;
0.180632;
-0.640368;
-0.933739;
-2.79333;
0.0102525;
-9.77156;
-0.478915;
-7.89722;
-6.18944;
-1.4451;
-18.3989;
-6.04841;
-0.508578;
-4.47752;
-0.513057;
-1.40141;
-0.969696;
-7.29886;
-0.477985;
-2.44374;
-6.47735;
0.164466;
-10.9858;
-0.514379;
-0.927399;
-0.884806;
-0.629911;
-0.945736;
-0.514898;
-18.0538;
-6.03043;
-0.936278;
-0.0350295;
-0.343901;
-0.921984;
-0.921911;
-0.891773;
0.15529;
-0.345313;
-3.21081;
-1.42696;
-2.01965;
-1.08387;
-0.522781;
-3.50225;
-0.624389;
0.00693618;
-0.918632;
0.15149;
-2.53163;
0.00542978;
-5.20073;
-0.943153;
0.149604;
-2.16891;
-0.915946;
-2.4103;
-1.5035;
-7.6493;
-0.914023;
-0.462988;
-8.33244;
-0.619985;
-3.00211;
-0.619463;
0.143764;
-1.12824;
-4.73124;
-1.97504;
-0.523095;
-0.6183;
-1.1565;
-3.67327;
-0.617792;
-0.617718;
0.141252;
-12.0384;
-1.5002;
-0.474596;
-0.0193526;
-2.27359;
-8.76248;
-7.56281;
0.133323;
-2.20028;
-5.8873;
-4.96568;
-13.4167;
-0.611178;
-18.3156;
-0.526364;
-1.14698;
-0.569499;
-2.46505;
-0.526751;
-0.608721;
-1.8721;
-1.90208;
-2.09006;
-1.11954;
-0.552238;
-0.106007;
-20.3188;
-0.605241;
-0.472948;
0.11408;
-0.889338;
0.113944;
-2.46942;
-5.6958;
0.0570955;
-1.57272;
-0.953431;
-1.81741;
-0.53159;
-0.924029;
-0.820518;
-2.00962;
-0.471747;
-0.94328;
-9.29578;
0.106538;
-0.56409;
-0.564216;
-0.582952;
0.105996;
-5.99818;
-0.471142;
-4.7195;
-0.471167;
-1.82247;
-1.49246;
-4.18434;
-0.470673;
-1.10379;
-0.569391;
0.100061;
-11.6459;
-1.09186;
0.0969068;
-0.590772;
-0.875998;
-0.875891;
0.0965621;
0.0964688;
0.0964258;
-2.62529;
-0.100348;
-1.63906;
-0.956172;
-4.929;
-1.37499;
-1.10631;
-0.8415;
0.0925135;
-0.872874;
-0.469083;
-0.469008;
0.0922585;
-0.468876;
-0.945946;
-2.84956;
-0.468654;
0.0908184;
-0.871421;
0.0907321;
-0.562844;
-1.42395;
-0.110935;
-0.540379;
0.0896277;
-0.592207;
-0.164687;
0.089272;
-1.04821;
-1.18716;
-0.869445;
-4.47245;
-1.52604;
-3.67583;
-1.15482;
-0.867582;
-1.82404;
-0.86724;
0.0847066;
-0.599781;
-0.600005;
-1.61012;
0.0837516;
-0.122976;
-0.589105;
-6.91514;
-0.588414;
-8.92967;
-0.962045;
-1.07093;
-1.20115;
-5.70393;
0.0767113;
0.0765965;
0.0765101;
-0.578562;
-5.68074;
-5.77254;
-2.09351;
-0.592053;
-0.057668;
-0.549325;
-3.41004;
-9.57401;
-0.152689;
0.0679096;
-0.583279;
0.0678271;
-3.30872;
-0.58283;
0.0669407;
-1.77816;
-0.615104;
0.0660333;
-0.615306;
-0.157145;
0.0656175;
-0.581754;
-5.46103;
-2.6532;
-1.11786;
-0.983744;
0.0627656;
-2.51874;
-5.70804;
-1.22809;
-0.849771;
-2.53652;
-0.851172;
-1.43053;
-2.25717;
-0.578669;
-5.55549;
-0.463704;
-0.176988;
-0.596954;
-0.849074;
0.0549303;
-21.9939;
-0.244402;
-13.3292;
0.0445524;
-0.843445;
-6.37514;
-11.2338;
0.0397133;
0.0396258;
-0.462073;
-0.621183;
0.0392194;
-0.461853;
-0.572132;
-0.154789;
-3.70723;
-0.969313;
-2.48239;
-0.769219;
-1.69662;
-0.269861;
-0.570569;
-0.270405;
-0.580655;
-4.25939;
0.0338866;
-3.32396;
0.0330111;
-0.836516;
-1.04169;
-4.56641;
-2.3118;
-0.56839;
-0.834955;
-0.923291;
0.0298371;
0.0297951;
-1.41519;
-1.06342;
-0.780084;
-0.575601;
-0.459682;
-1.29285;
0.0276618;
-1.25268;
-0.8326;
-0.459366;
-0.287042;
-0.929751;
-0.232895;
0.026106;
-0.930445;
0.0257223;
-4.37654;
-0.583739;
-3.0654;
-0.239587;
-0.57567;
-1.43866;
-0.587509;
-2.27128;
-0.458169;
-7.1236;
0.0188841;
-0.563231;
-0.303101;
-0.30354;
-1.04533;
-0.827278;
-0.562639;
-0.894138;
-1.80083;
-0.457394;
-0.98253;
-3.8774;
-4.1219;
-0.825287;
-0.631271;
0.0140987;
-0.560976;
0.013929;
-0.824699;
0.0137595;
-3.04243;
0.0130035;
-1.06758;
-0.23212;
-3.9969;
-0.318232;
-0.82293;
-0.456037;
-0.984609;
-0.822667;
-0.660762;
0.00996064;
-4.3448;
-0.558444;
-0.455525;
-3.40812;
-7.14335;
-0.328713;
-2.30223;
-0.455032;
-0.585066;
0.00418709;
-0.981095;
0.00387937;
-1.07802;
-1.56118;
-1.07845;
-2.52533;
-1.24814;
-2.03822;
-0.641675;
0.000896869;
-0.555117;
-0.454031;
0.000646685;
-2.46333;
-5.48736;
-1.09044;
-0.00204867;
-0.453609;
-0.00225397;
-0.815634;
-0.815571;
-3.01286;
-0.815086;
-1.4946;
-0.814769;
-0.453041;
-9.58161;
-1.08445;
-0.603994;
-0.674945;
-1.97057;
-0.007959;
-0.812722;
-0.812619;
-0.0081625;
-8.34323;
-3.82536;
-0.361434;
-0.661458;
-1.34459;
-2.68031;
-0.451457;
-1.08855;
-2.85929;
-0.451206;
-0.366906;
-0.80932;
-0.68012;
-1.09085;
-3.32038;
-0.548348;
-0.370225;
-7.27561;
-9.73686;
-2.19236;
-0.450518;
-0.0208011;
-0.0208838;
-0.0209668;
-2.00158;
-0.383155;
-0.0219432;
-0.545991;
-1.29043;
-0.384359;
-0.600337;
-0.804231;
-0.336339;
-0.545412;
-0.545324;
-2.49182;
-0.545;
-1.56117;
-1.6841;
-1.76497;
-1.68622;
-0.449085;
-1.06131;
-0.802141;
-1.0526;
-0.448764;
-2.5488;
-1.86106;
-0.448641;
-12.7992;
-2.19952;
-0.0331496;
-0.0332484;
-0.0333373;
-0.367663;
-2.34152;
-0.0345643;
-1.82097;
-0.0352305;
-0.0352844;
-0.410565;
-1.12193;
-8.00092;
-0.623129;
-0.539688;
-0.539616;
-0.0389478;
-0.0390506;
-1.02155;
-6.30982;
-5.21963;
-2.66365;
-2.69415;
-2.62676;
-0.793011;
-0.0451391;
-0.0452177;
-0.44649;
-4.81553;
-0.792174;
-0.0468158;
-3.36431;
-0.536563;
-0.713184;
-0.80908;
-0.379349;
-2.18435;
-0.445838;
-0.445812;
-0.535695;
-0.535584;
-0.0496943;
-2.09505;
-0.418164;
-1.43304;
-0.789821;
-0.0511938;
-0.904031;
-0.385631;
-0.815503;
-0.789096;
-1.27007;
-0.0525304;
-0.444821;
-6.56731;
-0.0544664;
-3.14237;
-2.65389;
-4.37826;
-0.532641;
-14.3907;
-0.694066;
-0.060946;
-0.0610381;
-0.70425;
-0.784654;
-0.0614001;
-0.443854;
-1.40091;
-0.784155;
-0.443666;
-0.464612;
-0.443578;
-2.19068;
-0.530404;
-0.466947;
-0.722858;
-1.73924;
-4.12356;
-0.0654936;
-0.471323;
-0.443123;
-0.0658553;
-1.40716;
-1.04115;
-0.442932;
-0.781165;
-0.78105;
-0.415929;
-0.474375;
-7.8497;
-0.779774;
-0.421601;
-0.779483;
-0.0699004;
-0.779333;
-0.527867;
-0.480754;
-6.24235;
-0.0723755;
-0.0724807;
-0.0725638;
-0.527025;
-0.442241;
-6.63272;
-0.776947;
-1.70758;
-0.44201;
-1.19619;
-1.52396;
-0.0761049;
-0.776099;
-0.776049;
-0.0764133;
-0.0765209;
-0.734123;
-0.0768307;
-0.707483;
-0.0771602;
-0.717671;
-0.0775041;
-1.19671;
-0.775078;
-0.775008;
-0.496679;
-0.708408;
-0.0786005;
-0.078668;
-1.01633;
-0.774408;
-0.0790656;
-0.523748;
-0.440764;
-3.69449;
-1.18186;
-0.0812021;
-2.98923;
-0.0820822;
-0.870389;
-0.772705;
-1.01818;
-0.522235;
-1.39238;
-0.722327;
-0.507959;
-0.508413;
-1.18068;
-1.21617;
-0.0850197;
-1.23951;
-0.0857802;
-0.651676;
-0.512763;
-0.086355;
-1.74368;
-3.70305;
-0.770155;
-1.0277;
-1.91968;
-0.4598;
-0.653615;
-0.717081;
-2.84221;
-0.0904087;
-0.519243;
-2.1024;
-4.6643;
-0.544125;
-1.20584;
-0.0934653;
-2.31441;
-1.10088;
-2.75955;
-0.517827;
-0.895012;
-0.532667;
-0.766306;
-0.0963295;
-1.15373;
-3.48651;
-0.0978718;
-1.43238;
-0.646135;
-2.60727;
-1.02248;
-0.0997697;
-0.099858;
-0.0999552;
-0.660998;
-1.41176;
-0.542306;
-0.764098;
-1.66297;
-0.763878;
-0.763785;
-0.485439;
-0.763576;
-4.52114;
-0.10323;
-1.42678;
-0.51477;
-1.46178;
-0.104486;
-0.762426;
-1.01918;
-1.19298;
-1.4495;
-0.435693;
-0.435654;
-0.761744;
-1.8391;
-1.22896;
-1.83282;
-0.107821;
-1.24835;
-1.99563;
-0.108945;
-0.500152;
-0.51291;
-0.997325;
-0.82533;
-1.22823;
-0.110436;
-0.110534;
-0.759423;
-0.434914;
-0.110877;
-0.110952;
-0.111061;
-0.11115;
-1.23041;
-0.111478;
-0.600902;
-1.03257;
-3.2371;
-0.758165;
-0.434253;
-0.606603;
-0.434167;
-0.434072;
-0.114041;
-0.510335;
-0.738083;
-0.11465;
-0.114749;
-0.570616;
-0.115082;
-0.509905;
-0.765488;
-0.835198;
-0.509577;
-0.756729;
-3.24862;
-2.31231;
-0.509102;
-0.433214;
-0.433221;
-0.517775;
-0.518229;
-0.118332;
-0.755389;
-0.657652;
-0.118773;
-0.432824;
-0.118974;
-0.52014;
-0.432669;
-0.432616;
-3.95358;
-3.2025;
-0.754036;
-0.753957;
-1.04383;
-0.753764;
-0.659988;
-0.633565;
-0.50696;
-0.432055;
-0.123067;
-2.11966;
-0.506547;
-0.589264;
-0.124355;
-0.752595;
-1.34177;
-0.50606;
-3.87046;
-0.593589;
-0.431508;
-0.751646;
-0.751574;
-4.62504;
-0.75101;
-1.67176;
-0.431293;
-1.94062;
-2.4721;
-4.15921;
-0.13177;
-0.545642;
-0.75323;
-2.15131;
-7.03549;
-0.783255;
-1.39867;
-0.613425;
-1.7762;
-0.75784;
-0.137004;
-0.137064;
-7.54269;
-0.138854;
-0.138946;
-0.502803;
-0.746865;
-2.61555;
-1.21117;
-2.21215;
-0.689085;
-0.624287;
-0.789053;
-0.674043;
-2.53325;
-0.745228;
-0.14308;
-6.94588;
-2.15877;
-0.145648;
-3.19536;
-3.37626;
-0.430081;
-0.743485;
-0.147783;
-0.743305;
-0.147893;
-1.9675;
-0.148605;
-1.4913;
-1.17859;
-6.80465;
-0.151465;
-1.80828;
-0.499472;
-1.41683;
-0.152709;
-3.93147;
-1.38056;
-0.429448;
-0.650436;
-0.429384;
-0.429316;
-0.154968;
-1.31558;
-2.51078;
-1.42757;
-3.39738;
-0.498199;
-0.739354;
-0.739285;
-0.158097;
-0.158201;
-0.497745;
-0.158331;
-0.65819;
-0.158603;
-0.158692;
-0.158755;
-0.738478;
-0.497198;
-0.428314;
-0.159112;
-0.777671;
-0.660316;
-0.685896;
-0.428024;
-0.496523;
-0.160114;
-0.496387;
-0.746259;
-0.160656;
-1.05845;
-0.496002;
-0.161112;
-2.79526;
-0.68719;
-0.736604;
-2.45248;
-0.495394;
-0.427423;
-0.495187;
-0.736054;
-0.163483;
-2.15493;
-1.64854;
-0.164797;
-1.48285;
-1.48439;
-0.673552;
-0.16616;
-2.70385;
-0.734546;
-0.766838;
-0.493878;
-0.768306;
-1.54969;
-0.618252;
-0.168689;
-0.785716;
-0.493255;
-0.169118;
-0.733504;
-0.169321;
-0.492963;
-0.49288;
-0.492794;
-0.492722;
-0.681165;
-0.732877;
-0.170148;
-0.170258;
-0.622048;
-0.170595;
-0.425713;
-0.425645;
-0.78687;
-0.732261;
-0.684122;
-0.692564;
-0.787551;
-0.172031;
-2.06269;
-1.34184;
-0.731491;
-0.627666;
-0.173419;
-0.173458;
-0.490972;
-0.173582;
-0.173672;
-0.173762;
-0.799015;
-0.629518;
-1.68502;
-1.8121;
-1.06523;
-1.07106;
-0.633054;
-0.176087;
-5.30998;
-0.177751;
-0.729173;
-0.799074;
-0.178377;
-1.64455;
-0.700036;
-1.07341;
-0.488942;
-0.423878;
-0.179813;
-1.06791;
-0.70194;
-2.18683;
-0.727782;
-2.14321;
-0.980955;
-0.705783;
-0.182259;
-2.91102;
-0.183169;
-0.807183;
-0.423315;
-0.64859;
-0.726566;
-1.07565;
-0.184205;
-0.423072;
-0.184333;
-0.184448;
-0.962015;
-0.422902;
-0.422864;
-0.185129;
-0.716643;
-0.185469;
-3.46925;
-0.186836;
-0.725028;
-0.187013;
-0.422384;
-0.18718;
-0.81019;
-0.422196;
-1.12556;
-1.07749;
-0.188239;
-1.49553;
-1.49607;
-0.812124;
-1.85097;
-5.46428;
-1.20566;
-0.484679;
-0.722968;
-0.192593;
-0.421698;
-0.192806;
-3.12124;
-1.52567;
-0.194312;
-0.194421;
-3.13622;
-0.195341;
-0.195448;
-0.19554;
-0.195666;
-1.56027;
-0.196275;
-0.196376;
-0.196462;
-0.19658;
-0.196683;
-0.735462;
-0.197033;
-0.197154;
-4.07913;
-0.198554;
-6.6232;
-0.72774;
-2.23379;
-0.839811;
-2.29247;
-5.99008;
-0.481721;
-0.204461;
-0.718661;
-0.878863;
-3.64923;
-0.883345;
-0.481246;
-0.481159;
-1.17406;
-2.64971;
-0.696926;
-3.01811;
-0.208897;
-0.699287;
-0.209258;
-0.209331;
-0.480313;
-0.71669;
-0.209647;
-0.209754;
-0.419957;
-0.209924;
-0.210045;
-1.96658;
-0.831427;
-0.210934;
-1.90658;
-5.24057;
-0.213282;
-0.99639;
-2.83412;
-0.214607;
-0.771547;
-0.711095;
-0.215154;
-0.738726;
-2.58843;
-0.216201;
-0.216284;
-3.63469;
-0.713525;
-0.740351;
-0.217778;
-0.419217;
-0.419135;
-0.218086;
-1.16757;
-0.218417;
-0.218524;
-0.712851;
-0.477234;
-3.91689;
-0.219983;
-2.11823;
-0.72276;
-2.66346;
-0.711864;
-0.221982;
-1.4085;
-0.222495;
-0.476263;
-0.418373;
-0.22282;
-0.22282;
-0.711313;
-0.223026;
-3.67019;
-1.95393;
-0.224857;
-0.224994;
-0.745291;
-1.52313;
-0.225718;
-0.417872;
-3.13512;
-0.730169;
-0.709826;
-0.227124;
-0.227231;
-0.417589;
-2.6319;
-0.417522;
-0.228203;
-1.10087;
-0.731197;
-0.417328;
-0.747693;
-1.55393;
-3.84886;
-6.31476;
-0.707799;
-0.734671;
-6.85984;
-0.235293;
-3.39245;
-2.50232;
-1.42615;
-0.237648;
-4.07996;
-0.980385;
-0.705868;
-0.239422;
-4.75187;
-0.472652;
-0.241069;
-0.472506;
-0.241246;
-2.41975;
-1.16505;
-0.758946;
-4.45075;
-0.417386;
-0.417317;
-0.996594;
-0.769935;
-0.703918;
-1.67196;
-0.703705;
-0.703645;
-0.245903;
-0.74459;
-0.744735;
-3.3137;
-0.762549;
-0.247792;
-0.24791;
-0.248015;
-1.53579;
-0.248504;
-4.12929;
-1.11435;
-1.91843;
-0.250758;
-1.64999;
-1.84857;
-1.79436;
-0.2524;
-0.7015;
-0.252602;
-1.02118;
-1.60387;
-0.253498;
-0.701026;
-0.253628;
-0.700928;
-0.700856;
-0.415602;
-0.253984;
-0.750031;
-3.50453;
-0.468735;
-0.255399;
-0.255499;
-1.65201;
-0.415373;
-1.24374;
-0.256743;
-0.256838;
-1.03368;
-2.02016;
-0.257776;
-3.19358;
-0.79763;
-0.770796;
-1.04096;
-0.865181;
-0.698231;
-0.771503;
-1.04363;
-0.260687;
-2.26952;
-0.467238;
-0.697497;
-0.261684;
-0.772525;
-1.60323;
-0.262513;
-0.867591;
-0.262841;
-0.756127;
-1.11643;
-1.69982;
-0.756909;
-1.60642;
-0.264826;
-0.264932;
-0.466033;
-0.774786;
-1.05873;
-0.265797;
-0.896135;
-0.465606;
-0.695532;
-0.413876;
-0.695423;
-0.695349;
-0.775524;
-0.2669;
-3.6566;
-2.43955;
-0.268989;
-0.269127;
-0.694454;
-0.760301;
-0.883449;
-0.269797;
-0.464299;
-0.88363;
-2.41869;
-0.883578;
-0.271183;
-1.40146;
-0.463917;
-1.7226;
-0.272394;
-0.27245;
-0.272558;
-1.72363;
-0.273225;
-0.901926;
-0.273614;
-0.902204;
-1.12813;
-3.14505;
-0.275355;
-0.412483;
-0.892668;
-1.94437;
-4.85808;
-0.412401;
-0.412359;
-0.278077;
-0.278168;
-4.33357;
-1.23335;
-0.280161;
-1.12664;
-0.690313;
-0.892868;
-0.280865;
-0.281002;
-0.28113;
-0.281199;
-1.96339;
-3.09946;
-0.689377;
-0.282815;
-0.461237;
-0.282996;
-4.45938;
-0.284319;
-0.284414;
-0.284524;
-0.284629;
-5.72421;
-0.687839;
-0.460641;
-0.286745;
-0.286832;
-0.898457;
-0.287185;
-0.898703;
-2.24901;
-0.288213;
-0.411447;
-3.53047;
-0.289484;
-3.47277;
-0.775752;
-0.68607;
-0.860634;
-0.685867;
-0.917703;
-0.291657;
-0.411151;
-0.291852;
-0.90279;
-0.292236;
-0.292323;
-0.458934;
-0.776482;
-0.86403;
-2.57051;
-0.293928;
-1.74735;
-0.2946;
-0.294718;
-1.64954;
-10.0491;
-0.298645;
-3.48234;
-2.06993;
-9.09471;
-0.458311;
-3.64569;
-29.1368;
-1.73763;
-2.20378;
-3.83351;
-1.78368;
-2.66171;
-1.80257;
-0.799862;
-1.75425;
-0.318714;
-1.15509;
-2.13053;
-0.319745;
-1.21833;
-2.67012;
-4.67808;
-0.322533;
-2.7043;
-2.62086;
-2.40596;
-2.65586;
-4.19855;
-0.674745;
-2.13626;
-1.71086;
-1.78167;
-0.809206;
-1.73571;
-3.40039;
-1.73555;
-1.9362;
-1.33434;
-1.75326;
-4.15047;
-2.14098;
-5.44544;
-2.4482;
-0.835331;
-3.61941;
-1.3734;
-0.338772;
-0.817848;
-3.0399;
-0.818851;
-0.818996;
-2.94225;
-2.51517;
-2.61799;
-4.66275;
-3.92605;
-3.44102;
-0.346597;
-0.972408;
-0.824824;
-1.51963;
-5.09874;
-4.56963;
-6.2565;
-14.6065;
-1.32424;
-1.05196;
-2.25545;
-1.38698;
-2.49365;
-2.68025;
-9.01012;
-3.43911;
-2.51351;
-2.6736;
-1.96302;
-1.32658;
-0.366114;
-1.3117;
-2.17498;
-3.4186;
-4.15336;
-0.369623;
-14.0362;
-10.4298;
-8.6024;
-2.78481;
-2.13613;
-0.657404;
-2.49955;
-2.88242;
-2.94805;
-7.9162;
-2.97028;
-2.50123;
-0.387576;
-0.421922;
-8.61514;
-19.228;
-3.45751;
-7.00699;
-3.10837;
-2.50582;
-4.58;
-17.7459;
-10.3945;
-7.14217;
-3.62848;
-8.05391;
-1.35026;
-2.89617;
-2.51396;
-4.44356;
-3.55751;
-3.55681;
-5.22211;
-0.917683;
-3.43658;
-1.35396;
-0.919019;
-6.9865;
-0.643543;
-4.21345;
-7.67605;
-3.77131;
-3.68148;
-1.45781;
-0.459655;
-0.431187;
-10.741;
-2.78704;
-3.54568;
-1.3475;
-2.47434;
-6.89752;
-1.41449;
-4.91808;
-6.67518;
-2.50934;
-2.7837;
-1.57207;
-45.0347;
-6.06505;
-3.72471;
-1.38295;
-10.7937;
-2.69379;
-2.27266;
-1.80662;
-17.7122;
-2.85256;
-2.55424;
-2.53272;
-4.29078;
-9.29344;
-12.6688;
-3.67138;
-0.447893;
-2.26782;
-5.67451;
-14.6962;
-10.6607;
-5.94591;
-8.93693;
-7.21317;
-13.5108;
-8.83656;
-6.07332;
-0.468682;
-11.1942;
-7.96855;
-11.2598;
-24.5391;
-5.22543;
-4.21204;
-14.4949;
-6.69917;
-3.47976;
-12.9045;
-0.470042;
-7.99963;
-13.2413;
-6.37293;
-8.08864;
-1.03031;
-10.4277;
-3.12971;
-15.3074;
-0.478965;
-2.41225;
-9.43281;
-28.7307;
-1.04727;
-23.6729;
-2.16227;
-15.117;
-15.2102;
-21.2048;
-5.3882;
-9.07479;
-25.0496;
-8.4447;
-1.29816;
-5.51211;
-7.33495;
-4.42083;
-6.15734;
-7.39336;
-15.198;
-2.01456;
-5.44989;
-2.03412;
-11.6944;
-0.499379;
-16.7247;
-5.42829;
-6.00809;
-0.502012;
-10.1123;
-10.2832;
-6.50946;
-1.08282;
-6.22098;
-2.04552;
-26.7052;
-11.459;
-10.7591;
-8.00895;
-14.2539;
-4.32676;
-5.10734;
-10.8023;
-13.8085;
-26.5798;
-0.520397;
-5.45807;
-22.5657;
-0.523539;
-3.69105;
-11.5252;
-10.8814;
-15.3923;
-11.7933;
-7.01577;
-2.13973;
-13.2576;
-21.6521;
-17.5312;
-15.4597;
-7.43746;
-0.540628;
-33.6757;
-17.1631;
-7.02597;
-33.0156;
-43.8774;
-3.63642;
-34.1386;
-35.9193;
-53.2384;
-28.9656;
-32.0595;
-14.1234;
-27.3073;
