0.599871;
1.8163;
2.7451;
1.50672;
0.100315;
0.729379;
-0.28823;
0.200536;
0.0301125;
0.200342;
14.7144;
-0.106597;
0.71195;
2.77762;
1.65013;
0.553588;
12.9558;
0.550021;
0.802202;
0.243639;
2.18426;
1.43249;
0.701499;
4.2397;
0.316323;
0.545767;
0.8616;
0.436921;
11.7765;
1.52842;
4.40579;
2.42827;
2.93126;
0.539594;
1.06205;
-0.241078;
1.67243;
0.860486;
0.986674;
1.30674;
4.27924;
9.23355;
0.345838;
-0.272406;
1.04531;
1.58478;
1.88837;
2.26904;
6.14931;
0.188605;
1.11908;
14.6715;
3.46545;
0.756069;
0.893396;
1.10808;
-0.26617;
2.26071;
-0.111193;
6.60721;
1.29112;
15.3192;
1.15831;
6.6099;
1.69263;
1.61211;
1.00046;
5.41631;
4.4754;
0.796059;
1.4313;
1.53435;
3.79855;
3.95525;
0.79039;
0.734916;
1.04648;
0.954773;
0.733551;
0.0301009;
0.733198;
0.327527;
0.505045;
0.174158;
0.327218;
0.504645;
0.504575;
3.00974;
0.783235;
7.91446;
1.0631;
4.35342;
0.973818;
2.4703;
1.77568;
0.322768;
8.85705;
3.9259;
0.170321;
7.11965;
1.35335;
1.04808;
9.69885;
2.71051;
0.715316;
10.4788;
0.71144;
-0.0520455;
6.28912;
2.83701;
0.165947;
1.1526;
0.165692;
1.56156;
0.311942;
0.936219;
9.45757;
1.02004;
2.934;
20.3307;
4.36494;
0.825425;
7.33442;
0.268021;
0.163688;
1.96358;
-0.536882;
0.688714;
0.70918;
6.90032;
0.686821;
0.800327;
6.33625;
4.80269;
0.0293621;
0.980883;
0.793087;
4.28457;
16.1304;
0.87323;
0.292629;
4.25355;
1.61226;
0.448401;
-0.413036;
0.481776;
4.15995;
8.66954;
0.666466;
0.152391;
2.55193;
0.857878;
0.769336;
0.94907;
28.3731;
0.6548;
0.753226;
0.92843;
0.152518;
5.02109;
0.835083;
7.22254;
6.07849;
0.278002;
3.52081;
0.647045;
6.37935;
1.50437;
3.9331;
7.46407;
0.640852;
0.901525;
0.273189;
2.03989;
1.73919;
2.98274;
6.19266;
0.636866;
0.636749;
0.636632;
-0.198042;
0.613519;
0.92935;
1.60972;
0.413644;
0.524375;
0.799455;
0.269211;
5.67232;
-0.195791;
1.73417;
6.23857;
0.629894;
0.629825;
7.69221;
0.406778;
1.33318;
0.264881;
6.44188;
0.403497;
1.25401;
0.868951;
0.40296;
2.49165;
0.40211;
0.402018;
2.01072;
0.140336;
11.5095;
0.396441;
0.944555;
0.135379;
5.35133;
-0.447032;
5.54322;
-0.18491;
-0.184924;
0.634254;
0.757645;
0.967425;
3.00187;
2.39038;
4.11598;
2.31736;
4.1544;
3.4304;
3.68846;
5.43192;
1.41428;
0.603354;
0.546537;
0.60309;
10.0236;
4.64977;
0.12708;
4.2266;
1.76708;
0.666263;
5.97156;
0.722965;
6.66418;
3.32252;
5.72114;
0.07355;
4.81009;
5.31613;
3.84722;
0.768858;
2.48399;
-0.407818;
0.765476;
3.69694;
5.76817;
2.29051;
0.49662;
1.0598;
0.577136;
6.87044;
-0.161635;
6.676;
3.00749;
1.69981;
1.80004;
5.05663;
0.23197;
1.83646;
4.85317;
1.5289;
0.230458;
6.37262;
1.33461;
3.67409;
-0.0665681;
4.88518;
4.70251;
1.01993;
0.322285;
0.211882;
0.211673;
1.63734;
1.27447;
0.269854;
2.42366;
0.332345;
1.69435;
1.56383;
6.81203;
1.10283;
4.71048;
0.633778;
0.208199;
4.50709;
0.912284;
3.97483;
4.21242;
0.542818;
0.542701;
3.60778;
3.60937;
3.81073;
0.104261;
2.96685;
2.61775;
0.185641;
8.5479;
4.71185;
5.91581;
0.675187;
6.65114;
0.949365;
5.2011;
1.37734;
4.32715;
3.71064;
2.91301;
1.93732;
4.35396;
1.18783;
2.0563;
1.14977;
1.88373;
0.0941449;
0.51222;
3.88201;
4.81162;
1.70698;
0.288965;
0.190576;
0.190407;
0.508071;
1.88509;
1.121;
4.91381;
0.504408;
4.31172;
2.34641;
2.33555;
2.22623;
1.9487;
0.560485;
3.76292;
2.51431;
-0.116077;
2.95763;
0.193813;
0.0862893;
0.531308;
2.87279;
0.61147;
3.30743;
-0.609323;
3.7312;
2.29441;
3.56022;
3.7408;
0.269007;
2.68632;
3.76028;
0.266709;
-0.110269;
0.266534;
3.09833;
0.573852;
7.02861;
1.41477;
1.84607;
3.19525;
3.10998;
1.32204;
0.832981;
2.78262;
0.473193;
0.47307;
-0.28636;
1.90278;
2.83618;
0.737195;
0.426652;
3.34803;
1.83273;
0.168989;
0.806268;
0.17945;
0.46769;
0.484272;
5.91005;
0.478191;
0.796479;
2.9091;
2.39649;
-0.098584;
-0.0454915;
1.66118;
4.27932;
0.543742;
0.466723;
3.69361;
2.24679;
0.502981;
3.18902;
-0.267481;
4.80941;
1.09438;
4.08623;
2.33478;
2.80786;
3.85081;
5.30324;
0.44077;
0.510126;
1.31377;
1.3784;
2.23588;
4.05164;
2.26668;
1.18488;
0.673802;
1.67767;
3.51941;
3.03351;
4.39906;
4.44816;
0.426726;
0.456004;
2.62155;
2.98763;
1.34694;
2.55601;
0.211967;
1.5566;
0.890104;
0.394688;
3.1031;
3.47576;
1.46329;
0.633241;
0.413639;
2.39451;
2.80645;
1.70222;
2.56236;
0.452676;
1.98631;
0.407607;
0.407491;
2.44974;
2.04134;
-0.0713955;
3.09084;
1.05219;
0.402535;
2.46462;
0.437304;
2.95138;
3.52543;
1.70823;
-0.0117523;
1.33081;
2.41484;
0.414343;
0.41386;
0.393423;
0.393306;
1.65167;
4.44043;
0.389324;
1.80841;
1.68408;
2.64359;
1.62924;
0.331718;
1.04502;
1.22096;
1.18673;
0.145752;
0.319137;
1.46116;
1.71651;
0.28301;
2.79295;
0.695713;
0.484684;
5.16264;
0.684457;
2.80624;
0.162885;
2.55876;
3.02963;
2.36483;
3.45753;
2.72363;
1.2479;
2.01269;
0.363937;
2.62354;
2.32587;
2.77272;
2.2611;
2.49192;
2.26124;
2.21488;
2.50572;
0.142995;
1.82391;
0.262133;
0.917299;
0.351427;
0.260612;
2.5087;
0.102139;
2.22433;
0.824499;
2.62489;
0.346316;
0.248096;
0.138835;
-0.0200778;
1.93677;
1.90265;
1.33852;
0.576761;
0.623513;
-0.0429638;
1.74562;
0.840311;
0.275002;
0.320135;
0.116547;
1.46726;
2.9483;
1.09137;
2.17022;
3.01147;
0.319549;
0.305604;
0.443449;
2.09672;
0.867852;
0.347295;
0.750509;
1.54245;
3.8381;
0.555629;
1.9501;
0.531143;
1.91028;
1.51183;
1.76409;
2.34297;
1.90505;
0.512101;
0.0795001;
1.4102;
1.91908;
2.14949;
1.39289;
1.53215;
0.276988;
1.44129;
0.101887;
2.2209;
0.821111;
1.59662;
-0.138972;
0.79741;
0.57843;
2.14955;
1.36918;
1.48309;
1.73258;
0.241879;
0.298481;
2.07244;
1.99092;
2.33358;
0.25328;
1.1148;
1.28804;
0.903134;
1.49238;
0.574439;
1.31946;
1.90008;
1.65914;
1.02085;
0.0823367;
1.53191;
1.64732;
1.64775;
0.0269954;
0.590031;
2.04211;
-0.0209194;
1.60076;
0.463979;
0.276059;
1.05017;
0.353865;
1.28684;
1.63613;
1.40765;
0.549944;
1.49762;
1.18021;
1.16898;
0.222222;
0.156497;
0.237743;
0.662889;
0.594071;
0.800028;
1.93202;
0.362018;
2.24065;
1.54891;
1.32453;
0.258695;
0.258567;
0.290172;
0.257868;
0.257751;
1.53551;
0.913761;
0.837114;
0.202929;
1.07627;
0.842795;
1.35074;
0.36508;
0.946689;
0.441504;
0.293122;
1.56993;
0.318229;
1.0596;
0.246877;
0.0711961;
0.312611;
0.595482;
0.634589;
0.189984;
1.17212;
0.361021;
0.697951;
1.06939;
0.341862;
1.1284;
0.240929;
1.3419;
1.11586;
1.03777;
1.31697;
0.881171;
0.234824;
0.00304587;
1.15107;
1.08203;
-0.127319;
1.34577;
0.061629;
0.0615688;
-0.00651128;
0.167061;
1.0812;
0.0343531;
1.36329;
0.0303299;
0.777385;
1.11964;
0.15962;
0.222617;
0.0815023;
1.03016;
0.720876;
-0.0631688;
0.0570537;
-0.00457255;
1.18959;
-0.115827;
0.583424;
1.01076;
0.223593;
0.222649;
0.986401;
0.625508;
0.871702;
0.313774;
0.213956;
0.212337;
0.298466;
0.858707;
0.930652;
-0.00226258;
0.669332;
0.300414;
0.4358;
0.782214;
1.10056;
0.402588;
0.194207;
1.06451;
0.261934;
0.580263;
0.260554;
0.698457;
0.657629;
0.800052;
0.172346;
-0.0225502;
0.82576;
0.758239;
0.196304;
0.685339;
0.654116;
0.73866;
0.918898;
0.542981;
0.495828;
0.713579;
0.150636;
0.172208;
0.431274;
0.186912;
0.419383;
0.785964;
0.591843;
0.906733;
0.182567;
0.661176;
-0.00853556;
0.854768;
0.432137;
0.255361;
0.178319;
0.678768;
0.882695;
-0.067397;
0.538415;
0.752722;
0.76897;
0.587668;
0.59377;
0.497472;
0.625767;
0.553127;
0.0060542;
0.0772634;
0.354109;
0.676671;
0.330091;
0.547152;
0.0712835;
-0.00404084;
0.747515;
0.490454;
0.0059476;
0.324041;
0.115021;
0.498939;
0.318025;
0.64839;
0.46364;
0.296516;
0.0220676;
0.548468;
0.639642;
0.6202;
0.570658;
0.54115;
0.143383;
0.0470893;
0.143082;
0.274743;
0.549114;
0.139799;
1.73398;
0.854463;
0.445726;
1.42136;
-0.155706;
0.425975;
0.438247;
0.434808;
0.516994;
0.117531;
0.931347;
-0.238628;
0.342786;
0.111896;
-0.102904;
0.446316;
-0.310287;
-0.0877872;
0.0307466;
0.0987185;
0.43823;
-0.315598;
0.0902039;
-0.417671;
-0.0673588;
-0.141278;
-0.670911;
-0.0969336;
-0.000478351;
-0.254978;
-0.16786;
-0.0680934;
-0.178955;
-0.0397753;
-0.552719;
-0.211097;
-0.210171;
-0.404242;
-0.930538;
-0.591862;
-0.612032;
0.0612843;
-0.72207;
-0.30378;
-0.201554;
-0.640388;
-1.02099;
-0.589718;
-1.05562;
-0.752068;
-2.0144;
-1.28886;
-0.548006;
-1.14728;
-0.0775336;
0.0360451;
-2.20481;
-1.10706;
-11.4053;
-0.0882688;
-0.0884377;
-0.0885415;
-0.0888752;
-0.231153;
-0.0895322;
-0.0898315;
-0.0901021;
0.0223641;
-2.50965;
-0.0935871;
-0.511125;
-0.0938238;
-0.0940088;
-0.0941555;
-0.19593;
-0.0943153;
-0.235876;
-1.47453;
-0.097694;
-0.238821;
-0.0979972;
-0.0980865;
-0.0983753;
-0.0986116;
-0.200098;
-0.239852;
0.0179862;
-0.0999144;
-0.100035;
0.0181164;
-0.100294;
-0.100377;
-0.100498;
-0.100667;
-0.100914;
-0.101135;
-0.101524;
-0.101888;
-0.102048;
-0.10187;
-0.101872;
-0.101962;
-0.101959;
-0.102203;
-0.262921;
-0.263177;
-0.102641;
-0.102778;
-0.102959;
-0.103236;
-0.103592;
-0.103895;
-0.235602;
-0.104848;
-0.264979;
-0.105706;
-0.232581;
-0.205241;
-0.106933;
-0.107461;
-2.93288;
-0.105483;
-0.105787;
-0.370968;
-0.107518;
-0.245996;
-0.108421;
-0.391724;
-0.262262;
-0.290042;
-0.128727;
-0.112515;
-0.113135;
-6.37992;
