1.1458;
0.371679;
0.881307;
14.4958;
1.28658;
0.880394;
1.49603;
1.41289;
1.33759;
1.28579;
-0.322454;
0.968367;
2.15768;
0.879998;
-0.321596;
1.97355;
1.6282;
2.15655;
2.84933;
6.63181;
0.293528;
1.33703;
0.333713;
1.92455;
4.02804;
2.97345;
1.29443;
3.73698;
2.73567;
3.42166;
3.86472;
0.877753;
3.38982;
2.11257;
-0.332956;
0.36198;
2.02472;
3.07789;
1.33528;
1.19312;
4.55115;
0.416195;
3.54065;
3.77268;
3.39983;
2.29279;
0.291495;
0.291443;
2.99242;
0.291176;
1.49203;
1.46928;
-0.296662;
1.67571;
0.405106;
2.49056;
-0.294673;
-0.294566;
2.81239;
0.2906;
0.783974;
-0.413628;
2.21587;
1.56093;
2.14099;
2.88231;
0.420616;
5.33371;
2.95261;
0.472633;
0.289679;
1.60054;
-0.286524;
4.15715;
0.289407;
2.32528;
0.871471;
-0.764617;
0.472324;
3.54973;
0.416015;
0.870719;
1.24199;
2.18193;
1.48799;
2.04086;
0.869906;
-0.0364665;
28.7594;
4.0919;
0.472097;
2.39249;
0.28729;
0.391077;
4.209;
0.287071;
2.27365;
0.606821;
0.286899;
2.08557;
1.65842;
2.41975;
0.864169;
3.48311;
-0.260232;
-0.260156;
1.99869;
0.863374;
-0.0168305;
0.8632;
2.95563;
6.59555;
0.862043;
1.39313;
1.15996;
0.963803;
1.45281;
-0.255326;
0.470909;
0.387392;
2.38729;
2.96727;
0.612139;
0.860518;
1.32882;
4.55741;
1.31673;
1.65987;
3.24223;
0.470521;
0.859079;
2.68707;
0.613982;
2.86633;
1.58318;
0.857965;
5.99809;
2.76231;
0.470131;
1.83571;
6.31285;
11.4157;
-0.307287;
5.00698;
1.68513;
1.30678;
-0.516306;
0.469026;
0.283736;
2.05402;
0.283642;
0.283602;
2.17435;
3.76088;
0.468823;
-0.23289;
1.04217;
0.283315;
0.958466;
0.468657;
8.0614;
0.845917;
0.468493;
0.883495;
1.46202;
1.65552;
1.34113;
0.844559;
0.84447;
2.35049;
1.8126;
3.1482;
1.43116;
0.957202;
0.468067;
2.58835;
2.93569;
2.94225;
0.623298;
0.841318;
0.282123;
0.467833;
0.467829;
4.0906;
2.97051;
1.03355;
2.3037;
1.66831;
0.467113;
1.9495;
1.15511;
2.96258;
1.42435;
6.50293;
1.62096;
2.18332;
0.835498;
1.42184;
4.08222;
0.771729;
0.281424;
0.281393;
0.833984;
0.28135;
2.27216;
2.85713;
0.832702;
1.65346;
-0.212972;
0.465884;
1.22264;
1.18909;
2.99162;
0.625808;
-0.211174;
1.35925;
0.952946;
0.280856;
0.829785;
3.65866;
0.465313;
1.44387;
1.4436;
1.44335;
2.08098;
3.15687;
3.08849;
2.7189;
2.05587;
8.49372;
0.463955;
1.7698;
10.4304;
0.280195;
2.65068;
0.817787;
0.46307;
1.76295;
-0.197759;
0.0375249;
0.463012;
0.817125;
7.56583;
0.279974;
0.627177;
1.08878;
0.947108;
6.56732;
2.61887;
0.461669;
2.34671;
0.811872;
8.40915;
1.00249;
4.43067;
1.42211;
6.74117;
0.279376;
1.33625;
0.460723;
0.460711;
0.279291;
3.18506;
-0.185155;
1.99599;
0.997472;
0.4111;
3.39527;
2.26545;
0.803352;
3.94555;
-0.18282;
1.33225;
0.949478;
1.64855;
2.26058;
2.12564;
3.76249;
2.82305;
5.61545;
0.870666;
1.67714;
0.279105;
1.18948;
1.63568;
0.794379;
0.794254;
0.279033;
1.94539;
0.793647;
0.27899;
0.408021;
12.4123;
0.788932;
1.78098;
0.788348;
0.457061;
2.13323;
-0.171487;
8.01219;
1.51772;
1.31526;
3.79645;
0.456487;
1.39415;
1.31361;
0.782755;
0.456358;
0.278613;
0.456319;
1.96296;
0.456265;
0.762102;
2.04074;
1.3915;
2.54872;
7.74172;
1.30843;
0.777304;
-0.164107;
0.455434;
-0.16403;
7.96083;
0.455208;
2.92031;
1.61605;
1.30426;
0.455056;
1.22002;
2.51867;
1.38261;
0.454891;
0.454849;
5.41861;
1.7479;
0.454601;
3.98997;
5.29101;
0.76703;
0.959748;
0.27823;
1.80962;
1.66524;
0.278131;
0.529407;
2.66334;
1.60164;
0.764248;
1.80489;
1.80435;
0.763558;
2.05533;
1.55214;
1.57147;
2.92187;
0.761353;
0.453353;
0.278037;
0.278026;
1.20666;
0.27798;
0.453217;
-0.15356;
2.23373;
0.952132;
1.36853;
0.277855;
0.758923;
4.57029;
4.01037;
0.951344;
1.16379;
2.95704;
0.452236;
1.78243;
2.42545;
3.64055;
0.278244;
1.2788;
0.750125;
0.393116;
1.77679;
0.749438;
2.7607;
3.6654;
0.278192;
-0.146459;
-0.146419;
1.19238;
2.12099;
2.77697;
1.31682;
0.450862;
1.9683;
0.278195;
0.742911;
1.40918;
1.54437;
7.68943;
0.739281;
0.388355;
0.278366;
2.90044;
1.41822;
0.605558;
2.27561;
2.38602;
1.74998;
1.74947;
1.42021;
2.9682;
-0.139253;
2.79174;
1.60236;
0.278671;
1.19276;
0.448903;
1.74318;
0.731669;
1.81903;
1.14949;
2.51813;
0.278813;
0.729639;
0.729483;
1.73824;
0.448361;
2.55967;
0.600643;
0.727618;
1.17141;
4.99912;
0.278959;
0.725322;
3.32683;
8.8313;
0.720354;
1.72112;
0.719956;
0.91528;
1.40516;
1.91695;
-0.131739;
0.2791;
1.25316;
0.717582;
2.71242;
3.393;
1.28635;
0.446713;
0.71521;
8.61885;
1.56374;
0.71172;
0.711564;
-0.128585;
2.12051;
0.71069;
0.445997;
2.2251;
0.709767;
1.55929;
0.70932;
3.79838;
3.80549;
0.445448;
-0.126645;
2.45572;
0.370071;
-0.126294;
0.920149;
1.27447;
2.0628;
0.703928;
0.703768;
0.703608;
0.445092;
0.703295;
0.703135;
0.445023;
-0.125634;
0.444973;
4.39206;
9.17536;
1.36807;
0.364993;
5.70525;
0.693506;
1.60907;
0.964962;
2.44395;
1.69091;
0.691315;
0.691157;
0.690998;
0.690839;
-0.119682;
0.443413;
-0.119611;
1.65707;
2.29646;
2.54353;
0.0991238;
0.755264;
0.443101;
0.443071;
0.442988;
2.4287;
1.25559;
3.71508;
1.40513;
3.24623;
0.683907;
1.12687;
0.382514;
3.04347;
1.73567;
0.44209;
3.47411;
1.51505;
0.67991;
0.44188;
0.279869;
0.877257;
1.50262;
0.6789;
-0.115195;
0.441633;
0.279811;
0.678283;
0.354037;
2.02931;
1.11998;
0.676783;
0.279829;
1.74609;
8.02483;
0.673037;
1.63165;
0.440842;
2.90598;
0.671731;
1.65787;
0.670708;
0.670565;
0.868655;
1.62637;
5.22047;
0.997757;
0.667536;
0.440056;
0.440038;
-0.11066;
0.280074;
2.67485;
0.280153;
0.665428;
0.439752;
0.665114;
2.41758;
0.565782;
2.79946;
-0.109366;
2.58649;
-0.10886;
1.81842;
0.661184;
2.19767;
0.660571;
2.49132;
0.659587;
0.659427;
1.46513;
1.379;
2.24183;
0.280451;
0.657371;
1.10296;
0.28041;
0.856029;
1.80854;
5.34077;
3.39966;
0.438317;
2.21462;
0.438207;
1.67936;
-0.105075;
1.25551;
2.89275;
4.72564;
3.87971;
0.280919;
0.645924;
1.43963;
5.4742;
0.437425;
-0.10241;
0.642795;
0.84381;
0.437338;
0.281104;
0.281095;
1.61907;
0.641225;
2.68517;
-0.101825;
2.30621;
0.436961;
2.16193;
3.68282;
1.08016;
2.47201;
1.56228;
0.909205;
3.04289;
0.797214;
0.436355;
1.41707;
2.11887;
2.11754;
-0.0994269;
1.74831;
-0.0991961;
0.281313;
0.631583;
0.631423;
0.905709;
-0.0989103;
3.15019;
6.58656;
0.626794;
0.281513;
0.281506;
-0.0975053;
1.37438;
2.24722;
3.23754;
0.318965;
0.622777;
0.435113;
2.34981;
2.97416;
-0.0958582;
0.620738;
1.3919;
0.961185;
0.281569;
1.63875;
0.434682;
-0.0953898;
0.618737;
0.434615;
-0.0953041;
1.83245;
0.281582;
0.617486;
0.434461;
1.81334;
0.819694;
2.21052;
1.33743;
2.60571;
0.281891;
0.613355;
1.51837;
0.612883;
0.43399;
1.88025;
0.612117;
0.611957;
-0.0936111;
2.09129;
0.530469;
1.37288;
0.530005;
0.609944;
0.609784;
1.19974;
0.609001;
1.56432;
0.608371;
1.63225;
0.117606;
1.50693;
0.433265;
1.20914;
0.281976;
4.03416;
0.28213;
0.603937;
0.603774;
1.75779;
0.559958;
0.304184;
0.602384;
0.118467;
0.28222;
4.65893;
1.71394;
2.31267;
0.282554;
0.597451;
0.432312;
2.60626;
-0.0895265;
0.596062;
0.595911;
0.903911;
-0.0893764;
0.59528;
1.60087;
0.594515;
1.14523;
1.4817;
0.120013;
0.431861;
-0.088841;
-0.0478246;
1.49172;
0.591848;
0.591688;
1.47723;
0.59122;
0.903116;
0.590755;
-0.088279;
0.590438;
0.7963;
0.431403;
0.28258;
0.589669;
0.589509;
0.431269;
0.589196;
2.1362;
1.72628;
1.99982;
1.18017;
1.92005;
0.282807;
8.28636;
0.430284;
1.31721;
2.19102;
1.45586;
1.45527;
-0.0853244;
0.430082;
2.18412;
0.286679;
2.28595;
1.89565;
0.283502;
0.283494;
2.94937;
0.429664;
1.17571;
1.29141;
1.88754;
0.283366;
2.49843;
5.61727;
0.569521;
0.283809;
0.777894;
0.500469;
0.568589;
0.283812;
1.43304;
1.01032;
0.752073;
0.776157;
0.428789;
0.566882;
0.566722;
0.566562;
0.283815;
0.283808;
1.53396;
0.56562;
1.67953;
1.12571;
1.78506;
0.564195;
0.564044;
0.496559;
0.428307;
-0.0813171;
0.563247;
0.563087;
0.49578;
1.42229;
0.283904;
2.04174;
0.561401;
1.16068;
3.11367;
2.03565;
1.77401;
-0.0803285;
0.284213;
1.10924;
1.10892;
3.59054;
0.284379;
1.11608;
1.89538;
1.40844;
0.427136;
0.554887;
0.554727;
0.554566;
0.554408;
0.904465;
0.553768;
0.284429;
0.553449;
2.01982;
0.552662;
1.83034;
0.487445;
0.551561;
0.896895;
0.551086;
2.55894;
0.550003;
0.549852;
0.426444;
1.52376;
0.284548;
-0.0781173;
0.284534;
4.25046;
1.25136;
3.57743;
2.43053;
2.10444;
0.542686;
0.542526;
-0.0763181;
-0.0762908;
0.542046;
1.85541;
0.479917;
0.5411;
0.540938;
0.540778;
0.54062;
0.127522;
0.827735;
1.09238;
0.896229;
2.95845;
4.2055;
-0.07463;
0.254914;
3.04029;
1.13919;
1.08652;
0.424424;
0.424398;
0.285638;
0.53195;
0.885033;
0.531316;
0.531156;
2.2477;
0.529933;
1.8206;
10.1569;
1.44775;
0.523751;
0.523591;
0.286243;
0.964892;
0.286252;
2.38332;
0.521387;
2.12853;
1.55881;
0.519667;
0.519507;
-0.0707787;
-0.070754;
1.58392;
0.286521;
0.422768;
1.33791;
0.517921;
2.33225;
-0.0703533;
0.422542;
-0.0703019;
0.516649;
0.516493;
0.516331;
0.516172;
0.516012;
0.515851;
0.286483;
3.47466;
0.514144;
0.286583;
0.286576;
1.54757;
0.28658;
0.238638;
0.512736;
0.422031;
0.286561;
-0.0693133;
0.953402;
2.10198;
2.332;
0.510216;
0.510057;
2.30926;
0.421674;
1.32073;
2.15813;
2.37854;
1.17657;
0.233965;
0.506454;
2.7071;
0.505358;
1.173;
0.504878;
0.421236;
0.286682;
0.5044;
0.421147;
0.47832;
0.286679;
0.421054;
0.503292;
0.503134;
2.03997;
0.286678;
4.90721;
0.499674;
0.499512;
0.499355;
1.16165;
0.49889;
0.286922;
1.16656;
0.420403;
0.286961;
-0.0661212;
0.49764;
1.12868;
1.72606;
1.05403;
0.420197;
0.420163;
0.286956;
1.58642;
2.22209;
0.935089;
0.493703;
0.493543;
-0.0651605;
1.80252;
0.492466;
0.443485;
1.71212;
0.419585;
0.491363;
-0.0646998;
0.442502;
0.49072;
0.287147;
1.14497;
1.45569;
1.31803;
0.419149;
1.63307;
0.488066;
0.219522;
0.487586;
1.08151;
0.845129;
1.13784;
2.38702;
0.418738;
0.485204;
0.485043;
0.484907;
0.484747;
0.484587;
0.28748;
1.03909;
0.287446;
0.483813;
0.70114;
0.483334;
1.32629;
0.482706;
0.749471;
0.699835;
1.3868;
-0.062705;
1.03579;
0.418135;
-0.0625581;
0.480499;
1.96423;
1.12471;
0.433644;
1.30755;
0.41788;
0.478442;
0.478282;
1.26237;
2.36791;
-0.0616909;
0.884662;
0.28753;
0.287522;
1.25792;
1.11664;
-0.0614258;
0.474966;
2.66381;
0.473862;
1.25403;
3.14211;
0.4718;
0.287772;
1.17073;
1.10823;
0.470687;
0.47053;
0.470368;
0.287779;
0.910273;
1.35075;
0.46926;
1.43879;
0.468308;
0.424986;
1.10221;
2.92891;
0.466073;
0.288044;
0.465764;
0.465605;
-0.0595984;
0.465283;
0.416162;
2.36045;
0.464015;
-0.0592932;
1.30728;
0.463222;
0.463065;
-0.0591443;
-0.0591171;
0.420608;
0.462269;
0.462109;
1.02316;
1.33301;
0.461159;
1.08927;
2.45903;
1.67614;
2.28313;
1.01942;
2.63538;
1.08056;
1.60903;
0.288375;
1.56449;
1.32008;
0.453994;
0.28851;
1.66248;
-0.0572113;
-0.0571841;
0.892094;
3.67778;
0.449895;
1.01269;
0.414117;
1.31236;
-0.0564406;
0.414005;
0.448527;
4.47676;
4.42183;
0.443262;
0.443103;
-0.0553358;
1.14724;
0.413316;
1.05358;
0.413253;
-0.0550831;
0.404398;
0.993113;
0.440886;
-0.0548913;
0.440569;
1.03068;
1.86399;
2.6183;
0.412787;
0.41276;
0.289521;
0.289514;
0.43756;
0.437401;
1.41542;
1.75685;
0.435813;
0.435654;
1.18205;
2.61903;
0.434222;
0.43406;
0.433901;
-0.0535818;
0.433579;
-0.0535299;
0.43326;
0.984313;
2.54259;
2.1248;
-0.05306;
0.430878;
0.876101;
1.53535;
1.63904;
0.980114;
1.53081;
0.747605;
0.289884;
1.16768;
0.289894;
3.65538;
1.39117;
0.425013;
2.84824;
1.26403;
0.423105;
-0.0515043;
0.290168;
0.290173;
1.15751;
1.15691;
0.421828;
1.01478;
1.92267;
0.290272;
0.420548;
2.38225;
1.01;
0.418824;
0.418664;
2.09692;
0.417708;
0.290337;
3.36067;
1.77279;
-0.0500132;
0.414668;
0.409822;
0.414349;
0.414187;
0.414027;
0.413868;
0.413709;
0.413549;
-0.049771;
2.85145;
0.40944;
-0.0493359;
0.99884;
0.993653;
1.35978;
1.13349;
0.997312;
0.409077;
1.74174;
1.72192;
0.13966;
1.23533;
-0.0485764;
0.290878;
0.632414;
-0.0484633;
2.28274;
1.74229;
1.34695;
7.46447;
0.97076;
1.34548;
1.05675;
0.966873;
0.407953;
-0.0465917;
1.10835;
0.113914;
0.407779;
1.10598;
0.870506;
0.943619;
0.981233;
0.407581;
0.407561;
0.407524;
-0.0460249;
0.145149;
0.407432;
0.811989;
0.40728;
1.20405;
0.143488;
0.407143;
0.407114;
0.407085;
0.766127;
0.29209;
0.954147;
0.40693;
0.406901;
0.389092;
0.406851;
1.79748;
1.63407;
1.39212;
0.406552;
1.94228;
0.386108;
0.406441;
0.972069;
0.406367;
2.93902;
0.292543;
0.406106;
0.406085;
0.406056;
0.954342;
0.40598;
0.292546;
1.3969;
1.0807;
0.967402;
-0.0438921;
0.40572;
0.405692;
-0.0438133;
2.97226;
0.405476;
0.608015;
0.405398;
0.405377;
0.378282;
0.405327;
0.405299;
0.405278;
0.292853;
1.4107;
0.405145;
0.606084;
-0.0430793;
0.292927;
0.961491;
1.91522;
0.404897;
0.375146;
0.604255;
0.404806;
1.55409;
0.404679;
1.82105;
0.350699;
0.372628;
0.404497;
1.40003;
0.293219;
1.39873;
1.2868;
0.404221;
2.40337;
1.34295;
1.74276;
0.403938;
1.39138;
0.293467;
0.403812;
1.27951;
-0.0413385;
0.366668;
1.68488;
0.403554;
-0.0410724;
0.923316;
0.364306;
2.08916;
0.363366;
0.403296;
0.403275;
1.0443;
-0.0405983;
-0.0405749;
1.87608;
0.36147;
0.945264;
0.944917;
0.402931;
-0.0402817;
-0.0402553;
0.897275;
0.294055;
0.94351;
0.402727;
0.117576;
0.894873;
0.40261;
1.03585;
2.27371;
1.56652;
0.402309;
1.32096;
0.901649;
1.36562;
0.29432;
0.35489;
0.294315;
0.294313;
1.02806;
0.401967;
-0.039096;
0.401918;
0.401881;
-0.039017;
0.414839;
0.935726;
1.0108;
0.934551;
0.294448;
1.14553;
1.48018;
-0.0383018;
0.401321;
0.401292;
0.401263;
1.96694;
0.893341;
0.401121;
0.579411;
1.34887;
1.17309;
0.400938;
-0.037748;
0.400889;
0.329054;
1.01118;
1.86865;
0.400643;
0.295078;
1.70419;
0.918528;
1.1691;
0.400404;
0.400381;
0.400344;
0.400315;
0.584355;
1.18844;
0.340908;
0.400194;
0.400165;
0.922384;
-0.0366868;
1.16586;
0.399985;
1.8057;
0.295378;
0.399855;
0.399834;
0.860288;
1.49557;
0.399656;
0.399633;
1.68454;
0.568581;
0.399484;
0.991583;
2.14338;
0.877648;
-0.0355051;
0.333203;
1.55207;
0.399037;
0.399016;
-0.0352447;
0.398967;
0.398938;
0.331474;
4.24632;
0.329122;
0.398616;
1.76848;
-0.0345526;
0.398507;
-0.0345022;
0.908528;
0.398448;
0.833724;
0.907635;
0.398311;
0.398298;
0.906942;
1.38348;
1.55041;
0.398084;
0.398056;
0.398035;
-0.0338772;
0.324093;
1.30091;
1.80868;
0.322208;
0.397737;
0.397716;
0.397687;
0.397666;
0.296405;
0.901455;
1.37929;
0.397491;
0.397462;
1.29261;
0.899458;
-0.0329528;
1.2907;
0.95893;
0.818765;
1.73499;
0.30575;
1.24703;
-0.0324507;
1.20375;
0.396909;
0.29666;
0.39686;
0.296655;
0.31499;
0.296663;
0.853147;
0.296709;
1.88563;
1.41333;
0.396454;
0.891516;
0.396385;
1.24086;
1.24028;
0.297002;
1.27355;
0.942831;
0.396087;
0.396057;
0.309462;
1.27094;
1.31013;
0.297206;
1.89928;
-0.0309269;
0.848272;
0.39557;
1.13606;
0.395479;
0.305684;
0.395429;
1.08831;
1.46606;
1.2599;
0.303469;
0.297504;
0.297513;
1.25795;
0.928216;
0.394978;
1.25601;
-0.0300541;
-0.0300278;
0.301267;
1.16008;
0.394764;
0.297624;
1.15542;
0.877875;
1.25082;
0.394504;
0.394475;
0.920949;
0.298443;
0.394397;
0.394376;
1.02871;
0.29734;
0.297182;
0.394246;
0.394211;
0.394177;
0.874188;
0.394107;
1.14746;
0.295613;
0.394029;
0.851824;
1.1422;
0.393891;
0.393862;
0.912131;
0.393793;
0.393773;
0.293563;
-0.0286809;
0.393702;
-0.0286305;
1.04011;
2.30972;
0.905735;
1.2151;
0.393307;
0.890383;
-0.0280429;
0.298213;
0.393171;
2.4775;
1.01747;
0.392855;
0.717512;
0.392744;
2.24638;
1.20722;
0.891478;
0.28315;
0.392412;
1.98452;
0.281575;
0.392187;
0.392158;
0.392129;
0.392109;
1.21241;
0.153496;
0.68487;
0.859501;
0.782963;
-0.0261234;
1.77818;
0.391653;
0.391624;
0.391604;
1.6115;
2.47211;
0.391346;
0.391326;
0.391305;
1.07845;
-0.0253979;
0.391193;
0.872333;
0.391123;
0.391102;
0.272905;
0.391044;
0.39101;
0.390989;
0.869898;
0.390919;
0.39089;
0.390861;
1.19336;
0.271017;
0.270858;
-0.0249071;
0.390707;
0.390678;
0.390649;
1.78228;
0.390508;
0.390479;
0.29966;
0.268654;
0.390401;
-0.0245091;
-0.0244828;
0.390315;
0.390285;
-0.0244037;
0.933739;
0.390165;
0.390144;
1.42127;
0.299826;
0.389986;
1.33983;
0.38986;
0.299901;
0.299899;
0.389775;
-0.023786;
0.389733;
0.263612;
0.389684;
0.29993;
0.852255;
0.845186;
0.299994;
0.262347;
0.389506;
0.389486;
0.261875;
2.01907;
0.389269;
1.17843;
3.11457;
0.457366;
2.37542;
1.56693;
2.06444;
0.388418;
1.1568;
0.388319;
0.388282;
1.06776;
0.388191;
1.37993;
1.09792;
0.387953;
0.387925;
-0.0215141;
0.387883;
1.5366;
1.16441;
0.248153;
0.387614;
0.387593;
1.37058;
0.387423;
0.387402;
0.841822;
0.841747;
0.387276;
0.387255;
0.998386;
0.387172;
0.245001;
-0.0206873;
0.387102;
0.301335;
0.841356;
0.387037;
0.387016;
1.53903;
0.386905;
0.386876;
0.301419;
-0.0203316;
1.13376;
0.84084;
0.241687;
0.38665;
1.02254;
4.68668;
-0.019551;
0.84008;
0.418465;
0.301973;
0.808806;
0.385986;
0.301988;
0.839676;
0.235689;
0.385875;
0.385846;
0.235215;
0.839471;
0.385766;
1.79695;
1.14637;
0.385576;
0.385555;
0.385526;
0.385497;
0.232692;
-0.0186887;
0.385418;
0.38539;
0.385369;
1.02896;
0.38527;
0.231274;
1.2415;
0.385143;
0.385114;
-0.0182932;
0.385072;
-0.0182454;
1.50977;
0.384945;
-0.0180993;
0.228584;
0.737624;
0.384833;
0.384804;
1.35996;
0.384632;
1.1375;
0.384541;
0.225907;
1.22604;
2.28484;
0.38423;
0.384209;
0.837014;
1.74273;
1.58912;
0.383885;
0.383856;
1.47927;
0.383753;
0.383724;
0.303033;
-0.0166402;
0.219754;
1.00008;
0.685561;
0.383465;
0.383444;
0.218175;
0.383395;
1.00308;
0.383302;
0.644072;
0.736897;
1.03774;
0.912371;
0.835232;
0.303307;
-0.0158816;
0.382931;
3.0319;
0.834724;
0.303451;
1.09416;
1.54914;
0.382457;
-0.0152358;
0.382384;
0.382355;
1.11832;
0.147292;
0.894971;
0.382133;
0.382104;
0.382075;
0.833696;
1.09292;
0.38194;
0.956081;
1.11437;
0.381783;
1.75532;
0.883866;
0.381582;
-0.014283;
0.381524;
0.381495;
0.381458;
0.381429;
1.64029;
0.8325;
1.0915;
0.381146;
0.381117;
0.20309;
1.25591;
1.09099;
-0.0135847;
0.380862;
0.380833;
1.10588;
0.380728;
0.380707;
0.380678;
0.380657;
1.10445;
0.380538;
1.06901;
0.380444;
0.380414;
0.380385;
0.147326;
1.33334;
0.380176;
3.40042;
0.379876;
0.782808;
0.304464;
1.4745;
1.74367;
-0.0122465;
0.379535;
0.193337;
0.304621;
0.379447;
0.379418;
1.08815;
0.192238;
-0.0119866;
0.147253;
0.147255;
0.758231;
0.379061;
0.379016;
0.378979;
0.378942;
0.378913;
0.378892;
0.378871;
-0.0116386;
0.884777;
2.18598;
1.08653;
0.58811;
0.828059;
0.827982;
0.588106;
0.609987;
0.30481;
1.76915;
0.827451;
0.827345;
0.551706;
1.9793;
1.36152;
0.769836;
0.826419;
0.604276;
1.44199;
0.434832;
0.825982;
0.377098;
0.732931;
0.825801;
0.825696;
1.07437;
0.600121;
0.825208;
0.376631;
1.81406;
0.824761;
0.147083;
0.53008;
0.305453;
0.824391;
1.30257;
0.17313;
1.24679;
1.46696;
0.823649;
0.823543;
0.823458;
1.52886;
0.147009;
0.823126;
0.823041;
0.822953;
0.601516;
0.590177;
0.667472;
0.375018;
0.822493;
0.714364;
0.822087;
0.533155;
0.821826;
0.374521;
0.821668;
0.164866;
1.93429;
0.8212;
0.730734;
0.146851;
0.82089;
0.820786;
0.583177;
0.820581;
1.68465;
0.86377;
0.819915;
0.749097;
1.42981;
1.35483;
1.86569;
1.4467;
0.818642;
1.51804;
0.729399;
0.84576;
0.372177;
0.817772;
0.146294;
0.729152;
0.817505;
0.637823;
1.41329;
0.817103;
-0.0536869;
0.816853;
0.570441;
0.926736;
0.81641;
0.816277;
0.568837;
0.709758;
0.815927;
1.35099;
0.815614;
0.815528;
0.306584;
0.815365;
1.07116;
1.18738;
0.814755;
3.22921;
0.813937;
0.81376;
1.16087;
1.06893;
0.369313;
1.55695;
0.585263;
0.506014;
0.726462;
0.585016;
0.811765;
0.811576;
0.368437;
1.42158;
1.30799;
1.38274;
0.584578;
0.58448;
1.22999;
0.809666;
0.144464;
0.809422;
0.367143;
0.725399;
0.725033;
0.724964;
1.96243;
1.73707;
1.42656;
0.546581;
0.366101;
0.546051;
0.721764;
0.365852;
0.806724;
0.365651;
1.60357;
1.06089;
1.42389;
1.49157;
0.568635;
0.541128;
0.681058;
1.05954;
0.804805;
0.307668;
0.804558;
1.37279;
0.715985;
0.73099;
0.36374;
0.803206;
0.439785;
0.714296;
0.802725;
1.24414;
0.802277;
1.97221;
0.801657;
0.142301;
0.72131;
0.307833;
0.801037;
0.362377;
0.142124;
0.800721;
2.12133;
1.5084;
1.39875;
1.68134;
1.41209;
3.16288;
0.360209;
0.141077;
3.09042;
0.795829;
0.795626;
0.938147;
0.79492;
0.794609;
0.700866;
1.16144;
0.717488;
3.3772;
0.00244079;
0.716867;
0.653723;
0.791956;
0.69729;
0.357205;
1.4016;
4.06372;
1.45689;
0.715174;
0.788443;
0.507301;
1.39681;
0.746392;
0.505492;
4.23461;
1.44899;
0.785156;
0.785027;
1.1759;
0.784432;
1.4462;
0.742641;
0.686318;
0.782955;
0.0923661;
1.29126;
0.711852;
0.308883;
4.00654;
5.39291;
0.778316;
0.679931;
0.0320336;
0.0856563;
0.777251;
3.45513;
0.677207;
0.629863;
0.775373;
0.133249;
0.347971;
0.347851;
2.0954;
0.309121;
4.59868;
0.671731;
0.770313;
0.769957;
0.345068;
0.705313;
0.47507;
0.4747;
0.729345;
0.473613;
0.76835;
0.485242;
2.72315;
0.667395;
0.766699;
1.40893;
0.343076;
0.765864;
0.76547;
0.342655;
0.565472;
0.467561;
0.00750062;
2.0197;
0.900007;
0.763255;
0.663582;
0.762722;
1.35736;
1.35677;
0.761611;
0.761408;
0.127716;
0.340183;
0.760543;
0.460793;
0.339741;
0.759661;
0.126759;
0.759071;
0.459114;
0.758298;
0.309388;
6.06943;
0.75444;
0.754166;
0.331794;
0.336266;
1.17599;
0.752711;
0.752397;
3.81185;
0.750124;
1.33762;
0.694937;
0.780871;
2.52919;
3.78223;
0.627967;
0.744817;
0.331445;
1.93364;
0.438879;
0.743222;
0.74294;
3.74265;
0.436548;
0.740519;
2.02432;
0.739244;
0.643165;
1.06233;
0.737575;
0.0107813;
0.736925;
0.430437;
0.73659;
0.736266;
0.326887;
0.42885;
0.524066;
0.640409;
0.326312;
2.84007;
0.750373;
1.30951;
1.54865;
0.729792;
0.729431;
0.729033;
3.30758;
0.726705;
0.726344;
1.90646;
1.52532;
1.3183;
0.722675;
0.111232;
0.72198;
6.06204;
0.541953;
2.56881;
2.30774;
6.10339;
3.0198;
5.14249;
0.705316;
1.28065;
0.70426;
0.24711;
2.78038;
0.310255;
1.07947;
1.36874;
5.30181;
0.948607;
5.57803;
0.776161;
1.95939;
2.70284;
0.688353;
1.24598;
0.505122;
1.24352;
0.769123;
2.22367;
5.34026;
0.496975;
1.78498;
2.19007;
5.37127;
17.519;
0.763503;
3.26889;
16.4525;
13.3779;
6.54639;
5.64144;
4.76135;
1.50914;
2.36066;
4.07133;
2.39892;
0.712991;
0.310445;
0.13558;
1.88394;
1.47617;
0.708968;
0.953088;
2.28575;
1.74969;
1.54652;
10.9814;
1.88087;
1.53569;
3.26956;
2.09685;
1.83137;
0.26934;
3.51374;
2.39048;
0.39044;
2.83807;
3.13627;
2.89193;
3.37949;
2.3546;
4.50844;
2.13627;
1.84959;
1.4556;
1.84639;
0.652501;
1.84399;
0.476158;
0.305913;
3.09983;
0.361917;
2.34327;
2.30954;
2.72902;
2.78583;
1.82507;
1.82319;
0.633125;
1.81992;
1.70372;
1.7811;
2.29247;
1.73101;
1.42516;
2.79851;
0.338481;
1.80267;
1.66891;
1.70919;
1.03612;
0.30012;
2.82869;
3.61837;
1.78267;
2.23414;
1.77612;
0.323088;
1.77137;
1.76831;
0.226497;
1.01158;
2.22434;
2.77759;
1.75555;
0.588809;
1.75163;
1.74838;
0.294139;
1.74423;
0.583159;
2.1354;
1.73621;
0.579134;
0.306685;
1.73023;
2.14358;
1.72353;
0.818376;
1.71874;
1.71592;
1.71157;
1.14684;
0.963101;
2.11308;
1.69959;
2.13691;
1.43612;
0.286813;
1.6757;
1.47709;
1.67779;
1.3246;
1.9052;
0.283939;
1.46023;
0.545767;
0.282122;
0.593714;
2.49999;
1.62516;
2.06057;
1.64193;
1.63858;
1.59363;
2.08642;
2.04523;
1.61809;
1.61362;
0.276654;
1.26382;
1.6045;
0.266294;
1.54719;
1.57305;
2.03088;
1.57992;
1.57523;
1.76722;
1.25621;
0.725512;
1.56526;
1.9292;
1.55688;
1.80308;
2.33302;
1.53666;
10.8645;
1.63935;
1.31964;
1.49349;
1.84633;
1.83879;
1.47609;
1.26298;
3.10121;
1.45735;
2.17982;
0.254926;
1.44443;
4.00829;
0.456835;
1.21495;
1.41811;
0.25066;
1.41303;
1.80611;
1.40265;
1.3989;
1.39447;
0.44433;
4.54267;
1.37032;
0.106561;
5.31163;
