9.98609;
-4.83967;
0.827136;
-0.75936;
-0.329226;
1.34095;
-1.22979;
-0.186555;
-6.70809;
0.366366;
-3.44337;
0.792553;
0.409271;
-1.05244;
0.522771;
-1.31237;
-20.1129;
-4.90167;
-1.1465;
0.522223;
-1.29774;
1.44444;
-9.88331;
-1.29158;
0.797995;
-0.181065;
-0.153538;
-1.2905;
-5.06189;
-2.69495;
-0.967937;
-1.0324;
-0.983278;
-0.152338;
1.65692;
0.923705;
1.47049;
-2.03361;
-0.151748;
0.345539;
0.520841;
0.223295;
-0.843828;
-1.90965;
0.406847;
0.997166;
-0.477228;
-4.91588;
-3.61647;
-2.95558;
-0.174292;
1.28929;
0.0481935;
-9.38826;
-0.108114;
2.93732;
-2.12951;
-1.24534;
-0.311673;
0.519791;
0.368408;
-0.612568;
-0.506156;
0.473526;
-0.149884;
-5.72796;
2.75161;
-2.94127;
-0.986835;
-1.34996;
1.78999;
-0.149285;
-0.306793;
0.83988;
-0.612034;
1.35208;
0.288683;
-2.8784;
-2.75581;
-0.534872;
-0.148821;
-1.08962;
1.70642;
-3.61702;
-0.147972;
-0.147964;
0.404249;
0.989927;
-1.94937;
2.97908;
-1.99068;
0.288205;
-1.20969;
-0.459838;
-2.01102;
-1.19846;
0.675937;
-0.906874;
-0.906578;
0.0781089;
0.403156;
-1.3048;
0.517147;
0.517149;
-5.40898;
0.474597;
-0.16019;
-0.582722;
0.402572;
0.402522;
-1.69861;
0.370586;
-10.0672;
-0.14421;
-5.3445;
0.515755;
-0.709862;
-1.42031;
-3.05333;
1.25202;
-1.27588;
0.982951;
1.45242;
0.34784;
0.475548;
1.12304;
0.51513;
2.53529;
0.292231;
-2.12722;
0.514866;
-1.16171;
0.514839;
0.981752;
-0.275395;
0.981475;
2.10397;
-1.05196;
-0.142572;
0.514538;
3.4926;
0.347959;
1.31783;
0.811521;
0.0107373;
0.792792;
-3.35034;
2.10305;
-2.71507;
0.107962;
0.400271;
-0.141572;
-0.535516;
0.513674;
0.475991;
0.979134;
-0.212447;
0.400098;
0.0947708;
0.818829;
1.51775;
1.15846;
-1.57763;
-5.43928;
-0.561511;
-2.07731;
0.512616;
-6.4178;
-0.0941651;
-3.57482;
0.324801;
-0.882202;
-0.138653;
-4.02097;
0.807224;
0.398375;
2.54301;
0.398179;
-1.11211;
0.398129;
0.510902;
1.43882;
-0.137805;
-2.15543;
0.510509;
-0.179104;
0.461414;
-1.1005;
-1.15254;
0.53585;
3.70045;
0.397297;
-0.726524;
-0.077822;
0.50966;
0.509651;
0.971801;
-1.535;
0.396914;
-3.19789;
-0.446755;
-1.09187;
0.797569;
5.03031;
-0.856859;
-0.111768;
-1.08398;
0.480229;
0.644292;
-0.84902;
2.87821;
-0.824864;
1.31825;
0.296887;
-1.97355;
-0.848657;
1.66201;
-0.13424;
0.395792;
0.968968;
-1.07687;
0.507888;
-0.47398;
-0.133942;
0.801583;
1.75784;
-1.07224;
0.507369;
0.507299;
0.967768;
-1.07158;
-0.973147;
1.79135;
1.30665;
-1.06763;
2.29097;
-1.43481;
0.799081;
0.50653;
0.797132;
0.5065;
4.53337;
-0.852367;
0.394346;
0.234999;
2.54717;
0.514827;
0.484363;
-0.455403;
2.67849;
0.962069;
-0.128794;
-0.80093;
0.504253;
-0.115443;
-1.0113;
-2.94792;
5.90578;
0.875672;
-1.01238;
-0.588171;
1.4075;
0.34293;
0.302437;
0.739587;
0.957814;
0.789366;
0.500745;
4.89152;
0.39112;
1.59423;
1.92953;
0.390778;
0.390728;
1.18697;
-0.706036;
-0.121541;
0.377477;
0.390388;
-1.83757;
0.498518;
-0.121482;
0.111273;
0.390047;
-0.124434;
0.498251;
-1.05488;
-0.121317;
0.77837;
2.09938;
-0.970277;
0.389656;
0.30436;
-0.120823;
-3.8644;
0.389213;
2.0846;
0.950014;
0.388997;
0.256048;
-0.727957;
0.49074;
-0.461119;
-0.687519;
0.471361;
-0.686624;
0.495584;
0.495521;
-3.93943;
-3.77418;
0.491865;
0.947233;
-0.117191;
-1.16181;
2.3448;
0.387888;
-0.712196;
-0.849027;
0.493919;
-2.25709;
0.334983;
0.762445;
-0.789584;
-2.30535;
0.387235;
-0.115531;
-0.115545;
0.767603;
-0.929586;
-0.929499;
-0.929349;
0.49281;
3.09981;
-0.925109;
-0.924963;
1.85414;
0.492133;
0.386427;
0.492708;
0.491968;
-0.114576;
-0.114593;
0.764768;
0.491698;
0.491616;
0.491555;
-0.70777;
1.27995;
0.940533;
0.385605;
1.10621;
1.39798;
0.490336;
8.05375;
-0.692801;
0.377364;
0.489478;
-0.902531;
4.90697;
0.546441;
0.488477;
1.60188;
0.488197;
0.488163;
9.6054;
1.19729;
0.487156;
1.82858;
3.18747;
0.486609;
-0.107421;
0.497579;
0.383035;
3.95896;
1.25282;
4.62046;
0.378431;
1.8566;
-0.474664;
0.48476;
0.484694;
3.06542;
1.24818;
0.309986;
0.381715;
0.484023;
3.90335;
0.295067;
0.927227;
-0.858964;
-0.8589;
0.926717;
0.861161;
2.40821;
-0.857298;
0.380866;
0.48281;
-0.104097;
0.482637;
0.48257;
0.482557;
0.860162;
0.48245;
0.482382;
0.482308;
0.394571;
0.745478;
2.58898;
6.07294;
0.922502;
2.37114;
0.480508;
0.480468;
0.480401;
0.480326;
0.480276;
0.921344;
4.06744;
0.479518;
0.479443;
5.96528;
3.64839;
0.378449;
1.07804;
0.917973;
3.06013;
1.28041;
0.477487;
0.310063;
0.377893;
-0.0992747;
0.442011;
0.500841;
2.13482;
0.501435;
0.377346;
0.377292;
0.377173;
0.735296;
0.858795;
-0.449547;
-0.0979687;
0.475532;
-1.51911;
0.475329;
-0.822339;
0.376663;
0.475013;
-0.822184;
-0.0979942;
-0.821911;
0.474777;
0.474719;
0.975706;
4.02513;
1.49414;
1.88233;
1.25133;
4.85001;
-0.0937681;
-3.07317;
0.906491;
0.374744;
0.470821;
-0.796637;
0.470652;
-0.796514;
0.310699;
3.4715;
0.469907;
-0.0925708;
0.843737;
0.280508;
3.25337;
0.344442;
0.373342;
3.11145;
2.52749;
0.372976;
0.696045;
-0.441391;
4.36662;
0.378652;
0.745738;
-0.202269;
0.465521;
0.465458;
0.465394;
1.82484;
1.56844;
0.464394;
0.371461;
-0.761814;
0.464262;
4.94838;
8.31029;
0.462682;
0.370522;
-0.0200127;
0.462338;
4.35144;
2.78085;
-0.742783;
0.369587;
3.82112;
4.59944;
0.460354;
1.4408;
-0.772425;
0.460025;
-0.0811793;
0.459868;
-0.737386;
-0.737317;
-0.0811744;
-0.0811625;
-1.34698;
0.886949;
0.733848;
2.14736;
-0.605947;
-0.73357;
1.69361;
0.367497;
0.45831;
-0.73147;
0.884579;
0.884451;
-0.764142;
-0.555341;
0.45777;
0.457694;
0.081126;
1.93827;
0.366646;
-0.728714;
0.353493;
0.672103;
0.456956;
0.366257;
0.456751;
0.88192;
0.456573;
3.33324;
0.455836;
0.455783;
4.54348;
-0.549044;
1.23601;
-0.0776452;
0.454469;
0.312602;
1.25834;
0.454099;
1.41745;
-0.0774068;
0.453715;
-0.341694;
1.25534;
3.55719;
-0.709079;
0.451873;
0.0412876;
0.363174;
7.91311;
1.27042;
4.20376;
0.448723;
4.16932;
0.448265;
1.14293;
1.57271;
0.360776;
-0.68477;
0.446892;
0.865855;
0.446719;
-0.684365;
0.446548;
2.03198;
-0.069664;
-0.705508;
-0.743474;
12.2231;
0.444899;
0.302387;
4.13256;
0.444041;
-0.459467;
0.443831;
0.860816;
0.443665;
-0.673819;
13.596;
1.65807;
-1.83073;
0.357261;
-0.0652795;
0.440831;
0.832311;
-0.0652445;
0.440443;
-0.0653205;
0.356829;
0.440139;
0.440098;
0.356543;
8.1892;
0.356196;
-0.659618;
0.439016;
-0.659523;
3.11909;
8.69581;
0.436872;
3.73386;
0.436159;
0.514824;
0.354383;
0.435969;
0.848323;
0.66917;
0.312164;
-0.64808;
1.20033;
2.19497;
0.434369;
-0.645161;
0.4342;
-0.645107;
0.513981;
-0.0617447;
-0.0617605;
1.11929;
0.433417;
4.70166;
-0.0601106;
2.77407;
-0.0439021;
0.492715;
0.351822;
2.82371;
9.49215;
3.06603;
0.350414;
0.836018;
0.835841;
6.80462;
-0.620202;
1.17255;
6.70826;
1.57121;
2.84123;
0.423857;
3.87496;
0.422792;
10.8947;
2.74882;
-0.0520605;
0.825392;
3.22742;
4.90885;
0.418346;
6.0774;
3.34401;
1.42614;
7.7349;
1.6205;
9.01267;
3.94052;
-0.581613;
2.95934;
4.28433;
10.5519;
6.89172;
5.29883;
0.835809;
5.61389;
7.19568;
2.64375;
5.46268;
2.83139;
1.67743;
2.23846;
2.52071;
6.24841;
0.843874;
6.03253;
2.59322;
3.71477;
4.28041;
10.9043;
3.0936;
4.42406;
15.3905;
3.61856;
0.099266;
5.23527;
0.170792;
0.274918;
1.11779;
9.19654;
2.59804;
5.91122;
0.392929;
0.369822;
1.32538;
9.36839;
3.94054;
0.84483;
2.99556;
3.62157;
4.21101;
3.15755;
6.54693;
3.2458;
0.388249;
4.5394;
2.59924;
0.588499;
5.44144;
4.26223;
1.87591;
0.334605;
7.02621;
12.3596;
0.871482;
2.39006;
7.30581;
7.24263;
2.83408;
5.77518;
1.9483;
0.315091;
10.737;
8.12139;
4.58069;
0.377763;
13.6498;
10.0559;
5.12806;
10.1676;
6.18458;
7.03157;
5.02932;
6.69684;
0.73277;
3.3748;
1.47541;
-0.0839696;
5.36416;
-0.402176;
0.548729;
-0.40198;
4.09365;
0.369411;
-0.00694675;
0.369351;
-0.399351;
-0.00700704;
0.369265;
0.369245;
0.369223;
0.369193;
0.369176;
-0.00709754;
0.369103;
2.75091;
-0.397877;
-0.00678275;
0.368518;
0.368481;
0.368426;
0.296905;
0.720552;
0.368299;
0.368281;
4.25469;
0.367301;
-0.00652665;
0.367204;
5.92424;
0.366166;
0.366147;
4.74485;
0.365423;
0.365386;
0.365367;
0.365322;
0.365312;
5.59764;
3.60959;
0.363735;
0.290247;
-0.00508503;
0.363628;
0.363538;
0.363512;
0.363469;
-0.00520042;
0.363405;
6.77302;
4.13608;
0.361296;
-0.0043354;
0.361216;
0.361197;
0.286928;
0.361156;
0.36114;
5.33772;
0.360021;
3.5166;
0.359166;
0.359115;
0.359066;
0.358992;
0.284024;
0.304021;
0.358782;
0.358739;
0.358649;
-0.00370649;
-0.00371346;
0.69674;
0.509392;
-0.376171;
-0.376147;
0.970425;
0.508688;
0.357972;
0.357928;
0.357848;
5.32045;
-0.00358919;
0.356182;
0.356158;
0.356098;
0.356055;
0.355975;
0.355958;
0.355904;
0.708308;
0.355623;
0.355533;
0.355481;
0.355435;
-0.00387008;
0.35534;
-0.00387315;
0.355276;
3.2548;
0.354335;
6.25525;
0.3527;
0.352627;
-0.368792;
0.352502;
0.352455;
0.3524;
0.352311;
0.352229;
0.352185;
0.352069;
0.352032;
0.351924;
0.351828;
0.462174;
0.351697;
6.15742;
0.350136;
-0.00315974;
0.349955;
10.3303;
0.272624;
0.347461;
0.347363;
0.347255;
0.34717;
0.272185;
7.39823;
0.344518;
0.344455;
-0.359623;
6.8037;
-0.356314;
0.341061;
0.341017;
-0.356229;
-0.356222;
0.340768;
0.340706;
0.340678;
-0.00255381;
-0.00257132;
0.340462;
0.340376;
0.340253;
0.340206;
0.340169;
0.340073;
0.661638;
0.267212;
0.339766;
0.339695;
0.339606;
0.33951;
0.339419;
0.339364;
0.339315;
0.339283;
0.339167;
0.266218;
0.339054;
0.339004;
6.25165;
3.97261;
4.734;
0.332673;
0.332563;
0.332456;
3.39294;
0.331323;
0.331225;
2.90585;
-0.520227;
0.329954;
0.329866;
0.329769;
0.329678;
3.70384;
-0.347036;
0.327992;
-0.347;
-0.346989;
0.327806;
0.879245;
1.84983;
-0.003538;
0.326905;
0.64032;
0.326723;
0.639874;
0.326449;
0.326425;
-0.0037664;
0.326283;
0.326161;
0.32607;
0.326039;
0.638415;
4.26133;
0.323779;
6.39088;
7.02173;
9.85129;
3.2361;
3.05631;
9.02724;
8.09929;
7.66139;
5.30426;
2.25827;
8.72624;
4.00116;
0.244386;
3.23454;
3.45291;
1.00981;
5.90678;
11.876;
2.92202;
8.53648;
2.84387;
3.04389;
7.55991;
3.7451;
7.9097;
4.94168;
4.39147;
3.39721;
8.45047;
4.73674;
4.39635;
1.8245;
3.65795;
3.34362;
3.89989;
2.50059;
12.526;
4.58997;
2.78958;
5.45552;
3.43166;
3.81043;
0.249225;
9.62429;
3.96408;
5.35257;
6.7214;
