-2.11822;
0.959842;
0.258465;
-2.21331;
-0.644871;
5.05896;
2.02926;
0.030676;
-1.24859;
-2.19139;
-2.60981;
-0.488509;
0.250295;
0.157848;
-0.544497;
-1.30622;
1.02484;
-0.641444;
-0.641438;
-0.304859;
1.14851;
-1.21742;
2.25544;
-0.476775;
-0.0971106;
-0.481887;
-0.841746;
-0.480415;
0.030677;
-1.11869;
1.1472;
-2.21212;
0.0306313;
-0.760712;
0.592792;
0.592715;
3.15558;
-0.638142;
0.380175;
-1.1091;
-0.507586;
-0.233768;
-0.09666;
-0.636937;
0.0891294;
0.118463;
0.601748;
-1.10608;
-0.636263;
1.35236;
-0.63597;
-3.24424;
3.28062;
-0.0566695;
-0.634412;
0.743893;
0.124305;
4.33862;
-1.53079;
0.243988;
1.02658;
-0.908154;
0.572312;
-0.631788;
1.13776;
-1.40559;
-2.15115;
-0.631356;
0.184336;
-0.487721;
-0.818633;
0.242339;
0.589172;
4.29108;
-4.01357;
2.38404;
0.666425;
-0.220594;
-0.942362;
-0.739792;
-0.220748;
0.240612;
1.38052;
0.139394;
-0.477957;
1.59985;
0.702628;
-0.441269;
0.28227;
1.14511;
0.834588;
0.841886;
-0.0960844;
1.1305;
-0.0563784;
-0.0253577;
4.86056;
0.58659;
0.238651;
-0.121699;
1.84026;
0.43344;
-0.0561837;
0.0513732;
-0.244997;
0.585994;
-1.06334;
-2.59834;
-0.87983;
-0.464884;
-0.62401;
-1.19022;
0.585174;
0.585116;
-2.94354;
0.150358;
1.00218;
-0.623344;
-2.03876;
0.333237;
0.625686;
0.696304;
0.370796;
-2.08086;
-0.45872;
-0.458638;
-0.222842;
0.857785;
0.235157;
-0.406794;
1.12156;
-0.495653;
-0.22291;
-1.89511;
-0.335528;
1.1203;
-1.11156;
1.06857;
-1.28472;
0.931732;
-0.619376;
0.0298109;
0.535378;
0.582175;
-1.18197;
-4.4901;
0.580391;
0.994749;
-0.61739;
0.215431;
0.321641;
-0.65128;
-0.617047;
-0.704464;
-0.444752;
0.927919;
1.7104;
0.580536;
-0.443918;
0.660242;
0.285009;
1.47269;
0.580084;
0.768456;
1.13199;
2.0151;
3.3537;
0.665789;
-2.28282;
3.01597;
0.925658;
0.213078;
-1.16755;
2.23832;
-1.75195;
0.179689;
1.07222;
-0.676758;
-0.640463;
0.134106;
0.548313;
-0.419183;
-0.419134;
-0.221702;
0.752349;
-0.727461;
-1.82156;
0.575283;
0.575225;
-0.999984;
0.575042;
1.09999;
2.88835;
1.84624;
0.804066;
-0.0132866;
1.09762;
-1.64848;
-1.92615;
-0.26316;
-0.826362;
-0.24101;
-0.603227;
1.33061;
0.317312;
-1.05457;
-0.933659;
-1.37667;
-1.18393;
1.0937;
0.0122528;
1.49562;
-0.405049;
1.07336;
0.571844;
0.975709;
0.571648;
-0.298041;
4.8073;
1.29025;
2.63313;
1.05895;
0.971542;
0.221771;
0.199554;
1.08543;
0.036616;
-0.352565;
1.60294;
-0.388965;
-0.402791;
0.206878;
0.568393;
-0.38825;
-0.0323026;
1.26086;
0.968494;
0.220577;
0.220498;
1.08196;
-1.24616;
-1.1366;
-1.13649;
0.897197;
-0.810262;
-0.096123;
-0.384901;
1.27335;
-0.0543786;
0.203443;
1.07845;
-0.17499;
0.0298134;
0.412349;
0.964321;
1.07695;
0.219101;
0.520576;
-0.382168;
0.789665;
1.4954;
-0.166462;
0.891602;
-0.220383;
-0.607403;
3.84532;
1.17928;
0.756608;
-0.485377;
0.651811;
-0.890042;
0.0354003;
0.234162;
3.05175;
-0.587095;
0.607679;
0.0297136;
-0.963165;
4.4978;
0.831466;
0.561226;
-0.97936;
-4.04465;
0.37266;
-0.00892923;
1.63926;
0.675315;
0.953576;
-0.58292;
-0.331524;
0.736979;
1.752;
1.06052;
0.612063;
8.38629;
1.04665;
0.557926;
0.557815;
0.557698;
0.987706;
1.898;
0.225555;
0.0296599;
-1.00929;
1.79633;
-0.213128;
0.770533;
0.89145;
-0.57581;
-0.965991;
-1.18737;
1.05163;
-0.575219;
-0.0513539;
0.229115;
0.0313892;
0.470884;
3.28916;
0.212987;
0.553827;
0.21282;
-1.13962;
-0.573071;
-0.497238;
-0.891123;
0.0318888;
0.552736;
0.941348;
-1.09362;
0.212068;
0.703977;
-0.0509427;
0.031514;
0.211727;
1.67756;
-0.57137;
-1.12779;
-0.856086;
0.551062;
-0.211393;
0.451405;
-1.12536;
-0.355925;
1.03232;
-0.21079;
2.44276;
0.550005;
0.549902;
0.549782;
1.60561;
-0.317311;
1.60467;
-0.0560799;
-0.290884;
0.0724199;
0.209829;
0.508154;
2.44874;
-0.657006;
1.484;
0.259154;
1.57781;
1.0822;
1.59821;
-0.209777;
-0.223149;
0.888374;
0.959009;
0.24072;
0.303942;
0.545997;
7.55997;
0.928062;
-0.0231619;
1.02839;
0.031458;
-0.0329657;
0.0313344;
-0.050711;
0.621997;
0.245049;
0.54365;
1.58673;
3.08928;
-0.269012;
0.542843;
0.542738;
-1.91111;
1.02395;
0.0780366;
0.245738;
1.02238;
0.0305427;
-0.129141;
0.921318;
0.540615;
1.02598;
0.205893;
-0.559372;
0.0303212;
0.205677;
1.63617;
1.09179;
-0.30928;
-0.0517551;
0.205274;
-0.209516;
2.3904;
1.55133;
1.57174;
0.204804;
0.553822;
1.61978;
1.01431;
0.17649;
1.04157;
0.537337;
1.56758;
0.171593;
0.536865;
-0.0936098;
0.536661;
3.90675;
0.805905;
0.535653;
1.02238;
-0.0523776;
-0.0524566;
-0.0525621;
0.494365;
0.769056;
1.62714;
3.02756;
0.910315;
1.00608;
-0.0527766;
1.6289;
0.028624;
0.255484;
1.84315;
0.532826;
0.188686;
-0.267632;
-0.0532765;
0.188304;
0.214376;
1.01026;
2.60696;
0.517987;
1.94525;
1.54815;
0.999142;
1.60859;
0.489554;
0.200767;
1.71183;
0.902788;
-0.203934;
-0.28911;
0.685602;
-0.0537255;
0.995262;
-1.39538;
-0.288295;
-0.288278;
2.34661;
-0.0540895;
2.02623;
1.4508;
2.83375;
-0.810236;
0.0269193;
2.02037;
0.989505;
-0.576193;
0.198782;
0.9886;
0.89628;
2.09267;
0.263103;
-0.933581;
-1.09781;
0.986423;
0.727607;
0.0259691;
0.52426;
1.52685;
-0.54649;
0.508088;
-0.546349;
2.00774;
-0.0558495;
0.967568;
0.260388;
0.198696;
0.801499;
0.738416;
0.980866;
-0.275847;
0.196697;
0.264816;
-0.799183;
-0.156341;
0.520969;
2.2309;
-0.544093;
3.11224;
0.52001;
-0.0758606;
0.195852;
4.35615;
-0.270629;
2.70002;
-0.542346;
0.884441;
1.52824;
0.800228;
0.0239918;
0.518018;
-0.18749;
1.44737;
0.882093;
0.0235634;
0.969467;
0.268176;
0.968899;
0.968599;
-0.0888292;
0.516245;
1.97619;
0.515921;
0.0228686;
0.966753;
2.07905;
0.87872;
0.51507;
0.878312;
3.46243;
0.514335;
0.277798;
0.277685;
0.513843;
2.03997;
0.875242;
-0.538889;
-1.00576;
-0.0589959;
1.3631;
1.95744;
-0.537722;
0.957651;
1.95555;
-0.0971477;
-0.258958;
0.0209515;
0.956062;
0.794115;
-0.537261;
-1.0172;
-0.217955;
1.55791;
1.38558;
-0.771335;
0.191396;
1.01336;
0.191265;
0.507733;
1.47704;
0.548256;
0.71767;
1.26355;
0.294;
-0.0989324;
0.506622;
0.0089156;
1.62474;
-0.253312;
1.46882;
-0.062647;
1.10153;
0.0176484;
0.504771;
-0.9832;
0.605407;
-0.273255;
0.788079;
0.550219;
0.113472;
0.119599;
0.1939;
-0.200649;
-0.0639506;
0.272179;
-0.218467;
-0.398493;
0.803555;
1.35976;
0.936259;
0.341622;
2.20568;
-0.823009;
1.91004;
2.01261;
0.187789;
1.82832;
1.44877;
-0.752836;
-1.00413;
0.47214;
0.852863;
0.594262;
1.27833;
0.497541;
0.395631;
1.74651;
0.496761;
1.24207;
-0.0666425;
2.65519;
1.8153;
1.12011;
0.923685;
0.923349;
1.34944;
-0.0676521;
-0.0573213;
0.921712;
1.43278;
-0.200362;
0.920721;
0.920387;
0.920064;
0.200289;
-0.237905;
0.918686;
0.91838;
0.918104;
0.964669;
0.491874;
-0.0694504;
0.916481;
1.73362;
0.194164;
0.490918;
0.841135;
-2.3743;
-0.235718;
-0.133838;
0.114094;
0.880769;
0.371701;
0.909326;
1.65586;
-0.515457;
1.23207;
0.00755032;
0.273581;
0.273525;
2.3953;
0.834171;
0.770108;
-0.109792;
0.48546;
0.769384;
0.48505;
-0.20172;
0.768628;
0.590344;
1.80784;
0.900979;
0.181491;
-0.0795458;
0.688418;
0.829889;
0.813957;
-0.674143;
0.482665;
0.89819;
0.19417;
1.76656;
1.67993;
-0.727698;
1.8321;
0.895131;
0.764579;
0.273115;
-0.549146;
1.3101;
0.273248;
0.891272;
1.21363;
-0.524382;
0.735246;
0.00186878;
-0.986596;
-0.0778604;
0.240323;
-0.224704;
-0.524148;
1.61865;
0.476992;
0.463361;
-0.461682;
1.81109;
0.350381;
-0.081771;
0.475129;
-0.523531;
0.791637;
0.271925;
1.42913;
1.29637;
-0.117455;
0.363879;
0.473045;
4.34582;
0.812722;
0.682075;
-0.00288316;
1.28422;
-0.09643;
-0.202952;
-0.0826374;
0.469724;
-0.00396575;
0.601722;
0.271611;
0.698321;
-0.0626797;
1.3544;
0.679797;
0.271571;
0.870596;
0.867049;
0.175064;
1.9052;
-0.084985;
0.271086;
-0.0852501;
-0.203662;
0.745928;
0.862931;
0.586477;
-0.203906;
1.27573;
0.86123;
-0.00790618;
-0.214352;
0.860229;
2.47163;
-0.519988;
-0.00871149;
0.559133;
1.60096;
0.856936;
1.17389;
-0.0884197;
0.461583;
0.461459;
0.172792;
-0.0888869;
0.796853;
-0.0360567;
1.48932;
0.853049;
0.852675;
-0.975253;
0.459671;
1.49981;
-0.211429;
0.85086;
1.74132;
1.24488;
1.80695;
-0.518856;
0.847094;
0.457079;
0.846386;
-0.0920876;
0.45654;
-0.20971;
-0.699369;
-0.518851;
0.844495;
0.844176;
1.7282;
0.671199;
1.5405;
0.841566;
3.41032;
-0.207729;
0.602049;
1.03159;
-0.0336873;
2.77534;
0.835709;
0.626525;
0.781872;
-0.0181172;
0.726228;
0.168624;
0.832885;
1.82384;
1.28973;
0.723588;
0.723264;
0.828963;
1.69765;
0.564389;
1.40905;
-0.0987816;
0.825596;
0.167253;
1.69039;
1.58439;
2.32263;
1.5063;
0.444514;
1.22738;
-0.701642;
0.263636;
0.819414;
0.770881;
-0.10159;
-0.170647;
-1.00601;
1.12509;
0.52966;
-0.102586;
0.713335;
3.50853;
0.440027;
0.650809;
2.04593;
-0.0318024;
0.0767923;
-0.964056;
2.15832;
0.762724;
-0.105871;
0.65601;
0.260821;
-0.0317597;
0.260529;
0.435927;
0.804024;
-0.107239;
0.134866;
0.785057;
0.801574;
0.518161;
0.259354;
1.34029;
0.432919;
0.798051;
-0.0321921;
0.699424;
2.19184;
0.618858;
1.21818;
-0.513807;
0.793664;
0.921322;
0.396519;
0.790424;
-0.0352859;
0.428536;
0.789398;
-0.113252;
0.320998;
-0.113795;
0.647245;
0.786603;
1.61219;
1.39313;
-0.0375517;
-0.51314;
-0.513141;
1.22655;
0.745789;
-0.115904;
0.687936;
-0.274571;
-0.153554;
0.424011;
0.780445;
1.56333;
-0.117347;
-0.0908496;
0.684558;
2.27322;
0.775683;
0.740301;
0.421089;
0.252918;
0.774299;
0.496735;
0.738758;
-0.0427495;
2.86383;
0.418582;
0.251612;
1.41518;
-0.190679;
0.630683;
0.766457;
-0.615347;
0.416333;
0.500502;
1.19747;
-0.588073;
2.65808;
-0.316899;
2.11584;
0.633627;
1.18576;
-0.260782;
0.248015;
-0.511622;
1.14824;
-0.216712;
0.154298;
0.753156;
0.158051;
-0.611063;
1.38502;
0.750925;
-0.129409;
0.408475;
0.749809;
2.13805;
0.746682;
-0.186219;
-0.994194;
-0.217852;
0.406053;
-0.18604;
0.496582;
0.658529;
0.74343;
0.244313;
-0.573021;
-0.0561822;
0.715765;
0.518237;
-0.0567456;
1.15935;
0.402592;
-0.184666;
0.0757469;
0.73709;
-0.172381;
0.736258;
-0.172715;
0.299562;
0.734765;
0.734333;
0.590078;
0.710458;
-0.406907;
0.4632;
0.398987;
0.165217;
-0.183108;
1.9452;
0.728534;
0.240119;
-0.9515;
-1.30307;
-0.10587;
2.00896;
-0.0626144;
0.724281;
0.704714;
0.722917;
-0.0635806;
0.722047;
0.923188;
1.33122;
-0.141775;
0.0333721;
1.2384;
0.716472;
-0.618805;
0.390792;
0.697431;
-0.0669807;
0.885827;
0.713283;
0.695741;
0.446961;
0.234863;
0.694569;
-0.949251;
0.38825;
-0.146006;
-0.0691461;
-0.0693542;
1.25131;
0.629067;
1.30825;
0.673964;
1.85611;
0.122248;
-0.14937;
1.10327;
0.62406;
-0.715378;
1.07633;
0.685457;
0.698503;
1.67102;
0.69649;
0.603375;
0.229907;
-0.0757167;
0.694545;
1.0604;
-0.508425;
0.68072;
1.26871;
2.07154;
-0.154858;
0.689549;
0.767289;
1.0816;
0.37629;
0.687194;
0.686732;
1.99721;
1.05413;
-0.195488;
-0.158152;
0.682839;
-0.123233;
2.15568;
-0.0830134;
-0.946564;
0.670582;
-0.174761;
1.06591;
1.1611;
1.38895;
0.10712;
0.222524;
-0.404701;
1.23328;
0.930599;
1.24645;
-0.0870164;
0.220751;
0.66422;
-0.266918;
0.366375;
0.668051;
1.36695;
0.666732;
1.08267;
0.593015;
0.664676;
-0.16706;
-0.0902102;
0.363787;
0.00341196;
0.29619;
-0.205748;
-0.0913102;
0.660876;
0.660414;
0.362067;
0.659719;
-0.092197;
0.658856;
1.21391;
0.65496;
1.34895;
0.0937579;
0.136269;
0.215307;
0.654249;
1.67725;
0.652408;
0.357936;
0.651255;
-0.0960235;
0.650955;
0.321819;
-0.0970065;
-0.982729;
-0.0974776;
2.00239;
0.646252;
0.645919;
0.645583;
1.23395;
0.643732;
0.643432;
0.643098;
-0.00364812;
0.642176;
1.60106;
-0.180214;
0.640303;
0.639945;
0.0189727;
0.638971;
0.638637;
0.348341;
1.53929;
0.415011;
-0.168884;
1.60032;
0.206536;
0.361721;
0.634364;
0.634059;
0.222588;
0.68382;
0.631551;
-0.234841;
0.982943;
0.342589;
0.622128;
0.629895;
1.09642;
0.62888;
1.1423;
-0.112006;
0.340519;
0.627273;
0.340149;
0.626777;
0.626492;
1.27791;
0.625625;
0.625282;
0.338718;
0.419697;
0.624133;
-0.187146;
0.199952;
0.336849;
0.336726;
0.622082;
0.199489;
-0.237448;
0.148927;
0.0172545;
0.619944;
0.619604;
0.334632;
0.421584;
1.7887;
0.617555;
0.924232;
0.616444;
0.966316;
0.602139;
0.615408;
1.00445;
-0.165216;
0.830483;
0.599028;
-0.19878;
0.550013;
0.960209;
-0.123133;
0.611594;
-0.12364;
0.610932;
0.610592;
0.610261;
-0.240552;
0.284895;
0.90726;
0.546168;
0.607661;
0.607354;
0.589953;
1.44754;
0.544382;
0.324562;
2.27633;
1.54409;
0.477676;
0.602134;
-0.507445;
1.15719;
-0.131196;
2.19731;
0.599278;
0.122828;
0.598754;
0.319445;
1.10855;
-0.334159;
1.08467;
-0.507477;
0.536536;
0.57387;
0.821117;
0.594668;
0.594335;
-0.135817;
0.185041;
0.936202;
1.03859;
0.314586;
0.59143;
0.183763;
-0.757661;
1.89661;
0.317931;
0.530597;
0.58803;
0.182004;
0.181788;
0.587034;
0.586706;
-0.141116;
0.586072;
-0.279484;
0.36989;
0.584259;
0.583907;
0.583567;
0.583207;
-0.161955;
0.582443;
0.8809;
-0.296901;
0.58081;
-0.291109;
0.552428;
-0.260941;
-0.22238;
0.578972;
0.578648;
0.578312;
0.577972;
-0.702413;
0.577122;
0.576784;
0.520771;
0.303283;
0.0860297;
-0.149025;
0.574968;
-0.294447;
2.0775;
1.4489;
1.05612;
0.570684;
0.570371;
0.299021;
0.0149831;
0.740934;
0.568682;
0.478894;
-0.230372;
0.365093;
0.56689;
0.41104;
-0.155838;
0.846369;
0.565065;
0.519105;
0.332008;
-0.157825;
0.293652;
0.562532;
1.12227;
-0.158919;
-0.235228;
0.292369;
0.560721;
0.560366;
0.560037;
0.524722;
0.312884;
0.558707;
-1.16526;
-0.613869;
-0.254741;
-0.158116;
0.50503;
0.556495;
0.112208;
0.504196;
0.112029;
0.555313;
0.518351;
-0.240033;
0.554296;
0.516981;
1.58736;
-1.20068;
0.500755;
0.551127;
0.85896;
0.550268;
0.0738551;
0.549437;
0.16212;
0.283749;
1.01184;
0.16155;
0.110119;
0.168324;
0.546717;
-0.17004;
0.546072;
-0.246515;
0.160312;
0.109477;
1.42331;
0.543979;
0.543642;
0.846706;
0.542792;
0.27918;
0.281351;
-0.249629;
-0.173875;
0.278101;
0.157747;
1.0695;
0.952077;
0.0339975;
-0.175956;
-0.176191;
0.537916;
0.537582;
-0.252925;
-0.610804;
-0.509544;
-0.563127;
0.487945;
-0.178177;
0.833482;
0.534704;
0.534381;
0.534038;
-0.29496;
0.669596;
-0.256281;
-0.256554;
-0.256787;
0.948968;
-0.155105;
0.530639;
0.152125;
0.834941;
0.528982;
1.25472;
0.527805;
-0.980074;
0.527109;
1.03645;
-0.300489;
0.525752;
0.267046;
1.03274;
0.476725;
0.266204;
0.524065;
0.523734;
0.148317;
0.47463;
-0.510376;
0.52254;
-0.263919;
-0.510428;
0.52168;
0.52134;
0.957868;
-0.265362;
-0.265609;
0.519648;
0.519309;
0.518972;
0.307328;
24.2985;
0.238809;
-0.023362;
1.06148;
1.06334;
-0.0252992;
0.922683;
1.15211;
0.321998;
0.136208;
5.61111;
-0.145777;
-0.51146;
-0.318029;
0.464867;
-0.318358;
2.31974;
1.64652;
-0.258639;
0.456411;
1.74666;
0.453549;
2.14518;
0.214146;
0.695282;
0.207912;
0.810915;
0.179183;
0.840341;
0.344975;
-0.326004;
0.291215;
0.44096;
0.740934;
0.208401;
-0.077914;
0.665494;
0.249209;
0.677399;
1.78457;
0.184718;
0.432213;
0.813325;
0.202913;
-0.110133;
0.102381;
1.21499;
-0.330901;
-0.0916175;
2.16952;
0.625522;
0.367259;
-0.953609;
1.31499;
1.4846;
0.678831;
2.56049;
0.976539;
1.53574;
3.18064;
0.904958;
1.49562;
-0.82387;
0.620858;
0.376978;
-0.343256;
1.4521;
-0.344395;
1.99039;
1.00918;
0.250256;
-0.356832;
0.589634;
0.102904;
1.60785;
1.24644;
0.213818;
-0.203328;
0.367616;
1.1919;
-0.840382;
3.25063;
1.21951;
1.21634;
2.26592;
-0.21257;
0.364671;
-0.213317;
0.864831;
0.838746;
1.52715;
1.14162;
0.155737;
1.18408;
0.86145;
0.153887;
-0.358624;
-0.358692;
0.31859;
1.39382;
-0.379112;
-0.36051;
1.16208;
1.27042;
0.854141;
0.327801;
0.041048;
-0.514665;
0.0394328;
-0.23131;
0.339054;
1.19843;
-0.366305;
0.142317;
3.04415;
0.936965;
1.66942;
-0.370924;
-0.51514;
-0.371223;
-0.371406;
1.05711;
0.322183;
1.1699;
1.46855;
0.130981;
0.317113;
1.07143;
0.66167;
0.313709;
1.00758;
0.28294;
0.310693;
-0.00779237;
1.05117;
-0.515725;
-0.256442;
-0.445247;
1.0438;
1.04043;
-0.00398205;
0.831728;
-1.06344;
1.02531;
-0.433739;
1.01713;
0.661682;
1.00779;
1.38022;
0.808622;
0.990474;
0.311468;
0.982066;
0.572581;
1.278;
0.767597;
0.108297;
0.956374;
0.564651;
-0.226486;
1.39514;
-0.232095;
0.223318;
-0.410882;
-0.0839987;
0.56098;
0.517945;
0.72796;
0.330487;
0.894182;
0.204453;
-0.0690592;
1.11523;
0.0950325;
-0.109069;
0.289651;
0.197142;
-0.129254;
0.0922354;
0.687258;
0.855895;
0.851564;
-0.315262;
-0.0696038;
0.839632;
0.240844;
0.390017;
-0.991244;
0.868749;
-0.414145;
1.25635;
0.832711;
0.806667;
0.85381;
0.988421;
-0.318359;
0.302229;
-0.122336;
0.271253;
0.417046;
-0.994189;
0.361123;
0.751748;
0.747132;
-0.0404691;
0.884836;
0.135825;
0.131804;
0.0732744;
0.0596538;
0.719128;
-0.43105;
0.713656;
-0.462733;
0.102804;
0.702578;
-0.692429;
-0.15725;
0.530904;
0.930177;
0.23776;
0.0748029;
0.240452;
0.654164;
-0.120745;
0.619166;
-0.257124;
0.418275;
0.63164;
0.627245;
-0.44504;
0.636121;
0.178341;
-0.0355767;
0.156536;
0.113928;
-0.0507895;
1.14122;
0.575232;
-0.453186;
0.570107;
-0.253973;
-0.355156;
0.209848;
0.456626;
0.535938;
-0.538839;
0.172797;
0.149212;
-0.0468467;
0.0616652;
-0.463349;
0.500137;
0.153432;
0.612503;
-0.328054;
-0.342465;
0.297804;
0.29959;
-0.0952454;
-0.431579;
0.450974;
-0.472015;
0.444716;
0.440569;
0.500921;
-0.227743;
0.0329238;
0.477281;
0.469449;
-0.0424428;
0.0307336;
-0.478937;
0.403353;
0.746065;
-0.227896;
0.315105;
-0.606362;
-0.579533;
-0.485844;
-0.719773;
0.505149;
0.339532;
-0.131976;
0.299846;
0.0191928;
0.286504;
0.300644;
0.520869;
-0.231393;
0.0156434;
0.277308;
0.343199;
0.267558;
0.262817;
0.279497;
-0.0729185;
0.248747;
0.238422;
0.233413;
0.0102903;
-0.3599;
-0.349758;
0.2771;
0.213288;
0.216858;
0.201236;
-0.332935;
-0.495943;
0.129856;
0.178639;
-0.485926;
0.0465196;
0.152996;
0.147791;
-0.537738;
-0.0159017;
0.103861;
0.0986134;
-0.993485;
-0.00176565;
0.0901722;
0.0853869;
0.0806227;
-0.0468318;
0.0769596;
0.0635544;
-0.499626;
0.0533946;
-0.481038;
0.0465687;
0.0948614;
0.0717761;
0.0360521;
-0.60508;
-0.480528;
-2.33398;
-1.23603;
0.0400232;
0.0386508;
-0.478499;
0.0363347;
-0.532233;
-1.11121;
-0.477966;
