-10.3764;
0.603446;
-0.33833;
0.687302;
0.906148;
1.41035;
0.879353;
11.4407;
-0.333045;
0.977741;
-0.33256;
0.821488;
1.23423;
1.44065;
-0.0182814;
-0.331719;
0.810275;
2.0083;
0.903886;
-0.395867;
3.3242;
0.903399;
0.464617;
0.0209264;
0.0420889;
0.902933;
0.875542;
-0.32839;
-0.328344;
2.00711;
0.621274;
0.875486;
1.65739;
0.874403;
24.2118;
0.900131;
0.900041;
0.899952;
0.607386;
0.14195;
0.816967;
-0.314914;
1.47489;
-0.084304;
3.03744;
1.93548;
5.00168;
6.13497;
1.32482;
0.0435903;
0.997246;
-0.0166287;
0.774256;
1.48217;
1.43653;
0.861847;
1.35658;
0.896975;
0.904931;
4.93919;
4.50628;
0.813811;
3.46899;
1.6382;
1.04252;
2.88698;
0.895247;
0.0440426;
0.895069;
0.609827;
0.51414;
1.40355;
2.65583;
3.80946;
0.264674;
3.6802;
3.53973;
1.6591;
3.01175;
1.27241;
-0.292034;
0.865447;
3.72784;
-0.290442;
5.07972;
1.366;
6.441;
5.34142;
12.8528;
3.0313;
8.60781;
2.59483;
10.8552;
0.0466912;
0.834681;
2.15771;
21.2264;
1.2594;
1.23026;
5.25066;
21.7731;
1.58;
2.08982;
0.0493786;
0.0493413;
0.866365;
0.189697;
1.61174;
1.93417;
0.972677;
3.26605;
0.884403;
7.365;
0.806339;
0.883847;
3.71538;
1.7461;
2.45531;
2.2202;
1.43376;
0.0506134;
1.25835;
13.28;
1.48802;
0.870714;
0.858448;
0.64591;
0.707961;
0.619261;
10.3713;
2.60211;
3.28498;
0.630463;
5.52046;
1.59732;
0.0527585;
3.66692;
12.5488;
11.4615;
1.27177;
5.15964;
4.06463;
6.60472;
0.048697;
1.16766;
9.1378;
1.15585;
-0.273163;
0.622936;
0.949259;
1.20542;
1.17286;
0.71404;
0.622805;
3.27444;
1.95402;
0.653835;
0.793274;
-0.205979;
-0.20595;
8.17933;
0.0019245;
1.27518;
2.50202;
7.33815;
9.03369;
0.873313;
11.8173;
2.4758;
5.43438;
-0.191834;
0.872128;
0.936257;
0.499854;
1.16954;
1.21021;
1.38873;
-0.190044;
2.77029;
1.38183;
0.163037;
1.38156;
2.34274;
0.791515;
1.57211;
0.00487722;
2.99002;
2.1537;
0.443327;
18.2346;
0.798463;
6.23728;
0.628927;
0.502517;
-0.176263;
10.5874;
4.64325;
9.03903;
0.0609824;
-0.232458;
3.16984;
0.504538;
1.38419;
0.6518;
2.1465;
0.0613294;
1.566;
1.86425;
0.376019;
0.62563;
1.42908;
0.625573;
1.66833;
0.796201;
6.00044;
0.0614911;
2.37588;
2.0164;
0.721201;
1.81908;
9.06694;
2.9513;
11.7428;
0.50628;
14.5669;
11.3467;
1.53719;
16.8618;
0.0655223;
12.9458;
2.32502;
0.627061;
6.41625;
10.6789;
0.066863;
1.37752;
0.511931;
2.92098;
1.4261;
0.858234;
2.31984;
5.91164;
4.10908;
3.24932;
8.07003;
0.627614;
0.0677467;
2.66562;
1.16636;
0.673501;
0.856072;
0.855996;
4.27762;
3.53686;
1.65357;
15.6791;
0.627962;
0.66418;
1.55797;
1.29283;
11.4817;
0.853428;
-0.114774;
1.97221;
0.628078;
1.82807;
2.59869;
1.37194;
2.72586;
9.3959;
2.68005;
0.0704611;
11.459;
7.19489;
13.9622;
2.07062;
3.93123;
2.72057;
1.23081;
0.849976;
0.849877;
4.25361;
22.355;
9.11505;
0.453516;
2.26035;
3.63361;
1.562;
8.42556;
4.33193;
7.75639;
0.629296;
0.0747865;
2.20947;
-0.0830875;
0.679973;
4.39738;
3.48312;
3.24221;
6.17629;
1.37557;
11.6511;
9.42462;
1.36337;
2.24985;
15.1452;
2.58969;
5.14698;
10.1586;
1.63295;
5.53182;
5.18564;
0.629842;
11.7793;
10.6252;
0.787018;
6.52331;
9.22868;
4.4394;
1.2675;
6.64335;
11.8761;
5.13897;
6.5687;
10.6836;
-0.043791;
0.743603;
5.2202;
8.30398;
0.835558;
1.41947;
0.835336;
6.51785;
10.3343;
0.829678;
5.78254;
1.61068;
0.0847984;
0.0490125;
17.4569;
1.44924;
5.64218;
5.9362;
7.10784;
-0.075092;
0.631857;
6.57066;
5.48175;
8.03612;
2.00104;
2.12559;
9.08609;
4.26568;
9.43066;
1.51868;
3.53712;
9.25985;
0.0895845;
0.751486;
1.51717;
10.8004;
0.0900441;
9.12512;
11.2646;
0.825269;
0.63248;
1.51367;
7.66141;
31.3207;
4.44586;
4.92783;
7.32888;
7.84595;
1.6226;
6.50719;
0.780103;
2.9978;
3.8204;
0.830077;
0.820275;
2.95979;
2.43952;
12.2574;
1.45135;
1.50393;
0.818518;
0.818425;
0.795156;
5.95403;
0.817873;
10.6802;
5.12696;
1.33865;
1.53459;
0.777028;
6.58397;
4.32326;
7.77815;
0.703147;
2.8107;
5.14648;
0.633372;
8.51949;
0.82589;
4.22645;
3.99496;
10.5457;
0.812835;
2.80485;
1.49314;
5.18702;
2.96428;
2.21138;
12.5901;
1.52841;
-0.00744604;
10.0148;
5.94262;
0.0380317;
4.02448;
6.21752;
2.28337;
7.09546;
8.70259;
9.2248;
10.9327;
2.07669;
6.57103;
0.551474;
6.57244;
2.74313;
6.37967;
1.32606;
7.72978;
10.4321;
0.0140163;
7.65971;
2.27602;
9.60503;
0.0590541;
9.84163;
9.24025;
0.79915;
0.764232;
0.553929;
4.91553;
0.813578;
0.714606;
0.816156;
0.797919;
0.63518;
0.609525;
7.0714;
0.797047;
12.4068;
2.90107;
7.76318;
6.62283;
1.85495;
6.56527;
2.8929;
7.12322;
10.4275;
7.76261;
2.0501;
7.87671;
7.78605;
3.69546;
1.42686;
7.15689;
8.69418;
0.788449;
1.98553;
12.0814;
6.44312;
0.324473;
2.12662;
1.44382;
5.09889;
0.636583;
1.36724;
2.18373;
6.40392;
0.751091;
2.69342;
8.04343;
0.093098;
10.7194;
1.3653;
7.74219;
0.781789;
9.48376;
7.85273;
1.56104;
7.06897;
10.2349;
4.87168;
6.38453;
5.55397;
6.30002;
5.00711;
4.48744;
0.776314;
0.743793;
4.85455;
4.95139;
13.799;
2.01937;
4.88077;
4.25243;
0.113016;
1.41803;
1.33898;
0.740353;
0.844189;
7.0104;
6.7602;
2.80107;
1.41269;
6.29073;
6.25586;
0.736673;
9.19073;
7.21732;
8.93764;
0.0816818;
0.638758;
0.847407;
6.45986;
9.67352;
6.50171;
2.07838;
4.81354;
2.24669;
0.762632;
4.09792;
8.94131;
1.39397;
6.15208;
5.77305;
6.02041;
0.560923;
4.78422;
5.28232;
4.01526;
0.724659;
0.0805361;
10.2688;
0.75638;
5.244;
7.58423;
4.79642;
8.77078;
2.65196;
1.37483;
7.0372;
0.718751;
4.07524;
2.69366;
2.72177;
0.750878;
15.1671;
6.04499;
6.31914;
6.04722;
1.36431;
2.0221;
4.03273;
13.1076;
3.32035;
8.98043;
0.759459;
1.45568;
0.86657;
4.61137;
9.00897;
5.42646;
16.6799;
3.3606;
2.88138;
12.1516;
1.31434;
0.737243;
0.75276;
0.752619;
0.736889;
2.22354;
8.76844;
2.75602;
6.08847;
2.65575;
4.52772;
0.712426;
12.848;
2.74304;
0.556879;
0.711673;
0.637082;
10.3574;
3.99942;
0.869942;
6.70162;
0.764415;
0.204395;
3.92852;
8.90974;
0.101757;
33.4323;
5.17619;
0.724068;
5.44843;
2.62822;
3.21539;
6.39345;
5.82211;
0.735176;
1.24343;
9.39837;
7.06557;
52.6427;
1.3946;
2.68389;
0.0727094;
3.56067;
2.68078;
1.51362;
2.01302;
1.52328;
1.29073;
0.711567;
9.44721;
2.56034;
4.61162;
11.1439;
0.740851;
2.00347;
1.51255;
0.707868;
2.00231;
2.58235;
0.772828;
1.5124;
20.3787;
0.667686;
0.234277;
0.704724;
1.29855;
2.57648;
2.76176;
0.629643;
0.233945;
1.29746;
2.66713;
15.1141;
0.701666;
1.29595;
2.64166;
28.2796;
2.50365;
0.708374;
8.89947;
20.2241;
3.87957;
1.35162;
1.2902;
2.55282;
0.693102;
0.653902;
1.35035;
7.9618;
18.6471;
0.699006;
3.80041;
1.2858;
2.00501;
31.6881;
18.2546;
6.43376;
13.1233;
3.05181;
0.681478;
16.458;
14.3518;
2.5579;
7.39473;
7.72934;
3.6591;
14.8178;
21.9376;
6.70991;
5.6163;
2.64347;
9.7544;
2.0295;
0.676234;
1.30165;
3.58987;
1.52964;
3.12634;
1.1719;
1.25995;
22.3992;
3.53179;
14.6743;
0.669444;
10.7893;
4.01247;
3.09582;
0.663604;
6.24439;
1.2489;
1.15968;
12.6161;
6.18772;
3.69925;
0.661262;
6.43447;
2.48575;
2.45019;
8.51381;
1.91015;
1.27511;
4.14777;
10.5265;
0.660299;
2.41249;
0.875948;
16.2512;
6.10141;
0.65613;
0.656069;
2.38843;
7.65948;
1.23139;
1.23113;
1.85042;
1.20507;
0.654902;
11.7053;
1.22739;
0.704586;
4.44843;
3.56516;
0.874184;
1.25969;
0.651976;
1.25929;
3.58883;
5.45439;
3.5964;
7.6665;
1.39442;
3.64029;
0.268661;
16.4927;
0.64928;
6.47463;
0.270776;
10.7094;
0.645685;
5.32444;
53.5961;
12.3017;
12.1395;
18.8005;
0.0833645;
26.5567;
0.631688;
1.78529;
1.18501;
5.40486;
9.84101;
13.2659;
12.1005;
12.8047;
1.21425;
55.4756;
2.74989;
2.334;
57.1619;
3.62581;
1.18831;
1.09224;
35.1098;
2.5956;
87.8028;
9.554;
1.41006;
15.2251;
4.94786;
3.3325;
4.93979;
10.6382;
2.38882;
1.15143;
58.1936;
5.9528;
5.57887;
4.7826;
20.7642;
2.70911;
4.20742;
5.21027;
36.8363;
3.73717;
7.6881;
1.07308;
7.25062;
37.9013;
11.4094;
14.6175;
9.95599;
0.586939;
7.53581;
12.8088;
19.1582;
0.561077;
2.07234;
16.7494;
0.558356;
23.249;
17.9915;
21.0364;
