15.7459;
0.548742;
-0.331942;
5.53645;
0.115375;
0.492518;
0.820174;
3.1091;
9.06332;
6.79849;
1.90869;
0.495442;
0.820651;
5.25031;
1.78096;
1.93569;
0.801246;
6.74881;
1.93428;
0.343287;
0.820989;
1.06778;
0.82081;
1.59578;
-0.220292;
3.26137;
0.694552;
2.02174;
0.82044;
2.80766;
1.06701;
6.05641;
2.98764;
0.49928;
3.29341;
1.53692;
2.49415;
1.96284;
0.820339;
0.499867;
4.35612;
0.135853;
2.40026;
1.06493;
-0.333612;
1.73662;
8.59311;
3.78476;
5.49947;
0.154567;
-0.215066;
0.820656;
-0.283971;
2.63145;
1.49312;
1.06234;
1.39047;
6.18139;
2.93407;
1.28169;
0.792954;
0.33933;
0.450069;
0.618887;
0.7929;
3.08078;
1.49142;
2.65828;
4.13503;
0.793025;
1.06011;
0.819614;
-0.274342;
3.85018;
1.37209;
-0.212658;
2.62618;
4.25459;
1.37207;
1.76122;
2.23722;
1.66839;
1.25498;
2.78592;
0.452759;
3.12615;
8.88885;
2.58806;
5.7273;
1.91764;
1.91746;
5.34066;
0.819097;
8.04798;
1.35729;
3.49627;
2.35651;
0.458791;
3.64374;
2.34248;
2.23629;
2.08341;
1.48558;
1.59168;
0.51318;
0.818818;
0.793658;
0.459993;
-0.206338;
1.73061;
3.9018;
1.09476;
6.19774;
3.18977;
1.05283;
0.818439;
0.461539;
3.74964;
0.515369;
1.0523;
3.97133;
3.50996;
-0.238312;
-0.203965;
1.95375;
5.29878;
1.48395;
1.90774;
3.91558;
1.43615;
1.48024;
1.05022;
2.38732;
0.446835;
12.8181;
0.818118;
3.50041;
2.37357;
13.5006;
3.27501;
3.87732;
-0.198873;
-0.21856;
1.04709;
0.555744;
2.38594;
-0.197602;
2.62203;
1.4763;
6.02562;
1.37374;
0.523192;
2.11461;
1.0453;
4.43679;
6.52934;
2.47131;
2.95364;
2.60037;
2.16665;
0.795038;
0.648508;
4.91943;
1.04335;
1.04326;
0.81758;
0.649124;
0.713668;
0.288665;
1.04267;
4.92072;
0.482253;
2.34048;
1.05725;
3.71321;
0.795151;
1.62945;
4.68498;
-0.191329;
1.0409;
1.30809;
1.37248;
1.58294;
2.30643;
1.04032;
4.50605;
0.816362;
1.89089;
-0.189995;
2.14577;
2.11794;
1.36255;
0.815947;
0.815857;
1.11334;
4.92678;
0.815665;
0.815603;
3.47755;
0.815597;
2.51208;
-0.185142;
-0.185111;
1.88724;
2.73257;
0.794788;
0.794818;
1.88673;
4.5733;
0.814669;
0.814524;
1.57842;
0.814428;
5.33077;
2.37298;
2.58279;
0.53045;
2.66024;
1.57737;
0.285294;
2.50699;
0.49771;
1.41568;
3.49165;
1.68202;
1.03433;
1.88177;
0.396417;
0.665268;
2.47267;
-0.174229;
10.6607;
2.83688;
1.03238;
1.57457;
6.38914;
2.71617;
1.36803;
3.7739;
0.813144;
4.35477;
1.03029;
1.45627;
1.87552;
1.87531;
6.79786;
1.36741;
1.36737;
7.2981;
2.60223;
1.02838;
3.12564;
1.5548;
1.64719;
3.0073;
1.02754;
1.02742;
0.326416;
1.02715;
1.87053;
-0.152569;
1.02699;
0.811749;
0.795488;
0.537877;
1.7821;
2.56236;
1.64719;
1.86885;
2.69638;
1.0258;
8.76403;
1.64946;
2.6992;
3.48989;
3.9589;
1.86526;
0.540269;
5.12663;
1.67747;
1.02333;
0.686213;
2.94018;
0.686732;
1.60416;
4.4093;
4.15589;
1.02131;
1.72973;
4.10504;
2.42189;
1.0206;
0.795986;
-0.135136;
0.20189;
1.57534;
3.70109;
0.809752;
3.73658;
2.86712;
-0.132309;
0.809557;
4.52974;
1.01849;
-0.131323;
0.692259;
1.56115;
1.85521;
21.0898;
-0.123812;
4.31467;
1.4061;
2.41641;
9.19563;
3.21532;
1.55794;
1.67258;
1.45964;
-0.163111;
4.70489;
1.59073;
1.01272;
3.85055;
2.77313;
-0.112871;
1.46346;
1.43296;
0.807966;
1.50111;
0.807923;
2.34901;
1.6843;
4.32613;
1.6602;
2.52815;
1.00977;
0.795925;
4.95142;
1.00899;
1.54089;
1.68161;
3.97955;
1.68111;
4.06659;
-0.10489;
2.59702;
1.35755;
1.1338;
1.35819;
7.72838;
3.05594;
6.71336;
0.555017;
0.543825;
0.554957;
1.35657;
0.709917;
1.33027;
-0.154385;
8.10064;
1.62147;
2.72024;
8.7879;
1.67398;
1.55842;
1.8747;
2.11447;
2.09588;
1.82628;
4.1384;
1.35844;
3.02843;
1.54386;
1.13048;
2.29111;
1.41727;
0.795952;
3.06416;
0.999571;
1.6958;
0.795889;
1.54197;
0.554882;
3.53823;
2.62824;
1.54107;
1.41445;
3.55637;
2.10703;
2.1182;
3.92298;
2.29711;
1.5573;
3.06492;
1.66571;
3.44416;
4.61036;
2.50539;
0.71867;
3.13974;
1.40411;
1.81161;
1.81397;
-0.0758237;
-0.0758278;
2.28867;
0.993619;
0.993556;
-0.075361;
1.8124;
3.32488;
0.390327;
1.66333;
1.5342;
3.18882;
0.992184;
2.61085;
0.991913;
1.80967;
0.794978;
4.08259;
7.60182;
2.18698;
0.801366;
3.68401;
0.519871;
1.53133;
1.65645;
4.13407;
0.397428;
1.66309;
4.00117;
2.51061;
2.29233;
1.8013;
0.987261;
1.56434;
2.07289;
1.52697;
6.85498;
0.985863;
1.5259;
0.722344;
3.98871;
-0.135378;
0.72249;
2.1702;
1.39525;
0.984695;
0.984628;
6.95566;
1.65093;
0.98377;
2.58744;
1.66291;
15.8826;
2.58068;
1.5203;
1.78925;
1.39221;
1.34128;
4.57839;
0.980104;
4.86823;
1.06023;
0.979179;
1.39076;
0.571283;
1.78546;
1.38638;
4.02398;
6.4683;
2.92065;
3.68098;
2.07338;
2.34475;
1.78009;
0.975833;
1.77981;
2.48694;
1.43295;
1.35197;
0.74424;
1.51255;
1.34351;
1.51209;
1.67742;
0.573781;
-0.123305;
3.01743;
1.37893;
3.3815;
4.03042;
0.795544;
2.88227;
-0.04014;
3.02459;
1.773;
1.43234;
2.44312;
2.0671;
4.00467;
3.37431;
2.55114;
1.37412;
0.970213;
3.9645;
2.14312;
3.98678;
0.969261;
1.76742;
1.50477;
4.85955;
3.00989;
1.7655;
0.793706;
3.96045;
11.4056;
0.793354;
0.577622;
1.36731;
0.728559;
0.965476;
0.536585;
3.35713;
4.29038;
1.62315;
5.44798;
1.15348;
0.963639;
1.7568;
3.81781;
1.53417;
-0.0247791;
-0.113094;
5.36923;
9.24506;
1.69074;
0.792585;
0.960406;
0.791163;
1.15394;
3.13173;
4.767;
4.82463;
1.6574;
1.37241;
0.603857;
1.37209;
-0.10853;
1.65676;
3.01066;
1.35488;
1.61302;
3.17617;
6.19556;
1.43335;
1.74219;
2.38261;
0.955384;
0.955278;
1.74095;
0.77579;
4.70835;
0.778265;
0.954079;
3.80362;
1.60789;
3.30111;
0.730976;
3.04504;
1.48418;
1.60646;
0.952155;
1.6532;
1.51146;
-0.103776;
1.34647;
0.790114;
3.72491;
1.73254;
2.49025;
0.95034;
2.14631;
2.29647;
1.31817;
2.23747;
-0.101779;
3.36694;
2.23647;
1.62107;
-0.00534047;
3.82069;
7.74132;
3.35833;
3.72023;
1.59804;
0.945958;
5.39895;
3.18045;
4.45721;
-0.0972135;
1.71975;
3.92112;
2.36044;
1.35901;
0.788465;
3.63545;
0.785077;
0.897034;
11.4868;
2.47012;
2.9501;
2.114;
0.902605;
1.32905;
0.939343;
2.39288;
1.59442;
1.32784;
0.938545;
2.3207;
2.46064;
2.46005;
1.3347;
2.25664;
2.64088;
0.532816;
0.78723;
1.64025;
0.0109619;
3.96311;
0.935759;
3.31494;
0.786977;
0.731216;
1.60941;
2.42699;
2.31294;
1.64345;
2.20401;
2.51838;
2.44864;
1.70015;
2.45476;
2.35;
3.53391;
3.08677;
1.57915;
2.56;
1.69622;
1.50551;
0.781293;
1.6953;
0.591759;
2.44048;
0.930538;
0.0168203;
1.69386;
1.71227;
3.12294;
4.41314;
2.92855;
1.69086;
2.37044;
0.0193183;
2.95193;
0.780094;
4.03649;
5.84623;
1.45072;
0.779588;
0.59306;
6.65121;
1.56935;
1.30736;
1.56881;
1.68256;
2.99476;
1.68166;
0.0247327;
3.1592;
2.91817;
0.922943;
1.44618;
-0.0810681;
0.922563;
1.67882;
0.728763;
1.71612;
0.777959;
1.30277;
1.67685;
1.30222;
2.41441;
1.50437;
1.6324;
0.781205;
1.67463;
1.67428;
0.0275536;
1.63149;
1.73114;
1.73905;
1.67206;
1.56068;
1.6714;
0.0289777;
1.67093;
1.62985;
3.18575;
1.67651;
1.59028;
0.594137;
0.779348;
1.62868;
4.66972;
2.48764;
0.594433;
2.16593;
1.29318;
0.778425;
1.3346;
0.778201;
1.6633;
3.23139;
0.7258;
1.66228;
2.72791;
0.499311;
0.774701;
2.20515;
1.28962;
1.28933;
0.634088;
1.54552;
1.4313;
7.00243;
2.35086;
0.909915;
1.65489;
-0.073916;
3.2665;
4.5655;
0.724873;
-0.0729565;
1.65173;
1.32934;
0.821116;
5.87557;
0.906504;
2.37516;
1.17505;
0.638303;
5.37216;
0.904747;
1.61875;
0.940512;
1.64445;
1.64412;
5.89367;
0.771782;
1.64205;
0.640034;
3.08331;
2.1518;
0.901756;
0.624108;
0.901432;
4.481;
1.27347;
0.641104;
4.14785;
0.59761;
0.771273;
2.44581;
2.35511;
1.63439;
0.898526;
2.56998;
0.0488398;
1.2698;
2.41914;
1.26899;
1.63503;
1.63086;
-0.0658774;
1.63025;
9.52205;
0.895103;
-0.064842;
0.768947;
0.72187;
0.598208;
1.40912;
2.93864;
1.26438;
1.26415;
2.17249;
0.767797;
1.46037;
2.05546;
2.48518;
0.673946;
1.3831;
0.891464;
4.20915;
1.60552;
1.15415;
1.715;
1.40322;
3.64048;
1.61603;
1.55631;
0.719762;
1.61489;
1.60275;
1.67621;
0.766964;
1.61341;
2.3234;
0.886895;
0.71896;
1.39931;
1.13083;
4.55383;
1.25337;
1.39752;
2.04613;
1.59921;
1.6083;
3.78512;
1.39585;
0.883672;
3.24681;
1.39481;
1.60532;
1.24979;
0.956125;
7.18935;
1.24769;
-0.0576201;
1.24729;
-0.057528;
0.64867;
2.39033;
3.80439;
2.30173;
2.98949;
1.597;
0.760032;
2.28804;
3.78714;
4.51151;
1.38212;
2.84287;
1.18108;
0.962425;
1.59021;
2.28954;
2.45112;
5.31608;
1.38202;
2.8708;
1.58614;
1.58581;
2.62071;
1.58488;
3.71774;
1.58358;
1.44236;
3.23207;
1.58162;
2.27731;
0.869801;
2.43262;
2.32165;
1.23143;
0.841089;
2.27311;
0.0723082;
1.57754;
1.23;
1.57676;
0.712163;
1.57598;
3.01905;
1.45052;
2.33986;
1.22742;
0.653233;
1.49003;
3.53495;
1.47767;
3.04335;
1.52586;
0.600763;
1.36942;
1.36918;
0.600727;
2.4272;
3.20189;
0.751243;
1.64876;
1.56576;
1.5654;
0.0762347;
2.25386;
6.20058;
1.56209;
1.56175;
2.82671;
0.842467;
0.859013;
3.79838;
0.757099;
3.55171;
1.56891;
3.96477;
4.58104;
1.554;
0.855552;
0.970279;
0.970317;
1.21189;
2.27509;
0.854233;
1.21087;
0.853952;
0.853847;
2.23257;
1.56363;
2.9014;
2.88303;
3.94799;
3.64805;
3.16945;
0.85037;
1.5604;
1.35064;
0.744367;
1.54246;
0.744089;
0.743939;
1.20414;
1.54095;
0.848618;
1.5403;
11.0249;
0.845966;
0.0876901;
1.53512;
1.34512;
0.741806;
2.20919;
0.844931;
1.53331;
1.5329;
0.702501;
2.20641;
2.20566;
1.53116;
0.843457;
1.53052;
2.52037;
2.20263;
2.17031;
0.659664;
0.841981;
3.10497;
3.64689;
0.738915;
1.19319;
1.42617;
1.52437;
2.22223;
0.700083;
1.52296;
3.21242;
1.54561;
0.751036;
1.52081;
0.737066;
1.18957;
1.40887;
0.698565;
1.51839;
0.565242;
0.836468;
1.23484;
2.93474;
2.18313;
3.70668;
0.975182;
1.51389;
0.834362;
2.17899;
1.18491;
1.51244;
1.97953;
0.696312;
1.51103;
6.61387;
2.06385;
1.50745;
1.5071;
0.732386;
2.91353;
0.731988;
1.17978;
1.50485;
0.731527;
-0.0347307;
2.31131;
1.17829;
2.09773;
1.50191;
0.552551;
0.976677;
1.50042;
1.50004;
2.89147;
2.13477;
0.748032;
1.49746;
5.2571;
1.96913;
1.49447;
1.17235;
-0.0326365;
1.49346;
0.823561;
1.49282;
0.845963;
0.747262;
1.17071;
1.49113;
5.67159;
1.48853;
3.16233;
0.689643;
0.689448;
1.16716;
0.819727;
1.48549;
1.48504;
0.688575;
1.4315;
2.10804;
1.48307;
2.8768;
1.48167;
1.48124;
1.22361;
1.48043;
2.00647;
0.60301;
-0.0306089;
1.69019;
0.745779;
0.686226;
0.815332;
1.5134;
0.665343;
4.28167;
1.47429;
2.12215;
4.34743;
1.47149;
2.14357;
0.684286;
1.15662;
0.684003;
2.83847;
2.42973;
3.65366;
2.96323;
1.15294;
1.5045;
1.46337;
0.71615;
1.15179;
1.218;
2.15185;
2.15094;
1.46036;
2.82023;
2.10125;
1.45854;
1.45814;
1.45772;
2.81511;
2.09768;
1.21616;
1.25597;
1.288;
2.07275;
0.803691;
1.98;
0.803212;
1.45255;
2.8455;
-0.0253496;
1.45082;
1.45046;
0.801878;
3.10227;
0.801188;
1.43547;
1.99345;
2.08443;
0.975958;
2.0728;
1.28733;
0.668606;
2.24948;
1.44334;
1.28593;
2.78533;
3.4326;
2.43184;
1.15106;
1.98623;
2.15587;
1.48398;
1.25043;
-0.0227918;
-0.0228017;
2.89633;
3.42085;
2.22643;
2.14011;
3.5611;
0.703855;
2.51791;
1.47815;
-0.0212594;
1.41928;
1.89157;
2.87992;
1.42497;
1.42459;
3.42653;
0.739459;
1.42293;
1.27319;
2.59574;
0.700524;
1.42097;
1.12374;
1.24583;
0.699796;
1.54788;
0.699357;
0.786066;
2.65521;
2.73465;
1.41621;
1.26896;
1.41537;
1.41494;
0.117738;
2.77084;
0.783613;
2.43263;
1.41227;
1.3865;
2.57849;
2.7696;
2.28857;
1.40861;
3.10228;
0.671652;
1.26265;
2.71143;
1.11293;
2.00145;
1.40344;
1.32502;
1.26059;
1.402;
1.40156;
1.40113;
1.11038;
0.777185;
0.662808;
2.01556;
0.120672;
1.39882;
1.39838;
1.25782;
0.120784;
1.39731;
1.39691;
0.661281;
1.43448;
1.39546;
1.45141;
0.735819;
0.689117;
1.39385;
1.98925;
1.61844;
2.68509;
1.39103;
1.3726;
1.23721;
2.92026;
0.686666;
1.10189;
3.5211;
1.3862;
1.61441;
0.603233;
2.5219;
1.38374;
0.65675;
1.09845;
0.768404;
0.684264;
1.38185;
1.98925;
0.767588;
1.38067;
1.38023;
0.60299;
0.734122;
1.37916;
2.79521;
3.24617;
1.37653;
2.71714;
1.24336;
1.3746;
1.37418;
2.08272;
1.96812;
1.37235;
1.95047;
2.08009;
0.762457;
1.08986;
0.65186;
1.23973;
1.36879;
1.36832;
1.42942;
1.35731;
0.573178;
1.08739;
0.677369;
1.33333;
4.68993;
1.94129;
1.23508;
1.95591;
2.01526;
1.36007;
0.757308;
3.44897;
3.89505;
3.32025;
3.24777;
1.35362;
1.94839;
1.22897;
1.94693;
1.3516;
0.129153;
1.35091;
0.645317;
1.35014;
1.94329;
1.91767;
2.5996;
0.751427;
1.34741;
1.41355;
2.63059;
1.34524;
1.34482;
0.668554;
1.34399;
0.668128;
4.7274;
1.22153;
1.06932;
0.747569;
0.962277;
1.33903;
1.90755;
1.21901;
-0.00976654;
3.57819;
1.33558;
2.62446;
2.59509;
1.33291;
0.663261;
2.53477;
0.638058;
1.39848;
2.63782;
0.741743;
0.661343;
0.741401;
0.741288;
1.91808;
1.32647;
1.96719;
1.21653;
1.32479;
1.32434;
1.32403;
1.32361;
1.91374;
1.32266;
1.3223;
1.21526;
1.32148;
1.3211;
0.634212;
1.91069;
1.29637;
1.31883;
1.3184;
1.84984;
0.632858;
1.31667;
2.02502;
0.632193;
0.735119;
1.31469;
1.26843;
1.31351;
1.31307;
1.31265;
2.77317;
2.41599;
1.31019;
0.630028;
2.09487;
1.30827;
0.652113;
1.30736;
1.21176;
1.21157;
0.730729;
1.30586;
2.51383;
0.627946;
1.93652;
1.04483;
1.30284;
1.30239;
1.30196;
1.31316;
0.724524;
0.62658;
1.31242;
1.31209;
0.648347;
0.727375;
1.29902;
1.19415;
1.29816;
1.29776;
0.953247;
1.0406;
1.29626;
0.746448;
1.29474;
1.38974;
1.29361;
1.29315;
3.24488;
1.20768;
0.673269;
2.46402;
0.723454;
1.28958;
1.2892;
1.03577;
1.28833;
1.38686;
1.30387;
2.00103;
1.28577;
1.30262;
0.722935;
1.20574;
1.28419;
1.20553;
1.03245;
0.619767;
1.28242;
0.851297;
1.28122;
1.2808;
1.28038;
1.27993;
1.27948;
1.1818;
1.20413;
1.86611;
1.20387;
1.2771;
1.2388;
1.28892;
1.27528;
1.27484;
1.27439;
1.27394;
2.07536;
1.27242;
1.27201;
1.27162;
1.2712;
1.2708;
0.721536;
1.20174;
0.141441;
1.02403;
1.02379;
2.19572;
1.26789;
2.03043;
1.26635;
1.23029;
1.26505;
0.720766;
0.632103;
1.14941;
1.02021;
0.720595;
1.84967;
0.612182;
1.17034;
1.81337;
1.26054;
0.720306;
0.720273;
0.596828;
1.25928;
0.142856;
1.6312;
0.70664;
1.28422;
0.679005;
1.25652;
1.25608;
1.25567;
1.84117;
0.62759;
1.25445;
2.40374;
1.8639;
0.719148;
1.25221;
0.798092;
1.25115;
1.25073;
1.25029;
1.01157;
0.671315;
0.718879;
1.24877;
2.41933;
1.24756;
1.85507;
0.60578;
0.62347;
1.24547;
0.718418;
0.718393;
0.718339;
1.85101;
1.3644;
1.24293;
2.75106;
0.621252;
1.192;
1.36277;
1.23959;
1.23918;
1.19147;
0.620015;
2.37719;
1.14033;
1.23667;
1.81993;
1.36034;
2.37236;
1.8416;
1.23343;
1.233;
1.23258;
1.23219;
2.36627;
0.999822;
1.23066;
0.716588;
0.692567;
1.2298;
0.716478;
1.22917;
1.22876;
1.22834;
0.598514;
1.22746;
1.22706;
1.22666;
1.22623;
2.19619;
1.2246;
0.995719;
1.22377;
1.18634;
0.596537;
1.23865;
1.59097;
1.35259;
1.22042;
0.715463;
0.715437;
1.21955;
1.21916;
1.21876;
3.14275;
1.2564;
1.16153;
1.21579;
0.593576;
1.79593;
1.18306;
0.591669;
2.11059;
1.21252;
0.608176;
1.77457;
1.8366;
1.13475;
1.37604;
1.1812;
2.8347;
1.18058;
3.12879;
0.590895;
1.22193;
1.20388;
1.83219;
1.17874;
1.78144;
2.29346;
0.712474;
1.20038;
1.28456;
1.24395;
1.17702;
1.17693;
1.17681;
1.33983;
1.7625;
0.711957;
3.01839;
1.17564;
1.17544;
2.44903;
0.672171;
1.2105;
1.12328;
1.17458;
1.17441;
0.000799847;
1.23765;
1.12045;
0.711126;
1.59547;
1.27404;
1.17315;
1.17298;
1.1729;
0.667711;
1.1211;
0.667664;
1.17237;
1.17219;
1.11649;
0.544436;
1.17181;
1.11567;
1.17139;
1.17111;
1.23168;
1.25005;
1.11865;
0.709601;
1.17005;
1.16986;
1.16975;
0.917865;
2.44362;
1.16911;
1.16882;
1.16861;
1.16848;
1.16835;
1.16818;
1.16796;
1.10929;
1.16767;
1.16746;
1.16738;
1.16718;
1.16705;
1.16692;
1.16667;
0.70818;
0.585725;
1.74505;
1.16583;
1.16564;
1.16543;
0.707661;
0.665452;
0.707552;
0.707502;
2.01067;
1.16432;
2.46582;
1.32138;
1.21909;
1.16314;
1.73746;
0.706627;
1.16253;
0.706486;
1.16234;
0.664684;
2.18697;
1.16157;
1.16124;
0.664305;
1.21535;
0.571598;
1.16024;
1.16002;
0.70537;
0.910734;
1.15927;
0.155686;
0.704985;
1.15886;
2.39826;
1.21171;
0.704397;
0.704334;
0.70429;
0.70427;
1.32079;
1.31371;
1.72427;
0.703884;
0.70387;
0.703826;
1.72288;
1.26982;
0.70343;
0.703403;
0.703349;
0.703317;
0.703301;
0.703276;
0.703244;
0.703218;
0.70319;
0.703134;
0.703026;
0.702994;
0.702962;
0.70286;
2.41976;
0.702541;
0.702542;
2.31162;
0.702216;
0.649977;
0.156522;
0.702095;
1.1518;
1.84206;
0.701566;
1.15092;
0.701485;
0.701468;
0.701442;
1.71159;
0.701151;
0.701118;
0.701031;
1.77507;
0.00202742;
0.156755;
0.700646;
0.700602;
0.700577;
0.700544;
1.08222;
0.70044;
0.700408;
0.70037;
0.156797;
0.700262;
1.14775;
1.19807;
0.69998;
0.699893;
2.29513;
1.14609;
0.699337;
0.645348;
1.07877;
0.699134;
0.699048;
0.698943;
0.156934;
0.698856;
0.64465;
0.698775;
0.698708;
0.698675;
0.698632;
0.698556;
0.698429;
0.698396;
0.698386;
0.698359;
1.14354;
0.578457;
0.6978;
0.69779;
0.697684;
0.697639;
0.69752;
1.09063;
0.156898;
0.697286;
0.642466;
0.69721;
2.38028;
0.696877;
0.00145092;
0.00143177;
0.572359;
0.696503;
1.18897;
0.696211;
0.655503;
0.695956;
2.84914;
0.695427;
0.528764;
0.695134;
0.695046;
0.694991;
3.67563;
0.694233;
0.694167;
0.694157;
2.31281;
2.23636;
0.693363;
0.693248;
0.693131;
0.69306;
0.692941;
0.157473;
0.69279;
0.692695;
0.692605;
1.68158;
0.692315;
0.692261;
0.637342;
0.637307;
0.00133011;
0.691948;
1.67951;
1.12023;
1.17892;
1.17861;
1.67758;
1.67682;
1.17998;
1.12654;
0.690194;
2.36477;
1.12489;
0.00144558;
1.17501;
0.00142643;
1.12377;
0.63475;
0.00135625;
0.688773;
0.68873;
0.688618;
1.67096;
0.688263;
0.688176;
0.688071;
0.688041;
0.633882;
2.18907;
0.633561;
0.687399;
0.687313;
0.633345;
0.687213;
0.645687;
1.17038;
0.686699;
1.11865;
0.632764;
0.686336;
0.686282;
1.11789;
1.27349;
0.685741;
0.00103239;
0.685588;
0.685533;
1.11021;
0.685299;
0.643639;
1.16681;
0.684873;
0.684794;
0.63123;
0.684715;
0.15722;
1.1657;
0.642747;
0.684227;
1.16486;
0.683924;
0.157174;
0.683736;
0.630287;
0.157129;
1.7209;
0.683159;
2.41235;
0.682634;
0.682517;
0.68239;
0.682286;
1.1244;
1.1611;
0.156996;
0.681604;
0.68154;
0.638937;
0.681233;
0.681169;
0.681117;
0.68104;
0.680987;
2.22026;
0.628141;
1.65033;
0.627945;
0.679893;
0.679765;
1.10163;
0.627683;
0.67938;
1.64815;
0.678977;
1.15585;
2.59386;
0.677919;
0.6778;
2.72075;
1.09881;
1.25694;
1.25652;
1.17184;
2.2112;
1.09542;
1.09492;
0.674995;
1.14951;
1.09373;
1.09333;
0.674222;
2.11244;
1.09171;
1.62758;
1.09079;
1.14639;
1.09364;
1.08968;
1.02792;
0.630398;
1.25572;
1.08792;
1.08765;
1.08728;
1.08676;
1.08629;
1.78135;
1.14185;
0.670055;
1.02386;
0.54495;
0.544752;
1.08293;
0.531479;
1.08195;
0.668725;
1.02157;
1.08092;
1.08053;
0.668086;
1.07997;
1.0795;
1.07906;
1.07867;
0.542338;
1.07791;
1.07744;
1.62105;
1.60838;
1.07563;
1.61908;
1.07458;
1.07416;
1.13302;
1.08397;
1.07278;
0.622248;
1.07194;
2.72434;
0.663076;
1.06973;
1.06924;
1.08177;
1.06844;
1.61227;
1.06729;
1.61127;
1.06615;
0.660908;
1.06548;
1.23054;
0.535873;
1.22969;
1.06322;
0.535192;
1.59152;
1.83647;
1.0778;
1.05996;
1.0595;
1.059;
1.00447;
1.05812;
1.54091;
1.05714;
0.532363;
1.05621;
1.05587;
1.0554;
0.613626;
2.35744;
0.530827;
1.05302;
1.05268;
1.05227;
1.05178;
1.05137;
0.998289;
1.59504;
0.65286;
1.07175;
1.04911;
0.996663;
1.04832;
1.07089;
0.651715;
0.995485;
0.651472;
1.04664;
0.609381;
1.5904;
1.04504;
1.11075;
1.04421;
0.649966;
0.715654;
1.04288;
1.04243;
0.607226;
0.606961;
1.04109;
1.04088;
1.0405;
0.156002;
1.03989;
0.647736;
1.03917;
1.10616;
1.03852;
1.03799;
2.00036;
1.10458;
2.01316;
1.0862;
1.55711;
1.06354;
1.20572;
0.98436;
0.000166566;
0.520577;
1.03142;
1.15016;
1.03013;
1.66851;
1.02831;
1.54921;
1.80349;
2.76302;
1.09565;
0.978027;
0.516753;
1.02287;
1.56856;
1.02164;
1.60864;
2.53913;
0.514632;
0.637165;
0.637116;
0.514267;
1.56438;
0.51377;
1.01645;
0.51334;
1.0156;
1.01512;
1.01458;
0.829785;
1.01363;
1.05493;
0.967877;
1.05461;
0.844526;
1.01104;
0.51334;
0.513225;
1.70627;
0.526421;
1.05253;
1.05225;
1.00745;
1.69954;
0.58583;
1.05102;
1.05074;
2.1513;
1.5665;
1.04965;
1.04949;
0.70498;
1.04914;
0.628266;
0.628174;
1.00006;
0.704328;
1.04832;
1.0481;
1.04795;
0.509759;
0.817768;
1.04728;
1.04712;
0.816859;
1.04674;
1.04654;
1.04636;
1.04622;
1.04597;
1.04564;
1.04532;
1.04505;
1.04486;
0.991621;
1.04448;
1.07116;
0.507588;
1.17285;
0.521437;
0.521306;
1.04311;
1.04297;
1.04278;
0.52099;
0.498994;
1.042;
1.55392;
1.04153;
1.04131;
1.04103;
1.04076;
0.807584;
1.04035;
1.04014;
0.80665;
0.833122;
1.03934;
0.980197;
1.03893;
1.03875;
0.518951;
1.03835;
1.73814;
1.03776;
1.03754;
1.16207;
1.03702;
2.6842;
0.517833;
1.05833;
0.49231;
1.03546;
1.03525;
1.03497;
1.03476;
1.03453;
1.05604;
0.828824;
1.30533;
1.05457;
1.03308;
1.03278;
1.05368;
0.501034;
1.03196;
0.500693;
1.03142;
0.595002;
1.03106;
0.610576;
1.03067;
0.500008;
0.514736;
1.02994;
0.792686;
1.02937;
1.04952;
0.96159;
1.02861;
1.0284;
0.608559;
0.96021;
1.50867;
1.68119;
1.02678;
1.02661;
1.02639;
1.02606;
1.02572;
1.73527;
1.50393;
-0.00127783;
1.04366;
0.496809;
1.02377;
1.02356;
1.02322;
1.0229;
1.02261;
1.02225;
1.02194;
1.02173;
1.02154;
1.02125;
1.49791;
1.0208;
0.603137;
1.02039;
1.0201;
0.781137;
0.60242;
1.01956;
1.0193;
1.01911;
1.27962;
1.01844;
0.81883;
1.04215;
1.49147;
0.600403;
0.508041;
1.01641;
2.29589;
1.01517;
1.01488;
1.0147;
1.01446;
0.50681;
1.01379;
1.71563;
0.910323;
0.506119;
1.01256;
1.0123;
1.48292;
1.01157;
1.71153;
1.86827;
0.769663;
1.00968;
1.00933;
1.00912;
1.00894;
1.00858;
1.00825;
2.69564;
1.00683;
1.00641;
1.00615;
1.00576;
1.00543;
1.00522;
1.00485;
1.00451;
1.00413;
1.00376;
1.00351;
1.00321;
0.486385;
1.00262;
1.90021;
0.485754;
0.761244;
0.500349;
1.00067;
0.485196;
1.00014;
0.999808;
0.99951;
0.999186;
0.998921;
0.922604;
0.998229;
0.998049;
0.757646;
1.4622;
0.483536;
0.996883;
0.996508;
1.46029;
0.482925;
0.995387;
1.92716;
0.994418;
0.994125;
1.00974;
0.993588;
0.993286;
0.992926;
0.992568;
0.99222;
0.991884;
0.991501;
0.991234;
0.991004;
0.990632;
0.990286;
0.989979;
0.872554;
0.585087;
0.989206;
0.479576;
0.494055;
0.988318;
0.988046;
0.987757;
1.37672;
0.986903;
0.986547;
0.986222;
0.583182;
0.985675;
1.48162;
0.907882;
0.984457;
1.00007;
0.906716;
0.983596;
0.906215;
0.743011;
1.10237;
0.476331;
0.47614;
0.904872;
0.980934;
0.980711;
0.980372;
0.489723;
0.979765;
0.995653;
0.979104;
0.978751;
0.978431;
0.978087;
0.474298;
0.977405;
0.579437;
0.976831;
0.976513;
0.976237;
0.97599;
0.975709;
0.975334;
0.975085;
0.974785;
0.486839;
0.974168;
0.973986;
1.34169;
0.973264;
0.973;
0.972621;
0.972258;
0.971939;
0.987798;
0.895061;
0.970964;
0.970644;
0.970353;
1.65285;
0.969336;
0.968984;
0.968576;
0.968347;
0.469873;
0.967652;
0.967317;
1.44011;
0.966365;
0.482718;
0.482582;
0.96534;
0.57365;
0.859989;
1.58701;
1.19699;
0.420696;
0.572637;
0.963026;
0.962779;
0.886704;
0.962267;
0.961956;
0.571687;
0.961488;
0.885129;
0.976994;
0.960725;
0.960417;
1.42935;
0.465798;
1.40755;
0.882641;
0.958317;
0.958039;
0.569696;
0.95769;
0.957315;
0.973004;
0.956684;
0.956341;
0.464058;
0.879839;
0.971463;
0.955059;
0.954703;
0.95438;
0.568147;
0.953878;
0.969791;
1.4333;
1.41769;
0.95215;
0.967895;
0.951323;
0.967379;
0.950792;
0.950456;
0.950179;
0.874681;
0.949551;
0.949192;
0.948873;
-0.0037137;
0.460417;
0.948062;
0.947707;
0.947441;
0.565043;
0.473067;
0.946846;
0.871624;
0.946139;
0.945852;
0.945554;
0.564051;
0.945072;
0.944787;
0.944494;
0.706785;
0.943736;
0.943355;
0.943074;
0.470817;
1.38395;
0.470454;
1.40024;
0.940938;
1.06394;
0.456367;
0.561768;
1.06309;
0.939342;
0.561344;
0.938819;
1.06201;
1.37755;
0.937573;
0.937249;
0.953602;
0.936584;
0.9363;
0.936034;
0.935632;
1.39023;
0.934662;
0.934279;
1.38795;
0.933163;
0.949947;
0.932422;
0.93205;
0.931725;
0.931325;
1.85835;
0.947708;
0.929874;
0.929606;
0.929261;
0.92892;
0.928531;
0.928154;
0.927797;
0.979051;
1.0533;
0.926257;
0.449645;
0.925587;
0.925263;
0.924877;
1.05159;
0.92397;
0.689563;
0.923446;
0.923123;
0.922785;
0.922491;
0.68811;
1.04923;
0.921341;
0.920946;
0.92057;
0.459295;
1.36613;
0.919257;
1.49276;
0.918043;
0.917672;
0.917381;
0.917079;
0.916758;
0.916376;
0.915991;
1.04458;
1.76086;
0.933915;
0.914201;
0.913813;
0.913427;
0.913043;
0.912729;
0.912373;
2.11749;
0.9108;
0.91042;
0.910016;
0.909601;
0.90922;
0.908851;
0.441519;
0.908126;
0.507322;
1.50184;
0.906839;
1.74527;
0.905752;
0.905353;
0.904955;
0.904579;
0.904324;
0.904021;
0.903692;
1.03585;
0.902846;
0.902498;
0.902116;
0.516085;
0.901323;
0.900936;
0.900586;
0.900224;
0.899907;
0.899555;
0.89921;
0.898832;
0.898433;
0.920434;
0.43647;
0.837017;
0.547558;
0.447278;
0.896466;
0.896085;
0.895746;
0.895356;
0.894987;
0.894624;
0.917382;
0.397725;
0.893514;
0.893124;
0.89274;
0.892497;
1.8384;
0.891249;
0.914587;
0.890455;
0.8901;
0.424994;
0.662318;
0.88892;
0.888574;
0.888269;
0.91234;
0.887535;
0.911773;
0.886966;
1.91089;
1.30952;
0.885111;
0.884701;
0.884305;
0.440643;
0.657669;
1.30662;
0.882624;
0.882239;
0.881836;
0.881503;
0.966061;
0.880651;
0.880235;
0.879894;
0.760952;
0.878946;
0.878563;
0.878212;
0.437566;
1.07554;
0.876728;
0.876357;
0.876029;
0.824519;
1.29668;
0.82401;
0.823809;
0.823597;
0.823221;
0.82303;
0.510212;
0.822593;
0.822369;
0.822134;
1.06767;
0.821431;
0.821151;
0.821002;
0.820796;
0.820674;
0.820477;
0.820252;
0.819988;
0.819803;
0.819675;
0.418409;
1.01025;
0.818967;
0.818678;
0.818473;
0.539022;
0.818153;
0.817867;
1.18657;
0.817148;
0.817004;
0.816898;
0.816795;
0.538239;
0.538196;
0.8164;
0.816255;
0.537999;
0.815869;
0.815538;
0.815266;
1.22741;
0.81454;
0.81423;
0.813995;
0.813828;
0.813603;
0.813388;
1.00302;
0.765123;
0.812711;
0.812576;
0.812359;
0.812147;
0.387772;
0.81168;
0.811452;
0.4142;
0.810813;
0.810344;
0.810098;
0.809774;
0.505037;
0.809242;
0.80893;
0.808687;
0.504629;
0.808187;
0.88115;
0.771538;
0.807495;
0.758321;
0.807035;
0.806853;
0.806534;
1.26089;
0.805916;
0.805763;
0.994473;
0.805278;
0.804988;
0.755009;
0.993191;
0.804019;
0.803794;
0.803586;
0.803374;
1.20584;
0.802837;
0.802665;
0.841447;
0.802276;
0.990343;
0.801647;
0.801389;
0.801142;
0.749958;
0.408811;
0.80022;
0.799968;
0.799694;
0.799489;
0.799093;
0.798795;
0.798467;
0.798203;
0.746893;
1.68409;
0.79675;
0.796464;
0.796266;
0.796092;
0.795885;
0.795549;
0.795285;
0.794935;
0.405633;
0.794221;
0.793951;
0.79379;
0.7935;
0.793308;
0.49833;
0.792867;
0.792649;
0.79237;
