-0.365331;
11.8601;
4.14455;
9.85557;
3.04513;
1.89541;
0.776556;
-0.690623;
0.757031;
9.67075;
2.15681;
0.775868;
-0.334827;
-0.334812;
1.55777;
3.99403;
4.50335;
9.52421;
0.0314762;
0.871327;
-1.44557;
3.68982;
0.467962;
1.95473;
5.50681;
1.54525;
21.4932;
0.772383;
8.76154;
22.397;
-1.41845;
1.0888;
3.09049;
-1.44386;
8.16787;
4.39034;
2.39236;
-0.634469;
3.78414;
0.734147;
16.1995;
1.45837;
0.767872;
49.5672;
9.65302;
3.45549;
1.08621;
-0.00758358;
6.46801;
19.3283;
-1.41042;
8.72476;
1.08533;
1.84558;
0.712644;
2.09581;
3.61668;
-0.684978;
6.35639;
1.47105;
2.09238;
33.8581;
11.198;
1.39779;
3.36853;
-1.43454;
10.1337;
10.0252;
10.6545;
1.81375;
19.6562;
0.756188;
4.76034;
2.66719;
10.6142;
1.08201;
-0.614528;
30.8951;
-0.782717;
4.20199;
0.685474;
0.685358;
7.45718;
0.919761;
2.05281;
4.81484;
2.88354;
8.02659;
10.6243;
-0.0424929;
1.82967;
1.80721;
22.6281;
3.61016;
2.9061;
2.07738;
5.43904;
15.093;
0.670982;
6.18171;
-1.4217;
-1.44632;
1.81707;
18.1046;
1.81311;
1.37894;
-0.0384758;
17.233;
35.3765;
2.5186;
3.2076;
4.23345;
2.00899;
-0.0447349;
11.5042;
-0.0627761;
0.46169;
23.0162;
1.37106;
18.7068;
3.11787;
1.12304;
1.2897;
3.18976;
1.41876;
-0.0510559;
14.0665;
1.99258;
24.0023;
11.8728;
1.36362;
-0.0910874;
-0.666903;
2.85211;
0.100821;
30.3775;
1.36059;
3.13756;
0.339978;
1.77121;
1.35977;
2.4069;
1.45421;
6.28048;
15.615;
15.685;
0.625817;
-0.662451;
1.39374;
-0.301653;
2.73375;
1.96201;
-0.662177;
1.35586;
4.34106;
6.33059;
1.94748;
0.638566;
1.74031;
4.46454;
-0.66089;
1.29522;
-0.0665307;
14.7382;
1.06818;
-0.659779;
5.01784;
1.2297;
1.06787;
10.1513;
13.8464;
-0.64619;
0.613717;
11.0026;
1.06669;
10.2822;
0.735479;
7.3884;
22.4382;
1.34393;
4.22946;
3.9533;
9.10816;
5.89204;
6.25777;
1.92709;
21.587;
15.0758;
20.8237;
-0.81075;
0.597113;
5.07117;
9.33335;
2.32573;
-2.0675;
4.13806;
3.08917;
1.06202;
1.90884;
0.593809;
1.90656;
2.43209;
9.02158;
1.33184;
15.2475;
11.8319;
1.23323;
1.17548;
1.32928;
14.7703;
3.20475;
12.4522;
1.71447;
5.55338;
30.3526;
0.581703;
1.32206;
1.31115;
1.68945;
3.5862;
0.727703;
13.6799;
14.1998;
15.9255;
2.29125;
5.76782;
22.1838;
-0.0836103;
0.0735576;
4.52795;
1.3129;
3.66331;
-0.635411;
1.30782;
1.05597;
0.568567;
5.43076;
20.2721;
0.56961;
3.12913;
4.20637;
-0.0846415;
3.78326;
9.56419;
1.30527;
18.5721;
0.627225;
20.2198;
11.6359;
-0.511592;
1.67875;
0.606981;
31.9058;
3.99426;
7.26742;
0.558273;
1.29313;
5.29555;
-0.0631146;
14.4491;
5.15814;
0.556171;
3.95861;
2.51548;
1.2895;
32.7231;
14.4289;
-0.0831421;
3.10654;
15.9884;
3.71852;
16.3839;
21.9046;
-0.604158;
1.2765;
21.6277;
18.1944;
0.544556;
9.85204;
1.27038;
1.79315;
6.53956;
3.35272;
20.977;
16.8788;
15.2775;
1.04188;
22.2221;
1.77754;
1.26062;
-0.184664;
17.6615;
2.45974;
1.62635;
-1.24505;
12.6355;
12.1201;
1.76814;
3.07035;
25.3493;
15.1285;
3.88111;
1.76265;
4.45632;
0.625254;
-0.0953514;
2.63891;
0.710786;
16.802;
3.82565;
9.76206;
32.1989;
-0.570428;
1.73964;
18.3541;
0.523261;
17.1609;
10.1231;
0.447343;
1.62;
1.23028;
3.08144;
8.79593;
0.707032;
4.24622;
2.88062;
-0.564058;
1.61812;
4.25426;
5.4552;
7.7481;
1.72643;
9.57535;
17.3372;
21.4174;
-0.0172753;
1.71724;
18.3681;
10.6843;
1.25381;
0.514995;
1.70832;
7.89739;
46.3986;
1.92585;
24.636;
20.0311;
0.542138;
7.086;
4.31164;
3.26987;
0.702205;
4.98271;
3.1015;
9.15293;
9.32774;
-0.537928;
1.19727;
8.20601;
4.41373;
3.06534;
4.91952;
1.0079;
1.02216;
3.06261;
10.8887;
4.37243;
4.28059;
1.19213;
15.9998;
11.3514;
6.90118;
1.67086;
24.0797;
3.43223;
11.9722;
1.66439;
7.96538;
15.5845;
3.60104;
0.554368;
2.88006;
13.1528;
2.87685;
20.5988;
9.79411;
1.64118;
1.01684;
10.7746;
2.32156;
2.26098;
6.68786;
1.64692;
12.7982;
2.29218;
1.16929;
4.79321;
8.66495;
1.64204;
1.1675;
2.55828;
2.59871;
9.50527;
1.16516;
11.2883;
15.3952;
3.59064;
12.325;
13.1335;
4.1675;
1.1585;
1.15839;
1.15828;
1.19764;
4.16387;
8.99509;
1.6261;
7.77684;
7.67175;
5.27465;
1.62254;
23.1021;
20.2126;
1.56383;
17.0002;
1.6104;
0.968033;
4.11939;
10.0104;
1.60774;
7.36136;
9.22565;
1.00855;
12.1802;
14.9108;
15.8972;
2.92269;
0.961255;
2.92138;
1.00697;
9.44492;
1.13371;
7.81862;
11.4752;
1.13159;
1.13148;
11.7295;
1.59022;
5.19889;
18.5047;
0.133221;
1.12659;
3.943;
11.8362;
8.33407;
-0.479357;
4.75394;
1.54888;
10.0884;
4.70424;
8.25531;
1.11991;
14.6432;
12.2198;
1.00684;
10.6992;
4.22318;
17.2811;
11.7514;
2.72414;
1.33929;
19.9159;
1.1695;
9.92054;
0.472718;
0.472668;
1.10615;
1.10604;
13.1991;
9.61166;
9.87825;
4.09095;
1.55545;
0.595809;
1.10097;
8.27167;
21.355;
1.09658;
1.54878;
8.16722;
9.18642;
13.8083;
10.786;
16.4981;
17.2565;
8.57865;
3.06933;
16.2702;
1.0835;
11.0941;
6.68477;
13.7493;
14.608;
4.3809;
0.993122;
1.07684;
8.0329;
1.52276;
0.610232;
14.1872;
7.60785;
1.07256;
9.00326;
0.461559;
8.55677;
4.59077;
11.281;
13.5654;
9.01842;
3.86213;
-0.351239;
3.47538;
13.811;
2.76228;
9.55528;
5.66819;
12.6823;
3.83961;
1.51388;
1.51377;
14.1291;
7.29293;
11.4071;
10.0633;
1.51091;
0.456097;
1.51071;
0.00937224;
11.7526;
14.4992;
9.84748;
9.29311;
1.04737;
0.668039;
5.62392;
4.82765;
10.3887;
7.57872;
7.80452;
13.0675;
10.6771;
9.708;
7.64208;
10.9034;
3.33872;
2.69417;
9.33046;
1.50109;
8.51803;
4.58259;
2.64925;
8.65018;
1.49932;
0.982616;
7.71682;
2.99736;
7.70749;
10.2619;
3.61883;
17.7588;
9.83333;
2.66513;
7.88372;
6.13451;
1.49392;
4.80272;
10.1495;
10.2168;
10.6699;
7.61888;
12.605;
8.01482;
9.22937;
8.50725;
6.5233;
11.2494;
1.48749;
-0.842772;
15.8361;
1.00639;
3.70113;
1.00582;
14.7344;
1.00361;
2.60535;
8.50776;
12.1057;
11.2875;
0.999212;
8.45814;
9.9787;
9.03317;
0.995838;
7.47261;
1.48004;
14.5745;
9.72174;
7.43972;
5.742;
8.44209;
2.5847;
2.5839;
12.0745;
12.0875;
13.6618;
5.70698;
1.39746;
14.6519;
12.4975;
1.45614;
1.09038;
12.5237;
0.43269;
9.28465;
13.9281;
1.12078;
12.6563;
0.971899;
2.5566;
13.3752;
10.8545;
14.9271;
8.90832;
7.67604;
15.9469;
6.25634;
3.58758;
0.966814;
2.08301;
1.11255;
9.18714;
17.6851;
4.54931;
12.0785;
1.45849;
9.01858;
0.965093;
17.6263;
2.77631;
12.7849;
11.2139;
10.0362;
11.8346;
22.663;
13.4583;
19.8079;
14.4209;
16.6922;
11.0128;
28.7468;
3.5179;
0.958785;
0.958768;
10.5423;
12.0684;
17.5964;
28.0635;
19.3545;
-1.08458;
28.8295;
4.34449;
27.7048;
0.931694;
8.84358;
0.952906;
32.7936;
11.3161;
18.9672;
16.3054;
0.698975;
10.5716;
0.948901;
14.923;
28.9872;
11.9322;
29.226;
20.2477;
14.3397;
11.9819;
6.3202;
-0.644546;
0.40827;
12.1708;
20.7931;
6.75267;
-0.287197;
28.0359;
14.1816;
25.7346;
13.4597;
0.936273;
16.6076;
0.935257;
11.6304;
5.22038;
12.5409;
2.8163;
2.41972;
17.1923;
4.84815;
18.3983;
20.5275;
14.8738;
17.8716;
17.3651;
11.9881;
8.55356;
15.5717;
36.5395;
0.922681;
9.84814;
5.04077;
43.1138;
5.19752;
10.9139;
11.9287;
2.42989;
28.6343;
9.40825;
17.1602;
26.9103;
11.4649;
16.2766;
31.4873;
6.19746;
15.6314;
4.2605;
34.9199;
13.4111;
7.98128;
47.4399;
15.3061;
11.5013;
25.6835;
25.8256;
12.4729;
14.2956;
32.0648;
1.78865;
31.1316;
7.88262;
15.8875;
0.882722;
21.1739;
23.173;
0.879265;
14.4613;
14.272;
21.477;
17.4609;
40.7713;
85.2378;
25.2844;
21.4849;
6.01148;
20.6937;
31.7323;
24.0194;
11.3209;
40.3726;
16.8731;
7.70067;
0.846691;
5.91005;
0.845819;
36.1995;
27.3884;
9.43842;
20.3979;
59.9619;
6.90496;
6.74002;
13.3391;
28.9713;
6.87276;
75.4965;
3.38778;
14.4079;
14.4824;
26.2403;
28.2538;
21.7624;
27.1865;
24.3703;
