4.91228;
-3.70557;
-1.80547;
-28.3972;
-3.16346;
-4.76489;
-0.42685;
-2.91982;
-3.10064;
-2.21194;
-0.454624;
-0.547302;
-0.620164;
-0.53013;
-0.938423;
-0.339468;
-1.25941;
-1.26044;
-0.453901;
-1.26027;
-3.71166;
-0.478691;
-1.35672;
-0.938676;
-1.80827;
-0.678029;
-0.340188;
-1.80753;
-3.816;
-0.453063;
-0.976703;
-0.976637;
-9.43175;
-0.976108;
-0.976039;
-0.341583;
-3.10453;
-0.341949;
-1.38717;
-0.975471;
-0.848503;
-4.26066;
-0.452393;
-2.8068;
-5.01854;
-4.14031;
-0.172682;
-6.02953;
-9.44691;
-1.26234;
-1.2722;
-23.2657;
-0.971991;
-3.11484;
-5.90069;
-0.708881;
-3.16749;
-8.8133;
-0.970011;
-0.453529;
-6.05271;
-8.41812;
-5.97454;
-0.355361;
-0.953764;
-1.40625;
-1.26562;
-2.18317;
-0.566965;
-14.2793;
-0.357641;
-6.35605;
-0.194823;
-0.453429;
-0.358244;
-3.08927;
-4.83693;
-17.9236;
-2.16456;
-0.362131;
-5.14132;
-2.52985;
-4.56004;
-0.454235;
-11.3908;
-1.93559;
-18.9372;
-4.99115;
-0.966142;
-1.28199;
-3.56571;
-1.36279;
-5.43529;
-3.02421;
-6.1033;
-0.37163;
-0.957688;
-12.5383;
-0.857763;
-1.18429;
-0.363319;
-0.455765;
-16.9972;
-1.26463;
-1.39452;
-15.7468;
-0.224545;
-3.33767;
-6.9972;
-6.86039;
-1.63967;
-1.18676;
-0.949158;
-2.77543;
-0.94848;
-2.62876;
-0.229831;
-0.456971;
-3.56314;
-0.456949;
-3.85107;
-2.21386;
-15.2627;
-0.457639;
-0.386134;
-1.56312;
-2.67423;
-2.75646;
-0.386904;
-0.397645;
-0.636861;
-4.62035;
-0.457257;
-8.89513;
-1.639;
-0.730371;
-5.88437;
-2.59447;
-5.62604;
-3.30877;
-6.45119;
-0.939059;
-3.78309;
-1.27505;
-10.409;
-23.572;
-2.96669;
-1.71142;
-0.545508;
-0.93389;
-2.29686;
-0.250115;
-0.458853;
-0.250023;
-0.458693;
-12.641;
-1.19651;
-3.70337;
-0.556276;
-0.604467;
-0.60447;
-1.64583;
-7.38078;
-1.19161;
-3.39721;
-0.714798;
-0.404682;
-14.0092;
-5.57807;
-6.23668;
-0.445756;
-0.445858;
-1.46808;
-4.54925;
-10.0642;
-0.460162;
-0.411691;
-4.18284;
-1.47166;
-0.945531;
-5.04579;
-0.46017;
-4.34539;
-4.69346;
-0.919065;
-1.62167;
-0.265884;
-0.629117;
-0.996862;
-18.6794;
-1.23267;
-0.915829;
-7.40172;
-1.27798;
-2.45573;
-0.419504;
-6.11287;
-3.57279;
-2.32294;
-5.16275;
-7.85725;
-4.99937;
-1.50002;
-13.2628;
-0.908739;
-1.12675;
-4.24118;
-15.8757;
-1.43772;
-0.905307;
-0.46216;
-8.56095;
-3.11365;
-2.63941;
-0.462445;
-5.41685;
-0.492793;
-1.89678;
-1.27907;
-21.4605;
-1.89387;
-0.462932;
-2.68877;
-1.72696;
-7.48816;
-0.463123;
-0.737945;
-12.2665;
-0.507016;
-1.63299;
-0.463429;
-5.89028;
-2.0597;
-0.292908;
-1.27211;
-1.80949;
-2.27485;
-7.25406;
-3.65672;
-6.04294;
-8.2157;
-8.11214;
-7.12688;
-1.87075;
-5.13721;
-8.79886;
-0.763366;
-0.909629;
-6.34019;
-0.950319;
-0.303511;
-0.303449;
-8.32511;
-2.2143;
-0.879611;
-7.30182;
-3.04214;
-0.772096;
-0.464889;
-5.45639;
-0.877163;
-0.307153;
-4.01434;
-3.32958;
-0.710595;
-8.84841;
-17.6431;
-0.312752;
-31.95;
-0.982958;
-2.11095;
-10.4519;
-1.26861;
-6.97679;
-3.3882;
-0.321917;
-4.86413;
-1.23595;
-2.3232;
-11.5902;
-0.992199;
-4.13534;
-5.73883;
-4.60707;
-2.26075;
-1.27694;
-9.06492;
-0.822547;
-9.8416;
-1.677;
-1.19236;
-0.780444;
-0.982173;
-4.98543;
-0.33139;
-1.69766;
-1.13055;
-1.49657;
-3.42213;
-3.43496;
-0.756368;
-1.42164;
-3.58483;
-0.334036;
-0.333974;
-1.13978;
-2.53936;
-4.10763;
-0.479428;
-1.19041;
-0.591809;
-0.846261;
-7.9613;
-0.466597;
-0.480653;
-0.336645;
-3.77106;
-0.841523;
-4.79132;
-0.596766;
-0.481936;
-4.85145;
-2.22543;
-7.29111;
-2.05372;
-5.31298;
-8.06415;
-17.9566;
-5.85966;
-1.19067;
-2.61186;
-1.51201;
-3.60529;
-3.72012;
-4.47929;
-1.04578;
-0.617887;
-1.16336;
-0.491958;
-9.65054;
-0.849878;
-1.68512;
-0.46732;
-1.36323;
-2.53285;
-5.04161;
-0.853373;
-0.352508;
-3.17264;
-1.04744;
-1.97369;
-6.19605;
-3.08581;
-0.845549;
-0.467078;
-12.5154;
-0.86452;
-0.356156;
-0.35611;
-2.44606;
-3.5398;
-3.57592;
-0.357232;
-1.26072;
-1.53491;
-2.63093;
-3.09221;
-2.67697;
-8.9874;
-9.09598;
-2.28286;
-6.58952;
-7.57429;
-1.68578;
-8.24921;
-3.34775;
-0.893047;
-3.39852;
-0.508908;
-1.20256;
-4.37605;
-0.366153;
-2.01258;
-3.48105;
-2.3962;
-5.00949;
-1.4564;
-0.810094;
-2.3586;
-11.6713;
-7.93922;
-4.74391;
-1.1403;
-1.22701;
-0.805555;
-4.6977;
-0.915524;
-0.372254;
-1.77746;
-2.74802;
-3.90374;
-0.469309;
-3.54688;
-0.373431;
-5.83427;
-5.03373;
-2.31812;
-0.375417;
-0.871944;
-0.469541;
-0.871909;
-1.57094;
-1.44892;
-10.6179;
-0.798456;
-5.85234;
-0.797695;
-13.4599;
-0.915905;
-11.0012;
-7.94865;
-0.689039;
-3.1083;
-9.17757;
-6.3339;
-5.6491;
-0.69644;
-4.13295;
-0.863729;
-4.14974;
-1.24738;
-5.11407;
-6.1537;
-0.969842;
-3.54742;
-3.26679;
-0.390763;
-1.8587;
-0.704595;
-0.390787;
-3.68335;
-4.50534;
-0.872563;
-1.13458;
-0.47144;
-3.2625;
-1.19056;
-3.80742;
-2.43486;
-0.393;
-0.980778;
-8.42447;
-6.56164;
-9.62126;
-11.3977;
-2.92498;
-0.472825;
-0.776619;
-1.60224;
-6.69415;
-1.73336;
-1.67055;
-0.399901;
-5.25523;
-13.3239;
-0.772533;
-5.35337;
-3.53106;
-0.403413;
-7.68462;
-1.42887;
-2.77433;
-0.908112;
-8.00674;
-1.19316;
-2.55852;
-1.75229;
-16.6423;
-0.408809;
-1.03058;
-8.53078;
-2.51929;
-6.43768;
-2.67527;
-0.411299;
-5.48521;
-0.412081;
-1.90098;
-0.412259;
-0.5626;
-3.72591;
-7.62491;
-1.56598;
-7.58469;
-4.29892;
-0.415685;
-1.31069;
-10.3015;
-1.7382;
-3.50252;
-1.77632;
-0.418044;
-5.39667;
-5.65843;
-1.73566;
-0.570919;
-5.4133;
-2.07037;
-4.53144;
-5.78649;
-4.52131;
-0.42294;
-2.50017;
-5.2226;
-3.86981;
-0.424504;
-1.78359;
-2.67736;
-1.93179;
-2.0101;
-1.59158;
-2.8014;
-2.75468;
-2.10556;
-1.21393;
-0.972454;
-0.426479;
-6.65625;
-0.42734;
-0.427285;
-0.745019;
-1.74689;
-0.946778;
-3.31141;
-2.70798;
-2.7001;
-2.64284;
-4.27889;
-0.42946;
-2.46786;
-3.50459;
-4.24931;
-2.90623;
-2.3882;
-8.76231;
-3.50771;
-1.19667;
-2.00254;
-15.7908;
-4.54629;
-1.27226;
-2.45686;
-3.20813;
-5.01467;
-1.5659;
-4.83017;
-5.87129;
-0.440878;
-0.91817;
-2.7716;
-0.441254;
-2.43969;
-0.810674;
-9.63772;
-8.77903;
-3.32675;
-5.45059;
-2.80047;
-2.22307;
-1.77048;
-0.446298;
-7.301;
-2.67119;
-2.95747;
-0.823812;
-1.34889;
-1.1468;
-1.06314;
-1.61487;
-4.16317;
-0.478613;
-5.69141;
-5.05204;
-1.2641;
-12.3079;
-0.961584;
-2.33601;
-0.833471;
-5.50055;
-1.85466;
-6.09897;
-0.606171;
-5.74035;
-7.65219;
-1.90896;
-0.457721;
-3.59426;
-10.7599;
-6.69934;
-1.18284;
-1.66951;
-1.26603;
-3.35998;
-3.53696;
-6.7287;
-0.61332;
-3.96397;
-3.89335;
-2.90251;
-0.855547;
-0.855534;
-0.855569;
-0.465156;
-0.465077;
-5.04825;
-6.65716;
-2.34595;
-7.08686;
-3.40763;
-1.40702;
-1.61772;
-3.51296;
-2.69648;
-0.978857;
-2.94957;
-2.66185;
-1.3674;
-2.36863;
-2.91641;
-1.1065;
-4.47354;
-1.1079;
-6.87217;
-1.25864;
-3.0232;
-3.11659;
-2.11739;
-0.474114;
-1.70323;
-0.874253;
-4.82289;
-1.70706;
-7.75637;
-0.47624;
-1.22704;
-3.942;
-3.79893;
-2.9656;
-16.4749;
-1.2399;
-1.44308;
-4.80604;
-1.90357;
-6.6685;
-4.57505;
-0.483397;
-2.02528;
-2.32332;
-5.93795;
-3.19084;
-4.75791;
-1.25496;
-2.77198;
-3.47959;
-7.52908;
-0.487925;
-2.38175;
-2.82546;
-2.95445;
-0.485581;
-1.14152;
-2.79162;
-6.04617;
-4.91412;
-4.89389;
-7.102;
-1.27578;
-1.43365;
-3.84297;
-1.77431;
-1.94333;
-0.643971;
-2.83003;
-3.6549;
-1.35897;
-2.30186;
-3.1827;
-5.50387;
-5.47505;
-3.32765;
-0.920666;
-2.31182;
-1.01143;
-1.01142;
-3.88098;
-12.0563;
-3.5723;
-0.989139;
-0.927093;
-8.36679;
-5.25358;
-5.1565;
-6.88436;
-2.91939;
-5.551;
-0.936876;
-4.31747;
-3.17073;
-5.11007;
-1.31942;
-6.68271;
-8.93121;
-1.78334;
-4.16513;
-1.97308;
-0.947684;
-2.36181;
-1.83329;
-1.90857;
-7.26396;
-2.12256;
-10.6982;
-4.87735;
-0.956142;
-3.96427;
-0.4916;
-2.18877;
-0.516606;
-1.84828;
-7.48024;
-13.0228;
-10.0273;
-5.66183;
-1.01776;
-7.32362;
-1.8702;
-15.3514;
-0.975767;
-3.33837;
-3.39149;
-10.9115;
-5.37602;
-3.35963;
-4.64305;
-2.97012;
-0.495865;
-4.4556;
-10.882;
-4.48356;
-4.65621;
-5.27904;
-11.435;
-15.1518;
-8.50118;
-7.73893;
-7.25431;
-10.7262;
-16.8545;
-1.43142;
-10.9495;
-11.8782;
-6.88316;
-0.501628;
-3.09268;
-8.74242;
-31.0284;
-15.0829;
-12.586;
-3.04464;
-16.5846;
-5.04193;
-8.80265;
-0.713016;
-0.507748;
-13.1583;
-3.66289;
-8.10839;
-5.68774;
-16.1333;
-9.09604;
-13.0393;
-10.6799;
-9.83968;
-0.513653;
-9.62604;
-0.514413;
-12.3263;
-33.2218;
-13.7642;
-6.94221;
-7.55985;
-6.78258;
-1.82679;
-6.83121;
-10.3852;
-8.84569;
-6.34314;
-13.219;
-21.3013;
-6.30731;
-5.73398;
-15.9901;
-11.1099;
-8.68121;
-7.50984;
-23.5606;
-6.40385;
-8.04971;
-0.535438;
-16.7718;
-15.3063;
-21.7835;
-10.574;
-16.8749;
-22.2916;
-40.536;
-20.4331;
-19.5792;
-11.022;
-17.435;
-21.1896;
-21.9095;
-7.31194;
-1.5614;
-13.9079;
-9.63457;
-6.68776;
-10.0247;
-8.71088;
-14.9607;
-5.48628;
-19.6066;
-10.292;
-12.2698;
-11.5675;
-17.6469;
-11.8616;
-11.8766;
-29.4146;
-48.1078;
-6.13549;
-21.9946;
-31.4812;
