-1.05107;
-0.275286;
-1.58224;
-1.58212;
-7.06045;
-2.10905;
-1.5794;
-0.149684;
-3.32979;
-3.26656;
-0.0561025;
-0.0561652;
-3.23782;
-6.42085;
-11.0565;
-1.50795;
-3.04023;
-3.13123;
-0.0599939;
-0.148663;
-17.3122;
-1.4772;
-3.12496;
-0.393;
-0.0634768;
-6.72449;
-1.75723;
-3.08403;
-4.73487;
-0.194133;
-6.27451;
-3.60081;
-0.194798;
-3.42696;
-15.027;
-1.57309;
-1.5729;
-1.92705;
-1.62744;
-5.05634;
-0.139116;
-2.20894;
-8.14722;
-3.20082;
-3.19404;
-0.142569;
-1.80452;
-19.5702;
-1.65161;
-1.87127;
-1.80411;
-3.15671;
-4.94532;
-2.98274;
-0.150696;
-24.5476;
-3.10454;
-1.69726;
-8.02617;
-0.0860908;
-3.23056;
-7.03594;
-25.3017;
-0.497633;
-2.99016;
-5.0597;
-2.91343;
-3.17081;
-0.209168;
-0.0932813;
-3.28235;
-6.35693;
-9.35351;
-5.23757;
-1.87129;
-3.0687;
-1.61929;
-7.43764;
-0.21119;
-0.938935;
-6.66092;
-2.95698;
-0.211767;
-1.48516;
-3.50437;
-3.15101;
-4.89903;
-0.139228;
-1.7643;
-4.63686;
-4.3194;
-1.47795;
-9.52822;
-0.22369;
-0.138906;
-1.71969;
-0.213763;
-1.45731;
-1.45711;
-0.476429;
-0.213924;
-2.06923;
-0.21408;
-0.138678;
-1.01044;
-4.39184;
-0.107101;
-5.72389;
-3.51657;
-6.67327;
-1.45111;
-0.579791;
-0.424054;
-16.5701;
-4.31423;
-2.9137;
-2.97122;
-13.4056;
-1.41157;
-1.4114;
-0.136827;
-3.20229;
-2.23787;
-1.50578;
-2.79171;
-8.31818;
-2.99644;
-0.235567;
-4.64002;
-3.9752;
-3.63491;
-15.8908;
-18.2819;
-1.48997;
-1.39756;
-3.0033;
-2.07169;
-4.07544;
-1.42061;
-1.48486;
-0.653359;
-5.99719;
-2.7492;
-1.76195;
-0.403447;
-1.33883;
-0.127165;
-0.590216;
-1.48081;
-0.222597;
-4.53856;
-4.18075;
-1.38807;
-0.436787;
-5.83213;
-1.40848;
-11.7681;
-12.305;
-2.91169;
-1.32559;
-4.72004;
-10.0633;
-0.1348;
-1.66346;
-5.80391;
-35.7052;
-0.397411;
-14.578;
-1.44344;
-1.55358;
-2.83865;
-4.17176;
-1.30087;
-1.36637;
-7.2474;
-2.64394;
-4.91308;
-3.45719;
-0.232289;
-4.58451;
-0.432179;
-13.3907;
-2.31454;
-0.458932;
-1.35201;
-0.253937;
-0.135291;
-1.35147;
-10.249;
-21.3041;
-0.429155;
-1.69507;
-0.392847;
-0.414144;
-3.07835;
-6.49934;
-0.428391;
-0.416914;
-0.428225;
-35.1129;
-10.0209;
-0.24097;
-0.136897;
-1.924;
-2.81776;
-1.30751;
-0.161904;
-7.08573;
-0.616552;
-8.79255;
-1.50117;
-12.8489;
-2.61159;
-1.52042;
-3.06747;
-2.66417;
-6.22404;
-1.30611;
-7.41597;
-0.911363;
-1.59745;
-2.66918;
-1.37321;
-15.9859;
-0.51367;
-3.76312;
-1.66516;
-0.170634;
-0.170647;
-4.42199;
-11.1481;
-21.4461;
-1.44041;
-12.1286;
-1.6447;
-3.97517;
-12.6557;
-2.19668;
-0.307816;
-13.4039;
-0.14242;
-1.36479;
-2.13439;
-1.79223;
-3.83053;
-5.77196;
-0.3051;
-1.33409;
-0.252134;
-0.252128;
-7.13305;
-9.58227;
-3.45502;
-1.44959;
-3.90009;
-1.90167;
-6.45444;
-0.143796;
-0.521701;
-23.4447;
-1.31084;
-8.40628;
-3.05728;
-1.31076;
-4.05631;
-1.99676;
-21.3264;
-7.05465;
-11.4091;
-0.190798;
-1.29576;
-6.20791;
-0.329049;
-4.47466;
-3.22439;
-0.448227;
-4.23873;
-3.89025;
-5.6094;
-2.45404;
-1.171;
-0.148253;
-0.620534;
-16.2812;
-5.9374;
-9.31375;
-3.58379;
-4.31809;
-6.29921;
-2.26243;
-4.69924;
-2.43759;
-5.1055;
-4.78418;
-3.84772;
-1.52602;
-14.8729;
-1.26326;
-2.53938;
-1.84158;
-8.02515;
-0.153015;
-3.09221;
-1.00313;
-1.4243;
-7.39359;
-6.40377;
-1.11459;
-2.56849;
-0.154328;
-1.89929;
-2.17551;
-8.71707;
-4.1395;
-1.93811;
-1.37599;
-3.35019;
-9.42941;
-2.3146;
-0.156456;
-2.11746;
-1.26248;
-11.0361;
-4.28018;
-2.17632;
-8.17398;
-2.42911;
-3.43693;
-8.8932;
-2.27617;
-7.29027;
-5.91418;
-4.92165;
-14.8324;
-2.04105;
-0.532859;
-1.39801;
-2.32112;
-8.49018;
-2.745;
-10.4919;
-16.1655;
-0.855757;
-1.42179;
-9.40438;
-0.164312;
-1.8141;
-3.29451;
-6.71181;
-2.30801;
-0.222969;
-2.50529;
-7.95782;
-3.92719;
-10.4737;
-1.25705;
-0.624811;
-3.45288;
-5.79435;
-0.395187;
-0.226224;
-3.37653;
-1.11078;
-0.95572;
-5.96693;
-2.22865;
-5.844;
-5.49912;
-12.5251;
-1.09841;
-10.114;
-6.89029;
-10.576;
-6.48437;
-0.172179;
-7.82547;
-0.96389;
-2.24788;
-0.923685;
-0.307913;
-5.26175;
-2.53149;
-14.249;
-0.417882;
-5.22496;
-5.22468;
-2.23943;
-8.34148;
-0.175311;
-4.14621;
-8.26106;
-5.65353;
-2.78101;
-6.09394;
-0.922874;
-0.922745;
-3.23043;
-8.6641;
-2.47553;
-20.1354;
-1.90112;
-3.69329;
-5.89257;
-0.720783;
-8.01803;
-14.513;
-4.49728;
-0.443203;
-0.884371;
-1.72012;
-3.82939;
-2.82444;
-1.11094;
-0.915147;
-0.445647;
-9.14495;
-2.54495;
-0.185279;
-17.9876;
-1.69167;
-5.34285;
-0.18744;
-5.96002;
-4.33296;
-6.60938;
-0.189151;
-6.4762;
-9.28261;
-5.09479;
-7.22635;
-9.23405;
-2.29673;
-15.0875;
-1.83926;
-6.67886;
-5.39781;
-0.588694;
-0.19662;
-3.35491;
-4.61846;
-6.75619;
-3.37842;
-5.95031;
-6.87797;
-4.33925;
-6.32743;
-1.36299;
-6.94514;
-10.3119;
-10.6045;
-8.1657;
-1.65105;
-0.34766;
-5.49737;
-6.15495;
-2.2817;
-5.09837;
-0.206533;
-4.23141;
-1.65359;
-4.01427;
-3.91232;
-0.207621;
-5.9087;
-4.30562;
-5.70002;
-3.15306;
-0.210083;
-4.99221;
-4.25083;
-0.9698;
-5.52925;
-10.8394;
-3.04831;
-3.49541;
-4.38494;
-4.98568;
-3.67465;
-0.268783;
-7.47285;
-1.0069;
-7.77702;
-0.269821;
-6.48215;
-7.54176;
-4.05209;
-6.4815;
-5.58596;
-14.2172;
-2.34085;
-3.65484;
-3.67624;
-6.36593;
-2.47483;
-1.30722;
-2.9065;
-7.90464;
-5.0134;
-3.58282;
-5.21108;
-2.39632;
-5.02355;
-2.77358;
-6.34126;
-3.10619;
-10.0861;
-0.227274;
-4.96352;
-5.23276;
-13.3506;
-4.43344;
-0.521558;
-0.228049;
-6.4142;
-1.35184;
-7.80458;
-8.1841;
-3.19969;
-2.05148;
-2.8088;
-12.3873;
-0.908514;
-0.22706;
-6.26887;
-0.627494;
-6.91846;
-12.373;
-2.05223;
-10.291;
-3.55834;
-7.58849;
-2.94552;
-7.32388;
-7.74168;
-3.45958;
-6.39308;
-4.85257;
-4.7344;
-2.56811;
-21.7706;
-5.86157;
-5.88986;
-3.02769;
-8.21318;
-5.61796;
-5.41701;
-2.54736;
-4.11479;
-4.55516;
-5.42931;
-3.62248;
-3.58456;
-14.4429;
