4.16306;
16.8532;
0.0980778;
17.43;
1.28606;
1.80412;
2.26515;
1.64285;
1.48202;
1.5551;
-0.275338;
7.83029;
4.81069;
1.03876;
-0.27493;
1.1955;
0.587084;
0.385153;
2.77846;
19.128;
2.21126;
21.7058;
29.3281;
2.99011;
1.36745;
2.54192;
0.896517;
0.38976;
4.435;
1.63805;
7.61321;
4.12972;
1.63745;
1.54879;
1.44027;
14.5613;
1.97503;
1.95728;
1.54719;
0.391064;
-0.270668;
4.10082;
25.269;
4.44385;
3.32101;
2.68513;
52.8042;
0.396407;
4.30531;
1.96262;
0.967753;
39.8058;
9.57969;
5.41428;
5.75267;
1.25657;
0.400088;
0.400003;
1.08843;
3.29881;
1.15399;
7.86831;
0.962424;
0.400426;
3.2381;
23.2729;
26.5588;
1.24892;
0.403467;
48.5442;
0.955422;
1.62193;
1.5295;
2.66422;
25.0504;
11.5349;
50.0135;
4.73124;
1.23534;
2.50996;
11.8293;
9.90533;
3.51258;
2.6421;
1.52198;
1.52191;
0.410899;
2.47057;
13.9421;
4.00622;
45.7016;
1.51715;
43.7409;
37.3764;
21.4112;
15.193;
2.60734;
8.35282;
2.60467;
-0.248924;
20.0133;
24.9192;
1.50422;
1.00672;
6.7939;
3.9486;
34.3275;
2.58797;
-0.409223;
2.58738;
2.53465;
1.50002;
1.17164;
2.61979;
9.86492;
-0.729192;
-0.24451;
5.58589;
1.49795;
0.424775;
4.86327;
1.19697;
2.63093;
1.19674;
13.6059;
1.34161;
0.683863;
-0.560193;
0.978691;
10.5741;
6.917;
1.49377;
59.9732;
0.428958;
18.0543;
2.85301;
7.76467;
1.90896;
2.40043;
8.04266;
0.430573;
2.81934;
1.486;
3.21572;
2.49587;
4.41865;
-0.237056;
1.48471;
14.6527;
13.0526;
1.57879;
30.1314;
2.58896;
3.38106;
1.17161;
7.36892;
1.7508;
0.964067;
25.3833;
1.34494;
12.8583;
-0.231884;
0.213756;
9.84314;
1.47402;
1.47393;
0.614952;
19.9063;
1.47247;
36.6611;
11.5321;
-0.158082;
0.983118;
3.95354;
1.15585;
2.27663;
21.2476;
21.8119;
0.224291;
37.5661;
1.55723;
6.09883;
5.61952;
0.440238;
2.20837;
0.370076;
48.5806;
11.2531;
0.442475;
12.7674;
34.5117;
38.0075;
1.14364;
1.44805;
1.12984;
42.1225;
9.17957;
-0.215538;
9.57291;
3.71636;
0.447771;
1.44245;
2.28144;
8.41142;
0.447912;
12.469;
3.1306;
7.45087;
8.9588;
29.7438;
1.1157;
2.04732;
2.16441;
1.1367;
33.3079;
22.3165;
11.3959;
1.4298;
31.4808;
1.42723;
2.4706;
1.42701;
10.5027;
1.13219;
1.1032;
1.52494;
0.453956;
1.52465;
3.65901;
6.53217;
-0.205693;
3.98644;
1.101;
3.86748;
0.454174;
7.60027;
1.09954;
4.96828;
35.9616;
5.57407;
1.1272;
-0.202648;
1.77071;
1.41749;
1.09429;
20.9852;
0.27059;
27.8208;
-0.587319;
4.71777;
1.41257;
3.0212;
2.73678;
22.5535;
2.14778;
2.13243;
26.4808;
2.42873;
5.27138;
1.49095;
13.4951;
22.3546;
12.3718;
3.4717;
1.3782;
4.06135;
4.75454;
9.1509;
29.0293;
13.1052;
2.11473;
4.73766;
49.7623;
1.63895;
9.37127;
0.717369;
35.9803;
0.465618;
3.62556;
1.4909;
0.465568;
24.2451;
1.10738;
1.38168;
38.3081;
4.33782;
28.8162;
6.81476;
4.32536;
19.4752;
3.16749;
1.37266;
1.04767;
1.37244;
45.6421;
17.0127;
40.572;
19.2771;
8.66079;
23.4641;
1.47068;
4.71259;
18.6064;
0.472031;
2.26848;
26.9669;
36.5481;
38.5924;
32.2962;
21.6049;
13.8685;
3.85566;
31.4092;
25.4774;
4.83913;
18.4776;
-0.159096;
30.8174;
1.32764;
0.911865;
14.6053;
0.908005;
44.7571;
9.23863;
16.6799;
0.997592;
26.0893;
0.995052;
67.5474;
3.31624;
12.0856;
12.6604;
14.3163;
0.912362;
12.7514;
3.01016;
1.30393;
2.22977;
20.6616;
12.4259;
13.1511;
15.7616;
3.28108;
25.5507;
13.2506;
19.8597;
0.973497;
10.3801;
5.8871;
11.5865;
5.77085;
1.28735;
1.28723;
3.25385;
8.6358;
3.44518;
13.3713;
14.2225;
12.8261;
-0.13648;
0.48714;
35.3144;
17.2707;
16.5934;
4.4469;
12.4937;
0.804202;
9.98748;
14.1916;
-0.130924;
1.26939;
4.08089;
0.955864;
2.36494;
15.8372;
3.2007;
-0.129793;
2.24066;
1.87894;
8.34662;
28.896;
7.93617;
3.27665;
44.9898;
23.0877;
15.1157;
13.9761;
32.5184;
19.3394;
14.7543;
12.3721;
2.57857;
16.1389;
33.6317;
2.21775;
11.902;
1.82918;
14.379;
35.1268;
31.7663;
12.0825;
1.9612;
16.7288;
13.6739;
19.3839;
20.2954;
1.21824;
10.0439;
24.2568;
0.914959;
18.8219;
10.9104;
15.4923;
26.9211;
1.41514;
32.453;
15.9837;
1.93311;
4.0323;
16.583;
1.19925;
15.6614;
19.7538;
14.8705;
18.3165;
9.73648;
17.934;
20.3135;
6.38265;
1.95332;
14.0818;
23.9629;
2.12953;
17.8356;
27.6506;
45.3802;
-0.0920534;
20.0951;
14.8383;
3.10663;
18.4373;
5.25896;
45.5668;
22.66;
28.6902;
4.01208;
19.6595;
10.437;
14.4582;
32.4399;
8.74942;
23.9392;
5.7877;
21.5773;
3.03433;
1.14019;
16.2222;
13.903;
10.5734;
8.98533;
44.5024;
14.4316;
10.1458;
12.657;
16.0398;
28.2899;
6.03834;
17.4886;
14.8408;
14.3928;
6.894;
20.7976;
32.405;
16.6942;
1.10689;
29.965;
1.30289;
18.9514;
16.7138;
16.0585;
7.76841;
6.63597;
12.1324;
9.13011;
18.8877;
19.7482;
15.6184;
14.9445;
19.2541;
29.9451;
25.3134;
14.7805;
11.9073;
15.8825;
21.8876;
17.8482;
8.32218;
16.8641;
9.34776;
40.8488;
17.853;
15.8331;
11.516;
9.54683;
11.1913;
12.116;
13.2121;
17.6346;
16.403;
19.6246;
27.4049;
15.6349;
23.5125;
24.9672;
21.8692;
11.7709;
22.737;
2.07231;
15.4918;
25.271;
25.5196;
8.81123;
19.8334;
2.1411;
7.16521;
1.013;
24.9993;
32.8664;
9.94825;
13.5452;
-0.0414513;
1.0031;
8.87904;
46.3012;
6.19711;
8.23202;
15.2326;
10.2216;
21.6644;
7.20451;
19.8414;
57.2875;
35.5689;
14.4394;
19.1528;
24.5614;
29.3609;
38.3879;
6.64008;
20.5962;
14.4978;
37.8224;
11.784;
16.9306;
13.1304;
32.6813;
16.9357;
11.7299;
22.5687;
2.42284;
21.6646;
10.5346;
16.5447;
27.0468;
15.7027;
42.1022;
16.6251;
9.56822;
25.7954;
37.8878;
28.582;
28.1104;
15.2137;
9.44191;
22.6075;
31.541;
18.5549;
13.2452;
43.9402;
17.4629;
17.368;
14.5775;
12.2988;
15.2703;
10.254;
0.858532;
26.615;
15.7887;
19.7119;
12.1162;
