14.9556;
-3.14351;
-0.669028;
-3.58878;
-5.13267;
-1.79556;
-5.21127;
-6.29791;
-0.571757;
-0.84336;
-0.668218;
-2.79669;
-3.51225;
-2.80897;
-0.318364;
-0.840523;
-11.9113;
-1.27027;
-1.64089;
-4.61521;
-0.966181;
-0.32509;
-0.31945;
-2.1751;
-1.20511;
-0.834966;
-0.834842;
-3.07797;
-0.325706;
-9.68781;
-1.51814;
-3.68023;
-1.14498;
-3.70751;
-4.99867;
-0.997994;
-0.321405;
-5.78336;
-0.665314;
-2.56316;
-3.84057;
-5.31054;
-5.51154;
-0.8224;
-4.52683;
-7.0595;
-2.47442;
-0.330222;
-0.819204;
-0.560792;
-0.6638;
-0.99898;
-0.330424;
-2.47564;
-3.62711;
-1.13435;
-1.23888;
-3.35368;
-2.21192;
-2.86851;
-0.966807;
-0.331833;
-0.813798;
-5.03071;
-0.662551;
-17.6713;
-0.566805;
-0.653655;
-0.566985;
-4.64036;
-5.80451;
-17.9538;
-0.80165;
-6.73166;
-1.12143;
-6.04404;
-5.22262;
-5.97061;
-4.53946;
-4.75187;
-4.54127;
-0.792819;
-2.7897;
-0.79196;
-0.331488;
-0.590285;
-4.90918;
-0.33189;
-4.74638;
-0.666164;
-0.339673;
-2.25206;
-1.00193;
-0.339923;
-1.112;
-0.564832;
-10.6236;
-0.340687;
-2.16387;
-1.10973;
-0.656765;
-0.656725;
-1.85959;
-1.00204;
-0.341092;
-15.9343;
-0.968374;
-0.655571;
-2.5355;
-0.778551;
-3.62445;
-7.84261;
-0.654835;
-1.32925;
-1.88211;
-0.336684;
-1.25383;
-0.937709;
-0.343689;
-20.4654;
-0.684096;
-1.6336;
-1.21784;
-0.968843;
-0.653068;
-7.94645;
-1.71912;
-9.76329;
-6.27898;
-0.762371;
-0.346963;
-3.65735;
-1.56115;
-0.616335;
-0.682241;
-1.64887;
-3.69688;
-10.3954;
-1.60056;
-1.00282;
-12.7876;
-2.7556;
-1.92284;
-2.74387;
-4.24916;
-2.41861;
-1.08464;
-0.350406;
-0.345243;
-0.916069;
-2.00484;
-0.748335;
-3.60726;
-2.06643;
-0.970267;
-3.36604;
-0.346553;
-7.40289;
-12.3054;
-0.646349;
-1.07861;
-7.56221;
-0.353016;
-0.61938;
-4.84103;
-0.737602;
-0.349272;
-0.353502;
-9.77474;
-31.1932;
-19.8572;
-0.354448;
-2.02457;
-0.723015;
-0.641817;
-2.33426;
-0.641656;
-0.629365;
-9.83329;
-1.77901;
-8.39485;
-1.62502;
-0.356693;
-0.356707;
-0.619237;
-0.716635;
-4.84966;
-11.461;
-0.358281;
-1.59591;
-1.00166;
-0.71203;
-0.358537;
-1.82117;
-0.711306;
-7.81325;
-1.62297;
-3.18937;
-5.37757;
-1.93069;
-3.93588;
-1.23816;
-1.23587;
-0.361172;
-0.7047;
-0.621315;
-1.75265;
-3.73917;
-0.702992;
-2.50863;
-0.623154;
-3.49108;
-0.635665;
-2.76287;
-1.97632;
-0.976763;
-1.65695;
-0.976785;
-0.628705;
-2.78606;
-0.363736;
-0.634718;
-0.641935;
-0.697555;
-0.363912;
-2.65254;
-7.54474;
-0.362664;
-0.973946;
-1.65236;
-0.974002;
-0.6939;
-0.362815;
-0.633497;
-0.661873;
-3.64777;
-5.8366;
-0.631701;
-4.90598;
-0.632482;
-3.13627;
-1.48601;
-0.633675;
-1.8199;
-0.36394;
-0.997748;
-16.8979;
-0.637336;
-1.62645;
-0.975222;
-12.9324;
-1.03896;
-1.3253;
-24.2094;
-4.67745;
-1.03475;
-3.10052;
-0.367022;
-0.672739;
-3.65995;
-0.367166;
-0.74112;
-1.1374;
-0.374503;
-5.68845;
-1.04995;
-2.20445;
-0.626517;
-1.81751;
-1.08931;
-1.62845;
-0.36795;
-0.367955;
-4.05801;
-1.28192;
-0.976862;
-0.980166;
-0.683197;
-1.28308;
-5.38802;
-0.377351;
-1.98448;
-2.77095;
-1.12926;
-0.624559;
-1.25992;
-0.369065;
-2.84;
-0.378486;
-0.660639;
-0.624053;
-0.66042;
-0.747386;
-0.660087;
-2.43785;
-0.993158;
-4.94357;
-0.369568;
-4.47868;
-0.980909;
-0.369764;
-2.002;
-0.690543;
-0.690648;
-5.88963;
-3.05318;
-0.653501;
-3.433;
-0.62178;
-0.62174;
-0.652383;
-1.0491;
-0.6519;
-0.370548;
-3.75685;
-0.621204;
-0.664918;
-0.65636;
-0.978466;
-0.370721;
-0.668527;
-6.77279;
-30.2299;
-0.387537;
-0.372638;
-0.372664;
-0.64112;
-0.372633;
-0.372632;
-0.38772;
-1.01471;
-0.387824;
-0.6631;
-0.372708;
-0.73132;
-0.388056;
-0.372715;
-1.92983;
-2.1449;
-0.372798;
-0.3728;
-0.37281;
-0.676523;
-0.388736;
-1.71331;
-0.37289;
-1.60786;
-9.27599;
-4.09031;
-0.667006;
-1.75579;
-2.25491;
-1.03597;
-1.81844;
-6.80493;
-0.630692;
-0.373929;
-0.393;
-0.985658;
-2.12015;
-1.05956;
-0.374102;
-3.0349;
-0.987504;
-2.2501;
-0.627825;
-2.11695;
-1.00799;
-3.05646;
-0.718991;
-0.374611;
-8.32895;
-0.624426;
-0.692562;
-1.06591;
-0.685643;
-0.623665;
-0.987408;
-0.987481;
-0.375099;
-1.73949;
-0.62265;
-0.375094;
-0.985948;
-5.26004;
-0.375296;
-0.77382;
-0.398299;
-1.74165;
-0.696854;
-0.398684;
-0.620018;
-1.07404;
-0.774835;
-0.619352;
-10.9927;
-0.690543;
-1.31504;
-0.984981;
-0.730276;
-0.376019;
-23.1024;
-0.611878;
-0.991577;
-0.610533;
-1.78058;
-0.611063;
-0.404891;
-0.738121;
-1.0667;
-3.3554;
-3.17241;
-0.712543;
-0.740942;
-0.377323;
-1.0807;
-0.741555;
-0.60953;
-1.3366;
-0.377484;
-0.377464;
-6.33624;
-0.99314;
-0.699733;
-0.377552;
-0.605863;
-2.37923;
-0.745403;
-1.30546;
-1.05789;
-0.604531;
-2.7257;
-1.36457;
-1.37614;
-0.377855;
-6.80462;
-0.702832;
-0.607457;
-2.05323;
-0.377951;
-0.6009;
-0.377967;
-0.692742;
-0.607173;
-0.37793;
-5.66505;
-0.725823;
-0.412787;
-2.43219;
-2.4997;
-1.63627;
-2.35673;
-5.8988;
-0.696635;
-1.74641;
-4.43875;
-0.697945;
-0.760518;
-2.98473;
-4.13467;
-1.57167;
-1.05385;
-20.4343;
-0.379869;
-1.32632;
-1.10916;
-0.771014;
-0.715796;
-0.379995;
-0.715883;
-0.603828;
-0.38;
-0.421795;
-0.60368;
-0.421875;
-1.45806;
-5.11873;
-1.0008;
-1.79831;
-0.380199;
-1.05186;
-3.75362;
-3.76456;
-2.77163;
-0.380564;
-1.11481;
-14.4089;
-0.381222;
-0.579848;
-0.381224;
-2.41639;
-1.75019;
-1.82886;
-0.601338;
-0.578386;
-0.81076;
-1.47562;
-1.4126;
-2.23561;
-0.748446;
-0.576688;
-0.788008;
-4.09133;
-0.990763;
-0.430711;
-2.05294;
-2.63727;
-4.45867;
-1.79957;
-6.38347;
-0.382619;
-0.38262;
-4.15368;
-0.38272;
-0.382698;
-0.599461;
-2.37304;
-0.599302;
-1.2595;
-1.45149;
-0.750299;
-2.00448;
-0.819006;
-1.49234;
-0.382794;
-1.37253;
-3.11916;
-2.40583;
-3.05294;
-1.10054;
-0.38307;
-1.48657;
-0.383131;
-0.778431;
-0.597917;
-3.13673;
-1.0471;
-0.565263;
-0.565147;
-1.68586;
-1.27616;
-2.01367;
-2.81115;
-0.727979;
-0.809928;
-0.596991;
-5.33653;
-4.05399;
-0.561749;
-2.26676;
-1.79626;
-0.442696;
-1.19846;
-0.730985;
-0.38395;
-0.383951;
-1.75077;
-0.828184;
-0.384017;
-0.595778;
-0.384027;
-1.79573;
-2.15554;
-0.595489;
-2.00713;
-1.43484;
-1.10484;
-0.733658;
-0.753705;
-12.1044;
-0.82401;
-0.747927;
-4.2619;
-0.986762;
-0.749071;
-0.974278;
-0.594049;
-1.25832;
-0.385237;
-0.385238;
-1.59082;
-12.9936;
-1.80003;
-3.62902;
-0.386122;
-0.743281;
-2.57939;
-0.592886;
-1.11081;
-0.986495;
-1.53631;
-0.744755;
-1.1345;
-3.15779;
-2.33888;
-3.09447;
-1.51015;
-0.758606;
-2.322;
-2.09876;
-1.42835;
-0.749016;
-9.96395;
-1.75338;
-1.52844;
-1.61072;
-0.752623;
-1.75645;
-0.7532;
-0.753277;
-0.985904;
-0.388567;
-1.7884;
-0.754137;
-0.590147;
-3.05851;
-1.14704;
-3.0416;
-0.755949;
-2.91778;
-0.462468;
-1.50407;
-1.79069;
-0.757532;
-0.757731;
-0.389815;
-0.389841;
-0.829886;
-1.42618;
-5.58898;
-1.01872;
-1.26263;
-0.760286;
-1.4259;
-2.40942;
-0.390934;
-0.39088;
-0.535425;
-3.83224;
-1.56706;
-1.75593;
-0.984102;
-1.79402;
-2.76415;
-3.56811;
-3.02699;
-0.771065;
-3.80369;
-2.25689;
-1.75163;
-1.26201;
-2.81762;
-1.02621;
-0.587007;
-1.81322;
-2.08881;
-0.770021;
-0.77306;
-0.529119;
-2.75729;
-2.91485;
-0.771654;
-1.04193;
-0.97511;
-0.77214;
-3.55509;
-0.394597;
-0.394543;
-0.774394;
-1.01235;
-1.54692;
-0.785037;
-1.26757;
-1.73184;
-1.01142;
-1.02852;
-0.474779;
-3.13665;
-0.475411;
-7.6392;
-0.77779;
-5.13824;
-3.18672;
-1.57514;
-0.780493;
-0.3969;
-1.75929;
-0.975382;
-2.50477;
-1.54885;
-3.02767;
-1.82364;
-11.1902;
-0.786328;
-1.55298;
-1.42444;
-1.77839;
-0.982744;
-1.46291;
-18.6673;
-0.792917;
-0.401279;
-0.977909;
-1.94193;
-1.00552;
-2.07874;
-1.03625;
-0.581553;
-2.07813;
-0.401715;
-0.805979;
-8.42321;
-1.16223;
-8.86338;
-0.793804;
-0.896227;
-1.53217;
-1.00402;
-1.77795;
-0.79445;
-1.04067;
-0.982454;
-0.794572;
-3.3673;
-0.491955;
-0.802551;
-2.38949;
-1.97662;
-0.803772;
-0.506574;
-0.492844;
-0.506387;
-3.06211;
-0.797311;
-3.307;
-1.84429;
-0.504836;
-0.504778;
-1.58721;
-0.817811;
-0.980133;
-0.980126;
-1.97709;
-0.980141;
-3.94123;
-3.82329;
-0.801265;
-0.801212;
-1.00067;
-1.04147;
-2.99529;
-0.981147;
-0.897892;
-0.981191;
-2.25923;
-0.408213;
-8.82225;
-1.33685;
-0.409391;
-3.52058;
-1.18376;
-0.409717;
-1.03859;
-0.49968;
-2.81773;
-1.98084;
-0.500494;
-1.42631;
-0.828524;
-16.9444;
-0.833402;
-3.85982;
-1.26352;
-1.81311;
-1.99918;
-1.19537;
-0.504746;
-0.813196;
-0.813296;
-1.98579;
-0.81388;
-3.58248;
-1.65786;
-3.26808;
-2.21319;
-0.816773;
-0.415185;
-3.0091;
-2.85485;
-0.918698;
-0.41624;
-0.841225;
-2.9204;
-2.25602;
-0.820256;
-0.820454;
-0.820696;
-2.40124;
-0.574638;
-2.02633;
-1.34457;
-3.33737;
-1.05301;
-2.30304;
-0.988574;
-0.950637;
-0.823819;
-1.84216;
-0.418773;
-3.05407;
-4.90401;
-3.20092;
-0.827131;
-0.850206;
-2.9609;
-0.573393;
-6.89621;
-0.830142;
-0.482814;
-0.830251;
-0.830449;
-1.45787;
-0.977578;
-0.421909;
-1.45805;
-0.422029;
-0.513902;
-2.47222;
-2.24163;
-2.47264;
-2.44087;
-0.480608;
-7.90262;
-3.05093;
-0.571973;
-3.07045;
-0.836413;
-1.0583;
-8.26126;
-3.75922;
-0.840372;
-0.840363;
-2.4873;
-0.841349;
-0.519467;
-0.841392;
-0.841519;
-1.86307;
-1.88658;
-0.995419;
-1.85985;
-0.866849;
-1.47338;
-2.32156;
-0.857068;
-0.844712;
-0.84473;
-1.44067;
-2.42502;
-0.429106;
-8.68493;
-0.995328;
-0.848471;
-3.14582;
-0.995382;
-1.886;
-1.29802;
-0.569844;
-0.471306;
-0.850052;
-1.88654;
-0.569547;
-1.85004;
-3.99278;
-0.470071;
-1.05823;
-0.852218;
-0.43242;
-1.44357;
-1.32332;
-0.994417;
-1.51157;
-0.525756;
-0.853014;
-0.999055;
-7.84799;
-0.879651;
-0.86901;
-0.880025;
-0.856856;
-1.89557;
-1.44605;
-1.77711;
-0.975119;
-2.25985;
-5.28601;
-0.436825;
-0.43679;
-1.89555;
-3.92183;
-0.994561;
-1.0032;
-1.06615;
-0.862866;
-1.33613;
-2.86223;
-0.864058;
-1.89853;
-1.73472;
-1.00395;
-1.86259;
-2.88394;
-4.05461;
-3.04961;
-0.868232;
-0.88049;
-0.891236;
-0.868507;
-0.440726;
-2.89386;
-0.892249;
-0.441259;
-0.869927;
-0.441312;
-2.82753;
-0.994038;
-2.45404;
-0.894015;
-0.894168;
-1.45234;
-0.977824;
-1.00636;
-2.76698;
-1.00677;
-0.443072;
-0.979011;
-1.90365;
-0.885713;
-1.28746;
-0.886196;
-0.875727;
-0.875835;
-2.33238;
-0.876839;
-0.994003;
-0.444825;
-0.971969;
-3.31071;
-0.878354;
-3.29952;
-0.87957;
-0.879789;
-1.45627;
-0.446503;
-0.880159;
-3.42565;
-0.985322;
-1.90137;
-2.39107;
-1.45396;
-1.91326;
-0.447981;
-0.971527;
-2.48815;
-0.538758;
-0.448084;
-0.981483;
-1.9118;
-0.564324;
-0.993352;
-1.81558;
-2.48861;
-2.03139;
-4.00633;
-1.44452;
-3.02412;
-0.450441;
-0.898734;
-0.88821;
-0.888411;
-3.40958;
-1.78449;
-0.890154;
-2.73851;
-0.451849;
-1.91329;
-2.83919;
-0.988968;
-0.448321;
-1.07405;
-0.448106;
-0.892182;
-0.912973;
-0.447784;
-3.81053;
-0.914214;
-1.43996;
-0.904464;
-0.904728;
-7.57282;
-0.896638;
-1.43894;
-4.51153;
-3.82092;
-0.899695;
-0.97082;
-0.900021;
-0.900208;
-0.910559;
-0.444209;
-0.444097;
-0.444034;
-1.06851;
-1.93003;
-0.900842;
-0.901082;
-0.547502;
-0.443119;
-0.44301;
-0.442897;
-0.547589;
-1.36051;
-2.28894;
-3.11525;
-0.903669;
-0.903743;
-1.43379;
-1.37564;
-1.95079;
-0.905132;
-0.905192;
-0.915196;
-0.905629;
-0.905888;
-0.905985;
-0.440356;
-1.01874;
-1.933;
-1.30034;
-0.926669;
-0.907067;
-0.439501;
-0.968451;
-0.439309;
-1.00281;
-0.907106;
-2.45595;
-2.83396;
-6.34554;
-0.93062;
-1.93952;
-3.94008;
-2.02046;
-1.0328;
-3.41991;
-2.70398;
-4.03269;
-0.553548;
-1.4734;
-0.993997;
-3.90023;
-1.84337;
-1.52373;
-0.434385;
-0.938003;
-1.47486;
-0.920384;
-0.434008;
-0.920322;
-1.3075;
-0.938859;
-0.467027;
-0.929056;
-0.929134;
-0.920833;
-0.929384;
-3.11325;
-1.38519;
-0.922379;
-1.02305;
-1.42351;
-0.993576;
-2.4004;
-0.431768;
-0.431678;
-0.923811;
-0.993427;
-0.993374;
-1.48842;
-2.27235;
-2.27293;
-1.3095;
-1.87562;
-0.927077;
-1.42078;
-0.935239;
-2.44565;
-2.98065;
-1.07356;
-0.929658;
-0.929822;
-0.428733;
-0.929832;
-3.83001;
-0.931395;
-1.02844;
-6.03971;
-0.933881;
-0.994302;
-0.56032;
-1.31343;
-0.994179;
-0.934563;
-1.92277;
-1.08405;
-0.557482;
-1.85647;
-1.97132;
-0.936525;
-1.38788;
-1.03034;
-0.936981;
-2.97151;
-1.88118;
-1.07486;
-3.82922;
-0.96519;
-0.940332;
-0.94062;
-0.940848;
-0.940948;
-1.88698;
-1.9783;
-0.556598;
-0.964706;
-0.94226;
-0.942393;
-0.94258;
-1.07537;
-0.942848;
-2.33959;
-1.03286;
-0.556206;
-1.39264;
-3.46788;
-1.99784;
-0.951032;
-1.52551;
-0.420945;
-1.41096;
-4.49864;
-1.98818;
-0.949177;
-1.03507;
-3.12135;
-0.95025;
-5.00643;
-1.48831;
-0.995839;
-3.93848;
-0.954787;
-1.32414;
-1.99717;
-0.955702;
-0.567601;
-2.36848;
-1.54858;
-0.417156;
-0.417095;
-0.417059;
-0.956113;
-0.963427;
-0.995625;
-0.416678;
-0.568415;
-2.00124;
-1.4038;
-2.98533;
-0.957771;
-0.957935;
-5.12216;
-2.00273;
-0.96285;
-2.53984;
-3.02522;
-2.42788;
-2.97634;
-0.964603;
-2.51382;
-3.65951;
-0.966901;
-0.967017;
-2.41185;
-3.45754;
-0.968807;
-0.968979;
-1.41492;
-0.412013;
-0.969621;
-6.9231;
-2.02011;
-1.40319;
-0.973221;
-0.410757;
-0.410745;
-1.04503;
-1.33414;
-2.41975;
-0.974253;
-2.38125;
-3.95004;
-1.3366;
-1.33693;
-7.67184;
-0.979073;
-0.979138;
-0.408122;
-0.408065;
-0.979325;
-0.9997;
-2.4037;
-0.999888;
-1.04922;
-0.980527;
-16.1416;
-22.6231;
-0.403347;
-2.08825;
-1.96334;
-16.4603;
-1.40074;
-1.00912;
-1.97515;
-1.06259;
-10.5801;
-7.72439;
-19.973;
-2.09536;
-1.01304;
-2.4234;
-1.01269;
-6.85386;
-1.07534;
-3.42845;
-0.395546;
-9.43568;
-1.03692;
-11.4895;
-1.08073;
-1.9566;
-3.38628;
-2.43658;
-19.9355;
-2.98439;
-38.6245;
-6.42218;
-0.594379;
-7.81107;
-0.546468;
-8.29502;
-28.5429;
-15.6345;
-16.5201;
-5.74092;
-3.11522;
-20.0112;
-10.5941;
-0.60494;
-20.3204;
-10.1042;
-9.29393;
-4.31713;
-16.7624;
-5.78878;
-10.7961;
-12.5394;
-5.00996;
-1.05392;
-11.0086;
-12.1846;
-6.48013;
-10.1575;
-10.467;
-0.36636;
-7.97924;
-7.32523;
-13.2613;
-13.9858;
-15.2089;
-5.59257;
-12.9973;
-6.91255;
-13.8007;
-15.4632;
-6.04639;
-10.5909;
-1.02888;
-9.10617;
-3.56847;
-0.554012;
-6.55174;
-5.72145;
-14.0008;
-10.4591;
-3.55693;
-6.31556;
-9.93683;
-8.45173;
-0.551558;
-0.355681;
-2.98312;
-6.44317;
-8.1772;
-6.48912;
-6.69576;
-0.35447;
-6.17171;
-6.20376;
-6.36451;
-4.73468;
-5.99815;
-9.89236;
-9.91955;
-6.09565;
-4.85198;
-0.352831;
-12.6647;
-7.97084;
-7.56359;
-7.01886;
-7.78315;
-10.2736;
-5.15022;
-5.19716;
-23.0479;
-9.69148;
-17.306;
-15.2994;
-9.01173;
-8.74748;
-5.65488;
-7.38853;
-4.32691;
-6.79423;
-6.86175;
-0.656789;
-0.354602;
-23.3199;
-2.57894;
-8.149;
-8.55752;
-18.3757;
-7.01506;
-8.20376;
-17.5653;
-9.47945;
-10.1472;
-11.8129;
-7.20681;
-14.2524;
-13.4322;
-18.1035;
-14.1058;
-18.2634;
-5.32769;
-15.1035;
-5.94783;
-6.23656;
-10.2341;
-10.9353;
-9.79866;
-13.4399;
-9.04846;
-29.2698;
-10.3367;
-3.13419;
-6.2726;
-2.9714;
-23.5641;
-6.39526;
-11.037;
-3.61221;
-15.1177;
-8.33116;
-14.7194;
-21.0307;
-14.821;
-7.24418;
-9.37842;
-5.63276;
-1.06463;
-24.8445;
-11.5856;
-5.63365;
-8.80412;
-10.2589;
-19.4757;
-4.63731;
-7.81936;
-5.93598;
-4.64281;
-5.12492;
-7.8334;
-4.81501;
-5.95463;
-4.87968;
-13.7152;
-16.3508;
-6.36625;
-6.82618;
-4.82943;
-5.68578;
-1.07043;
-4.6487;
-4.6485;
-4.65081;
-6.91484;
-1.07106;
-37.0159;
-16.1863;
