-47.1747;
0.0609536;
-0.401963;
-0.120836;
0.812591;
-0.701576;
0.0613962;
-2.57029;
1.51846;
-1.23376;
-0.729562;
-0.509525;
0.0411623;
-0.925375;
-0.273016;
1.16982;
0.809859;
-0.212998;
-0.998586;
-0.509002;
-5.08393;
-3.18903;
0.232723;
-0.50834;
0.80698;
-0.240603;
-0.508162;
-1.49029;
-0.2723;
-1.15928;
-2.219;
1.26813;
-0.35119;
-0.272068;
0.804564;
-0.301284;
-4.6614;
0.803657;
-0.694573;
0.467256;
0.231256;
0.443858;
-0.507031;
-0.271757;
-0.46061;
-3.27406;
-0.271667;
0.802121;
1.51581;
1.1569;
-1.19773;
-0.506289;
-3.03377;
1.44266;
0.547194;
-0.878238;
0.546834;
0.798105;
-0.384696;
-0.504937;
-0.452095;
1.48967;
-0.872369;
-0.990616;
0.228025;
-0.87998;
-0.683927;
-0.504505;
0.443401;
0.644053;
0.794927;
-0.437345;
-2.82925;
0.755881;
0.543332;
-0.0239997;
-0.680835;
-3.88932;
1.48055;
-2.8356;
0.440225;
-1.44904;
-0.450051;
0.226258;
-0.463248;
-0.269309;
-0.298608;
0.0715715;
0.433365;
-0.502492;
-4.82003;
-0.501983;
-0.675416;
-0.115904;
-0.674945;
-0.673095;
-3.50482;
-0.582086;
-1.67947;
0.844773;
0.785051;
-0.447491;
-0.268041;
-0.120042;
-0.267993;
1.01251;
-0.184134;
-4.69923;
-0.267257;
0.074686;
1.45654;
-2.97321;
-0.498546;
0.0267537;
-0.26673;
-0.66375;
0.381107;
0.381039;
-3.59889;
1.44589;
0.774333;
1.52934;
-0.497312;
-0.646428;
0.77363;
-0.660859;
-0.861022;
-0.646292;
-0.496947;
0.941292;
-4.22217;
0.422532;
0.21649;
-0.000797819;
0.377719;
0.770662;
0.71395;
-0.658188;
0.0228321;
0.421536;
-0.265539;
2.24504;
0.0714756;
0.76957;
-0.265404;
-3.66904;
-2.41487;
-0.265009;
-1.9879;
-2.21391;
-1.58742;
-0.264563;
-0.759524;
0.764096;
-0.264333;
-0.95005;
0.0221698;
-3.46086;
-1.31113;
-0.492783;
0.760343;
1.41838;
-1.55095;
0.311833;
-0.427056;
-0.64912;
0.577984;
-1.75807;
1.08504;
-0.927457;
-4.72747;
1.42313;
1.06382;
0.753631;
-0.780485;
0.0729587;
-0.627116;
-0.64398;
0.366195;
-1.99603;
-0.0127894;
-0.600186;
-0.48944;
0.749157;
0.504857;
2.18452;
-1.75522;
-1.02801;
0.747758;
1.39366;
-0.488717;
1.23972;
-0.347328;
-0.988696;
-2.2371;
-0.487827;
0.744663;
1.38757;
0.78669;
0.738108;
-2.51179;
-0.318551;
0.741336;
0.395651;
0.740881;
0.740831;
-0.261082;
-4.12413;
-0.260996;
-0.635966;
-0.260954;
0.446286;
1.37691;
0.359365;
1.39294;
2.15504;
-2.44377;
-0.260449;
-0.485027;
-0.485015;
-0.260431;
0.24754;
-0.260267;
0.289539;
-0.655894;
0.355779;
-0.619049;
-4.29719;
-0.140761;
-2.51433;
-2.92005;
-0.432992;
-0.259021;
-1.48733;
0.726092;
-0.38001;
0.725557;
-0.672096;
0.350514;
0.0501326;
-3.11206;
0.0551189;
1.61627;
-4.66446;
1.45005;
0.187777;
-0.257859;
-0.843466;
-5.62794;
-0.479888;
-1.56123;
0.184649;
-0.622298;
-1.55598;
-0.622091;
0.750318;
2.12197;
1.32823;
0.368518;
-2.51113;
-0.605927;
-0.141151;
-0.478205;
0.187526;
-0.478098;
1.3204;
-1.58988;
-0.130678;
-0.429434;
-0.618372;
0.365593;
0.0027918;
-0.657423;
-0.534715;
-0.255699;
1.00405;
-1.97322;
-1.1186;
-0.255484;
0.705265;
-1.89591;
-0.476355;
-0.615861;
1.32435;
-0.615734;
-0.476238;
1.3235;
0.227487;
-1.83074;
-0.000356314;
-1.09058;
0.139295;
-1.9235;
-0.297859;
1.29479;
0.83322;
0.696794;
-0.42747;
-0.585658;
-1.26746;
0.329643;
0.172074;
1.28565;
-0.00368637;
-0.473211;
-0.532998;
2.01837;
-0.326634;
-0.00454216;
0.190555;
1.29655;
1.48074;
0.68938;
1.29496;
-1.0523;
0.957808;
0.688184;
-1.10692;
-0.252655;
0.1676;
-1.75888;
1.06613;
0.685939;
0.174443;
0.343367;
0.685038;
1.01139;
-0.470995;
-0.00742316;
-0.470892;
0.0322595;
1.26777;
-0.470706;
-0.470695;
0.171673;
0.396961;
-2.02052;
-0.25197;
-2.19148;
0.88132;
-0.190385;
0.678067;
-1.47882;
0.335216;
0.937285;
0.538172;
1.17336;
0.674815;
-0.251275;
0.674649;
-0.251221;
-0.468589;
-0.251186;
0.674283;
-0.600409;
-0.600369;
-0.0127229;
-0.25113;
0.463503;
1.42605;
1.24545;
0.672305;
-0.630308;
-0.817494;
1.07661;
0.670987;
-0.250781;
-0.0543825;
-0.361331;
-0.945343;
0.667809;
-0.467173;
0.667613;
-0.612411;
0.327218;
-0.656817;
-0.466861;
-0.656754;
-0.466795;
0.584172;
0.937912;
-0.193735;
0.664781;
1.22053;
0.325027;
-0.164681;
1.22785;
0.431542;
0.508033;
0.0586624;
1.24086;
0.805904;
0.66141;
1.46029;
-1.91618;
0.306231;
-1.08614;
-0.423028;
-0.464972;
-2.31945;
-0.592861;
-2.29597;
1.04338;
-5.72013;
0.14178;
0.648193;
-0.462666;
0.530163;
-0.247724;
-1.48835;
1.19565;
0.70757;
-0.807171;
-0.800898;
0.645096;
0.797724;
-0.587724;
-0.587668;
0.644444;
-0.587599;
0.425825;
1.18907;
-0.587315;
0.138826;
-0.461385;
-0.587166;
-2.10757;
-0.586727;
-2.3976;
0.640919;
0.640809;
-0.586212;
0.91161;
-0.433249;
-0.585002;
1.576;
1.17634;
-0.419933;
0.63696;
0.764939;
-0.641162;
0.636158;
-2.14854;
0.638437;
-1.80083;
-0.193352;
-0.459347;
-0.944936;
-0.45919;
1.1832;
0.632476;
0.632364;
-0.260711;
0.63141;
-0.458896;
-0.647863;
0.631049;
-0.582252;
0.630831;
-0.458737;
0.630609;
0.630498;
-0.95308;
0.629889;
-0.245365;
0.965998;
-0.458429;
0.12907;
0.0341244;
-0.245275;
0.62806;
0.62795;
-0.458194;
1.17337;
0.627539;
-0.245155;
0.627319;
0.00292326;
1.17195;
0.626816;
-0.458016;
-0.906659;
0.625812;
0.118953;
1.15261;
0.282292;
0.74482;
-0.579903;
0.624534;
1.35233;
0.62784;
-0.0408699;
0.000394081;
-0.472027;
0.622155;
0.117331;
-0.244358;
-0.578562;
-0.82425;
-0.645302;
-0.702181;
0.284322;
0.619382;
-0.24401;
1.15649;
-0.456371;
-0.456357;
0.0164025;
-0.79646;
0.617752;
-1.80712;
-0.409506;
0.698993;
-0.576255;
0.614534;
-0.417738;
0.923217;
0.613715;
-0.326985;
-0.311661;
-0.575217;
-0.94549;
1.14084;
-2.71023;
-0.0492182;
-0.764798;
0.270379;
0.571965;
0.608193;
0.608082;
-0.00917309;
0.607751;
1.45415;
0.607202;
-0.0507662;
0.113441;
-0.453989;
1.11556;
0.113136;
-0.242659;
0.94547;
0.370308;
0.340729;
-0.717575;
-0.0574205;
0.298624;
-0.416766;
1.12329;
0.602198;
1.10666;
0.658249;
-0.242099;
0.601115;
-0.790744;
0.267414;
0.600566;
-0.442492;
0.599499;
0.599388;
0.59928;
-0.869656;
0.598024;
-0.452319;
-0.452278;
0.908512;
-0.241775;
-0.45221;
0.284661;
0.260896;
1.0945;
-0.569327;
0.595605;
-0.241588;
1.10935;
0.595167;
1.70485;
-0.451755;
0.259531;
-0.568816;
-0.0183945;
-0.568709;
0.358787;
1.10565;
1.73495;
-0.0596261;
0.592751;
-0.0563917;
-0.0602789;
0.59169;
-0.567931;
1.10164;
0.591277;
-0.314335;
0.590836;
0.590725;
1.02397;
-0.24108;
1.72557;
0.39901;
1.09732;
0.589092;
1.72236;
0.588651;
0.254957;
-0.240862;
-1.01103;
-1.14306;
-0.45053;
1.69676;
-0.762297;
-0.565946;
-0.268607;
-0.450118;
0.424882;
1.24337;
-0.359063;
0.583522;
-0.449856;
-1.03418;
-0.81954;
1.08256;
-0.547071;
0.580152;
0.58004;
-0.068125;
-0.564177;
0.551617;
0.578965;
-0.240038;
1.69247;
0.896629;
0.934873;
-0.563462;
0.34288;
0.246347;
0.788288;
-0.239853;
0.0914237;
0.576316;
1.31234;
1.06986;
0.575348;
1.02968;
0.574794;
1.06807;
-0.23857;
-0.448222;
1.21571;
1.06582;
-0.322713;
0.573036;
0.338498;
-0.447975;
-0.219694;
-0.914573;
1.06093;
1.06048;
-0.694749;
0.879891;
-0.447399;
1.04192;
-0.320086;
-1.03927;
1.05335;
0.567235;
-0.446933;
0.082984;
-0.446777;
-1.63336;
-0.261531;
1.04835;
1.03219;
-0.362404;
-0.446212;
-0.326868;
0.997268;
0.562915;
0.328757;
-0.917206;
1.02661;
0.561812;
-1.61062;
0.227408;
1.03963;
-0.042437;
-0.55798;
-0.238731;
0.145464;
-0.145213;
0.559307;
-0.445412;
0.559089;
0.733274;
0.385164;
0.558207;
0.226209;
-0.557237;
0.557763;
-0.557171;
-0.038534;
-0.238521;
0.626912;
-0.343701;
0.223771;
0.555401;
0.654218;
-0.556089;
0.228098;
-0.0859342;
0.554179;
1.02611;
-0.444383;
-0.444362;
-0.0474402;
0.553403;
-0.777783;
-0.395317;
0.825112;
-0.413978;
0.225811;
-0.616027;
-0.0494472;
0.315792;
-0.237919;
1.00203;
0.2241;
-0.554462;
0.252223;
0.613121;
-0.554186;
-0.23784;
0.548309;
-0.554072;
-0.554032;
-0.518886;
0.546797;
0.65298;
0.0679835;
-0.442958;
-0.200635;
-0.0537185;
0.544876;
0.811388;
-0.442633;
-0.442618;
-1.48948;
0.542562;
0.601993;
0.30346;
-0.442088;
0.21746;
0.541126;
-0.0954366;
-1.75246;
-0.0963267;
-0.219632;
-0.088039;
0.978143;
-0.236714;
0.537778;
0.877716;
0.537227;
-0.23665;
0.537005;
0.536893;
0.536783;
0.536673;
0.390849;
1.27223;
0.535681;
0.988409;
0.535347;
0.987728;
0.535019;
-0.549954;
-0.302978;
-0.549747;
0.534157;
-0.440827;
-0.236447;
0.533823;
0.533711;
0.64511;
-0.549354;
-0.440676;
0.210441;
0.532602;
-0.540059;
-0.236328;
-0.771727;
-0.743034;
0.978666;
0.80286;
0.962255;
-0.262043;
-0.103613;
0.5295;
-0.439993;
-1.36851;
0.1948;
0.19715;
0.295926;
0.957976;
0.0339356;
0.527611;
0.527498;
-0.439661;
0.040396;
-0.235924;
-0.0601159;
-0.844218;
-0.439347;
0.525991;
-0.547428;
1.53772;
0.892544;
0.524996;
-0.107181;
-0.235758;
0.524551;
0.322327;
0.524001;
0.203197;
0.523675;
0.0502453;
0.291188;
-0.546686;
0.0497918;
-0.235705;
0.522691;
-0.235675;
-0.54648;
0.190977;
0.52214;
-0.420403;
0.943661;
-0.235578;
0.520822;
0.942767;
0.579469;
0.519847;
-0.235582;
-0.334093;
1.05987;
-0.808614;
1.51554;
0.517887;
-0.503404;
0.185959;
-1.2637;
-0.544915;
1.442;
-0.544745;
1.43968;
0.515497;
0.931982;
-0.193363;
0.514313;
0.514201;
0.514091;
0.571492;
-0.43681;
-0.453338;
-0.235292;
0.280708;
0.512224;
0.512112;
1.4973;
1.16532;
-0.543443;
-0.543439;
0.511002;
0.510892;
0.510784;
0.510676;
0.510565;
0.510453;
-0.598219;
0.177765;
1.48897;
0.508822;
-0.163967;
-1.17443;
0.507106;
0.506994;
0.929353;
0.506662;
0.839523;
0.189038;
0.0361465;
-0.541955;
0.173849;
-0.541864;
0.505227;
0.505119;
0.50501;
-0.234877;
-1.69794;
-0.541185;
0.633305;
-0.0764163;
-0.2348;
0.501841;
-1.08172;
1.46366;
0.500201;
0.361043;
0.514373;
1.45915;
0.498663;
-0.234596;
0.898124;
-1.02738;
1.45367;
0.496789;
0.496681;
-0.433442;
0.496462;
0.720859;
0.496024;
0.495912;
-0.5394;
1.11663;
0.495269;
0.49516;
0.505996;
0.904043;
-0.386128;
0.902915;
-0.538854;
0.5174;
1.44274;
0.493072;
0.157751;
-0.432644;
-0.432622;
-0.410578;
0.492304;
0.899065;
0.885195;
-2.41125;
-0.432164;
0.260616;
0.983685;
1.43082;
0.245737;
-0.537478;
-0.431776;
-0.537416;
0.890925;
-0.537332;
-0.156786;
0.875956;
0.50592;
0.414578;
-0.0996294;
0.486042;
0.632389;
-0.536684;
-0.431229;
0.713797;
0.884329;
-0.536478;
0.870662;
0.484496;
0.484387;
0.484277;
-0.390911;
0.961256;
0.483396;
-0.430799;
0.880466;
0.867129;
-0.53597;
-0.102548;
0.482398;
-0.410452;
-0.140336;
0.481842;
0.706582;
0.705989;
-0.0046284;
0.875502;
1.40486;
0.48021;
0.703393;
0.0153406;
-0.430049;
-0.233669;
0.859886;
0.872087;
0.478881;
1.09657;
0.478331;
-2.78774;
-0.534476;
0.754672;
1.39163;
0.865202;
-0.401957;
1.38801;
-0.233494;
0.474454;
0.0109927;
0.482864;
0.611664;
1.38376;
0.473138;
0.473028;
0.247025;
0.140056;
0.162518;
0.472033;
0.471926;
-0.233305;
0.35096;
-0.42849;
0.459123;
-0.428399;
0.203612;
-0.532779;
-0.0687379;
0.839821;
0.469062;
-0.614489;
0.0769886;
-0.427818;
0.00563241;
0.467519;
0.467406;
0.467294;
0.467183;
-0.233114;
-0.427681;
0.599714;
0.46919;
0.466192;
-0.427496;
-0.233023;
0.465858;
0.465749;
-0.42743;
-0.531592;
-0.232994;
0.465308;
0.843391;
-0.531452;
0.842703;
-0.23302;
0.156413;
0.464314;
0.234617;
-0.232939;
0.155866;
-0.311671;
0.82771;
0.838839;
0.154997;
0.462588;
-0.232913;
-0.232925;
0.462257;
1.04571;
-0.426764;
-0.411344;
0.460627;
0.460518;
0.821976;
0.46019;
0.821304;
0.459859;
0.459751;
-0.529962;
0.831552;
0.459315;
0.459206;
-0.529841;
0.458986;
0.458878;
-0.42634;
0.125784;
0.350893;
-0.52956;
-1.03272;
-0.529343;
0.457248;
0.45714;
-0.232759;
0.456927;
0.698295;
0.813795;
0.123209;
-0.123957;
0.772528;
-0.695692;
-0.232623;
0.453902;
0.453792;
-0.528326;
-0.425491;
0.453467;
0.688288;
-1.15225;
-0.57964;
0.539938;
-0.232478;
-0.527637;
0.451401;
-0.229833;
-0.425191;
-0.527451;
0.450752;
0.450641;
0.812685;
0.536845;
0.44999;
0.449882;
-0.443221;
-0.363861;
-0.526729;
0.532727;
-0.424778;
0.110539;
-0.130798;
-0.526452;
-0.424663;
-0.232305;
0.446946;
-0.168547;
0.446617;
0.217461;
0.793282;
0.40989;
-0.639608;
-0.424291;
-0.525863;
0.44466;
0.53684;
0.443899;
-0.232272;
-0.232268;
0.787742;
-0.232246;
-0.525448;
-0.134443;
0.442927;
0.84564;
0.442385;
0.442277;
-0.562069;
0.627024;
0.441402;
-0.232232;
-0.232228;
0.441078;
-0.524837;
0.782219;
0.781778;
0.440423;
-0.173842;
-0.42359;
-0.017266;
-1.58286;
0.439014;
-0.423422;
0.438797;
0.438688;
0.787573;
0.787125;
0.438146;
-0.342231;
0.437716;
0.278891;
-0.373418;
0.403816;
0.436302;
-0.523452;
0.510087;
-0.422981;
-0.749588;
0.614238;
0.191744;
0.434683;
0.434574;
0.599348;
-0.23195;
0.434031;
0.768106;
-0.0808122;
-0.231961;
1.26153;
0.432832;
-0.232007;
0.433387;
0.203373;
0.43185;
-0.422357;
-0.0241945;
0.431418;
0.537193;
0.430992;
0.430883;
0.430775;
0.430665;
0.430556;
0.77049;
-0.521939;
-0.232017;
-0.42204;
-0.521868;
0.429793;
0.75945;
0.429467;
0.429359;
0.42925;
0.429141;
-0.0586963;
0.766612;
1.2468;
-0.231938;
0.427943;
0.494537;
0.605092;
0.753258;
0.0922449;
0.426196;
-0.421556;
-0.231866;
-0.520699;
-0.520659;
0.425651;
-0.148707;
0.795619;
-0.52043;
-0.149333;
-0.421316;
0.424456;
0.424348;
0.748386;
0.757037;
-0.520172;
-0.421204;
0.423583;
0.423474;
-0.231783;
0.423256;
0.755187;
0.422928;
0.422819;
0.0883859;
0.422488;
1.22837;
0.422051;
-0.519737;
0.743487;
-0.231776;
-0.4209;
-0.51961;
0.421284;
0.421176;
0.421069;
-0.231777;
-0.231784;
0.0862925;
0.740817;
-0.407697;
0.73993;
-0.519235;
-0.190659;
0.419538;
0.419427;
-0.519125;
0.478289;
-0.420487;
0.58008;
-0.231733;
0.418335;
-0.231729;
0.418116;
-0.518795;
0.417897;
0.417788;
-0.313944;
0.417251;
0.417141;
0.41703;
-0.0720881;
0.416599;
0.0913835;
0.361924;
-0.231618;
-0.518094;
0.415287;
0.738452;
0.507877;
0.414631;
0.414519;
0.369866;
-0.517823;
-0.517807;
-0.419745;
-0.517739;
-0.419726;
0.735001;
1.20051;
-0.419641;
-2.49703;
-0.516986;
0.720164;
0.727909;
-0.419148;
-0.419121;
-0.419114;
0.40962;
0.71839;
-0.231556;
-0.829974;
0.161915;
0.714582;
-0.418735;
-0.418709;
-0.23155;
0.4071;
0.406988;
0.713023;
-0.418589;
0.406558;
0.406448;
-0.231565;
-0.516055;
-1.42572;
0.709693;
-0.515769;
0.254267;
-0.515668;
-0.231522;
-0.231512;
0.502393;
0.40384;
0.40373;
0.403623;
0.0682468;
0.403287;
-0.0592288;
1.1676;
0.711364;
0.402087;
-0.628289;
0.401092;
0.70104;
-0.417714;
-0.514846;
-0.417673;
0.400433;
-0.514781;
-0.514754;
0.400107;
0.0646866;
0.399777;
-0.417547;
-0.41754;
0.399451;
1.15749;
0.399014;
0.398905;
0.704003;
0.696188;
-0.41736;
0.398248;
0.398138;
0.702388;
0.523889;
-0.417231;
0.397374;
0.397267;
0.397157;
0.700317;
-2.14677;
-0.416893;
-0.416874;
-0.416863;
0.394857;
-0.416807;
0.394643;
-0.231265;
-1.79205;
-0.0559732;
0.0402819;
0.0982666;
0.392462;
-0.2312;
-0.512923;
-0.107652;
-0.41624;
-0.416228;
0.681433;
0.391037;
-0.512615;
0.290345;
-0.512453;
0.615935;
-0.23117;
-0.0592994;
0.683575;
-0.231153;
-0.231169;
0.388651;
0.517948;
0.388212;
0.0473706;
0.19985;
-0.708563;
-0.138181;
0.0934248;
-2.32593;
-0.18333;
0.668443;
1.11233;
-0.511129;
-0.231117;
0.384059;
-0.0637771;
0.383729;
0.38362;
-0.231084;
-0.0551804;
-0.0358052;
0.669546;
-0.414773;
-0.0926619;
0.381542;
0.661548;
0.504764;
0.129916;
0.288602;
0.379686;
-0.510111;
-0.510088;
0.379358;
0.0435628;
-0.230963;
0.668945;
-0.595652;
0.654989;
0.378051;
1.09196;
-0.230844;
0.377503;
0.377393;
-0.509502;
-0.509473;
0.377066;
0.376957;
0.376845;
0.376734;
0.376627;
0.657134;
0.376294;
0.376187;
0.650473;
0.375861;
0.375751;
0.375642;
0.375529;
0.375419;
-0.509016;
0.375195;
0.422454;
0.374426;
0.374313;
0.374203;
0.374092;
0.475461;
0.373654;
1.07856;
0.373217;
1.07722;
-0.230633;
-0.508509;
0.372558;
-0.41339;
-0.413363;
0.64252;
-0.230661;
0.371905;
0.371795;
-0.413255;
1.07252;
0.371242;
-0.230647;
0.371021;
0.370911;
0.3708;
-0.413109;
0.286072;
-0.120124;
-0.230642;
0.142541;
0.369592;
-0.0758951;
0.369258;
-0.737418;
-0.0763531;
0.0320658;
0.634331;
-0.704798;
0.367501;
0.0782721;
-0.451276;
-0.230655;
0.366745;
-0.0782386;
0.635895;
0.377353;
0.365871;
0.62912;
-0.736837;
0.0766607;
0.133831;
-0.230557;
0.364549;
0.364439;
0.631491;
0.625701;
0.0770154;
-0.411967;
0.363348;
-0.230595;
0.363132;
-0.230607;
0.0273416;
0.628031;
0.362478;
-0.411759;
-0.230637;
0.362142;
1.04335;
0.3617;
-0.411637;
0.361483;
0.361374;
0.625015;
0.693704;
0.172524;
0.360286;
-0.230649;
0.360064;
0.359954;
0.616762;
0.359626;
0.359515;
0.606986;
-1.86395;
-1.11761;
0.355993;
0.35588;
-0.410658;
0.613195;
-0.230575;
-0.230591;
1.02252;
0.354894;
0.354787;
-0.505027;
-0.921034;
0.354024;
-1.62014;
0.353369;
-0.50481;
0.108437;
-0.504677;
0.352607;
-0.410085;
0.260616;
-0.23047;
0.351617;
0.351505;
0.387828;
-0.409855;
0.350847;
0.350739;
0.602569;
0.602105;
0.350188;
1.00677;
0.349747;
-0.23049;
0.392014;
-0.237552;
0.0644778;
0.348535;
0.348427;
0.348313;
-1.02208;
0.0407867;
-0.230468;
0.590575;
0.340843;
-0.451636;
0.346446;
0.346337;
0.346228;
0.346115;
0.346004;
0.345894;
0.430196;
-0.587698;
0.344789;
0.990263;
0.58436;
0.344124;
0.344013;
0.426372;
0.986892;
0.343248;
0.343135;
-0.723175;
0.332247;
-0.734211;
0.0596322;
-0.502792;
0.583748;
0.57838;
-0.408267;
-0.00189984;
0.340932;
0.328883;
-0.230204;
0.0201448;
0.339395;
0.446338;
0.338623;
-0.502163;
0.338399;
-0.407783;
0.338184;
0.57126;
0.969415;
0.337527;
-0.0498401;
-0.407581;
0.568721;
0.336644;
-0.501816;
0.336428;
-0.407469;
0.33621;
0.3361;
-0.501726;
0.335882;
-0.23012;
-0.501672;
-0.00772381;
-0.50162;
0.335218;
0.540656;
-0.407167;
0.959304;
0.334221;
-0.520108;
-0.230038;
-0.230043;
0.333452;
-0.23005;
-0.501372;
0.333119;
-0.40692;
0.332893;
0.953893;
0.0526094;
0.332231;
-0.406766;
-0.194159;
0.949526;
0.33102;
0.088898;
0.33025;
0.330137;
0.330024;
-0.231754;
-0.536336;
0.51955;
-2.53126;
-0.497065;
0.326387;
0.326276;
0.126567;
-0.22968;
-0.229681;
0.325396;
-0.405684;
0.544315;
0.548376;
0.929312;
0.701427;
0.323852;
-0.00956507;
0.32352;
0.0336297;
0.923935;
0.54347;
-0.229531;
0.542765;
-0.499502;
0.29747;
0.321532;
-0.0472758;
0.688027;
0.320433;
-0.229445;
-0.40485;
0.320102;
0.319992;
-0.499104;
-0.499096;
0.319658;
0.536927;
0.319319;
-0.404691;
0.319092;
-0.229336;
0.318869;
0.318756;
0.91079;
0.318309;
0.48746;
0.317754;
0.317641;
0.317533;
-0.404473;
-0.295875;
0.527046;
0.31666;
-0.221622;
-0.545401;
-0.498413;
0.315332;
0.315221;
0.276328;
-0.498313;
-0.404024;
-0.121152;
0.314229;
-0.49819;
0.353917;
0.313677;
0.313568;
0.313458;
0.313349;
-0.21361;
-0.122442;
-0.281989;
0.892019;
-0.60842;
0.51574;
0.515285;
0.311026;
0.310916;
-0.228953;
0.310694;
0.310583;
-0.124468;
0.517336;
0.152317;
0.511142;
0.25767;
0.308607;
-0.403051;
0.352588;
-0.404943;
0.307389;
0.307278;
0.307169;
0.30706;
0.306951;
0.306837;
0.50583;
0.306503;
-0.771114;
-0.257523;
0.305399;
0.305289;
0.305181;
-0.129017;
0.624607;
0.208399;
-0.402306;
0.303748;
-0.496569;
0.448496;
0.502146;
-0.228706;
0.302755;
-0.402133;
-0.496359;
0.302421;
0.0757314;
-0.496297;
0.301981;
0.439411;
0.442394;
0.497713;
-1.63353;
0.299886;
0.299776;
0.299665;
0.490851;
-0.228574;
-0.259909;
-0.134074;
-0.995844;
0.488344;
0.298128;
-0.095471;
0.297579;
0.490276;
0.297247;
0.297134;
-0.495364;
-0.228446;
0.84433;
0.29647;
-0.495195;
0.296255;
0.184195;
-0.495122;
0.295585;
0.0448137;
-0.494961;
-0.400939;
0.29471;
0.2946;
-0.0366642;
0.294264;
0.294155;
0.483064;
-0.494816;
0.293705;
-1.3115;
-0.538861;
0.291932;
-0.228171;
-0.400444;
0.474308;
-0.228135;
0.291272;
0.477005;
-0.498586;
0.290614;
-0.494172;
0.290392;
0.29028;
-0.228096;
0.290058;
0.289947;
0.0635307;
-0.494017;
-0.400081;
-0.575924;
0.288947;
0.561865;
0.559672;
0.816804;
0.287398;
-0.493556;
-0.493547;
0.464888;
-0.227801;
-0.404298;
0.309555;
-0.0443985;
0.456143;
-0.39955;
-0.493137;
0.285191;
-0.305965;
-0.230904;
0.284305;
0.458929;
0.0288428;
0.283639;
-0.399297;
0.283417;
0.283305;
0.283193;
0.28308;
-0.0615147;
0.282748;
0.282639;
-0.492569;
0.45525;
0.444733;
0.281754;
0.281645;
0.281537;
0.281424;
0.117307;
-0.398963;
0.28087;
0.795688;
0.451112;
0.280206;
0.280096;
0.114751;
-0.125226;
-0.443968;
-0.150905;
0.278439;
0.788328;
-0.491577;
0.277884;
-0.063686;
-0.398509;
0.277222;
-0.398473;
0.784306;
0.0118911;
0.276448;
0.276338;
-0.398368;
0.276117;
-0.491174;
0.275894;
-0.278109;
0.275226;
0.276686;
0.274782;
0.274669;
0.776904;
0.274222;
0.10357;
0.273781;
0.273668;
0.436887;
-0.563482;
0.272559;
0.272445;
0.770165;
-0.226763;
0.271882;
-0.226745;
0.432959;
-0.77924;
-0.490076;
-0.355834;
0.00669082;
0.269453;
0.26934;
-0.375368;
-0.226577;
-0.489662;
0.268345;
-0.397375;
0.425632;
0.267898;
0.756367;
-0.226535;
0.343373;
0.753678;
-0.397142;
-0.48929;
0.259411;
0.750993;
0.265677;
0.265566;
0.265453;
0.26534;
-0.0902711;
0.264789;
0.256159;
0.264346;
0.264236;
0.420323;
0.263903;
0.26379;
0.26368;
-0.0652437;
0.263344;
-0.226262;
0.418227;
-0.488661;
0.262787;
0.262676;
0.414115;
0.262346;
-0.493058;
0.261463;
-0.226165;
-0.48827;
0.261128;
-0.226166;
-0.488204;
0.260796;
-0.396348;
0.260573;
0.260463;
0.260354;
0.176301;
-0.396262;
-0.226112;
0.259676;
0.259562;
0.259446;
0.259333;
-0.487819;
0.259109;
-0.103594;
0.258535;
0.258419;
0.258305;
0.258192;
0.0324404;
-0.0705349;
-0.226089;
0.230459;
-0.0711455;
0.405474;
0.256701;
-0.844665;
-0.997416;
-0.225984;
0.254526;
-0.487072;
-0.509252;
0.253616;
0.253502;
-0.225971;
0.253269;
-0.486873;
0.253038;
-0.395128;
0.252805;
0.252686;
0.252572;
0.252455;
-0.092499;
0.252104;
0.251985;
0.0621979;
-0.394843;
-0.302101;
0.251174;
0.251058;
0.250939;
0.250824;
0.250708;
-0.486414;
0.70461;
-0.225906;
0.345127;
0.249548;
0.387663;
0.249196;
-0.225859;
0.248963;
0.699828;
0.248494;
0.248375;
0.214521;
0.24791;
-0.394098;
0.247676;
0.696072;
-0.393982;
0.247098;
0.24698;
0.246865;
0.246746;
0.38481;
-0.393829;
0.24628;
-0.178344;
0.245692;
-0.0406473;
0.379364;
-0.485436;
0.0200458;
0.244653;
-0.225548;
0.24442;
-0.393403;
0.244188;
-1.7466;
-0.485045;
0.242906;
0.242788;
0.242671;
0.242556;
0.242438;
0.242323;
0.373381;
0.241969;
0.241853;
-0.0131781;
0.211687;
-0.343035;
0.240913;
-0.484763;
-0.484756;
-0.225308;
0.240445;
0.240327;
-0.225288;
-0.311771;
0.239859;
0.239741;
0.239625;
-0.484609;
-0.392419;
-0.392399;
-0.979292;
0.238228;
0.238111;
0.254784;
0.237522;
0.237404;
0.237285;
0.365923;
0.236935;
0.236819;
-0.346809;
-0.484136;
0.338942;
-0.484074;
-0.361294;
0.235186;
-0.316167;
0.35448;
0.234252;
-0.224934;
0.0312811;
0.233678;
-0.391232;
-0.178867;
0.652258;
0.232281;
0.232162;
0.650536;
0.231696;
0.231577;
-0.483298;
-0.224793;
0.231224;
-0.0940544;
0.230873;
0.19151;
-0.390625;
0.23029;
0.230171;
0.230052;
-0.114295;
0.350984;
0.22947;
-0.482978;
0.229237;
0.229118;
-0.224583;
0.228882;
0.228765;
0.228646;
-0.482901;
0.228411;
0.228293;
0.228178;
0.228062;
0.347472;
0.227712;
-0.390076;
0.344281;
0.227246;
0.0192859;
0.226777;
0.226658;
0.344664;
0.226306;
-0.482554;
0.226072;
0.225954;
-0.193475;
0.113954;
0.225257;
0.22514;
-0.264795;
0.224553;
0.00181745;
0.223623;
-0.14789;
-0.0513538;
0.222211;
0.222092;
-0.481988;
-0.481981;
0.168907;
-0.122634;
-0.38879;
0.22104;
-0.102883;
0.33298;
0.220453;
0.332278;
-0.388582;
0.329476;
0.219757;
0.330878;
0.219403;
0.102588;
0.21894;
-0.196521;
0.218355;
0.218237;
0.218118;
0.218002;
0.325321;
0.217652;
-0.481271;
0.217422;
0.217303;
0.196328;
-0.387925;
-0.00633744;
-0.270415;
0.216013;
0.215898;
0.215783;
0.320931;
0.0956274;
-0.460727;
-0.480751;
0.214387;
-0.804142;
0.213336;
0.213217;
-0.587575;
0.212286;
-0.131619;
-0.223602;
0.211819;
-0.223586;
0.0887173;
0.211231;
-0.480283;
0.210997;
0.210879;
0.210764;
0.210648;
-0.386712;
-0.223513;
0.210296;
-0.386639;
-0.223478;
-0.0352545;
0.258739;
-0.479919;
0.181338;
0.208664;
0.208549;
0.20843;
0.208316;
0.208199;
-0.93254;
0.207504;
-0.223297;
0.306112;
-0.386031;
-0.223265;
-0.479526;
0.206682;
-0.223279;
0.302699;
-0.137363;
-0.385834;
0.205866;
0.205747;
0.301085;
-0.223209;
-0.385675;
-0.479267;
-0.223191;
0.169593;
-0.653922;
-0.223058;
0.203637;
-0.223031;
0.203407;
-0.223014;
0.296228;
0.20294;
0.202822;
-0.345083;
-0.478732;
-0.345291;
0.136497;
0.292301;
0.558945;
0.200605;
0.200486;
-0.384749;
0.200249;
0.200131;
0.200016;
0.199899;
0.199782;
0.199664;
0.199549;
0.29036;
0.289886;
0.198959;
0.19884;
0.287442;
0.198492;
0.198373;
-0.22264;
-0.222632;
0.198021;
0.549862;
-0.478189;
-0.216347;
0.197204;
0.197085;
-0.205767;
0.196259;
-0.222486;
-0.478031;
0.182496;
0.195316;
-0.814714;
0.194473;
-0.218856;
0.27839;
0.193882;
0.537623;
0.193413;
-0.222249;
0.193173;
-0.383252;
0.192937;
0.192816;
0.192695;
0.276679;
0.533448;
0.191994;
0.191873;
0.191752;
0.53133;
0.19127;
0.191148;
0.191027;
0.190908;
-0.355312;
0.190553;
0.190434;
0.527472;
0.526419;
0.189607;
0.270558;
0.189256;
0.197104;
-0.221893;
0.114318;
-0.382174;
-0.477182;
0.187934;
0.266114;
-0.22182;
-0.47709;
-0.221805;
-0.358496;
0.186987;
0.18687;
0.186749;
0.516612;
0.186268;
0.186147;
0.186026;
0.185908;
-0.0353909;
-0.221679;
0.18544;
0.185323;
-0.476834;
0.260788;
0.184839;
0.184718;
0.0405269;
0.184249;
0.184128;
-0.593329;
0.183658;
0.183536;
0.257532;
-0.0575659;
-0.362489;
-0.791581;
0.182102;
0.181981;
0.18186;
-0.229066;
0.181498;
0.181376;
-0.476559;
0.181137;
0.181019;
0.0977466;
0.180536;
0.180418;
0.498012;
-0.476405;
0.179828;
-0.380306;
0.179586;
0.179464;
0.0947696;
0.178993;
0.49379;
-0.380048;
0.178394;
0.178275;
0.491684;
-0.163109;
0.177447;
-0.221167;
0.245473;
0.176971;
0.244776;
0.24508;
0.176369;
0.176248;
0.244145;
-0.379433;
0.175775;
-0.0588875;
0.175414;
-0.221039;
0.175176;
0.175054;
0.174935;
0.174814;
0.0860686;
-0.475877;
-0.0728322;
0.239653;
0.17362;
0.173498;
-0.378842;
-0.475763;
0.173152;
0.237362;
0.172798;
0.172678;
0.172557;
0.172444;
0.172324;
-0.378599;
-0.220813;
-0.259644;
0.171489;
-0.378427;
0.171255;
-0.278461;
0.170655;
0.232502;
-0.378178;
0.170179;
0.170058;
-0.567701;
-0.378013;
0.169457;
-1.50967;
-0.37771;
-0.220515;
0.167916;
0.167795;
0.167683;
-0.377572;
0.226939;
0.0739437;
0.166849;
-0.474975;
-0.220456;
0.166487;
0.166367;
-0.377257;
-0.377228;
0.166014;
0.165892;
0.165773;
0.165652;
-0.377081;
-0.377057;
0.222633;
0.16505;
0.164928;
-0.220348;
0.164686;
0.164569;
-0.376842;
0.164335;
0.164217;
0.164098;
0.163977;
0.163856;
0.0555501;
0.16326;
0.163139;
0.217898;
-0.474661;
-0.376424;
0.162542;
0.162424;
-0.275969;
0.161582;
-0.376159;
0.161339;
0.161218;
0.161097;
0.160979;
0.160858;
0.0469518;
0.0446399;
0.159548;
0.210927;
-1.07235;
0.208148;
-0.219779;
0.15763;
0.15751;
0.157392;
0.15727;
0.157149;
-0.47411;
0.156917;
0.156795;
-0.375098;
-0.474083;
0.156435;
0.156313;
0.156192;
0.204231;
0.15583;
-0.158304;
0.155474;
-0.374797;
-0.0113892;
0.202124;
0.154637;
0.154515;
0.154397;
0.154284;
0.154169;
0.154048;
0.153926;
0.200042;
0.153567;
0.199347;
0.153206;
0.198654;
0.15285;
0.152729;
-0.39022;
0.152368;
-1.05883;
0.151288;
0.194455;
-0.532153;
-0.373701;
0.0517141;
0.192353;
0.149607;
-0.219041;
-0.47354;
0.149248;
0.190381;
0.190484;
0.148646;
0.148524;
0.148403;
-0.218889;
-0.37322;
0.148047;
0.147927;
-0.0724701;
-0.395142;
0.14733;
0.187227;
-0.218759;
0.146848;
0.146727;
0.146606;
-0.47339;
-0.383819;
0.145637;
0.145516;
0.145394;
0.145281;
-0.218603;
0.183028;
0.144799;
0.144678;
-0.372395;
-0.218535;
0.144318;
0.144203;
0.391081;
-0.515918;
0.179536;
0.142999;
0.178848;
0.142648;
0.142527;
0.142405;
0.142288;
-0.257919;
0.141689;
0.141568;
0.141452;
0.141332;
0.141215;
0.141093;
-0.367695;
0.14038;
0.140262;
-0.472883;
-0.218321;
0.172015;
0.139667;
-0.262102;
0.139313;
-0.371194;
0.139074;
0.138957;
-0.371122;
0.138719;
0.138598;
0.138476;
0.138355;
-0.370985;
0.138112;
-0.494343;
0.137638;
0.13752;
-0.370794;
0.137279;
0.137167;
-0.472565;
-0.218069;
-0.218065;
0.136693;
0.136572;
0.136451;
0.136332;
0.136211;
-0.174751;
-0.370448;
0.135727;
-0.241781;
0.135247;
0.135126;
0.135004;
-0.217887;
0.163071;
0.134523;
0.161045;
0.134168;
0.134046;
0.133925;
0.161215;
0.00554288;
-0.36986;
-0.369833;
-0.0371436;
0.13236;
0.00291433;
0.131874;
0.0123572;
0.1314;
0.131279;
0.352879;
0.130798;
0.130679;
0.130557;
-0.472169;
0.130315;
0.130196;
0.130074;
-0.632718;
0.347908;
0.346844;
0.345773;
0.12839;
0.128269;
0.150258;
0.148078;
0.127674;
0.127559;
-0.217345;
0.146896;
-0.471932;
-0.471905;
0.126837;
-0.368364;
0.126594;
0.126477;
0.126356;
0.14473;
0.125994;
0.145834;
-0.436911;
-0.471848;
0.142316;
0.124789;
0.124673;
-0.217144;
-0.0243808;
-0.417711;
0.123711;
0.141419;
0.123364;
0.138774;
0.123003;
-0.312829;
0.122401;
0.12228;
0.122163;
0.13637;
0.12181;
0.121688;
0.121567;
0.121446;
0.136994;
-0.367108;
0.120961;
0.120841;
0.120719;
-0.276717;
0.120364;
0.120244;
0.120123;
0.319898;
0.119653;
-0.216777;
0.11941;
0.119289;
0.119167;
0.119047;
0.118925;
0.118804;
-0.216728;
0.118562;
0.118446;
0.118331;
0.118212;
0.11809;
0.117969;
-0.10179;
-0.0122568;
0.117258;
0.117139;
0.117027;
0.116911;
0.116799;
0.116678;
0.116557;
-0.471144;
0.116317;
0.116202;
0.116081;
0.11596;
0.115839;
0.115718;
0.115597;
0.115475;
0.115354;
-0.47111;
0.115112;
-0.106887;
0.114392;
0.114271;
0.114151;
0.11403;
0.113909;
-0.216286;
0.113667;
0.113545;
0.300406;
-0.178794;
0.112705;
0.112583;
0.112462;
0.112341;
0.11928;
-0.453549;
-0.216106;
0.111613;
0.111492;
0.117642;
0.111139;
0.111017;
0.116707;
-0.470958;
0.110535;
0.110414;
0.110295;
0.110174;
0.110055;
0.112212;
-0.36459;
0.109572;
-0.0265069;
0.109086;
0.108965;
0.108843;
-0.364374;
-0.432404;
0.108362;
-0.105681;
-0.470864;
0.107636;
0.107514;
0.107393;
-0.188806;
0.106907;
0.106794;
0.106676;
0.108306;
0.106312;
0.106191;
0.106071;
0.105949;
0.105828;
0.277573;
-0.215548;
0.105222;
0.105102;
-0.470735;
0.104868;
0.274732;
0.104386;
0.103869;
0.104031;
-0.215425;
0.103788;
0.103667;
0.103545;
0.103424;
-0.0858;
0.102823;
0.268692;
0.10235;
0.0968327;
0.0994376;
0.101755;
0.101636;
0.265159;
0.101155;
-0.186999;
0.100429;
-0.236722;
0.100074;
-0.440718;
0.0997203;
0.0995989;
-0.362321;
0.0993556;
0.0992366;
-0.362215;
0.098995;
0.0988751;
0.0987536;
-0.47034;
0.0985195;
0.0984056;
-0.362022;
0.0887473;
0.097933;
-0.427765;
0.0973253;
0.0972059;
0.0899144;
0.0894458;
-0.429578;
0.0961223;
0.0844133;
0.0957665;
0.0956446;
0.0955231;
0.0954016;
0.09528;
0.0861734;
0.0949175;
0.0947957;
-0.38308;
0.0845307;
-0.214484;
0.0939504;
-0.137702;
0.0933502;
0.093232;
0.0931126;
0.0929907;
0.0928692;
-0.115713;
-0.323593;
0.237443;
0.0917746;
0.091653;
0.0915349;
-0.360297;
-0.214117;
0.0911699;
0.0910483;
0.0909268;
-0.360146;
-0.214029;
0.0905652;
0.090447;
-0.117425;
0.0900842;
0.0899623;
0.0898405;
0.0897223;
0.0896004;
-0.469712;
-0.469716;
0.0892374;
0.089118;
0.0889986;
0.0888771;
0.073708;
0.0885138;
0.088393;
0.0690368;
0.0880281;
0.0720539;
0.0876684;
0.0675911;
0.0873036;
-0.469596;
0.0870606;
0.0869427;
0.086821;
-0.44245;
0.064944;
0.0859737;
-0.469517;
-0.655907;
0.0848841;
-0.21323;
0.0846407;
-0.251354;
-0.213188;
0.084154;
0.0606042;
0.0837891;
0.0836672;
0.0835459;
-0.469454;
-0.135287;
0.0830596;
0.0829379;
0.0828162;
0.0826944;
-0.21988;
-0.469447;
0.0822099;
0.0820881;
0.0819666;
-0.469449;
0.0817231;
0.0816015;
0.205755;
-0.357753;
-0.469419;
-0.0763922;
0.0805133;
0.0803937;
0.0802756;
-0.357502;
0.0800326;
-0.212607;
0.0797912;
0.0796695;
0.0516815;
-0.357293;
0.0791833;
0.0790613;
0.198203;
-0.469313;
0.0784527;
0.0783308;
0.0782095;
-0.212344;
0.0779696;
0.0778479;
-0.469261;
0.0776065;
0.0774852;
-0.212263;
-0.356788;
0.0771241;
0.0770025;
0.0768811;
0.0767593;
0.0500649;
0.0495891;
-0.0847742;
0.0442504;
-0.243492;
0.0751809;
-0.693517;
-0.469145;
-0.211883;
0.0742131;
0.0740927;
0.0739732;
0.0738513;
0.0737295;
0.0736099;
0.182003;
0.0731258;
0.0730041;
0.0728825;
0.072761;
0.0726403;
0.0725185;
0.0723969;
0.041541;
0.0720334;
0.0719115;
0.0717897;
-0.469035;
-0.2115;
0.0714279;
0.0354091;
0.0710669;
0.0709452;
-0.468971;
0.0342109;
0.0704586;
0.0703384;
0.0702168;
-0.355011;
0.0699735;
-0.211291;
0.0697302;
0.0696086;
-0.211279;
0.0693713;
-0.312678;
0.0686418;
0.0685222;
0.0684003;
0.0337307;
0.0680357;
0.0679143;
0.0327846;
0.0675519;
0.06743;
0.163634;
0.0669454;
0.0668237;
-0.635725;
0.0662156;
0.066094;
0.0659725;
0.0658527;
0.065731;
0.0656096;
-0.300565;
-0.353666;
0.156062;
0.0643988;
0.0215227;
0.0640338;
0.0208019;
-0.468724;
0.0635496;
0.0634281;
0.0633101;
0.063189;
-0.136784;
-0.353155;
-0.468655;
0.0181723;
0.062339;
0.0622175;
0.148133;
0.0209328;
-0.468606;
0.0613679;
0.0612463;
0.0611247;
0.0610033;
-0.182491;
-0.352538;
-0.468577;
-0.210183;
0.0600337;
0.0599128;
0.0597913;
0.0596725;
0.0595509;
0.0594293;
0.0593111;
0.0591895;
-0.210071;
0.0589466;
-0.352129;
0.0587034;
0.0102737;
0.0583398;
0.0582181;
-0.209954;
0.0579748;
0.0578532;
-0.46843;
-0.468427;
0.0574907;
-1.47255;
-0.351528;
0.0562782;
-0.276862;
0.0557948;
0.0556732;
0.0555514;
-0.209587;
0.00832198;
0.0550686;
-0.46832;
0.0548261;
0.0547044;
0.125778;
-0.164177;
0.0539783;
-0.51144;
-1.81336e-05;
0.00400267;
0.0528843;
-0.468247;
0.052641;
0.052523;
0.0524013;
0.0522799;
0.0521581;
0.0520362;
0.0519151;
-0.468207;
0.0516718;
0.0515514;
-0.468161;
-0.508894;
-0.514093;
-0.468144;
0.0504609;
0.0503394;
0.0502178;
-0.20909;
-0.662692;
0.0492489;
0.0491271;
0.0490075;
-0.209004;
0.0487643;
0.0486428;
0.0485212;
0.0483996;
0.0482782;
0.048157;
-0.208957;
-0.369895;
0.0473113;
0.0471897;
0.0470677;
0.0469469;
0.0468249;
0.0467031;
0.0465816;
-0.467991;
-0.294414;
-0.679204;
0.0456153;
0.0454934;
0.0453717;
0.0452523;
0.0451308;
-0.208579;
0.0448894;
0.0447678;
0.0446464;
0.0445265;
0.0444048;
0.0442868;
0.0441658;
0.0440444;
0.0439241;
0.0936878;
0.0926021;
0.0430732;
0.0429517;
0.0428302;
0.0427123;
0.0425908;
-0.20831;
0.0423477;
0.0422259;
0.0421042;
0.0419824;
-0.208233;
0.041741;
-0.176942;
0.0413771;
0.0412555;
-0.347643;
0.0410161;
-0.163743;
-0.256486;
0.0402891;
0.0401698;
0.0400482;
-0.0265736;
0.0396842;
0.039563;
-0.0230607;
0.0391983;
0.0390766;
0.0792588;
0.0385929;
0.0384713;
0.0383498;
-1.45114;
0.0373806;
0.0372589;
-1.01829;
0.036412;
0.071325;
0.0359288;
0.0358072;
0.0356855;
-0.207581;
-0.467442;
-0.855138;
-0.187054;
0.0344763;
0.0343545;
0.0342351;
0.0341169;
0.0339988;
-0.034063;
-0.207398;
0.033514;
0.0333921;
0.0332708;
-0.345602;
-0.568822;
0.0326632;
-0.345438;
0.0324225;
0.0323006;
0.032179;
0.0320575;
0.0319374;
0.0318159;
-0.0428359;
-0.207113;
0.0313293;
0.0312112;
-0.345075;
0.0309686;
0.0308469;
0.0307253;
-0.040536;
0.0303601;
0.0302385;
0.0301169;
0.0525892;
-0.321482;
0.0291494;
0.0290278;
-0.206832;
0.0287845;
0.0286635;
0.0285416;
0.0284199;
-0.0450941;
-0.045575;
0.0278117;
0.0276899;
0.0275688;
0.0274469;
0.0273252;
0.0272036;
0.0270822;
0.0269607;
0.0268394;
0.0267182;
0.0265963;
-0.764181;
-0.0498996;
-1.56894;
-0.467045;
-0.348998;
0.0245312;
-0.0527771;
0.0241699;
0.0240504;
0.0239288;
0.0238074;
0.0236857;
-0.0544555;
-0.206166;
0.0232018;
0.0230799;
0.0229582;
0.0228363;
0.0227149;
0.022593;
0.0224716;
-0.342867;
0.0222353;
0.0221138;
-0.0575611;
-0.058042;
-0.0629633;
0.0212644;
0.0211462;
0.0210244;
0.0209034;
0.0207856;
0.0206639;
0.0205425;
-0.466803;
-0.273949;
0.0200558;
0.0199347;
0.0198148;
0.0196932;
0.0195717;
0.0211956;
-0.205666;
0.0189655;
0.0188437;
0.0187219;
0.0186036;
0.0184821;
0.0183602;
0.0182402;
-0.341819;
0.0179971;
0.0178754;
0.0177539;
-0.205451;
0.0175148;
0.0173934;
0.0172721;
-0.167545;
0.0169074;
0.0167859;
0.0166643;
0.0165461;
0.0164245;
0.016303;
0.0161811;
0.0160597;
0.0159378;
0.0158162;
0.0156946;
0.0155734;
0.0154518;
0.0153305;
0.0152089;
0.00821622;
-0.0719335;
-0.278996;
0.0142393;
0.0053234;
0.013755;
0.0136334;
0.0135116;
0.0133897;
0.0132687;
0.0131502;
0.0130319;
0.0129111;
0.0127932;
-0.0759966;
-0.0809196;
0.0121866;
0.0120652;
-0.00115412;
-0.00222993;
-0.340061;
0.0110975;
0.0109759;
0.0108566;
0.0107348;
0.0106133;
-0.339868;
-0.00583889;
0.0100085;
0.00988744;
0.00976807;
0.00964608;
0.00952438;
0.00940264;
0.00928124;
0.00915961;
-0.339502;
-0.33947;
-0.204595;
0.00867323;
0.00855136;
0.00842979;
-0.204511;
0.00818669;
0.00806497;
-0.284669;
-0.466275;
0.00757945;
0.00746002;
0.0073385;
0.00721687;
-0.466253;
-0.338973;
0.0068516;
0.00672997;
0.00660873;
-0.338848;
-0.385582;
0.00587801;
-0.0896719;
-0.0901529;
-0.466259;
0.00514889;
0.00502724;
-0.0957961;
0.00466228;
0.0045407;
-0.466236;
0.00429897;
0.00417736;
-0.338242;
0.00393377;
-0.338182;
-0.495363;
0.00332879;
0.0032071;
0.0030891;
0.00296746;
-0.0954271;
0.00260246;
0.00248055;
-0.100832;
-0.215622;
-0.203715;
0.00175447;
0.00163288;
0.00151218;
0.00139052;
0.00126887;
0.00114736;
0.00102568;
0.000903825;
0.000782228;
-0.203563;
0.000538757;
-0.337341;
0.000295394;
-0.36739;
-0.105631;
-0.106112;
-0.000554621;
-0.000676288;
-0.000794345;
-0.000916266;
-0.0010359;
-0.00115735;
-0.00127886;
-0.00140049;
-0.203335;
-0.00164337;
-0.0419626;
-0.00212889;
-0.33665;
-0.0023689;
-0.105979;
-0.00273373;
-0.00285526;
-0.00297684;
-0.203161;
-0.00322014;
-0.203119;
-0.112338;
-0.00370304;
-0.336267;
-0.1133;
-0.00418913;
-0.00430861;
-0.0044302;
-0.00455175;
-0.00467366;
-0.336015;
-0.335987;
-0.00503537;
-0.00515699;
-0.0052789;
-0.335868;
-0.250239;
-0.00588743;
-0.00600602;
-0.00612785;
-0.00624947;
-0.465839;
-0.00649239;
-0.657581;
-0.00710108;
-0.00722195;
-0.00734346;
-0.00746329;
-0.0075847;
-0.00770415;
-0.00782596;
-0.33521;
-0.00806924;
-0.0081907;
-0.0614513;
-0.0086769;
-0.0087988;
-0.00892071;
-0.123378;
-0.00928597;
-0.334842;
-0.33481;
-0.00965086;
-0.0097724;
-0.00989397;
-0.0100156;
-0.0101336;
-0.0102551;
-0.121574;
-0.0106198;
-0.0107419;
-0.0108634;
-0.0109854;
-0.238882;
-0.011472;
-0.0115932;
-0.0117148;
-0.202086;
-0.124702;
-0.0122013;
-0.129863;
-0.0125648;
-0.130585;
-0.0129299;
-0.333909;
-0.0131729;
-0.0132947;
-0.0134162;
-0.0135342;
-0.0136537;
-0.0137753;
-0.0138971;
-0.0140164;
-0.0141381;
-0.0142593;
-0.133932;
-0.0146207;
-0.0147407;
-0.201775;
-0.0149792;
-0.404329;
-0.0155832;
-0.0157039;
-0.46559;
-0.0159454;
-0.0160663;
-0.0161873;
-0.201605;
-0.0856452;
-0.134297;
-0.134778;
-0.0172732;
-0.0173939;
-0.0175148;
-0.332673;
-0.0177561;
-0.554532;
-0.0906979;
-0.0184775;
-0.0185981;
-0.0187187;
-0.0188396;
-0.0189603;
-0.0190812;
-0.0192019;
-0.0193191;
-0.0194379;
-0.201332;
-0.144491;
-0.0199191;
-0.0200364;
-0.0201573;
-0.020278;
-0.0203972;
-0.420197;
-0.0210007;
-0.0211214;
-0.0212423;
-0.147848;
-0.101127;
-0.14905;
-0.145088;
-0.0224479;
-0.0225689;
-0.0226899;
-0.0228107;
-0.0229312;
-0.023052;
-0.0231729;
-0.0232936;
-0.33111;
-0.0235353;
-0.465612;
-0.0237734;
-0.0238943;
-0.0240114;
-0.0241324;
-0.0242529;
-0.0243735;
-0.0244941;
-0.0246148;
-0.0247354;
-0.154812;
-0.0250983;
-0.330632;
-0.330601;
-0.728744;
-0.730184;
-0.026422;
-0.0265427;
-0.0266599;
-0.0267808;
-0.0269015;
-0.0270221;
-0.0271431;
-0.0272637;
-0.0273844;
-0.027505;
-0.0276256;
-0.0277466;
-0.0278673;
-0.329859;
-0.0281092;
-0.0282301;
-0.0283497;
-0.737707;
-0.028953;
-0.0290736;
-0.0291944;
-0.0293131;
-0.0294339;
-0.124921;
-0.160453;
-0.0301586;
-0.200338;
-0.0304003;
-0.0305207;
-0.297636;
-0.329025;
-0.0311237;
-0.167543;
-0.318658;
-0.031727;
-0.328783;
-0.0319684;
-0.0320891;
-0.0322098;
-0.0323308;
-0.0324515;
-0.0325725;
-0.0326931;
-0.0328141;
-0.0329348;
-0.0330557;
-0.0331764;
-0.033297;
-0.033418;
-0.0335386;
-0.0336592;
-0.0337801;
-0.465699;
-0.173078;
-0.944303;
-0.0348679;
-0.0349886;
-0.0351096;
-0.0352302;
-0.0353511;
-0.465757;
-0.0355925;
-0.0357134;
-0.199844;
-0.327652;
-0.0360755;
-0.0361926;
-0.0363135;
-0.465741;
-0.0365546;
-0.0366753;
-0.0367962;
-0.174403;
-0.0371585;
-0.148034;
-0.0376412;
-0.0377619;
-0.0378826;
-0.0380032;
-0.327039;
-0.0382445;
-0.0383652;
-0.396496;
-0.326882;
-0.0388478;
-1.00138;
-0.35037;
-0.0399346;
-0.0400552;
-0.0401758;
-0.0402968;
-0.0404177;
-0.0405384;
-0.199591;
-0.040779;
-0.0408998;
-0.0410203;
-0.0411405;
-0.041261;
-0.326128;
-0.199571;
-0.599146;
-0.19953;
-0.0419855;
-0.0421062;
-0.325892;
-0.465798;
-0.0424685;
-0.0425888;
-0.0427095;
-0.0428302;
-0.0429509;
-0.465813;
-0.0431926;
-0.0433132;
-0.795293;
-0.0439176;
-0.0440385;
-0.0441592;
-0.0442802;
-0.044401;
-0.0445218;
-0.0446426;
-0.0447632;
-0.0448839;
-0.199227;
-0.0451253;
-0.191003;
-0.324989;
-0.0456065;
-0.0457275;
-0.0458484;
-0.0459691;
-0.0460896;
-0.199131;
-0.0463311;
-0.0464519;
-0.0465725;
-0.0466932;
-0.0468141;
-0.0469348;
-0.0470554;
-0.0471761;
-0.047297;
-0.047418;
-0.0475386;
-0.200257;
-0.0479011;
-0.1802;
-0.0483838;
-1.43678;
-0.0492294;
-0.323918;
-0.0494672;
-0.0495881;
-0.0497084;
-0.0498291;
-0.0499489;
-0.0500698;
-0.0501904;
-0.201097;
-0.0505524;
-0.0506734;
-0.33549;
-0.0510339;
-0.0511548;
-0.207464;
-0.0515171;
-0.0516378;
-0.0517564;
-0.0518758;
-0.0519968;
-0.323157;
-0.0522385;
-0.20519;
-0.0526012;
-0.194274;
-0.0530841;
-0.0532048;
-0.0533258;
-0.0534467;
-0.465977;
-0.0536882;
-0.198404;
-0.0539298;
-0.0540508;
-0.054171;
-0.0542917;
-0.0544124;
-0.1997;
-0.0548963;
-0.055017;
-0.0551378;
-0.215402;
-0.0555003;
-0.055621;
-0.0557418;
-0.0558628;
-0.0559837;
-0.0561023;
-0.21297;
-0.0564646;
-0.0565856;
-0.0567066;
-0.214185;
-0.0570676;
-0.0571883;
-0.0573055;
-0.0574262;
-0.219962;
-0.0577883;
-0.220682;
-0.221164;
-0.0583912;
-0.0585121;
-0.0586331;
-0.0587537;
-0.0588744;
-0.218552;
-0.0592371;
-0.0593581;
-0.466091;
-0.0595994;
-0.0597204;
-0.0598411;
-0.32103;
-0.0600827;
-0.0602036;
-0.466111;
-0.0604452;
-0.0605662;
-0.0606872;
-0.0608073;
-0.0609276;
-0.0610485;
-0.0611695;
-0.0612902;
-0.0614109;
-0.220656;
-0.0618943;
-0.197508;
-0.0621358;
-0.062257;
-0.062378;
-0.0624989;
-0.197431;
-0.0627403;
-1.28094;
-0.0634657;
-0.0635866;
-0.23224;
-0.222275;
-0.233202;
-1.34935;
-0.231504;
-0.0655166;
-0.0656351;
-0.065756;
-0.0658766;
-0.0659974;
-0.0661145;
-0.0662351;
-0.0663558;
-0.0664766;
-0.0665975;
-0.0667181;
-0.224306;
-0.067081;
-0.067202;
-0.224644;
-0.0675651;
-0.0676861;
-0.0678071;
-0.0679281;
-0.240166;
-0.068413;
-0.0685342;
-0.0686552;
-0.0687762;
-0.0688952;
-0.0690161;
-0.0691372;
-0.0692585;
-0.0693792;
-0.46626;
-0.0696215;
-0.0697428;
-0.0698618;
-0.0699828;
-0.245037;
-0.0703443;
-0.0704652;
-0.0705865;
-0.0707077;
-0.0708253;
-0.0709463;
-0.0710673;
-0.0711886;
-0.0713097;
-0.247705;
-0.466261;
-0.0717943;
-0.466268;
-0.0720363;
-0.0721573;
-0.0722785;
-0.0723996;
-0.0725208;
-0.0726419;
-0.0727629;
-0.196329;
-0.0730048;
-0.0731258;
-0.0732467;
-0.073368;
-0.073489;
-0.0736099;
-0.0737308;
-0.252568;
-0.0740938;
-0.0742151;
-0.317055;
-0.0744573;
-0.229783;
-0.0748202;
-0.0749411;
-0.0750621;
-0.46631;
-0.0753044;
-0.0754254;
-0.0755464;
-0.353095;
-0.0760303;
-0.0761514;
-0.0762727;
-0.076394;
-0.076515;
-0.0766362;
-0.076757;
-0.076878;
-0.0769992;
-0.0771205;
-0.0772418;
-0.268011;
-0.232012;
-0.0779685;
-0.0780898;
-0.0782108;
-0.195831;
-0.0784528;
-0.0785738;
-0.262296;
-0.0789371;
-0.0790581;
-0.079179;
-0.0793;
-0.876124;
-0.0800275;
-0.0801487;
-0.08027;
-0.265703;
-0.361582;
-0.0808759;
-0.0809972;
-0.315177;
-0.0812397;
-0.0813608;
-0.0814821;
-0.0816031;
-0.0817241;
-0.0818454;
-0.0819666;
-0.0820876;
-0.0822089;
-0.0823301;
