-889.761;
-0.912149;
-4.79395;
-1.78162;
-0.88836;
-1.80953;
-6.51775;
-0.283676;
-1.20496;
-0.887143;
-16.8675;
-0.271805;
-3.1087;
-2.71323;
-1.73806;
-1.73774;
-0.561512;
-1.84718;
0.302812;
-0.995608;
-2.58256;
-1.79536;
-0.583444;
-2.93997;
-0.583368;
-1.79316;
-2.20633;
-0.882667;
-2.01002;
0.300913;
-0.583227;
-0.901734;
0.670869;
-0.901396;
-1.18066;
-0.976276;
-14.3243;
-1.67798;
-0.898546;
-2.38723;
-3.77427;
0.0287675;
-2.6096;
-9.94022;
0.66284;
-4.01285;
0.296283;
-3.78182;
-0.893542;
-9.60172;
0.657801;
-0.243751;
-17.4836;
-11.0356;
-0.872388;
-0.388117;
-0.574778;
-4.46426;
-0.960442;
-2.05762;
-7.71957;
0.290083;
0.290006;
-3.521;
-4.09539;
-3.22048;
-29.4675;
-3.28212;
0.638084;
-0.876073;
-0.875967;
-23.8725;
0.051402;
-1.77629;
-4.65972;
-2.15873;
-1.15045;
-0.582267;
-6.29521;
-1.16972;
-1.20268;
-3.92337;
-2.31928;
-0.606595;
0.626617;
-0.626577;
-0.566283;
-4.30395;
-0.626332;
-9.3722;
-2.52775;
-9.59099;
-0.938001;
-0.937953;
-1.09538;
-0.862706;
0.277638;
-11.7306;
-1.9003;
-2.83105;
-0.93376;
-1.59644;
-3.3627;
-36.726;
-0.538637;
-0.319655;
-1.54216;
-5.30524;
-0.0716674;
-9.57578;
0.602591;
-3.4314;
-1.6512;
-16.2515;
-11.3165;
-0.617579;
-0.555238;
-0.843081;
-7.18969;
-2.9918;
-7.93295;
-4.24367;
-5.54473;
-3.06746;
-0.911563;
0.262856;
-2.17545;
-3.0293;
-0.579378;
-0.615373;
-0.593775;
-1.62628;
-8.37936;
-0.834757;
-1.86581;
-13.543;
0.759116;
-3.37663;
-56.8844;
-6.26648;
0.253333;
-4.33155;
0.252866;
-0.894152;
-0.577403;
-0.827879;
0.25257;
-0.525549;
-6.72221;
-0.544894;
-0.8178;
-0.85517;
-0.826406;
-6.29839;
-1.61452;
-3.76313;
-0.814534;
-0.889626;
0.249798;
-0.688307;
-1.13396;
0.24925;
0.249182;
-1.50374;
-4.06857;
-2.83854;
-3.09992;
0.553366;
-0.542574;
-2.00863;
-1.43129;
0.720124;
-1.12546;
-2.14502;
0.246826;
-0.0221758;
-1.72426;
-0.576291;
-2.41864;
-0.54142;
-0.81972;
-0.883397;
-0.545817;
-2.67786;
-1.08451;
0.546336;
-6.133;
-0.520867;
-0.880567;
-0.54034;
-0.605585;
-1.28377;
-0.880023;
-0.300378;
-6.43226;
0.54083;
-0.815855;
-3.96474;
-0.604611;
-1.55701;
-2.12485;
-11.201;
-1.72907;
-7.12353;
-1.41459;
-0.575642;
-0.795381;
-0.537359;
-0.303043;
-3.53679;
-1.03611;
-0.536785;
-2.62717;
-0.870483;
-7.44824;
-0.278254;
0.236281;
-2.89829;
-1.31865;
-0.790104;
-0.808297;
0.235673;
-0.456891;
-3.18179;
-0.516226;
-2.64382;
0.522894;
-1.08139;
-0.866017;
-0.787405;
-1.49967;
-1.55878;
-0.787016;
-5.11454;
-3.45393;
-0.601285;
0.519007;
-2.70244;
-0.601076;
-0.601042;
-0.862982;
-0.57458;
-0.572035;
-2.94766;
-2.68965;
-2.28821;
-2.08485;
-0.860967;
-2.61199;
-2.26253;
-2.35704;
-0.533055;
-0.811914;
-4.17933;
0.00505043;
-0.513255;
-0.85732;
-2.40812;
-9.41357;
0.00185016;
-1.95007;
-1.07613;
-5.48089;
-1.0275;
-3.16003;
-3.97041;
-0.771157;
-2.37599;
-1.46831;
0.645683;
-0.770131;
-1.42529;
-1.66772;
-0.566867;
-9.24279;
-5.10861;
-1.07304;
0.22136;
-1.71281;
-2.16688;
-0.847192;
-1.45881;
-0.145579;
-0.846701;
-0.572704;
-0.789942;
-2.99766;
-0.845767;
-1.48974;
-0.509996;
-1.43241;
-14.5357;
-1.54556;
-7.54989;
-6.68813;
-0.571967;
-0.293535;
-2.72461;
-0.317902;
-1.06739;
0.477241;
0.476971;
0.476692;
0.615435;
-0.754066;
0.61472;
0.475519;
0.213607;
-1.43721;
-1.39665;
0.213295;
0.474398;
-0.752836;
-0.595662;
-5.10202;
-5.58396;
-0.507227;
-1.39144;
-0.834835;
-0.834763;
-3.29642;
-1.85782;
-1.79445;
-2.02616;
-0.833125;
-0.526286;
-0.506637;
-0.298296;
-2.78406;
-12.6035;
-0.505974;
0.461941;
-0.505858;
-0.557562;
-1.47637;
-0.570798;
-0.774723;
-1.68391;
-5.28134;
0.458452;
-0.386479;
0.457869;
-16.4918;
-1.99816;
-0.55466;
-11.8066;
-0.391179;
-0.733123;
0.201205;
-12.3826;
0.443795;
0.443528;
0.199511;
-6.4159;
-2.38575;
-11.0093;
-0.814428;
-3.28321;
-1.34286;
-3.95973;
-0.500515;
-2.18735;
-1.33688;
0.433328;
-0.812013;
0.432937;
0.194851;
-0.309824;
-1.39667;
-17.127;
-0.206463;
-0.184827;
-0.547111;
-1.70455;
-0.442279;
0.191703;
-0.518815;
-1.25882;
-0.312333;
-0.983488;
-8.4518;
0.189857;
-0.498313;
-1.12026;
0.420441;
-12.9493;
-1.45052;
-1.1319;
-12.2262;
-1.75962;
0.411993;
-0.542544;
0.411455;
-0.750619;
0.411046;
-1.52619;
-4.14692;
0.184093;
-2.1012;
-0.702929;
-6.9187;
-3.10957;
-1.31249;
-0.540252;
0.0077569;
-0.539997;
-1.23746;
-1.97796;
-0.126265;
0.180879;
-0.543091;
-1.3022;
-6.48666;
-0.965392;
0.734332;
-0.695489;
-0.568589;
-4.46984;
-2.4197;
-0.510446;
-9.38909;
-0.741054;
-1.41261;
0.497048;
-0.631589;
-0.74004;
-7.06315;
-0.964482;
-0.784619;
-1.08028;
-2.06428;
0.385359;
-0.78362;
-0.568075;
-4.46357;
-1.31359;
-1.72213;
-1.47663;
-2.89678;
-0.68339;
-3.02516;
-2.51109;
-1.34961;
-1.43118;
-3.19865;
-1.04832;
-1.09959;
-0.5328;
-5.6362;
-6.32596;
-3.92913;
0.370555;
-0.731112;
-4.4867;
0.678716;
-0.158043;
-3.37517;
0.165223;
-1.05064;
-0.334371;
-0.773155;
-0.491027;
-0.53026;
0.45982;
-0.992026;
-0.530057;
-0.936181;
-1.91045;
-1.67102;
-0.49075;
-0.527237;
-1.23851;
-2.73763;
-12.4861;
-0.52771;
-4.0428;
-1.23461;
-6.71379;
-0.489697;
-3.66355;
-1.88859;
-2.83971;
-0.489268;
-0.56751;
-0.659656;
-0.982831;
0.346166;
0.345899;
-0.763263;
-0.936571;
-5.45342;
0.342441;
-0.442134;
-1.86284;
-0.581663;
0.154275;
-0.511023;
-0.488978;
-0.581689;
-0.760551;
-2.41699;
0.338633;
-1.39282;
-0.523923;
-4.77318;
-0.523191;
-0.464217;
-5.04259;
-0.52261;
-0.649957;
-0.567239;
-1.03523;
-0.567267;
0.150261;
-1.09062;
-4.82752;
-1.03414;
-0.4656;
-0.465741;
-0.487991;
-1.32457;
0.32751;
0.327223;
-0.711015;
-1.08157;
-0.645584;
0.407368;
-1.30118;
-1.08165;
0.405394;
-0.567056;
-1.03383;
-1.2991;
0.3231;
0.322815;
0.146469;
-1.29061;
-0.488319;
-5.2281;
-0.581853;
-1.29512;
-0.566901;
-0.452579;
0.144883;
-1.08214;
-4.33424;
-1.08058;
-1.03218;
-1.05602;
-1.89556;
0.314003;
-0.748659;
-1.4994;
-1.02667;
-0.582265;
0.311798;
-1.10297;
-0.681575;
-3.70651;
-1.02927;
-0.457765;
0.307581;
-0.582666;
-0.745914;
-0.232941;
0.13949;
-0.488316;
-4.45952;
0.303995;
-0.582975;
-0.631381;
0.138168;
0.138089;
-0.517412;
-0.517452;
0.374196;
0.137571;
-0.98216;
-3.5218;
-1.02194;
-1.38434;
0.298155;
-0.628194;
-1.64335;
-1.67672;
-0.476766;
-1.05755;
0.364641;
-1.81826;
-4.18407;
-1.26525;
-0.695219;
-1.39183;
-1.21804;
0.132923;
-0.489059;
-0.980024;
-1.2318;
0.131995;
-0.561102;
-1.19226;
-0.158484;
-1.85832;
-0.489432;
0.286609;
-0.515176;
-0.620955;
-1.14603;
0.349945;
-0.489641;
-2.8286;
0.283134;
0.282867;
-0.956002;
-0.585413;
0.281715;
-2.79905;
-0.490136;
-1.34255;
-0.260312;
-1.05905;
-2.16793;
0.338229;
-0.615597;
-3.04315;
-0.734404;
0.125854;
-0.514106;
-0.485301;
-0.686204;
0.125371;
0.125297;
0.333504;
0.273259;
0.272903;
-0.587;
0.124594;
-2.69447;
0.124258;
-1.31957;
0.123674;
-1.0006;
-0.175359;
-4.12664;
-0.513523;
-0.477335;
-1.05329;
-0.477763;
-4.49385;
-0.51321;
0.120462;
-3.6805;
-0.265033;
-0.729785;
-0.729781;
0.260518;
0.119317;
-5.20492;
-1.36884;
0.257242;
-0.972092;
0.256332;
-0.604038;
-1.03245;
-3.03776;
-0.727191;
0.253547;
0.253233;
-1.28176;
-2.01611;
-0.191781;
-2.02129;
-0.590714;
-0.707147;
0.247948;
-0.195135;
-2.65744;
0.112982;
-7.36394;
-1.82489;
-0.300895;
-4.43042;
-0.374997;
-0.592291;
-0.937174;
0.238533;
-3.55405;
0.109102;
-7.90313;
-0.187634;
-3.59909;
-0.510569;
-3.25936;
-1.30268;
-0.589949;
-1.6268;
-0.495013;
-0.737521;
-0.745748;
0.226295;
0.225966;
-1.75393;
-0.773955;
-6.02386;
0.102171;
-2.50216;
-1.06958;
-1.7344;
-1.79758;
-1.04216;
-2.31766;
0.38476;
-1.15884;
0.0995091;
0.0994541;
-0.509836;
-1.349;
-0.335183;
-3.42245;
-0.975732;
-1.28759;
-0.231319;
-0.712198;
-0.426237;
0.207991;
-0.597859;
-0.655757;
-0.341354;
-0.233919;
0.236911;
0.205573;
-1.8047;
0.204603;
-1.82696;
-0.506385;
-1.44055;
0.0940836;
-0.507108;
-0.598819;
-2.12367;
-0.502534;
0.199831;
-0.652308;
-0.709213;
-3.39239;
0.0920446;
-4.71779;
0.194517;
-0.509721;
-1.19916;
-0.573028;
-0.510858;
-0.503984;
-0.509748;
-4.53768;
0.0892169;
-0.504539;
-0.349917;
0.088746;
0.189554;
-4.57266;
-0.601704;
-1.3472;
0.18595;
-1.36104;
-0.645822;
-0.524942;
-0.704354;
0.18371;
-2.88387;
-1.4587;
-0.509469;
-0.516331;
-0.516612;
0.200399;
-0.702918;
-0.532816;
-1.07976;
-0.506732;
-0.565781;
-1.0398;
-3.46216;
-2.80405;
-0.70175;
-0.701716;
0.174447;
-0.509712;
0.081876;
-0.60679;
0.0812407;
-0.380928;
-1.76316;
0.17097;
0.17064;
0.170312;
-0.872621;
-1.50399;
-0.509216;
-0.699818;
-1.01511;
0.167218;
-0.380201;
-2.91886;
0.165162;
0.164811;
0.177941;
0.164016;
-0.510203;
-0.510243;
-0.568293;
0.162826;
-1.45185;
-1.16305;
-3.18798;
-0.568146;
-2.18606;
0.157522;
-0.389427;
0.156615;
-1.15972;
-0.53899;
-0.511927;
-1.15918;
-0.512087;
-1.32335;
-0.968025;
0.0727596;
0.1532;
0.152865;
-0.163454;
-0.631566;
0.151423;
-0.290725;
-0.568161;
-0.568135;
-1.01074;
-0.405041;
0.148696;
-1.60825;
-0.629761;
0.0699504;
0.146952;
0.0697145;
-2.47641;
-0.51465;
-1.01487;
0.143878;
-3.61372;
0.141675;
-2.09732;
0.140439;
-3.17997;
-2.07776;
-1.14531;
-0.53751;
-0.547989;
-0.625082;
-1.76192;
-0.568314;
-1.5476;
-0.614488;
-0.614625;
0.223099;
-0.421585;
0.132122;
-0.510458;
-1.31437;
-0.568383;
-0.61569;
0.0625178;
0.130491;
-1.54491;
-1.14291;
-0.416952;
-0.952448;
0.124915;
0.127091;
0.126731;
-0.544206;
-0.519172;
0.0603435;
-1.06134;
0.124995;
-0.617628;
-0.985181;
0.0594193;
0.123652;
-0.618063;
-1.16418;
-0.568549;
-0.483346;
-1.16397;
-1.08564;
0.120341;
-0.521132;
-0.521222;
-2.00989;
0.0568793;
-1.13729;
0.110651;
0.117243;
0.0562723;
-2.19092;
-0.687451;
0.0556775;
-5.30862;
-1.13946;
0.110844;
0.100163;
0.110086;
0.109738;
-0.551407;
-2.7149;
-1.79671;
0.106876;
-2.66813;
0.104733;
-0.417127;
-1.21223;
0.0500129;
-0.659848;
0.0497142;
0.0496494;
-0.55508;
-0.568703;
0.101274;
-0.526265;
-1.53411;
0.0999559;
-1.58806;
-0.513915;
-0.513956;
-0.823299;
0.0973513;
-2.07674;
0.147017;
-1.40801;
0.0934051;
-0.35531;
-1.02953;
0.139492;
-2.16105;
-1.57707;
-0.963976;
-0.562515;
0.0879154;
-1.03775;
-1.29836;
-0.570672;
-0.570716;
-0.682045;
0.0857903;
-0.631514;
-0.564053;
-5.01871;
-0.570915;
-1.06529;
0.0807691;
-0.527526;
0.0797496;
-1.23928;
-0.527435;
-1.29875;
0.0774518;
-0.566459;
-1.19988;
-1.05833;
-0.502307;
-1.62012;
0.0738009;
0.0734582;
-0.52009;
-0.607176;
-1.44642;
-2.55517;
-4.69061;
-0.574026;
-1.56531;
0.0325929;
-0.518571;
0.0649302;
0.0646161;
-0.639468;
0.0320791;
0.0317215;
-0.551159;
-1.17882;
0.0618233;
-0.538738;
-0.460165;
-0.521139;
0.0602808;
0.0300715;
-0.577705;
-3.52726;
-1.14537;
-2.31008;
0.0556046;
-0.528487;
-0.519927;
0.0542007;
-1.9143;
-0.883587;
0.0128363;
-0.57347;
-0.520558;
-1.56031;
-0.583618;
-1.14334;
-0.985848;
-0.541662;
-1.07891;
-2.73557;
-0.521338;
-0.475764;
0.0226246;
-0.544416;
-1.70363;
-4.68076;
-1.04433;
-0.582034;
0.033402;
-1.19579;
-0.574639;
0.0365282;
-1.10362;
-1.09814;
-1.17351;
-0.591411;
-0.0120016;
0.0334203;
0.033076;
-1.13977;
-0.652116;
-0.575028;
-1.09156;
-0.980226;
-0.523398;
-0.97074;
-0.594551;
-2.26046;
0.02736;
0.0270345;
0.0266951;
0.0263386;
-1.54185;
0.0139962;
0.024846;
-0.551101;
-0.57565;
0.0238787;
-1.52809;
0.0229873;
-1.1214;
-1.1855;
-0.552146;
-1.6066;
0.0201152;
0.0115619;
0.0114799;
-1.06054;
-1.10293;
-1.68991;
0.0174268;
-0.579535;
-0.525599;
-0.576345;
0.0156967;
0.0153474;
-0.602114;
-0.620028;
-1.07898;
-0.985992;
0.012233;
0.0118652;
0.0114994;
-0.504843;
-0.623807;
-0.604705;
-0.671362;
-0.504405;
-0.555998;
0.00670273;
-0.577108;
-0.594507;
-0.526885;
0.00807063;
-0.538806;
0.00704211;
-1.16245;
-0.572583;
-1.13159;
0.00507052;
-0.557659;
-0.596287;
-0.60831;
-1.2014;
-1.09503;
0.00252499;
0.0022284;
0.00188872;
-0.629835;
-0.559068;
-1.64607;
-0.000402174;
-0.000765306;
-1.72753;
-2.10919;
-0.669818;
-0.00377719;
-1.24181;
-0.613542;
-0.00560369;
-0.00595131;
-0.562018;
-1.15616;
-0.00698344;
-0.00733434;
-0.578829;
-0.47224;
-0.615665;
-0.00930577;
-1.57524;
-0.723747;
-0.617466;
-0.0120028;
-1.00978;
-2.07068;
-0.622885;
-0.0150685;
-0.0850791;
-0.0158411;
-0.57984;
-0.0053059;
-0.997608;
-1.10347;
-0.56684;
-0.0185433;
-0.607259;
-0.0192152;
-1.07329;
-0.623145;
-0.567653;
-2.69992;
-0.0224063;
-0.0227548;
-2.00988;
-0.0244756;
-0.00919978;
-0.675574;
-0.100196;
-0.025944;
-0.626879;
-0.0268277;
-0.676553;
-0.610719;
-2.24351;
-0.492962;
-0.533911;
-0.571369;
-0.011884;
-0.500042;
-0.0313791;
-0.0317372;
-0.0320924;
-0.722165;
-0.534537;
-0.572728;
-2.15086;
-0.534896;
-1.12694;
-0.0361202;
-2.17029;
-0.0378916;
-0.535375;
-0.656145;
-0.0392833;
-0.0161458;
-1.01326;
-0.0403683;
-0.0166639;
-1.17084;
-0.535871;
-0.0417192;
-0.582884;
-1.17052;
-0.637526;
-0.576115;
-0.683108;
-1.63385;
-0.0448904;
-0.630611;
-0.583328;
-0.577191;
-0.577265;
-0.132443;
-0.622823;
-0.0479072;
-0.537168;
-0.487394;
-1.15812;
-1.02353;
-0.0504871;
-0.486815;
-0.55132;
-0.74949;
-0.550936;
-1.72668;
-0.644312;
-0.0539904;
-0.5843;
-0.538437;
-1.35784;
-0.659102;
-1.71622;
-1.77896;
-0.643741;
-0.665162;
-0.0595161;
-0.0598694;
-0.536316;
-1.20706;
-0.0616607;
-0.0620072;
-0.770365;
-0.585476;
-0.0636037;
-0.0639259;
-0.0277283;
-0.69214;
-0.0647902;
-1.1672;
-1.66904;
-0.544097;
-0.06727;
-0.66458;
-0.163739;
-1.24403;
-0.699213;
-0.0700744;
-0.780381;
-0.071357;
-0.586492;
-0.551004;
-0.189588;
-0.0735046;
-0.58885;
-0.0742468;
-0.0746221;
-0.0327669;
-1.68139;
-1.71448;
-0.0335334;
-0.0767885;
-0.557274;
-0.077864;
-0.0782256;
-0.0344647;
-1.16383;
-0.710561;
-0.591109;
-0.591167;
-1.17984;
-0.0813888;
-0.699564;
-0.587833;
-0.0823988;
-0.662849;
-1.50796;
-0.212149;
-1.02164;
-0.56759;
-0.5388;
-0.588403;
-0.588448;
-0.588487;
-0.588537;
-0.702303;
-0.220191;
-0.0887269;
-1.94215;
-0.0899825;
-1.11666;
-0.0401632;
-0.663012;
-0.595796;
-0.0914305;
-0.596121;
-0.596218;
-0.0925022;
-0.669281;
-0.57765;
-0.670042;
-0.0946451;
-0.589654;
-0.0953563;
-0.0957219;
-0.581045;
-0.237845;
-0.239313;
-1.16081;
-0.0986527;
-0.0990165;
-0.547662;
-0.211149;
-0.100293;
-0.100673;
-0.0450006;
-1.25699;
-4.39274;
-0.709884;
-0.104962;
-1.11035;
-1.53221;
-0.591307;
-0.10678;
-0.595086;
-0.711267;
-0.108285;
-0.108594;
-1.02667;
-0.109485;
-0.109866;
-0.0493475;
-1.59933;
-0.681203;
-0.111873;
-0.112227;
-0.11259;
-0.592365;
-1.29027;
-0.114387;
-0.714115;
-0.529029;
-0.551154;
-0.528845;
-0.60596;
-0.116191;
-0.0523302;
-1.17495;
-0.608261;
-0.118417;
-0.593289;
-0.239524;
-1.62569;
-0.0542769;
-1.32394;
-1.7917;
-0.123291;
-0.661041;
-1.24943;
-1.18188;
-1.67972;
-0.690992;
-0.719427;
-0.817636;
-0.621767;
-0.5543;
-0.129472;
-0.129841;
-0.595041;
-0.595121;
-0.612628;
-2.82749;
-0.55512;
-0.133142;
-1.09831;
-0.133867;
-0.134233;
-0.134605;
-0.595806;
-0.614465;
-0.135679;
-0.697178;
-0.614919;
-0.13693;
-2.07352;
-0.138413;
-0.63468;
-0.139478;
-0.139831;
-0.699899;
-0.140727;
-0.141078;
-0.141423;
-0.700847;
-0.726091;
-0.142731;
-0.0648236;
-0.557432;
-0.0650797;
-0.462642;
-0.660047;
-0.66771;
-0.72691;
-0.519252;
-0.801504;
-0.597534;
-1.22555;
-0.597728;
-0.619746;
-0.147908;
-0.558648;
-1.59016;
-0.0677312;
-0.283912;
-1.24935;
-2.18594;
-0.81369;
-1.21862;
-0.86423;
-0.623208;
-0.709477;
-1.49349;
-1.31457;
-0.157411;
-0.885636;
-0.0722485;
-0.738054;
-0.159597;
-0.0727599;
-0.160126;
-0.36461;
-0.0733563;
-0.62631;
-2.24597;
-0.562089;
-0.304238;
-0.562342;
-1.24488;
-0.715936;
-1.75769;
-0.562912;
-0.166681;
-0.167057;
-0.16742;
-1.54379;
-0.312007;
-0.563545;
-0.673775;
-0.314369;
-0.601655;
-0.739542;
-0.171505;
-0.564094;
-0.172248;
-0.388766;
-0.631904;
-1.13496;
-0.740891;
-0.174476;
-0.174837;
-0.175203;
-0.741539;
-0.942451;
-0.822674;
-0.0810712;
-0.963472;
-0.178461;
-0.178819;
-0.179173;
-0.0819723;
-1.08041;
-1.65592;
-0.180753;
-0.688242;
-0.507348;
-0.566439;
-0.182417;
-0.566587;
-0.18311;
-0.603687;
-0.183871;
-0.411892;
-0.185016;
-0.74607;
-1.25446;
-0.186521;
-1.92756;
-0.0861448;
-0.63884;
-0.0863958;
-1.34167;
-1.1775;
-0.190413;
-0.880479;
-0.34563;
-0.640508;
-1.02163;
-0.640872;
-0.749758;
-1.83558;
-0.350715;
-0.750842;
-0.19612;
-0.196508;
-0.196877;
-0.751524;
-0.19753;
-0.737495;
-0.75212;
-0.198803;
-0.199158;
-0.64378;
-0.199862;
-0.200205;
-1.24087;
-1.04883;
-0.201631;
-0.201988;
-0.753825;
-0.754023;
-0.0930866;
-1.01881;
-0.892325;
-0.0937241;
-0.204649;
-0.607487;
-0.205396;
-1.2898;
-0.572411;
-0.207067;
-0.949104;
-0.911227;
-0.20952;
-0.209886;
-0.757448;
-0.648893;
-0.211005;
-0.211373;
-0.903998;
-1.06149;
-0.212873;
-0.213214;
-1.50306;
-0.908051;
-0.379961;
-0.474651;
-1.06678;
-0.609707;
-0.652059;
-0.496426;
-0.217849;
-0.218222;
-0.384799;
-0.219145;
-0.219525;
-0.219906;
-0.22027;
-0.220619;
-0.220997;
-0.221367;
-0.221682;
-0.762957;
-0.222432;
-0.22281;
-0.76343;
-0.223527;
-0.6109;
-0.224251;
-0.770811;
-1.14447;
-0.225939;
-0.880286;
-0.757119;
-0.227634;
-2.85719;
-0.229699;
-0.105793;
-0.503361;
-0.231019;
-0.658476;
-0.231758;
-0.232143;
-0.232531;
-0.232887;
-0.578995;
-0.233598;
-0.233978;
-0.234349;
-1.75246;
-0.235688;
-0.236044;
-0.108791;
-0.613451;
-0.579934;
-0.23736;
-0.23772;
-0.770406;
-0.238458;
-0.238817;
-1.36589;
-0.771044;
-0.763437;
-0.967115;
-0.658682;
-0.111401;
-0.898979;
-1.29668;
-0.614797;
-1.55406;
-0.664977;
-0.245576;
-0.769992;
-0.246538;
-0.665831;
-0.247272;
-1.06145;
-0.114326;
-0.248367;
-0.114603;
-0.583007;
-0.249312;
-0.249701;
-0.11522;
-0.25026;
-0.431541;
-0.251209;
-0.251582;
-0.437662;
-0.252108;
-0.981885;
-1.14227;
-0.253804;
-0.254183;
-1.07502;
-0.255312;
-0.584707;
-0.67008;
-0.777206;
-0.585109;
-0.257393;
-1.61426;
-0.617939;
-0.259696;
-0.672015;
-1.39095;
-0.824712;
-1.84555;
-0.781984;
-0.435437;
-0.26329;
-0.263666;
-2.11273;
-0.265389;
-0.783289;
-0.266145;
-1.00293;
-0.783947;
-0.456238;
-0.268184;
-1.3569;
-0.784829;
-0.269683;
-0.269985;
-0.270312;
-1.23711;
-0.787215;
-0.271706;
-0.125596;
-0.588972;
-1.41152;
-1.2112;
-0.837339;
-0.787545;
-0.790239;
-0.468534;
-1.14059;
-0.277178;
-0.27754;
-0.598097;
-0.813289;
-0.129068;
-0.681036;
-0.279967;
-0.129507;
-0.129587;
-0.431533;
-1.16203;
-1.24833;
-0.282772;
-0.283151;
-0.283535;
-0.791693;
-1.49893;
-0.28541;
-3.33855;
-0.794011;
-0.685637;
-0.288967;
-0.79453;
-1.13154;
-0.290481;
-1.36956;
-0.291789;
-0.624683;
-0.624759;
-0.292911;
-0.832411;
-1.34741;
-0.625331;
-0.136596;
-0.136687;
-0.689017;
-0.625587;
-0.296505;
-0.804659;
-1.18101;
-0.935789;
-0.298873;
-0.626275;
-1.15653;
-0.300709;
-0.301072;
-0.807786;
-1.16797;
-0.934269;
-0.692393;
-0.627205;
-0.303927;
-1.13874;
-0.304881;
-0.867804;
-1.41314;
-0.471208;
-0.30711;
-1.03612;
-0.307867;
-0.628315;
-0.308521;
-0.515704;
-0.309426;
-0.309799;
-0.662294;
-0.59902;
-1.16756;
-0.696652;
-1.15997;
-0.858287;
-0.859298;
-1.08136;
-0.315445;
-1.17979;
-0.807666;
-0.317097;
-0.699245;
-1.1708;
-0.31841;
-0.991278;
-1.20183;
-0.320514;
-0.148708;
-0.321011;
-1.42131;
-0.149317;
-0.686609;
-0.322973;
-0.323347;
-0.901902;
-0.538113;
-0.324804;
-0.692391;
-0.325929;
-0.824752;
-0.825096;
-0.542634;
-1.75382;
-0.762318;
-0.329385;
-0.701549;
-0.827602;
-0.827983;
-0.331613;
-0.331995;
-0.332229;
-0.332485;
-0.707669;
-0.333598;
-0.333971;
-0.707218;
-0.334685;
-0.553749;
-0.335607;
-0.605113;
-0.708115;
-0.336717;
-0.337101;
-0.337463;
-0.818045;
-0.890581;
-0.338963;
-0.339333;
-0.157748;
-0.157837;
-1.11242;
-0.834162;
-0.340961;
-0.341297;
-0.834995;
-1.28017;
-1.11846;
-0.344149;
-0.711974;
-0.344872;
-2.68358;
-0.346574;
-0.346932;
-0.713279;
-0.161572;
-0.347846;
-0.348229;
-0.637582;
-1.86787;
-0.575044;
-0.350457;
-0.163085;
-0.841305;
-0.351546;
-1.7411;
-0.353219;
-0.60962;
-0.749907;
-0.639085;
-0.35512;
-0.58308;
-0.827102;
-0.356402;
-0.914912;
-0.166297;
-0.357668;
-0.358044;
-0.358387;
-0.358711;
-0.846848;
-0.359593;
-0.359944;
-0.360301;
-1.2957;
-0.361802;
-0.362166;
-1.53753;
-0.768388;
-0.363986;
-0.64142;
-0.850776;
-0.722305;
-0.365614;
-0.598378;
-0.77486;
-0.367259;
-0.928986;
-0.368368;
-0.833552;
-0.171936;
-0.983353;
-1.26794;
-0.659351;
-0.37045;
-0.949714;
-0.371378;
-0.785234;
-0.372481;
-0.372834;
-0.373207;
-0.373448;
-1.54551;
-0.374464;
-0.947119;
-0.375562;
-0.37583;
-0.376205;
-0.376574;
-0.728083;
-1.11421;
-0.956831;
-0.860058;
-0.378727;
-0.615947;
-0.379428;
-1.50922;
-0.861879;
-2.20047;
-0.61693;
-0.383016;
-0.383355;
-0.383716;
-0.617229;
-1.80646;
-0.385396;
-0.385765;
-0.386139;
-0.842742;
-0.386845;
-0.409385;
-0.387387;
-0.387762;
-0.388134;
-0.388482;
-1.21564;
-0.984184;
-1.07919;
-0.959047;
-0.391783;
-0.648061;
-0.39248;
-0.392837;
-0.870381;
-0.393718;
-0.394078;
-0.394434;
-1.00133;
-0.395335;
-0.395645;
-0.396007;
-0.965876;
-0.397095;
-0.64943;
-0.837033;
-0.398529;
-0.738991;
-0.646954;
-0.849596;
-0.400123;
-2.05329;
-0.401595;
-0.401965;
-1.13278;
-0.402882;
-1.1934;
-0.403981;
-0.404343;
-1.11543;
-0.405032;
-0.405407;
-0.405728;
-0.657009;
-0.854458;
-1.24365;
-0.407968;
-0.405174;
-0.408449;
-1.52537;
-0.409527;
-0.191928;
-0.662834;
-0.882678;
-0.624097;
-0.411521;
-0.855838;
-0.412259;
-1.68079;
-0.413356;
-0.988285;
-0.414424;
-0.414756;
-0.415117;
-0.670738;
-0.194924;
-0.625515;
-0.625619;
-0.416939;
-0.887422;
-0.417825;
-0.41818;
-0.418532;
-0.675731;
-0.749398;
-0.419828;
-0.749732;
-0.420566;
-0.420933;
-0.998171;
-0.88525;
-0.891315;
-0.423121;
-0.198563;
-0.423622;
-0.423938;
-0.751779;
-0.862451;
-1.02382;
-0.425562;
-0.656644;
-0.426277;
-0.200112;
-0.973201;
-0.75325;
-0.427549;
-0.427928;
-0.428236;
-0.201066;
-0.428751;
-0.690635;
-2.38812;
-0.865442;
-0.86565;
-0.202589;
-0.431893;
-0.432267;
-0.658427;
-0.696197;
-0.20345;
-0.43364;
-0.434002;
-1.23187;
-0.757105;
-0.867922;
-0.435798;
-0.436175;
-0.204949;
-0.659479;
-0.437052;
-0.659657;
-0.630831;
-0.20574;
-0.438306;
-0.918219;
-0.439381;
-0.439751;
-0.440125;
-0.440483;
-1.38573;
-0.924294;
-0.442442;
-0.661136;
-0.208206;
-1.88151;
-0.63261;
-1.39488;
-0.632874;
-1.02951;
-0.715914;
-1.12078;
-0.447726;
-0.718298;
-0.448593;
-0.448965;
-0.449323;
-0.449681;
-0.450048;
-0.634185;
-0.450744;
-0.451111;
-0.451467;
-0.451823;
-0.765671;
-0.452486;
-0.725246;
-0.453379;
-0.766467;
-0.454063;
-0.454416;
-0.454783;
-0.877941;
-0.951405;
-0.456217;
-0.878664;
-0.456858;
-1.35518;
-0.457925;
-0.956787;
-0.458942;
-1.04667;
-0.665566;
-0.460327;
-0.460682;
-0.46096;
-2.35034;
-1.50825;
-0.463632;
-0.46398;
-0.464339;
-0.464687;
-0.465012;
-0.465382;
-0.667156;
-0.667256;
-0.466419;
-0.466767;
-0.467121;
-0.467489;
-1.05751;
-0.46859;
-0.468938;
-0.469268;
-0.469614;
-0.774646;
-0.980348;
-1.06149;
-1.36956;
-0.63966;
-0.47287;
-2.58059;
-0.223447;
-0.47486;
-0.475208;
-0.475565;
-0.475933;
-1.21181;
-1.06882;
-0.477565;
-0.477894;
-1.58828;
-0.641344;
-1.09105;
-0.670969;
-0.480777;
-1.11814;
-0.481507;
-0.767387;
-0.482244;
-0.482612;
-0.482954;
-1.07688;
-0.48398;
-0.671972;
-1.62464;
-1.01064;
-0.228964;
-0.672668;
-1.0816;
-0.487738;
-0.488075;
-0.48841;
-1.08383;
-0.489449;
-0.673612;
-0.490176;
-0.490524;
-0.490861;
-0.49122;
-0.491562;
-1.02253;
-0.896494;
-0.492951;
-1.02537;
-2.69412;
-0.495701;
-1.09308;
-0.233764;
-0.645836;
-0.497304;
-0.497662;
-0.498031;
-0.4984;
-0.498675;
-0.499033;
-0.499165;
-0.499461;
-0.947376;
-0.235407;
-1.06572;
-0.501102;
-0.501459;
-0.501768;
-0.647143;
-0.502431;
-0.502778;
-0.503146;
-0.503318;
-0.503669;
-0.237076;
-0.504187;
-0.504397;
-0.504732;
-0.79259;
-0.505462;
-0.505821;
-0.506172;
-0.238226;
-0.506688;
-0.50702;
-1.08531;
-0.5079;
-0.508252;
-0.508507;
-0.904672;
-0.509116;
-0.509171;
-0.509539;
-0.50989;
-0.510256;
-1.05919;
-0.51135;
-0.511701;
-1.11289;
-0.512766;
-0.513128;
-0.513411;
-0.513777;
-0.241755;
-0.514314;
-0.514625;
-1.11967;
-0.907868;
-0.815947;
-0.516153;
-0.516477;
-0.516835;
-0.517178;
-0.909013;
-1.12969;
-0.51838;
-0.518738;
-0.961193;
-0.519539;
-0.519894;
-1.12961;
-0.651417;
-0.910668;
-0.910796;
-0.521697;
-1.12537;
-0.963925;
-0.523326;
-0.52367;
-1.79761;
-0.524957;
-0.525295;
-0.802621;
-0.526004;
-1.08996;
-0.527077;
-0.527441;
-0.52781;
-0.528179;
-0.528522;
-0.528891;
-0.529175;
-0.529536;
-0.529904;
-0.530221;
-0.915143;
-0.530933;
-0.653967;
-1.52127;
-0.532331;
-0.532685;
-0.250512;
-1.10433;
-0.533689;
-0.533983;
-0.534344;
-0.534714;
-1.14162;
-0.535646;
-0.536013;
-0.536363;
-0.53672;
-0.537085;
-0.6866;
-0.809124;
-0.538;
-0.538358;
-0.661271;
-0.253146;
-0.538899;
-1.11515;
-0.687226;
-0.540328;
-1.57828;
-0.541401;
-1.44535;
-0.542406;
-0.542668;
-0.543035;
-0.255311;
-1.12357;
-1.125;
-0.545003;
-2.03112;
-0.546447;
-1.29903;
-0.54749;
-0.547829;
-0.5482;
-0.548548;
-0.815326;
-0.549257;
-0.925659;
-0.549961;
-0.550315;
-0.550676;
-0.816444;
-0.551392;
-2.13843;
-0.552763;
-0.553133;
-0.553485;
-0.553843;
-0.554195;
-0.554315;
-0.554629;
-0.554976;
-0.555312;
-0.55558;
-0.555929;
-1.16859;
-0.556901;
-0.819845;
-1.15454;
-0.692504;
-0.558477;
-0.558829;
-0.559075;
-0.262751;
-0.991201;
-1.15604;
-0.263426;
-0.56103;
-0.56138;
-0.662095;
-0.562077;
-0.693623;
-0.562784;
-0.563137;
-0.563505;
-0.563868;
-0.564212;
-1.3016;
-0.56524;
-0.565503;
-1.78231;
-0.566958;
-0.567327;
-0.567677;
-0.997365;
-0.568577;
-0.82581;
-0.569316;
-0.998581;
-0.664506;
-0.570578;
-0.936089;
-0.999602;
-0.571678;
-0.571936;
-0.665148;
-0.572655;
-0.573022;
-0.573392;
-0.573749;
-1.56695;
-0.900502;
-0.575269;
-0.575624;
-0.575925;
-0.576289;
-0.576652;
-0.666392;
-0.577169;
-0.830381;
-0.697673;
-0.578057;
-0.905635;
-0.578928;
-0.579269;
-0.272094;
-0.579746;
-0.580114;
-5.94829;
-0.584162;
-1.20199;
-0.585236;
-0.585583;
-0.585939;
-0.586296;
-1.56404;
-0.587582;
-0.587945;
-1.01254;
-1.0127;
-0.589145;
-0.5895;
-0.837022;
-0.59006;
-0.590369;
-0.590708;
-0.701617;
-0.591426;
-0.591795;
-0.592152;
-0.592522;
-14.6432;
-4.67228;
-1.17031;
-1.85557;
-3.67398;
-1.25426;
-3.67747;
-8.07615;
