8.92165;
15.0899;
-0.0566815;
10.6397;
6.35421;
6.22741;
1.21556;
-0.524877;
3.37728;
2.01349;
0.496609;
1.23645;
8.26402;
6.53819;
1.59724;
5.09152;
-0.2431;
5.63099;
26.0705;
0.529322;
1.21012;
1.36936;
5.83806;
-0.100058;
1.36911;
3.65075;
3.74472;
0.577557;
18.9045;
8.23682;
8.13294;
2.36561;
5.30267;
-0.0707173;
4.35403;
3.20294;
14.7128;
5.56269;
3.08506;
1.36906;
4.34977;
1.91428;
9.85049;
7.73663;
5.48495;
2.72776;
0.667465;
-0.347467;
-0.011615;
10.174;
4.01082;
26.7234;
0.577958;
3.21758;
1.36864;
1.19631;
-0.0801009;
13.6364;
-0.0811826;
8.74442;
1.56906;
1.91612;
0.461974;
31.7441;
9.93498;
-0.0861459;
0.680744;
3.37781;
-0.0352251;
9.49652;
0.516561;
24.2551;
13.5869;
11.06;
5.45671;
34.3084;
2.0421;
2.47891;
3.85669;
5.41994;
0.690676;
16.5524;
22.9567;
-0.0971853;
3.10093;
1.97865;
0.00400188;
0.00396248;
29.1961;
0.695372;
0.865207;
3.02102;
18.6592;
-0.100446;
-0.100438;
36.1369;
27.0012;
28.5036;
5.34313;
1.29587;
0.608058;
8.76983;
1.27888;
1.369;
2.81553;
8.53729;
2.13785;
1.36873;
1.83744;
18.7392;
5.15421;
3.47446;
3.75956;
30.548;
1.99791;
6.112;
1.80476;
1.36847;
13.2334;
3.13819;
19.1973;
0.498369;
0.716447;
-0.109444;
1.05362;
5.51024;
3.83353;
1.96279;
0.717311;
5.03724;
2.18527;
21.3382;
2.07029;
1.16977;
0.659824;
0.0802572;
1.36729;
9.94053;
2.00323;
19.3675;
1.1689;
2.71448;
5.02509;
8.08754;
4.63338;
12.0319;
15.3512;
15.5003;
10.77;
1.99996;
0.406459;
3.40063;
2.01045;
19.7162;
3.26997;
-0.113431;
43.6665;
16.7362;
3.92187;
1.36672;
18.8947;
2.17014;
-0.0647936;
9.85936;
6.67407;
6.67422;
2.44697;
0.130242;
12.8414;
23.6579;
0.148934;
6.06423;
3.86251;
1.16524;
0.740281;
0.740198;
-0.115297;
-0.115299;
7.39216;
1.7184;
0.14031;
12.2241;
2.18446;
0.143179;
0.143084;
1.01889;
1.86793;
6.89698;
14.5353;
1.34246;
3.21891;
0.742975;
0.611978;
-0.114658;
1.36397;
0.618083;
10.8362;
1.36372;
16.5544;
1.51053;
1.36356;
13.2398;
2.80111;
30.4281;
1.56835;
1.66322;
2.61086;
8.10316;
1.59368;
-0.16071;
8.81215;
1.36259;
14.717;
0.168134;
1.33457;
0.168307;
3.95671;
1.16422;
13.3987;
1.36182;
11.3714;
14.0263;
1.42878;
23.6607;
1.36154;
-0.113349;
27.6935;
0.754416;
19.912;
4.39928;
0.18958;
2.94434;
4.21003;
12.7218;
17.0027;
5.87043;
25.3941;
19.861;
0.76074;
25.0561;
3.03455;
9.20592;
1.21707;
0.208779;
20.4865;
15.1105;
3.74949;
2.03817;
1.35951;
23.3502;
1.35933;
21.9484;
17.127;
8.33;
5.55292;
0.227626;
1.04632;
11.1135;
1.04649;
-0.105651;
-0.105631;
1.35802;
1.35791;
11.2239;
7.71481;
21.986;
5.43613;
19.6547;
0.252641;
7.46729;
1.1795;
26.3245;
13.117;
4.23904;
5.10314;
28.3028;
4.24236;
5.33723;
0.776193;
4.63054;
5.01059;
19.1075;
14.4196;
1.18309;
1.24008;
1.35479;
24.665;
17.2852;
10.0615;
20.8296;
36.8639;
1.35346;
13.348;
31.0822;
13.8984;
4.52444;
31.8406;
1.18259;
0.683531;
1.18248;
14.5232;
10.3389;
37.6084;
4.17134;
22.5127;
16.2446;
16.5079;
23.9747;
3.18006;
3.62202;
1.1956;
11.2665;
3.31712;
-0.347105;
2.04999;
2.79863;
1.35638;
6.32659;
21.6934;
-0.07878;
12.6863;
21.1329;
-0.076981;
1.34683;
3.49096;
9.98302;
1.19842;
40.8091;
12.2617;
15.7058;
0.147914;
14.5722;
11.6871;
15.4984;
5.58337;
9.17007;
3.31617;
-0.0704922;
1.3442;
-0.0705027;
1.34397;
17.5025;
23.3352;
18.2188;
10.3917;
25.5125;
13.2067;
21.8631;
21.5986;
21.2536;
1.20238;
1.03703;
52.4496;
3.73811;
4.24671;
15.4888;
30.0595;
1.21282;
17.0762;
26.7251;
1.48433;
12.0879;
13.1943;
20.1082;
0.812063;
20.5142;
38.797;
14.3133;
4.07032;
14.3431;
25.0317;
0.758296;
28.1005;
18.5915;
0.817372;
2.41545;
1.33449;
12.7112;
14.6132;
23.4973;
8.06324;
20.4956;
1.59564;
1.53613;
2.83722;
0.819696;
13.0132;
5.2104;
0.385155;
0.385122;
1.33122;
19.0112;
16.3546;
20.633;
1.21756;
6.08249;
13.1073;
29.3459;
18.11;
37.0924;
16.5314;
4.20824;
9.23088;
24.1226;
8.01309;
13.1471;
11.3918;
17.4147;
16.9035;
7.93709;
16.9259;
22.243;
33.2992;
1.32297;
5.50367;
4.26209;
23.0762;
11.3758;
19.4188;
1.32134;
20.936;
18.9595;
1.32008;
0.425456;
13.2954;
3.30534;
20.9577;
17.3481;
19.0679;
27.3388;
4.71104;
1.31616;
9.28179;
13.9068;
1.31515;
10.3643;
0.835887;
30.2064;
17.3828;
0.822671;
13.0252;
20.5254;
35.9756;
13.3429;
27.4748;
1.30912;
41.916;
28.545;
-0.20484;
28.0196;
20.6164;
17.2935;
3.45054;
25.3707;
24.4588;
10.6313;
28.9433;
0.460802;
22.7251;
6.41762;
1.29916;
34.3731;
19.042;
5.46418;
23.814;
5.50547;
11.7726;
5.45168;
5.82465;
16.8902;
16.4026;
1.29266;
38.7556;
25.9467;
15.7793;
27.6596;
1.28685;
15.9041;
37.2899;
24.2362;
19.9247;
18.3762;
7.83764;
17.9812;
50.8795;
22.9726;
1.27562;
35.8766;
0.0520803;
13.9694;
10.6444;
13.1513;
12.203;
16.659;
7.89408;
46.6226;
4.59078;
21.9266;
29.6571;
23.5639;
19.1635;
4.24119;
16.885;
55.6878;
21.8994;
12.7283;
15.0224;
19.4159;
22.1431;
24.2345;
30.8652;
13.3298;
21.2555;
19.16;
26.4007;
34.163;
41.9568;
22.488;
28.8015;
16.8933;
5.28036;
19.7736;
1.23028;
22.0939;
24.5966;
18.8143;
15.878;
9.9542;
40.8728;
1.54467;
4.42681;
16.408;
19.1714;
38.6174;
15.5758;
29.2042;
27.6821;
1.20846;
9.86091;
18.9114;
17.7642;
43.1688;
40.7639;
38.0396;
19.9407;
9.17201;
15.4124;
24.353;
32.875;
24.5029;
20.1905;
1.18332;
23.537;
18.2984;
11.3132;
31.5127;
15.2629;
12.6343;
21.7587;
27.9939;
8.58141;
35.0801;
15.0924;
12.3959;
2.19161;
17.9996;
26.0863;
16.8414;
18.993;
38.1229;
58.4805;
37.0672;
16.3312;
27.8601;
19.0228;
37.5051;
15.9425;
19.9289;
17.8925;
41.6723;
14.5122;
37.939;
49.1143;
13.7741;
13.4224;
17.6132;
37.158;
36.6687;
42.2272;
53.6869;
19.5063;
13.3538;
31.897;
76.6885;
29.7755;
17.934;
