-62.1342;
-0.838047;
-0.369518;
-3.83825;
-0.385369;
-2.22439;
-0.130123;
-3.74414;
-1.75847;
-0.598176;
-0.598067;
0.443827;
0.220922;
-0.0245928;
-0.871323;
-2.57995;
0.171899;
-0.585012;
0.438391;
-2.53825;
0.171573;
0.437777;
-0.485617;
-2.44623;
-0.365983;
-4.32236;
-0.094871;
-2.35932;
-3.41486;
-0.583997;
-0.58389;
0.217234;
-1.08311;
-0.484162;
-3.48631;
-0.482971;
-0.572001;
-0.646236;
0.152326;
-0.362516;
-0.976208;
-1.52534;
-0.574993;
0.214814;
0.214746;
-6.105;
-3.07857;
-2.04059;
0.212282;
-0.982321;
-0.213079;
-1.01211;
-1.3331;
-0.462498;
0.166685;
-0.3581;
0.210827;
0.166474;
-0.561592;
-0.71476;
-0.725446;
-1.46491;
-0.558407;
0.4093;
0.165589;
-0.234529;
-3.30337;
-0.556567;
-1.23471;
-3.48982;
-0.370174;
-0.355148;
0.404744;
-2.09831;
-0.354354;
-1.10638;
-0.548261;
-0.104186;
0.205527;
-0.811472;
-0.811217;
-1.51861;
0.400379;
-0.395107;
-1.10828;
-0.0390785;
-4.99369;
-0.393348;
0.203038;
-3.2001;
0.318084;
0.202462;
0.202393;
0.408168;
-0.22726;
-0.99969;
-3.15838;
-0.151074;
-1.06667;
0.201053;
-0.351489;
-1.08827;
0.3852;
-1.72943;
-2.2791;
-0.0449822;
-0.534228;
-0.133749;
-0.992523;
-0.218371;
-1.05522;
-2.07831;
-0.38673;
-0.349354;
-0.363083;
-1.2799;
-0.348419;
0.385027;
-0.528257;
-0.441578;
-1.42505;
-0.527732;
-0.785546;
0.195905;
-0.348135;
-1.82943;
-0.290309;
-1.70604;
-0.253097;
0.194068;
-0.00640845;
-0.438603;
-0.346455;
-1.66471;
0.40315;
-0.217623;
-0.80531;
-2.37949;
-0.34463;
-6.93765;
0.370884;
-1.44563;
-1.28225;
-0.510864;
0.187344;
-0.00137551;
-0.341135;
-0.446374;
-1.3815;
-0.115747;
-0.508961;
-2.64314;
-0.506792;
0.155588;
0.184505;
0.184397;
0.184338;
-1.00299;
0.369593;
0.293251;
-0.505956;
0.155033;
-0.155712;
-0.33966;
-0.755084;
-0.311563;
-0.505158;
-0.339362;
-1.18818;
0.154341;
-0.444653;
0.181907;
-2.61113;
0.182169;
-0.614897;
0.153646;
0.180507;
0.153521;
-2.01168;
0.179495;
-0.746593;
0.395633;
-0.987976;
-0.547027;
-0.427756;
-0.336891;
0.359012;
-0.336828;
0.178485;
-1.60185;
-0.754508;
0.177376;
-0.496084;
0.197948;
-2.05964;
-2.96086;
-0.334757;
-0.890742;
-1.5343;
0.172659;
0.186203;
0.172267;
-0.333266;
0.150187;
-0.317509;
-0.486928;
-2.98484;
0.166179;
-0.332679;
-1.13244;
-0.309861;
-0.440426;
-0.494636;
-0.332204;
-3.93503;
-3.61519;
-0.330677;
-0.479866;
-0.437355;
-0.479623;
0.025049;
-1.79206;
0.362616;
-1.61973;
-2.9523;
-0.832374;
-0.16445;
0.238084;
0.163185;
0.428974;
0.1468;
-1.16637;
-0.420141;
0.354633;
-0.637217;
-0.729721;
0.421816;
-0.0154171;
-0.419755;
0.145745;
0.390707;
0.145568;
-0.62646;
-0.167294;
0.158784;
0.158669;
0.149731;
-1.87622;
-0.150554;
0.311074;
0.148669;
-0.435528;
0.157568;
0.157458;
-5.6006;
-0.641237;
-0.103694;
0.364961;
-0.338983;
-0.244482;
-1.38812;
0.143465;
0.307892;
0.152783;
0.149728;
-0.248447;
0.436594;
-0.36409;
0.142834;
-2.65536;
-0.851341;
0.142335;
-0.434756;
0.149412;
-0.786942;
-0.476431;
0.148822;
0.247083;
0.293195;
0.148328;
-0.714747;
-1.54214;
-0.321645;
0.147335;
-0.457956;
-0.466747;
-0.605719;
-0.116062;
-1.90354;
0.285468;
-1.48879;
-2.07053;
-0.363893;
0.140317;
-0.248151;
-0.319023;
0.0665955;
-0.318586;
-0.318555;
-0.70678;
-0.318498;
0.284447;
-0.725609;
0.14067;
-0.451704;
0.15672;
-0.0447817;
-0.435468;
-0.317896;
0.139359;
0.139307;
0.139199;
-0.317676;
0.275284;
0.406138;
0.138432;
-0.45003;
-3.76625;
-0.161431;
-0.316424;
-0.365231;
-0.316278;
-1.56888;
0.137325;
-0.180186;
-1.50013;
0.136976;
-0.445937;
-0.436728;
0.136775;
-0.825902;
0.136615;
-0.460814;
-1.84526;
-0.262082;
0.184467;
-0.182003;
0.130851;
-0.0793062;
-1.1494;
-0.270833;
-0.0683464;
-0.762579;
-0.164934;
-1.03931;
-3.68551;
-0.312071;
-0.16679;
-1.19273;
0.124557;
0.317809;
-0.0400832;
0.123246;
-0.438391;
-0.65839;
0.102689;
0.122668;
-1.06072;
-0.462999;
-1.56091;
-0.436037;
0.132891;
-0.185835;
0.120309;
-1.01396;
-0.505186;
-0.462008;
-0.461942;
-0.24382;
0.238975;
-0.434097;
-0.654793;
-0.309068;
0.00122375;
0.0951916;
-0.308826;
-1.19403;
-2.27977;
0.157441;
-0.431714;
-0.854436;
0.114393;
0.130655;
0.114195;
-0.301019;
-1.38441;
-0.174023;
-0.430243;
-0.286425;
-1.40887;
-0.306845;
-1.28476;
0.129506;
-0.887772;
0.129134;
-1.1564;
0.197862;
-1.54314;
-0.459365;
-0.183522;
-0.47592;
-0.305323;
-1.12442;
0.127979;
0.127912;
-0.89924;
-0.197658;
0.12767;
0.127603;
-0.374202;
0.224349;
-1.15831;
-0.425666;
0.126984;
0.126937;
-0.42558;
-0.841736;
-3.37925;
0.126323;
-0.851059;
0.10169;
-0.303722;
0.242389;
-0.190425;
0.18677;
-0.303407;
-0.430205;
0.125577;
-0.635595;
-1.71183;
-2.32373;
-0.54477;
-0.448572;
-0.857326;
-0.317196;
-1.69142;
-0.418927;
0.123192;
-0.300706;
0.123068;
-0.637427;
0.223635;
0.122705;
-0.418366;
0.185236;
0.184784;
-0.504824;
-0.417766;
0.122042;
-0.417605;
-0.00879804;
-0.968466;
-0.627223;
-0.884856;
0.178494;
0.178081;
0.177015;
0.120912;
0.120851;
0.120781;
0.176581;
-0.340446;
-0.206896;
0.174082;
-0.950552;
0.0847683;
-0.412766;
0.119723;
-0.298885;
0.170471;
0.0838018;
-0.114564;
-1.06729;
-1.15495;
-0.298476;
-0.194278;
-0.76922;
-0.818858;
0.164396;
-0.212946;
0.118149;
0.118079;
-0.297839;
-0.298072;
0.162867;
0.117664;
0.189925;
-1.15281;
-0.413308;
0.160688;
0.1604;
0.209263;
0.116958;
0.186094;
-0.297388;
-0.457116;
-0.297393;
0.155181;
-1.14583;
-0.412322;
-0.457329;
0.0757193;
0.115932;
-0.4905;
0.115518;
-0.411674;
0.0743351;
0.0742318;
-2.39242;
-0.410972;
-0.410909;
0.148782;
-0.574796;
-0.223869;
-1.83478;
0.07038;
-0.241076;
-0.952488;
-0.827079;
-0.657678;
-0.295317;
-0.204454;
-3.27434;
0.111864;
-0.408375;
0.111737;
-0.31231;
-0.408092;
-0.252253;
-0.407947;
-0.375639;
-1.66987;
-0.294331;
-0.387394;
-2.63892;
-0.259433;
-1.02216;
0.109515;
0.109459;
0.131455;
0.0587864;
0.131006;
-2.4068;
-2.86511;
0.111932;
-0.976995;
0.152659;
-1.01913;
0.120596;
0.149521;
0.106035;
-0.332213;
-4.18558;
0.053919;
0.104229;
0.114162;
-0.897613;
0.0454556;
0.136354;
-0.290618;
0.103655;
0.103608;
-0.459989;
-1.64209;
-0.134645;
-0.259426;
-0.412094;
-0.604888;
-0.289726;
0.0848022;
-0.24153;
-0.294074;
-0.787825;
-1.74622;
-0.3991;
-0.399071;
-1.15594;
-0.0565698;
-1.37257;
-1.86163;
0.0757826;
-0.288322;
0.098702;
-0.288257;
-0.397451;
0.0339847;
-2.56803;
0.0974931;
-0.287774;
-2.94051;
-0.287113;
-1.16393;
-0.286907;
0.0958754;
0.0958219;
-0.0781879;
-0.843037;
0.105171;
-0.204542;
0.0866158;
-6.15797;
0.0925921;
-0.285909;
0.0213474;
-0.392803;
-0.239193;
0.0783975;
-0.695872;
-0.89691;
-0.263894;
-0.605569;
-0.0216658;
-0.42766;
0.0743272;
0.0175348;
-0.831327;
-1.82564;
-1.57197;
-0.430685;
0.0885002;
-0.389951;
-3.66359;
-0.76549;
-2.50672;
-2.13384;
0.0179161;
0.0118657;
-0.0445584;
-0.0451248;
-1.58781;
-1.8065;
-1.07082;
-0.935678;
-1.27437;
-0.501353;
-0.343517;
-0.0139984;
-0.282829;
-1.93291;
-0.864611;
-0.259039;
-0.00290229;
0.0804015;
0.0803318;
-0.0649816;
-0.0656037;
-0.158162;
-0.412815;
-0.00507746;
-1.73815;
0.0391553;
-0.0717462;
0.0371102;
-0.581243;
-0.813139;
-0.328999;
0.0771657;
-0.977301;
-1.23232;
0.0756435;
-0.590334;
-0.542169;
-0.912563;
-0.0187512;
-1.41761;
0.0734031;
-0.402826;
-2.60306;
0.0197623;
-0.595514;
-3.72892;
0.00535021;
0.0702879;
-0.0291095;
-0.752151;
-2.09078;
0.010529;
-0.277924;
-1.87164;
-0.354499;
0.0673064;
-0.37459;
0.0672597;
0.0671995;
-2.60509;
-0.252681;
-1.17386;
0.0651127;
-5.11468;
-3.24456;
0.0618983;
-0.723187;
-0.276888;
-0.32828;
-0.747924;
-2.4021;
-0.043587;
-5.15472;
-1.84718;
-0.706738;
-1.06723;
-1.63098;
-2.07968;
-6.22655;
-0.0358425;
-0.274559;
-0.110541;
-0.0573706;
-1.91874;
-0.159976;
-1.89016;
-3.27025;
-0.128897;
-0.273675;
-0.824955;
-4.32313;
-2.29781;
-0.310842;
-0.0675585;
-0.272661;
0.0457015;
-3.19927;
-1.88755;
-0.126287;
-1.07622;
-0.0594527;
-0.535151;
-1.60483;
-0.235546;
-1.84451;
-0.0750426;
-0.665093;
-0.075474;
-0.478873;
-0.661418;
-0.21256;
-1.15574;
-1.23927;
0.0391656;
-1.05228;
-2.61006;
-1.91493;
-0.481282;
-0.150564;
-0.760009;
0.0355481;
-0.353437;
-1.59292;
0.0350416;
0.03497;
0.0349279;
0.0348614;
-1.54362;
-2.90357;
-0.67791;
-2.78535;
-0.473605;
-0.465357;
0.0306918;
-1.69744;
-2.5208;
-0.644645;
-2.74763;
-0.624193;
-0.100107;
-0.266872;
-2.77776;
-8.68218;
-1.4225;
-0.418907;
-0.297851;
-0.298951;
-0.286198;
-2.15991;
-0.265118;
-2.40943;
-0.508829;
-1.06243;
-0.297812;
-1.71941;
0.0172624;
-0.542049;
-0.547184;
-0.126944;
-1.38812;
-1.60577;
-0.129335;
-0.341311;
-1.2589;
0.0150097;
-0.34099;
0.0149602;
-0.502646;
-1.13324;
-0.312951;
-0.263042;
-0.133631;
-0.735174;
-2.1661;
-2.63672;
-0.22798;
-1.54023;
0.0107961;
-3.93535;
-0.406485;
-1.34557;
-1.80546;
-0.865552;
-0.569556;
0.00712355;
-0.366238;
-0.151843;
-2.65471;
-0.132397;
-0.154552;
-0.343114;
-1.4881;
-0.330573;
-2.77591;
-0.16038;
-0.351395;
-1.01541;
-5.5982;
-1.67109;
-0.916015;
-0.258614;
-1.26279;
-0.170503;
-0.862301;
-1.20833;
-3.67319;
-0.888303;
-0.00257049;
-4.58286;
-0.148279;
-0.0041037;
-4.91974;
-0.802616;
-2.00211;
-0.808021;
-1.47373;
-0.00796225;
-0.255521;
-1.64703;
-0.328575;
-2.27261;
-4.23413;
-1.14739;
-0.254406;
-0.314447;
-1.19363;
-1.51277;
-1.66585;
-2.73164;
-2.21388;
-0.639427;
-0.640485;
-1.99644;
-0.820263;
-3.5513;
-1.03944;
-0.216262;
-1.4176;
-0.217774;
-3.10258;
-0.0210254;
-0.492582;
-0.251615;
-4.81498;
-0.320279;
-0.0229747;
-0.442031;
-1.16356;
-1.86875;
-1.36123;
-0.0248071;
-0.024837;
-1.71874;
-0.503133;
-1.43118;
-0.18184;
-3.91046;
-1.33767;
-1.85855;
-0.973177;
-2.14212;
-2.07859;
-1.12444;
-1.75706;
-0.770518;
-0.661015;
-0.0329387;
-3.75501;
-1.44668;
-1.01768;
-1.42713;
-2.05388;
-0.487623;
-0.488169;
-0.718685;
-0.313768;
-3.65748;
-1.92047;
-2.34173;
-0.392864;
-0.890128;
-0.268358;
-1.48897;
-1.00372;
-1.26861;
-1.02648;
-1.85397;
-0.0428678;
-2.92274;
-2.00238;
-2.81147;
-3.45056;
-2.92815;
-1.75645;
-3.16469;
-2.26844;
-0.2183;
-1.25826;
-0.527911;
-0.655266;
-2.28808;
-2.58545;
-0.0532134;
-1.49435;
-0.533104;
-1.05666;
-0.63972;
-1.82519;
-0.726184;
-0.726568;
-0.584338;
-4.87282;
-1.78838;
-2.20308;
-0.54402;
-0.451199;
-0.0587806;
-0.544265;
-2.06539;
-0.827589;
-0.436907;
-1.35012;
-0.0602467;
-5.25832;
-3.42369;
-0.756987;
-1.29059;
-0.0637992;
-1.50159;
-0.326233;
-0.0643934;
-1.32997;
-1.37455;
-2.37023;
-0.0662452;
-1.81117;
-0.590141;
-2.47849;
-1.65345;
-2.3562;
-0.873698;
-2.71655;
-2.71811;
-0.572148;
-1.25418;
-1.10864;
-1.73947;
-1.33604;
-0.766318;
-0.0732373;
-1.72534;
-1.18589;
-0.729309;
-0.578792;
-1.43967;
-1.41864;
-0.0757824;
-3.02833;
-0.355556;
-0.0768497;
-1.4166;
-1.57336;
-0.357957;
-5.50026;
-4.3655;
-1.53531;
-1.46354;
-2.57172;
-0.693604;
-1.8918;
-1.47739;
-5.37894;
-1.51862;
-2.14054;
-1.50137;
-0.382262;
-12.9025;
-0.509393;
-2.22536;
-1.15073;
-6.03445;
-5.39666;
-3.05451;
-0.542984;
-5.39299;
-4.7699;
-5.03791;
-2.84393;
-3.22287;
-4.32198;
-2.17603;
-5.75985;
-2.58715;
-2.48416;
-12.1966;
-3.00375;
-3.04793;
-16.3697;
-2.45647;
-5.14899;
-2.29464;
-2.66273;
-2.4859;
-4.87619;
-0.123514;
-1.50659;
-3.58612;
-0.124224;
-4.26632;
-2.68427;
-3.66874;
-5.89956;
-9.89313;
-5.89581;
-2.18584;
-4.85393;
-4.84886;
-5.80104;
-0.134874;
-12.5112;
-4.29044;
-3.37021;
-5.00197;
-5.75295;
-5.65914;
-3.78265;
-7.75568;
-8.99471;
-6.06696;
-6.82152;
-3.13806;
-2.65743;
-1.27328;
-2.09248;
-3.01904;
-3.22002;
-0.145811;
-5.7073;
-3.45592;
-7.82741;
-2.93966;
-4.46439;
-4.85556;
-3.55528;
-3.38471;
-5.66876;
-4.42166;
-3.17692;
-5.13909;
-3.42512;
-3.57053;
-11.9455;
-3.45348;
-2.27022;
-2.00518;
-2.54164;
-1.02541;
-1.22801;
-2.7012;
-1.44134;
-0.9033;
-4.27434;
-2.43227;
-1.44514;
-0.448308;
-0.735955;
-1.09732;
-5.43049;
-4.14655;
-8.41136;
-2.79645;
-0.156057;
-2.39505;
-3.40332;
-4.90638;
-4.0293;
-1.70136;
-4.8674;
-3.34259;
-10.5014;
-2.30153;
-0.662381;
-4.80908;
-1.25199;
-0.791285;
-0.791173;
-5.15807;
-2.31018;
-1.12914;
-3.84965;
-6.81898;
-2.78514;
-3.41828;
-10.0863;
-1.14346;
-0.162223;
-1.73579;
-3.00829;
-6.4408;
-6.86559;
-1.0482;
-0.580164;
-0.580099;
-0.474952;
-1.61964;
-9.83164;
-16.9977;
-0.480902;
-1.87485;
-5.92442;
-4.76657;
-7.57555;
-18.5233;
-0.706704;
-13.7749;
-4.56805;
-2.44103;
-3.46585;
-0.493181;
-8.24004;
-11.6228;
-0.177831;
-4.25864;
-15.3098;
-4.88047;
-0.726918;
-7.14834;
-1.35093;
-3.42133;
-4.8685;
