19.4872;
-0.0221326;
0.157262;
19.8227;
-0.377928;
1.06297;
9.94382;
0.265536;
1.06184;
1.69688;
0.680989;
4.7624;
1.14584;
3.3507;
-0.377678;
1.06136;
-0.183054;
4.21427;
-0.377521;
0.267276;
1.06076;
2.29475;
1.83076;
0.123023;
-0.327858;
-0.692332;
0.38353;
-1.00917;
1.84607;
-0.376931;
0.494318;
-0.932463;
1.87164;
2.90773;
1.86892;
6.89566;
2.29068;
-0.376603;
4.39133;
3.77392;
10.8285;
0.498822;
1.87773;
0.274581;
-0.714746;
1.67316;
0.275777;
5.40083;
2.43667;
2.28633;
3.78354;
4.90348;
0.446987;
0.825424;
1.18273;
0.705912;
-0.270093;
-1.19764;
1.87394;
-0.677894;
1.49537;
1.13723;
-0.00100357;
3.56114;
-0.000783063;
-0.000837664;
-0.3265;
-0.676509;
15.936;
0.340211;
4.13278;
1.63957;
3.87565;
4.42943;
24.5822;
0.962176;
10.5474;
-0.372538;
19.3041;
-0.371388;
0.448256;
1.71119;
3.81904;
0.529144;
0.293482;
-0.869624;
2.82986;
-0.370775;
-0.648057;
-0.300163;
8.10325;
4.53922;
0.359989;
-0.239805;
0.666841;
4.19165;
0.531912;
1.71605;
9.59609;
7.24034;
1.6252;
4.44584;
2.25405;
2.25392;
4.3946;
5.90678;
1.152;
-0.913367;
0.0305092;
10.7377;
6.61154;
5.94246;
13.7159;
0.311052;
-0.364906;
4.26349;
2.24652;
4.31881;
0.329008;
-0.855279;
1.71503;
12.8207;
2.54795;
0.701283;
5.59108;
3.68693;
0.0435494;
1.15837;
-0.212341;
1.15832;
0.547924;
1.02983;
9.80915;
0.335593;
1.96656;
0.0464066;
6.19936;
1.02779;
1.15982;
9.44273;
1.98807;
0.0989508;
1.0264;
2.2339;
1.02623;
1.02616;
4.68118;
1.34764;
20.3466;
10.5931;
-0.354511;
1.02214;
5.21556;
4.11112;
9.04546;
9.88781;
1.7523;
4.83122;
0.563485;
1.71977;
5.39164;
2.86333;
15.3313;
4.56177;
0.662788;
1.34825;
0.348281;
0.566745;
1.01599;
1.42963;
8.62931;
1.01216;
1.17001;
1.01486;
0.712729;
5.19959;
1.17018;
3.22502;
4.77248;
0.702095;
1.01368;
9.57898;
1.20746;
-0.027069;
0.0726737;
0.569355;
0.712853;
1.71926;
0.072703;
6.62171;
2.20706;
-0.343494;
1.71917;
9.51236;
2.20462;
0.0765264;
2.91753;
2.42388;
1.68256;
2.02514;
2.60522;
2.25129;
7.65712;
5.29999;
1.94724;
1.00676;
1.38746;
21.9468;
-0.336918;
-0.336889;
-0.176476;
0.759586;
4.24319;
1.21596;
1.59552;
0.70278;
4.1091;
1.00342;
1.71926;
1.8514;
3.99483;
0.578569;
4.39137;
4.30113;
1.99317;
13.1127;
10.9756;
0.703938;
-0.330913;
4.15632;
0.5696;
2.32035;
2.0151;
12.9526;
5.55846;
2.80572;
3.17873;
1.0236;
-0.327201;
0.996431;
0.664359;
0.996177;
0.0975389;
0.996077;
0.664163;
5.37172;
4.06808;
0.0982634;
0.584597;
14.5413;
0.100305;
0.100249;
-0.324281;
-0.324239;
2.08349;
0.220777;
2.00382;
3.12139;
2.26146;
0.634683;
12.0997;
3.1638;
2.8035;
1.71757;
0.574877;
1.22696;
1.31429;
1.4969;
4.25834;
0.394209;
0.412364;
0.989849;
-0.0447066;
1.18254;
10.023;
0.810328;
0.58883;
1.18297;
3.15487;
0.686044;
3.4859;
0.704617;
0.665165;
2.16414;
0.987214;
4.08632;
0.986749;
3.56839;
2.16224;
5.86203;
0.664916;
0.704165;
3.56981;
10.4731;
2.01045;
0.111373;
3.41941;
18.1584;
2.54797;
0.71553;
1.91907;
2.01346;
-0.311022;
1.18456;
1.27045;
3.13425;
-0.310599;
14.6235;
0.979178;
1.7302;
0.664932;
1.18518;
-0.0920048;
6.24042;
-0.0635463;
0.664979;
2.14621;
0.704063;
1.71321;
2.06095;
0.432091;
0.664888;
3.5136;
2.53675;
2.1434;
0.433557;
1.71241;
3.62826;
1.18516;
3.2468;
1.71201;
3.75473;
2.1408;
1.35304;
3.11603;
1.01629;
0.714648;
0.973549;
-0.140243;
0.664371;
7.73877;
6.63443;
-0.743139;
0.703135;
3.24033;
1.18503;
0.971394;
2.13476;
0.971097;
0.970964;
1.70978;
2.8586;
3.0939;
1.18478;
1.18465;
0.552337;
1.12897;
-0.41229;
2.12967;
1.91642;
4.4989;
2.0191;
3.45157;
15.1396;
4.11006;
2.85854;
0.602158;
0.964829;
3.09002;
3.57048;
5.65819;
-0.730466;
1.70785;
4.71903;
1.38846;
0.662598;
1.18595;
2.75773;
4.05698;
2.11689;
-0.294029;
3.12854;
23.1362;
2.30586;
0.457751;
0.700632;
0.457978;
0.700408;
2.10896;
4.04489;
1.70556;
10.5723;
1.18694;
2.2738;
6.57178;
2.6643;
0.699967;
3.86481;
5.40288;
0.953118;
1.54704;
6.67068;
1.70435;
8.62716;
2.09859;
2.09795;
2.09727;
0.610643;
1.18704;
0.698735;
6.06182;
-0.284598;
0.949336;
6.85418;
2.74749;
0.698194;
-0.0975847;
0.44953;
2.09206;
-0.283466;
7.89183;
0.946777;
0.832587;
-0.282802;
1.18637;
2.74369;
0.539053;
3.78018;
0.149336;
10.6835;
1.37732;
4.0873;
3.36392;
2.70378;
3.18739;
0.941946;
1.69994;
0.476095;
2.98441;
3.22092;
0.477068;
3.80104;
3.02233;
0.939975;
0.939877;
0.695247;
1.33654;
2.3755;
0.154295;
0.478855;
0.154338;
2.07484;
7.00493;
1.69761;
0.654728;
4.06348;
-0.276201;
7.26164;
3.9475;
0.394061;
-0.19569;
2.38832;
0.877078;
0.654049;
2.31383;
1.18456;
0.704429;
0.322405;
1.25554;
0.61808;
3.99904;
0.652856;
2.999;
0.931645;
2.0619;
0.703188;
3.53837;
3.49582;
2.05959;
0.87673;
2.73638;
4.00972;
2.71248;
0.928812;
5.18119;
-0.270585;
0.619369;
2.05521;
2.35428;
9.90226;
1.24484;
0.925982;
0.665827;
4.50891;
0.163717;
-0.171743;
0.163875;
2.86124;
7.81598;
3.94071;
7.87485;
2.43854;
1.68891;
2.36425;
2.94567;
2.73563;
2.04102;
0.167218;
0.919932;
1.68788;
-0.264587;
0.0220598;
0.622405;
0.648081;
3.41789;
0.167848;
1.68669;
2.69542;
0.647203;
7.78617;
2.95658;
2.03383;
2.69878;
1.59488;
3.13138;
0.623388;
5.19112;
0.399069;
0.501339;
2.29227;
0.686025;
4.71181;
1.68406;
0.624271;
3.96421;
5.12964;
0.645005;
1.17816;
2.94253;
2.02457;
1.09405;
4.42214;
-0.66724;
2.68944;
0.684321;
2.02144;
9.49287;
0.643485;
1.84601;
-0.257716;
0.907651;
2.01736;
-0.664141;
2.68463;
1.56465;
2.27868;
1.28337;
2.93051;
0.682626;
2.68176;
0.905259;
2.01287;
0.904906;
-0.661963;
2.01184;
15.0861;
2.00799;
2.91611;
-0.658852;
1.17438;
2.00621;
0.177277;
1.4798;
0.0243417;
0.680209;
10.4245;
2.00151;
2.00113;
3.4494;
-0.251917;
0.89774;
6.33868;
-0.038016;
1.99664;
8.77466;
3.20038;
-0.652361;
3.91073;
1.99209;
1.99175;
-0.250219;
0.893451;
-0.651526;
0.635801;
0.686936;
4.23698;
1.67031;
2.91561;
0.891545;
2.64993;
4.47203;
3.46702;
3.57267;
0.183785;
1.4632;
3.91748;
8.81797;
1.16919;
0.685156;
2.42501;
-0.643851;
0.63334;
1.97771;
0.185382;
0.185361;
-0.291518;
3.06407;
2.90769;
0.631041;
0.410459;
5.54382;
2.32377;
-0.244402;
0.630988;
1.66357;
0.525061;
-0.200378;
2.63749;
1.96889;
1.16559;
2.51809;
0.681458;
2.42468;
4.28534;
-0.637739;
3.30405;
1.96317;
0.632238;
0.878245;
4.26957;
0.632341;
0.877309;
-0.24129;
1.65935;
10.9396;
2.84085;
0.19044;
2.10849;
-0.633271;
10.4411;
4.50012;
0.626524;
0.62641;
1.23547;
3.13181;
2.02603;
1.11563;
0.666684;
1.51108;
5.94709;
3.04639;
14.5766;
0.62411;
2.81618;
0.665063;
1.9399;
0.865944;
4.01405;
0.623143;
2.61494;
2.61447;
3.35063;
2.41317;
3.64514;
-0.00591153;
0.862847;
3.1527;
-0.00551398;
1.15763;
2.51444;
4.6988;
4.30456;
2.57826;
1.92802;
0.636269;
5.48455;
-0.617941;
0.619232;
1.92471;
0.198869;
8.63967;
2.46;
1.92103;
0.617708;
0.543715;
5.37179;
0.617141;
4.23035;
0.637664;
4.42985;
0.657713;
0.657587;
6.71965;
-0.61197;
0.876273;
0.850405;
1.90997;
0.666687;
0.638522;
2.58955;
3.77461;
0.848883;
4.69172;
3.76885;
0.665289;
1.15061;
1.7159;
3.12725;
-0.226157;
3.72641;
1.14959;
-0.608821;
0.66357;
1.90009;
1.63678;
1.63664;
1.47052;
1.89835;
0.652226;
0.609997;
0.639848;
0.639839;
1.14781;
3.11748;
1.89555;
0.651269;
0.205169;
0.399947;
0.84179;
2.40053;
1.7639;
1.22488;
0.608054;
3.52897;
1.89027;
0.649605;
0.551984;
3.30087;
0.659462;
3.28619;
5.09466;
2.56286;
0.647944;
2.97737;
1.88331;
1.14366;
0.657652;
4.9019;
1.14312;
3.29397;
0.604186;
3.4276;
0.833751;
5.58126;
1.87705;
1.87663;
2.39429;
1.87565;
0.655325;
0.831758;
0.602256;
2.17008;
1.62552;
1.37833;
1.1401;
3.2455;
2.55486;
2.3912;
0.600304;
-0.220294;
0.828683;
1.82361;
3.77348;
0.535801;
0.0190642;
-0.219732;
1.86561;
1.13761;
4.31519;
0.640809;
1.86333;
0.825469;
0.210695;
1.86241;
1.862;
3.0709;
1.86071;
0.643035;
1.61971;
0.649279;
5.19118;
0.638561;
2.34309;
1.43329;
1.13446;
2.53506;
3.54917;
1.43066;
3.05922;
2.23749;
2.40751;
1.85035;
2.53529;
5.37368;
0.647912;
7.42895;
1.35408;
1.84347;
2.529;
0.81503;
2.81594;
-0.590559;
3.0436;
0.632522;
0.813634;
3.14183;
0.812969;
0.812839;
2.52424;
0.619583;
5.78208;
1.22968;
0.215463;
1.83363;
1.83319;
-0.215203;
2.446;
0.809566;
1.1262;
4.81169;
2.51135;
3.03539;
1.82736;
1.82703;
1.12471;
1.82618;
0.6272;
2.5123;
2.51167;
5.56636;
1.60365;
-0.58565;
0.567167;
1.82039;
4.75476;
3.06031;
5.02116;
0.64685;
0.568363;
1.81515;
3.9559;
-0.583422;
3.70386;
4.69654;
3.35798;
5.2411;
1.76718;
1.11751;
1.59672;
3.09598;
2.99365;
0.219775;
3.82392;
0.268933;
1.59483;
3.98817;
0.573613;
1.79896;
-0.579679;
0.64831;
1.79781;
1.1143;
2.40026;
2.48512;
1.9888;
0.615963;
1.79419;
1.79377;
4.09631;
1.79177;
0.61461;
1.79089;
1.79049;
2.39067;
1.78915;
3.29075;
0.787292;
1.7874;
2.38326;
5.44409;
0.847565;
2.27801;
-0.576177;
2.579;
0.620311;
1.10837;
2.76685;
1.77997;
0.610182;
1.7791;
1.70361;
7.25891;
3.01753;
1.78691;
0.223447;
2.62693;
1.77155;
3.27251;
1.77034;
0.04483;
0.576733;
1.10374;
1.83054;
0.650241;
1.10299;
2.4525;
3.53974;
3.44903;
0.604133;
2.55066;
0.84119;
0.603368;
0.603163;
0.602943;
0.577871;
0.773374;
1.75997;
1.75951;
0.650794;
2.93084;
0.772186;
1.75768;
2.06897;
1.57488;
2.92728;
0.600828;
1.75491;
0.770421;
5.54907;
1.57266;
0.768853;
1.75114;
1.75073;
3.66217;
1.74906;
1.74859;
0.579688;
4.08248;
6.30027;
2.52155;
2.7566;
2.43418;
1.74166;
0.580771;
1.74072;
4.11316;
0.762663;
6.17087;
-0.132397;
0.592942;
-0.204496;
8.06613;
1.73119;
0.228077;
0.652591;
1.73021;
0.582853;
0.0533698;
0.757386;
1.56231;
2.26174;
3.61775;
1.28442;
0.755217;
1.72416;
1.72368;
1.7232;
0.754348;
0.30337;
0.587584;
0.753617;
2.98431;
1.55829;
4.03476;
3.40869;
1.71672;
0.653275;
1.30685;
4.76135;
2.40715;
1.08174;
1.71255;
0.583575;
2.47327;
4.72342;
2.40309;
5.12166;
1.70685;
1.55226;
2.46463;
2.80514;
2.20342;
1.70262;
2.9042;
1.70101;
1.70053;
1.70006;
1.69955;
0.742437;
2.84726;
1.69786;
1.69738;
1.07523;
2.19683;
1.22376;
1.03844;
1.69414;
1.54625;
3.306;
0.739018;
0.73889;
0.738761;
2.21845;
1.07255;
0.117275;
2.32642;
0.526902;
6.11975;
2.76654;
5.4475;
2.43021;
-0.555831;
0.58909;
1.68102;
1.68051;
5.81543;
0.232766;
1.67785;
0.589471;
1.67687;
1.67638;
1.67588;
1.67538;
2.2261;
1.67387;
1.67338;
1.67288;
1.67238;
1.67188;
0.566709;
3.90512;
2.41087;
2.40977;
3.34038;
0.590534;
3.25147;
0.725294;
4.42235;
1.6632;
1.6627;
0.723881;
1.66193;
5.50797;
1.6594;
2.17034;
1.65789;
1.6574;
5.10037;
1.12214;
1.65321;
2.16608;
1.65156;
0.558244;
1.65064;
1.65013;
1.64963;
0.592127;
3.08864;
1.52417;
1.64711;
1.6466;
2.18497;
3.90961;
0.235608;
1.64339;
1.6429;
1.01977;
0.554087;
1.14329;
1.64047;
2.30005;
4.55107;
2.26556;
2.1497;
1.51813;
2.757;
0.55075;
1.95604;
1.63282;
1.63231;
2.75264;
1.63081;
2.16246;
-0.196952;
1.62914;
0.593749;
1.62823;
0.236879;
4.82155;
0.594049;
1.62505;
-0.196557;
2.32111;
3.26991;
1.62215;
0.545612;
2.33858;
3.85549;
7.08555;
1.61649;
1.09453;
2.3288;
-0.600172;
0.238212;
0.656913;
2.96075;
2.29607;
2.32092;
2.31987;
0.539836;
4.36551;
5.43318;
1.60365;
2.31179;
3.42938;
2.30879;
0.311413;
3.08457;
0.485892;
4.93988;
6.94805;
2.28411;
0.657576;
2.29468;
3.40768;
7.30849;
5.55974;
1.9109;
4.41022;
0.241461;
0.681777;
0.65787;
13.1422;
3.00507;
1.11394;
6.52601;
2.21689;
8.00411;
1.8949;
0.673436;
0.658423;
3.37702;
2.80055;
1.70923;
1.77307;
9.79059;
2.24917;
0.66868;
1.8858;
2.24747;
8.5037;
0.666185;
3.29345;
14.4605;
1.10661;
2.23594;
24.9757;
1.53239;
13.8693;
3.29652;
42.1735;
23.8938;
8.5656;
15.7013;
0.659501;
13.3684;
5.29524;
18.0044;
0.627263;
12.311;
0.659234;
12.2937;
0.706524;
0.659114;
8.60595;
14.1598;
9.50596;
14.571;
9.30466;
7.8864;
5.53475;
3.59385;
0.614684;
14.5774;
12.7505;
6.41931;
12.9977;
14.3111;
18.8787;
14.5085;
20.6409;
8.04225;
10.9516;
8.92688;
0.654704;
9.8476;
14.3156;
0.653908;
17.9111;
8.76238;
26.7288;
7.36211;
8.52982;
0.651681;
9.27648;
12.1936;
14.8212;
9.16533;
8.16719;
0.649217;
7.92261;
12.5626;
13.0809;
18.7574;
0.646852;
24.8217;
0.645992;
15.699;
17.6908;
21.9107;
7.18511;
1.98865;
14.8898;
8.55669;
0.639256;
0.641629;
0.641519;
8.85033;
9.47252;
19.4809;
10.3111;
26.1237;
14.4695;
18.3543;
8.53331;
17.2355;
17.5846;
16.588;
30.4657;
24.9277;
-0.0988303;
4.29845;
10.8602;
14.4438;
13.5747;
0.624148;
3.92413;
8.2577;
3.87874;
36.1449;
0.620821;
29.7381;
12.5099;
17.0772;
0.616399;
21.1157;
2.70372;
4.37606;
3.68342;
7.3434;
7.10803;
11.3299;
9.956;
22.7769;
18.1538;
4.77211;
9.0949;
13.1533;
11.3442;
14.91;
6.51123;
11.5626;
23.5008;
22.0725;
9.78244;
9.00728;
26.2305;
14.2992;
14.3365;
6.88876;
32.9588;
12.2844;
13.5423;
27.2802;
9.28166;
24.7789;
0.299525;
0.580278;
17.3526;
10.0019;
8.69713;
20.4234;
9.78936;
7.1441;
17.4588;
9.83083;
19.2537;
8.06375;
17.8612;
13.4917;
11.0669;
13.931;
9.12696;
0.559883;
11.1951;
16.2948;
8.45736;
13.1308;
19.8564;
6.71627;
8.63209;
12.1288;
9.11249;
27.0311;
12.3323;
10.7175;
12.1668;
32.5239;
33.7433;
13.5508;
