11.1123;
1.15385;
3.94625;
1.34394;
18.7044;
8.19711;
3.0554;
2.60604;
4.99284;
2.2615;
1.61495;
2.87392;
4.40729;
8.11826;
0.556003;
0.555993;
5.20231;
1.54307;
4.42655;
0.995522;
1.80156;
1.34909;
17.1086;
0.744017;
11.2049;
8.9725;
0.722889;
0.994753;
0.722659;
10.9666;
4.84512;
1.11021;
2.36443;
1.97503;
4.81885;
0.725522;
4.20625;
1.63943;
3.03401;
0.746393;
2.59683;
17.2636;
0.74773;
0.99347;
0.747554;
6.91614;
7.88059;
16.0747;
0.733203;
1.29652;
0.733063;
3.16961;
0.733143;
1.08961;
8.50521;
10.1694;
1.29962;
12.1131;
2.46002;
6.06403;
13.4509;
0.991698;
21.8132;
6.4727;
2.88995;
0.990934;
1.30905;
2.46966;
16.9888;
0.56171;
10.1526;
0.756915;
0.561782;
7.5947;
4.90786;
4.26314;
0.562297;
1.81102;
3.4509;
1.7045;
2.88906;
13.9306;
1.37067;
57.1271;
1.15097;
0.761173;
1.09778;
3.22788;
2.60017;
0.987721;
6.75208;
0.762192;
1.32942;
0.762092;
0.761994;
0.761898;
2.20026;
11.8465;
2.88023;
40.6154;
5.59414;
1.38259;
2.65501;
7.41027;
1.54178;
2.41934;
5.90243;
5.0749;
0.566245;
0.77253;
0.772434;
2.48447;
0.984288;
0.772378;
2.86971;
2.23469;
1.64194;
1.19455;
3.90063;
1.39925;
0.983565;
0.768834;
1.54017;
5.3075;
0.983243;
1.89966;
1.89932;
4.67026;
0.982644;
5.01405;
10.9954;
1.84773;
1.6611;
1.38413;
19.7179;
0.771303;
3.27244;
1.10121;
1.39636;
9.66401;
2.48239;
6.1601;
3.39379;
4.97891;
0.780842;
22.7848;
1.66543;
1.3942;
8.31889;
8.6567;
1.39351;
2.24517;
1.39013;
5.96769;
6.15978;
4.01284;
2.48111;
4.94425;
2.15812;
21.5453;
1.18244;
3.19698;
6.21265;
0.567715;
2.86287;
2.06907;
1.53065;
7.9052;
0.971981;
33.5556;
3.54669;
1.36683;
3.2133;
4.35309;
0.797498;
8.05348;
2.47796;
2.82372;
1.73864;
1.39645;
1.66976;
1.1895;
1.39626;
0.781009;
3.13002;
2.47626;
0.967871;
1.8675;
6.05423;
1.38427;
1.6369;
6.6454;
1.13585;
0.966232;
0.567336;
20.0712;
2.09702;
0.964706;
0.782585;
4.7642;
10.3539;
0.962943;
2.64938;
55.3984;
0.958469;
31.1805;
7.38596;
4.03838;
5.76343;
4.68097;
15.7673;
1.67051;
1.63183;
1.40447;
6.0838;
2.15943;
2.1191;
1.83441;
1.50838;
5.63917;
1.83259;
2.45661;
0.566492;
3.36748;
0.95018;
4.05559;
1.83024;
1.50606;
0.791077;
4.68006;
6.2502;
2.60354;
1.13321;
1.74566;
1.50383;
0.947718;
2.4527;
2.01514;
2.24433;
1.10059;
2.7572;
2.33945;
4.64883;
2.97799;
2.3364;
0.81723;
1.86746;
1.62349;
1.50002;
1.60131;
2.74934;
0.565265;
8.23591;
2.56476;
1.66275;
3.22839;
1.35681;
9.9246;
1.13034;
0.564582;
6.70886;
1.61961;
0.818864;
1.49478;
6.89335;
4.53783;
5.1459;
0.819618;
0.56402;
1.21733;
3.92874;
5.17313;
0.819761;
0.936508;
0.791958;
2.55309;
3.98965;
3.28794;
8.33823;
1.20633;
3.28262;
30.565;
1.20821;
0.822107;
10.5297;
15.8573;
1.21783;
1.12578;
4.07315;
1.0937;
0.925152;
1.57913;
5.91988;
3.41847;
1.88339;
6.02998;
10.2746;
0.92106;
4.33393;
6.11045;
0.794204;
0.794103;
3.47996;
1.3304;
1.33005;
3.28713;
13.4479;
8.80712;
1.59621;
0.82536;
2.99344;
1.64174;
2.95706;
3.11139;
1.56587;
2.12179;
1.20854;
1.32335;
0.794303;
11.6339;
4.48157;
0.910569;
2.57068;
2.12396;
4.59047;
1.7469;
1.08751;
0.9087;
1.74584;
1.31766;
4.57265;
0.907492;
0.793812;
2.60175;
5.31273;
1.63313;
15.9846;
0.794144;
0.794056;
1.73577;
1.63058;
3.253;
1.55269;
3.69705;
2.62288;
2.41983;
1.38226;
2.2385;
0.900814;
6.50071;
0.899594;
3.13694;
5.91636;
3.1386;
3.44908;
6.04933;
0.825736;
1.72042;
1.54451;
4.23482;
2.60966;
0.894623;
1.44098;
3.07085;
0.893817;
1.54192;
5.19231;
0.892784;
1.61935;
4.86425;
0.891896;
1.2099;
0.554767;
0.792241;
0.891325;
1.11128;
1.56821;
0.554508;
2.34524;
4.14445;
1.56673;
1.20312;
1.07939;
0.889138;
4.61251;
5.47431;
1.70332;
0.887478;
1.20244;
4.41814;
0.553523;
1.07827;
3.04095;
5.52324;
1.56084;
0.552951;
6.2965;
2.39768;
1.69418;
5.89012;
2.17006;
1.28598;
3.46152;
3.15246;
4.90348;
1.07461;
2.0777;
9.29612;
2.22035;
2.50201;
4.10378;
0.550732;
2.21735;
1.68065;
3.3435;
2.38887;
1.60067;
1.67807;
2.12825;
1.07191;
1.59941;
1.67606;
4.26628;
1.59816;
4.66305;
1.59711;
0.549273;
0.82309;
2.20031;
4.44253;
5.55034;
1.19716;
7.19612;
1.54209;
1.40852;
5.21148;
1.66233;
2.92082;
4.99085;
8.20166;
1.58864;
4.26768;
9.81425;
2.84266;
2.1438;
1.64952;
1.533;
2.92183;
1.25951;
6.545;
17.7161;
3.29054;
3.83076;
2.13251;
1.52611;
9.85058;
3.95452;
2.36139;
3.01799;
3.63149;
3.15717;
1.52115;
13.0138;
6.15633;
23.3478;
2.44542;
0.78654;
2.24508;
1.61052;
0.841757;
2.86269;
1.23674;
0.786044;
3.76838;
4.31984;
1.60556;
0.5415;
7.80555;
0.838071;
1.60244;
2.35684;
0.540843;
1.5058;
2.42887;
3.23961;
1.50438;
2.96622;
0.83546;
0.540412;
1.59693;
0.540343;
1.59631;
1.59583;
0.819644;
0.540038;
4.07398;
0.833552;
3.06594;
1.80814;
1.55312;
4.46829;
1.55194;
1.5516;
1.5884;
6.74134;
2.33931;
23.4446;
1.35637;
0.825265;
3.3001;
0.782975;
55.3525;
2.37214;
0.815089;
1.82595;
0.534483;
25.2835;
0.810394;
3.08966;
4.20875;
1.54401;
0.808791;
1.47188;
3.08228;
3.11583;
0.532211;
1.03877;
5.60153;
4.3801;
1.53646;
4.90294;
4.86626;
0.81464;
6.29577;
1.53035;
2.06873;
9.2961;
0.813838;
6.94754;
0.81351;
1.45978;
2.3363;
4.63938;
16.5983;
1.51521;
1.51469;
0.528071;
1.50821;
1.51342;
0.777804;
1.17684;
4.07324;
2.32302;
0.811684;
2.32196;
1.50923;
2.75433;
3.83502;
0.776843;
1.98771;
1.02829;
0.776613;
1.5051;
3.05238;
6.65197;
0.776149;
4.62487;
5.71906;
0.809845;
2.72779;
0.809637;
2.86375;
1.49611;
1.30379;
1.16673;
2.27311;
22.7943;
1.48961;
7.50022;
18.6971;
0.806786;
8.98492;
3.09952;
1.16116;
10.9175;
3.47684;
13.8878;
16.0117;
1.01359;
3.57268;
14.9583;
1.15496;
1.44912;
1.27407;
1.41181;
3.43531;
5.40215;
2.18702;
0.768791;
1.46346;
0.802338;
2.03216;
1.15283;
3.29344;
5.27312;
15.4188;
23.2101;
1.12102;
4.7182;
10.6738;
2.95988;
2.02151;
1.44732;
1.0287;
1.11574;
0.798637;
1.99542;
4.91967;
1.96526;
2.66472;
1.87795;
0.763822;
4.09646;
3.86539;
7.12078;
1.2466;
8.2809;
0.796536;
1.95579;
5.54967;
7.09932;
2.50467;
10.2785;
10.4141;
12.7853;
24.8383;
15.7706;
1.74112;
11.9491;
0.79148;
8.06855;
0.981048;
22.3762;
5.94777;
7.98156;
1.12251;
13.203;
15.4174;
4.75049;
5.16034;
4.27296;
0.751285;
18.8359;
2.89285;
0.785408;
4.83971;
2.12129;
3.15833;
2.93956;
2.58177;
12.2767;
2.42149;
2.6847;
10.0584;
1.93262;
16.5162;
12.0479;
12.5398;
3.18902;
26.4224;
1.95564;
5.40739;
6.28761;
0.777785;
0.741762;
6.39966;
14.9594;
1.28372;
0.679124;
11.9436;
18.3788;
18.7637;
22.1998;
29.2226;
14.0682;
12.3725;
0.76716;
18.5267;
9.40043;
0.764969;
11.1341;
16.2298;
4.91304;
2.59172;
15.6305;
0.473962;
1.06998;
0.760841;
1.80093;
3.84393;
10.2948;
3.46972;
39.5967;
16.9854;
15.1119;
0.754445;
0.754345;
0.75425;
22.4179;
22.5203;
0.466357;
19.2484;
1.08897;
10.7041;
12.093;
0.932659;
11.1101;
15.5032;
0.463098;
1.26685;
15.2209;
12.9845;
25.9124;
0.739265;
6.83988;
5.58846;
0.460971;
8.43712;
14.9916;
2.46342;
3.93733;
2.5711;
15.6205;
11.9311;
24.3313;
3.49486;
11.2413;
4.36367;
17.091;
6.47458;
15.2961;
0.588678;
1.21763;
23.7662;
17.1126;
1.01357;
20.1563;
23.4037;
2.83803;
16.859;
0.681563;
9.18268;
6.39509;
16.2639;
10.9665;
0.880468;
25.1785;
22.2769;
14.8472;
21.1924;
0.67048;
20.0761;
4.09205;
0.693286;
3.08649;
11.6423;
8.1719;
11.5624;
12.4524;
10.6424;
2.36049;
20.0596;
10.9269;
11.9302;
19.2583;
3.04403;
47.3143;
13.8;
21.2122;
13.1875;
16.7322;
0.666617;
14.7347;
15.1655;
10.7127;
11.8335;
1.67241;
22.7712;
2.94529;
16.3742;
11.8483;
17.1227;
10.6981;
8.30171;
0.650493;
18.4277;
7.26952;
14.9725;
6.02212;
15.8598;
0.511175;
8.40087;
25.5166;
1.10743;
20.9685;
0.636611;
24.1027;
9.04238;
21.0303;
14.4711;
29.5014;
5.36785;
3.48661;
9.52509;
6.93062;
2.1564;
28.5185;
4.3019;
7.07656;
16.772;
3.93686;
19.9659;
1.79214;
0.615442;
7.36409;
16.9015;
21.7707;
7.88272;
11.7104;
30.8905;
16.8383;
12.3763;
11.039;
17.0166;
0.477351;
8.87548;
25.2353;
11.2083;
22.3936;
8.34803;
7.84677;
14.2668;
7.40197;
10.0714;
37.0882;
20.1783;
9.99759;
10.4159;
0.582232;
15.8086;
7.38801;
6.41194;
13.3653;
0.550291;
0.420263;
2.46758;
16.7677;
9.29547;
10.1174;
17.2999;
10.3572;
11.0591;
0.56989;
25.6683;
13.5512;
21.4625;
10.1157;
14.9716;
0.561322;
18.9236;
14.4758;
9.95622;
9.43252;
6.1113;
7.02357;
11.8561;
14.2978;
12.34;
7.51172;
10.2234;
5.01494;
12.2038;
16.8041;
13.3236;
9.73811;
16.1961;
12.5173;
5.8235;
9.13972;
14.4105;
11.4259;
11.7749;
9.97508;
8.98309;
7.46334;
10.8256;
26.3759;
11.119;
13.8224;
11.8947;
15.5234;
23.269;
10.4563;
8.44172;
19.1257;
16.0915;
6.42274;
8.32754;
