-1.19649;
0.166307;
-0.258405;
-0.664172;
1.58082;
0.880782;
1.10469;
2.62288;
-1.89074;
0.663827;
0.261428;
0.261375;
-0.215596;
0.261271;
-0.872817;
0.59915;
1.31812;
3.34804;
1.49589;
0.453295;
0.799084;
0.392918;
0.960245;
-0.071768;
-0.0727674;
0.0548774;
1.10353;
1.66949;
-0.207016;
11.9368;
0.437608;
-0.197173;
2.17732;
-0.196522;
0.344864;
0.318578;
0.882263;
0.88224;
1.34141;
0.400259;
1.94063;
0.881978;
-0.00340342;
-0.0814129;
1.10282;
-0.192871;
4.68682;
1.96074;
0.216888;
-0.0788457;
1.61637;
1.24048;
-0.183957;
-0.183936;
-0.810067;
3.09537;
-0.182385;
1.58703;
2.16559;
-0.179963;
0.249537;
-0.460505;
0.227868;
1.5071;
1.26725;
-0.459803;
0.638044;
0.120443;
-0.459535;
0.882536;
0.273326;
1.14842;
1.16318;
2.08022;
0.233465;
1.00874;
0.255355;
3.60264;
1.51402;
0.57855;
-0.0741532;
2.56755;
0.254953;
0.449668;
0.643768;
0.254842;
1.67268;
0.669785;
-0.591921;
1.58092;
1.66833;
0.254464;
0.881564;
-0.455402;
0.254342;
0.881284;
-0.26238;
0.128622;
1.8635;
0.881071;
-0.166237;
-0.454455;
4.67433;
0.854198;
1.67133;
0.452228;
1.5848;
1.11796;
-0.610666;
-0.452501;
0.253365;
-0.254542;
2.47852;
-1.31915;
2.46229;
0.880344;
-0.160231;
-0.160213;
1.45678;
4.22689;
0.569815;
-0.450129;
-0.450095;
0.879793;
7.6573;
0.13527;
1.5841;
1.77211;
-0.0360739;
2.01234;
0.25215;
-0.0662312;
1.42169;
9.28834;
0.552296;
0.428333;
2.55182;
-0.76544;
-0.137287;
-0.44;
0.914731;
2.56648;
1.04437;
0.853179;
0.42958;
0.465748;
-0.375442;
1.58614;
1.00004;
-0.374113;
1.58593;
-0.133882;
-0.438075;
0.250487;
-0.34839;
0.122388;
-0.459082;
1.09414;
6.25803;
3.43298;
1.11326;
0.879293;
-0.127308;
-0.127301;
0.492894;
-0.127149;
0.483278;
1.5723;
0.878736;
-0.126492;
-0.229492;
0.921717;
0.434767;
3.11376;
0.43511;
1.93198;
-0.124332;
-0.124324;
0.249363;
2.89803;
2.89916;
-0.15351;
0.323321;
0.249187;
-0.121873;
-0.121872;
1.35579;
-0.430425;
0.603394;
0.603428;
0.863454;
0.876711;
1.23048;
-0.0522888;
0.876528;
0.0208145;
4.24663;
1.76365;
1.60315;
-0.427555;
-0.166826;
-0.0502659;
0.87573;
-0.427159;
1.92688;
3.30443;
-0.426441;
-0.115589;
1.69384;
0.87506;
4.91461;
0.874978;
-0.0477557;
0.248244;
-0.503004;
1.5783;
3.97841;
1.21775;
-0.423129;
-0.423116;
1.6857;
5.00115;
0.873847;
1.66034;
0.247912;
0.417518;
0.500902;
0.247801;
0.873226;
0.443581;
0.477379;
0.872884;
0.500594;
-0.420251;
0.71406;
1.35322;
6.70823;
0.792673;
-0.103911;
-0.103904;
1.08597;
1.73501;
3.15197;
4.04125;
-0.0992197;
0.0258394;
3.57458;
5.17496;
-0.325948;
0.871094;
0.87098;
0.870885;
-0.095701;
-0.412656;
-0.0957002;
0.940102;
3.16751;
0.870332;
1.6542;
1.63673;
0.870128;
-0.659906;
0.706205;
0.869804;
-1.30537;
0.420997;
0.507252;
-0.658316;
0.869284;
-0.410282;
0.869055;
-0.469343;
0.868824;
2.60179;
1.08273;
0.62589;
0.706241;
2.96363;
13.8007;
1.28375;
2.31578;
0.457949;
0.246533;
0.867732;
0.246464;
0.867517;
1.09765;
-0.402802;
1.08931;
2.53331;
0.866936;
0.866829;
2.3568;
6.65165;
4.67967;
0.718451;
6.03479;
0.553461;
1.17065;
1.2124;
0.865833;
-0.396525;
-0.0730618;
0.2831;
1.26806;
0.865303;
0.517562;
-0.39597;
2.52826;
0.246004;
1.09458;
3.95972;
6.59454;
4.52035;
2.66216;
1.34448;
1.64337;
4.51536;
-0.0662427;
1.5227;
-0.391008;
3.84929;
2.16497;
-0.389593;
1.52387;
1.04524;
4.58354;
1.5612;
2.72706;
2.17274;
-0.061777;
0.861938;
1.63971;
0.861681;
1.44117;
-0.387236;
-0.124758;
1.55905;
0.861095;
4.43688;
0.202072;
1.02518;
1.52384;
0.245591;
1.44117;
1.07583;
2.72094;
3.24584;
0.815721;
0.859788;
0.651613;
1.63575;
1.07505;
0.730101;
-0.384267;
0.245388;
0.729877;
0.245345;
0.729734;
5.74236;
3.93557;
0.731378;
2.51045;
-0.305596;
2.75436;
1.23153;
1.21439;
-0.0541119;
0.857445;
1.073;
-0.0540119;
0.857109;
2.69313;
0.245092;
1.25874;
2.83561;
-0.379758;
0.245034;
0.245013;
0.613576;
0.653936;
3.95144;
3.67557;
0.738623;
0.855395;
-0.361411;
0.244903;
0.56717;
0.58516;
1.62733;
1.14769;
4.39201;
2.46659;
1.07;
0.475077;
1.6259;
1.62572;
0.735975;
3.62715;
1.87351;
0.736477;
-0.374101;
0.987335;
0.244796;
0.475644;
1.26932;
0.244726;
5.48108;
0.85183;
0.851716;
0.851602;
-0.0432033;
0.244653;
-0.043202;
0.244616;
0.275864;
0.244574;
0.658594;
0.73715;
0.850566;
1.08043;
0.81997;
-0.0426191;
0.850076;
0.849962;
3.23954;
-0.370454;
1.5388;
0.475951;
1.26665;
1.06494;
1.85225;
0.848796;
0.848681;
0.244222;
3.63439;
0.659673;
3.90313;
1.3326;
0.660211;
0.847367;
0.00590291;
1.51916;
0.634188;
0.846825;
1.7053;
0.305897;
0.00657646;
1.61219;
1.51788;
0.972557;
0.915712;
3.36679;
0.859873;
0.845022;
-0.0357678;
2.47356;
2.27855;
0.844463;
2.47238;
1.60878;
1.27148;
1.07378;
3.53404;
0.243696;
0.478594;
0.843314;
0.243639;
1.60673;
2.16247;
1.52681;
0.84266;
0.842545;
0.0100662;
1.09929;
0.52408;
3.19413;
0.841698;
1.70634;
-0.0314597;
0.841295;
-0.36054;
0.841065;
0.916199;
1.52319;
2.18763;
0.243233;
0.478866;
-0.0302401;
-0.359361;
1.5129;
0.243138;
0.1268;
-0.0298903;
0.83935;
-0.0298882;
-0.555133;
0.243006;
0.512744;
0.838724;
-0.0296611;
3.2388;
-0.357955;
-0.219844;
0.837923;
-0.357757;
0.837694;
0.837578;
3.16627;
2.65679;
0.242772;
1.25746;
1.39371;
0.242731;
0.836201;
-0.0275057;
0.835973;
1.70458;
1.06512;
0.477891;
-0.0270138;
0.819377;
1.40802;
1.50677;
-0.0264832;
0.402435;
2.42934;
3.47416;
1.5066;
0.47385;
0.242571;
0.833471;
-0.0244681;
2.05623;
-0.543716;
-0.353245;
-0.353231;
2.43921;
0.832364;
0.242351;
1.31726;
0.831985;
0.530916;
1.84734;
0.132514;
0.65997;
-0.344425;
0.659835;
1.16029;
2.43387;
0.530915;
0.830398;
0.830283;
0.858865;
1.16853;
-0.0219081;
0.8296;
0.241877;
0.829371;
2.31453;
0.829064;
0.828949;
1.58367;
1.5783;
3.99106;
0.827988;
3.23723;
1.05693;
0.82747;
0.659537;
-0.349055;
-0.337783;
0.221585;
4.44595;
2.85088;
0.241634;
1.41924;
1.05494;
8.77938;
1.84401;
-0.0164073;
0.824432;
0.824317;
0.241395;
1.83278;
0.823956;
-0.345043;
3.30022;
0.645785;
0.823065;
0.822951;
2.41194;
0.509275;
1.57341;
1.48896;
0.82186;
-0.0403029;
1.24374;
0.659598;
2.21229;
0.820993;
0.82088;
0.241197;
2.88226;
11.4159;
1.82372;
1.33107;
0.24125;
0.818705;
2.76275;
0.81829;
0.81818;
0.241158;
0.241139;
0.738379;
0.817687;
8.77495;
-0.00903623;
0.240997;
1.70136;
0.816127;
3.636;
0.815505;
3.41179;
-0.00729547;
1.63642;
3.63135;
0.814636;
0.814527;
0.814417;
-0.00668654;
0.814199;
1.02911;
0.659839;
0.509976;
1.48456;
0.813328;
2.38376;
1.29918;
1.31847;
5.68022;
0.811743;
0.811635;
0.666122;
-0.00478037;
0.24043;
-0.332204;
0.299877;
1.54651;
0.810719;
0.240302;
0.810499;
2.37526;
2.66488;
1.29559;
0.24031;
-0.00379735;
0.809277;
1.81626;
0.808835;
1.83681;
-0.0029052;
0.808263;
2.41198;
-0.00266976;
2.36721;
0.24022;
0.807383;
0.807273;
4.86465;
0.530927;
0.806629;
0.806519;
-0.00184517;
0.8063;
0.806192;
1.45747;
2.12792;
0.805534;
0.805425;
-0.328387;
-0.328384;
0.529636;
-0.328364;
0.155647;
0.734554;
-0.328081;
0.339382;
0.804147;
-0.00126342;
0.476538;
0.734021;
0.239701;
4.76998;
2.13583;
0.506959;
2.26022;
1.05979;
1.56061;
0.80177;
0.239523;
0.239499;
0.000758674;
0.801333;
3.3886;
0.800685;
0.800575;
0.800466;
0.800356;
2.47219;
2.8163;
0.134896;
0.79949;
0.475995;
0.799258;
-0.323913;
0.322461;
-0.323798;
0.7987;
0.79859;
0.79848;
1.38659;
0.50554;
2.78177;
1.44028;
1.25172;
0.797016;
-0.32275;
0.505103;
0.238923;
0.00341612;
-0.322668;
1.27737;
1.51696;
0.238834;
1.69924;
0.795371;
0.795261;
0.23876;
1.51471;
3.22248;
0.794283;
0.794173;
4.7493;
0.00507144;
0.339455;
0.79224;
2.10569;
1.50799;
5.92687;
0.790634;
2.46309;
-0.31865;
1.56397;
-0.318483;
0.341021;
0.523708;
1.04502;
2.4417;
-0.223229;
0.787904;
2.13388;
0.787568;
0.787458;
0.00727704;
0.238099;
0.78713;
5.46468;
2.73984;
0.785747;
0.237948;
-0.316405;
1.19896;
0.237893;
1.4948;
0.341213;
0.00809598;
0.784562;
-0.31612;
0.00807648;
0.00805477;
0.784123;
0.784014;
1.1963;
0.00812721;
0.644776;
2.12172;
3.59045;
1.41046;
0.782453;
2.21058;
0.497789;
0.78166;
0.78155;
0.237476;
1.40784;
4.00163;
2.57328;
-0.313631;
0.779142;
0.779033;
0.316441;
0.77872;
0.77861;
0.7785;
2.70363;
0.777844;
1.51059;
-0.312609;
0.0105892;
-0.312598;
0.777143;
0.01057;
1.73546;
0.237087;
-0.312472;
0.776433;
0.237025;
0.776213;
3.8738;
1.47548;
3.14586;
1.00009;
0.774466;
0.707008;
2.26675;
0.493697;
-0.311455;
0.0112305;
1.47176;
1.47146;
-0.311355;
0.773119;
-0.311351;
2.06885;
2.59705;
1.38922;
-0.310742;
1.92744;
0.77141;
2.11097;
0.99595;
6.53204;
0.0126798;
0.769259;
0.0126667;
0.490785;
0.768898;
1.46223;
0.0127593;
3.24926;
-0.30931;
0.236505;
-0.309303;
1.38073;
-0.309207;
0.938757;
1.4591;
0.633238;
0.458628;
0.65978;
0.013191;
1.45693;
1.96854;
2.02506;
1.37571;
0.765108;
0.0133981;
4.38673;
0.764176;
0.456954;
1.37291;
0.763715;
1.3723;
0.76341;
0.7633;
0.236079;
3.25689;
0.76163;
0.76152;
0.0144084;
1.4014;
1.44666;
0.0144915;
0.760765;
3.31965;
0.0147297;
1.44466;
-0.306466;
4.94452;
0.758971;
0.758861;
1.4226;
0.758272;
1.31957;
1.15518;
0.757746;
0.757636;
3.11008;
2.47431;
0.756643;
-0.30478;
1.43749;
0.756267;
0.756157;
5.20025;
0.755152;
2.20991;
0.754875;
0.754765;
0.235424;
0.754545;
0.754435;
0.235355;
0.754217;
0.754108;
0.0163001;
-0.124752;
2.05266;
1.35071;
0.752628;
1.42962;
0.752304;
-0.303322;
-0.303335;
-0.303332;
-0.257462;
1.4279;
-0.303276;
1.42727;
1.42687;
2.19748;
0.366041;
2.63947;
0.235048;
0.698135;
0.235002;
1.44483;
0.748289;
0.0171984;
0.74807;
0.74796;
-0.302282;
0.747741;
0.747631;
0.234817;
0.747411;
0.44591;
0.747155;
-0.302239;
0.476315;
0.617411;
0.476037;
0.0606164;
0.746172;
0.746063;
1.41654;
0.695188;
0.745583;
2.03891;
0.496494;
0.745011;
1.33479;
-0.255261;
0.744472;
4.81936;
0.743321;
1.46425;
0.643237;
0.311427;
1.32944;
1.66328;
-0.300949;
1.40779;
-0.300939;
-0.300938;
0.0178277;
2.99568;
0.322774;
0.0180408;
1.73031;
0.234186;
0.739668;
0.440186;
0.739362;
1.4031;
-0.300256;
0.0182196;
0.0182183;
2.16089;
0.234019;
1.28298;
0.738008;
0.737898;
0.233955;
0.737679;
1.39971;
1.39928;
-0.300108;
-0.300095;
0.0182131;
1.31853;
1.31811;
0.686809;
0.736213;
-0.113039;
0.735801;
0.735691;
2.00216;
0.734932;
0.233656;
0.217466;
1.2695;
0.733863;
-0.299474;
0.733643;
-0.299485;
0.0184725;
0.486825;
2.73909;
0.732437;
0.233362;
0.939607;
0.233327;
0.953662;
1.38794;
0.0186637;
-0.299101;
0.233214;
0.463792;
0.730937;
0.730827;
0.484593;
2.55762;
0.729797;
-0.43461;
0.729593;
0.680544;
1.30346;
-0.298779;
0.729021;
1.63579;
0.728603;
2.32559;
0.727778;
0.727668;
1.37967;
0.948649;
0.727166;
0.0189267;
1.16309;
-0.298396;
1.63095;
0.0189555;
0.598744;
2.54999;
0.725361;
0.725252;
0.725143;
3.34872;
0.724494;
2.8258;
0.299161;
0.723202;
0.723093;
0.722983;
0.722873;
0.722763;
0.722653;
0.23245;
0.722433;
0.722324;
0.722214;
1.36871;
1.84739;
0.721466;
0.232339;
0.721246;
3.09562;
0.720612;
2.57109;
1.64899;
-0.297173;
1.36292;
0.0195285;
1.91724;
0.0196743;
0.718052;
0.717942;
1.28034;
1.10442;
0.717117;
0.0197139;
0.716897;
1.35804;
0.716573;
0.23199;
1.27736;
0.716146;
0.716036;
0.715927;
0.450991;
0.7156;
0.667624;
0.0196738;
0.471386;
1.14114;
1.27404;
0.0197326;
1.2734;
4.34387;
-0.296381;
0.713254;
0.656421;
0.932822;
0.712655;
0.712545;
0.712435;
1.34907;
2.08127;
1.34805;
0.711606;
-0.296169;
0.616335;
1.08793;
0.710311;
2.26981;
1.26417;
0.12604;
3.84106;
1.08157;
0.0203999;
0.0203925;
0.707008;
0.231299;
0.706789;
1.25791;
3.53274;
0.0204329;
0.0204256;
0.924949;
0.705312;
0.0203827;
0.705092;
0.704982;
0.704872;
0.704762;
-0.295122;
0.0203386;
4.67073;
0.703432;
0.703322;
0.703212;
0.0204203;
0.230911;
0.702883;
0.702773;
0.702663;
0.0203691;
0.702443;
2.05196;
1.20944;
2.20445;
0.700964;
0.230751;
0.230732;
0.700635;
0.700525;
0.653587;
0.700201;
-0.294518;
0.699981;
0.118984;
0.0204808;
3.03219;
1.36328;
1.32124;
0.698249;
0.230461;
0.0206682;
-0.294117;
2.82043;
1.36023;
0.0206755;
0.696738;
0.696628;
1.31734;
1.31691;
0.0206336;
1.31626;
-0.294007;
-0.293994;
2.03175;
0.648755;
2.31558;
0.694572;
0.02074;
0.694352;
0.647712;
0.694036;
0.693926;
-0.293715;
0.693707;
3.82017;
0.230012;
0.692672;
-0.293543;
0.229951;
0.692343;
4.12656;
0.691401;
1.30684;
1.22661;
0.429825;
0.398585;
2.72842;
1.80532;
-0.292982;
-0.29298;
0.689032;
1.54188;
2.01091;
0.229723;
0.688161;
0.396447;
0.687846;
1.09088;
0.0210194;
0.632583;
1.18316;
0.594419;
0.229538;
1.90243;
0.229551;
0.021118;
0.229509;
-0.29241;
-0.292409;
0.685116;
0.021084;
0.684897;
0.857195;
0.684463;
3.8674;
0.0211609;
1.54153;
1.21046;
0.900147;
1.08291;
0.682219;
0.682109;
1.86971;
0.681382;
0.556721;
0.0212373;
0.229173;
2.50533;
0.679582;
1.28312;
1.20284;
0.679049;
-0.291533;
-0.291531;
0.678714;
-0.291528;
0.439719;
1.20087;
0.678052;
0.0212689;
0.228933;
1.16476;
0.393879;
0.67698;
-0.291354;
-0.291352;
0.228781;
1.2773;
0.676315;
0.676203;
0.676091;
-0.243219;
0.675757;
1.00569;
0.385369;
0.675113;
0.675001;
0.674889;
2.86693;
0.228538;
0.415328;
1.27212;
0.673707;
1.19159;
0.67338;
-0.393729;
0.672942;
0.67283;
1.18984;
1.96307;
1.96225;
0.671921;
0.0212624;
1.00899;
0.671025;
1.26616;
-0.290762;
-0.29076;
0.432539;
0.670254;
0.380835;
0.669919;
1.95517;
0.0213176;
0.669394;
0.227966;
2.61746;
0.668428;
-0.290619;
0.410176;
1.66404;
0.667457;
1.22198;
0.667017;
0.429275;
0.227794;
-0.290455;
0.988568;
0.666139;
0.227709;
1.25626;
0.665695;
0.665583;
1.94231;
0.665144;
0.665031;
0.664919;
0.664807;
1.75769;
1.25302;
-0.290342;
1.25237;
1.04603;
0.22741;
0.0212857;
1.13603;
0.662872;
1.93431;
1.65287;
0.227311;
1.2481;
0.572984;
-0.290024;
-0.290022;
0.0213377;
-0.290019;
1.15721;
-0.289975;
0.659942;
1.24425;
0.65962;
3.51007;
1.03641;
1.92093;
0.657915;
1.03499;
0.0213633;
0.657366;
1.91801;
0.857882;
0.021351;
1.15814;
1.2806;
0.656047;
0.655935;
0.655823;
-0.289641;
1.1562;
0.655399;
0.655287;
2.8051;
0.654217;
0.654105;
4.21686;
0.867775;
0.652206;
0.652093;
0.364381;
0.651764;
0.651653;
0.651541;
0.226569;
0.651317;
-0.289001;
1.82411;
0.226497;
2.10003;
0.226488;
1.14441;
1.14398;
0.649152;
1.69572;
1.22218;
-0.240853;
0.648193;
2.0813;
0.647649;
0.647537;
0.0215455;
0.226195;
0.647201;
1.40288;
0.226163;
0.646262;
0.64615;
0.646038;
0.645926;
-0.28852;
0.645702;
-0.288516;
0.645478;
-0.288528;
0.0214871;
1.01415;
0.389623;
0.644489;
0.644377;
0.644265;
2.7846;
0.64361;
1.21209;
0.643281;
0.643169;
1.87604;
1.13095;
0.225678;
-0.288361;
0.642283;
1.45198;
0.641742;
1.25187;
1.75434;
0.640866;
-0.288244;
0.992264;
1.86732;
0.639779;
-0.288172;
0.0214504;
1.20411;
0.639228;
0.352331;
0.638895;
0.638783;
1.12299;
0.638447;
0.638335;
0.225241;
0.0213714;
0.637999;
2.56216;
2.02858;
0.350213;
0.225151;
0.636488;
0.636375;
0.654101;
0.225072;
0.635624;
1.19635;
-0.287881;
0.635176;
1.11591;
0.834625;
0.510266;
0.634402;
0.63429;
-0.287849;
0.0212952;
2.69482;
0.633309;
0.0213146;
0.633085;
0.632973;
0.632861;
0.632749;
0.224644;
0.632524;
0.632412;
0.6323;
0.0212357;
0.632076;
0.0212213;
1.646;
0.631414;
2.43975;
0.400341;
0.63032;
0.224404;
0.920245;
1.24326;
0.585219;
0.629121;
0.0212296;
1.10381;
0.628674;
1.10315;
0.224257;
0.628227;
1.57972;
0.627688;
0.0211465;
0.0211393;
0.627351;
0.627239;
1.06444;
0.626809;
0.582554;
-0.28743;
0.626364;
0.501606;
1.17771;
1.17728;
1.17684;
0.39148;
0.0210713;
0.62504;
0.972777;
0.6246;
0.470836;
0.223783;
1.06434;
2.04411;
-0.287176;
0.622433;
0.22372;
0.622208;
0.622096;
0.621984;
-0.287167;
1.7311;
0.621118;
0.621006;
0.620894;
0.295371;
0.819216;
-0.287027;
-0.240199;
0.619689;
0.619577;
0.832714;
0.619244;
0.619132;
2.5492;
0.223339;
0.3658;
-0.286818;
0.0210366;
1.0821;
1.80068;
0.617231;
0.617119;
1.9982;
1.96609;
-0.286665;
0.0210033;
0.615808;
0.0209889;
0.0209817;
0.615471;
0.615359;
0.222988;
1.79353;
1.15563;
0.614592;
1.15498;
0.885178;
0.613829;
1.15347;
0.613494;
1.03702;
0.361116;
0.612844;
-0.286519;
1.15132;
2.89181;
0.611417;
0.2227;
-0.286397;
4.37294;
1.77773;
0.222681;
0.19719;
-0.286153;
1.06448;
0.608613;
1.06384;
0.222563;
0.222538;
0.222514;
1.62958;
0.222488;
0.80574;
0.481616;
0.222439;
-0.286041;
-0.286053;
7.15881;
0.6047;
0.222388;
0.604475;
0.604363;
0.222315;
0.0209783;
0.0852194;
1.37808;
0.222265;
-0.285713;
0.602934;
0.602822;
0.60271;
1.94501;
2.5925;
0.222096;
-0.285577;
0.350645;
0.600859;
0.600746;
0.556951;
0.600412;
0.798255;
0.600078;
0.221876;
0.599854;
1.1694;
0.599412;
0.5993;
0.314855;
0.348758;
1.74506;
2.65754;
0.597548;
0.597436;
0.597324;
0.597212;
0.5971;
1.12072;
0.0208369;
0.221552;
3.25499;
1.11732;
3.01679;
0.593524;
0.320695;
1.72831;
0.592754;
1.03253;
-0.284826;
0.592315;
0.592204;
1.72538;
2.71469;
0.0208432;
0.591008;
2.86847;
1.71925;
0.58971;
0.221397;
1.71762;
0.537317;
0.588848;
0.588737;
0.588626;
1.10405;
0.0207488;
0.588185;
0.588074;
-0.284582;
2.40178;
0.543529;
2.93438;
-0.284253;
0.585155;
1.01739;
0.980122;
1.70277;
0.584169;
1.55776;
0.583625;
0.583514;
1.09395;
0.583184;
0.221001;
0.582963;
1.73771;
1.01175;
0.581989;
0.581878;
-0.284039;
0.581656;
-0.284048;
0.298062;
1.74494;
1.53166;
-0.283894;
0.0204727;
1.44133;
1.12929;
0.579291;
0.791216;
1.08515;
-0.23816;
1.08429;
0.220652;
-0.283801;
0.020371;
3.05335;
0.577008;
1.86781;
0.576465;
1.04028;
0.576042;
0.575931;
-0.283619;
1.6766;
0.0203007;
1.5311;
0.531115;
1.11927;
0.808057;
0.573877;
0.220315;
0.220292;
1.12708;
1.07358;
0.289812;
0.769223;
0.872719;
0.572127;
0.572016;
0.0202085;
1.83082;
0.0201864;
0.571251;
0.57114;
-0.283297;
0.570919;
0.0201258;
0.219946;
0.570586;
0.570476;
0.219876;
3.82677;
0.568555;
0.764707;
0.568229;
-0.283062;
0.568008;
0.983141;
-0.283069;
0.284602;
-0.283058;
0.0199597;
0.333984;
0.0199508;
-0.283044;
1.64943;
0.566261;
0.56615;
-0.283016;
0.0199014;
2.0163;
0.977312;
0.564773;
0.564662;
1.79007;
0.0198929;
3.02506;
1.01335;
0.0198968;
0.56252;
1.63699;
1.82282;
0.970678;
0.561445;
0.561334;
0.314994;
1.0496;
0.968933;
0.560578;
0.0197945;
0.560357;
0.560246;
0.560135;
0.560024;
0.559913;
1.82399;
1.46755;
0.558831;
0.55872;
0.558609;
0.558499;
0.558388;
0.558277;
0.558166;
0.558055;
0.963247;
0.55773;
0.55762;
1.08468;
0.42844;
0.556962;
0.556851;
0.55674;
1.04093;
0.556409;
0.327266;
0.218734;
0.555967;
0.555856;
1.24965;
0.957984;
1.59686;
-0.282229;
1.45268;
1.79753;
0.424438;
0.553242;
0.553131;
0.55302;
0.552909;
0.83469;
1.60732;
0.552139;
0.91338;
3.06168;
1.26961;
-0.281877;
0.21839;
1.02765;
2.40552;
0.549207;
-0.281788;
0.218286;
0.548875;
-0.281795;
0.548653;
0.548542;
1.78072;
0.54801;
0.547899;
0.547789;
0.547678;
1.02286;
0.547348;
0.547237;
0.941667;
0.941229;
1.39944;
0.019056;
0.546138;
0.546027;
0.545916;
0.545805;
0.263347;
0.545476;
0.545365;
0.545254;
0.93771;
0.544923;
0.217679;
-0.281608;
0.544591;
-0.281606;
0.936171;
1.01605;
1.01561;
0.0188733;
0.934634;
-0.281589;
0.217456;
0.543159;
1.01385;
-0.281569;
1.37921;
0.735965;
0.0187491;
0.541837;
1.57523;
0.735123;
2.82874;
0.540319;
0.217193;
0.540098;
1.24738;
0.304048;
0.808663;
0.539002;
0.538892;
0.538781;
0.53867;
0.53856;
0.0185412;
3.33644;
0.537362;
1.00219;
1.00175;
0.0185002;
0.308552;
0.729772;
0.536263;
0.999978;
0.535933;
0.535822;
0.216721;
0.5356;
-0.281022;
0.535379;
0.879003;
1.55493;
0.534613;
0.534502;
1.55328;
0.534062;
0.533951;
-0.280942;
1.40403;
2.12487;
3.07921;
0.531665;
0.531554;
0.0182206;
2.01566;
0.530784;
0.908676;
1.02937;
0.351414;
0.0628458;
0.529466;
0.216206;
0.905792;
0.529024;
0.135202;
0.528584;
0.528473;
0.729959;
0.527925;
0.902909;
0.216005;
0.982541;
0.901801;
0.215944;
-0.280422;
0.526824;
0.526713;
0.900465;
0.526383;
0.526272;
1.33846;
0.525724;
0.215748;
0.898248;
0.897805;
0.627321;
0.0177901;
0.524623;
0.896251;
0.895807;
0.524072;
0.523962;
0.523851;
0.0621451;
0.523522;
1.86382;
0.522428;
0.240232;
0.971704;
0.521877;
-0.280164;
-0.280161;
0.521545;
0.521434;
0.521323;
0.521212;
-0.280174;
0.969478;
0.0175082;
0.0174979;
1.10428;
0.519671;
0.0174201;
0.0174099;
0.519338;
0.215009;
-0.280042;
0.965486;
0.518785;
0.518674;
0.518564;
0.518453;
2.76849;
-0.279881;
0.0172712;
-0.279876;
0.516921;
0.51681;
0.0172343;
1.32376;
-0.279802;
0.233909;
0.515714;
0.0171889;
0.515492;
0.515381;
0.51527;
0.877448;
2.58741;
0.742204;
0.953351;
0.0170811;
1.48793;
0.512314;
0.214391;
2.80244;
0.511001;
0.51089;
0.51078;
0.510669;
1.15318;
0.282719;
0.826611;
0.50957;
0.214179;
0.715186;
0.509127;
-0.27929;
0.508906;
0.508795;
0.508684;
0.508573;
1.84284;
0.50759;
0.0167728;
0.507369;
0.507259;
-0.27917;
0.507038;
0.506927;
0.0167123;
0.0167019;
0.860265;
-0.279183;
0.372624;
0.506045;
0.505934;
1.0028;
0.505276;
0.505165;
0.213563;
0.937198;
0.504724;
0.0165368;
0.504502;
0.504391;
0.935865;
0.504061;
0.854961;
0.50373;
0.503619;
1.46047;
0.213281;
0.503067;
0.213235;
0.502845;
0.502734;
0.502624;
0.502513;
0.502402;
0.016343;
0.50218;
0.502069;
0.501959;
1.26563;
0.212967;
0.5013;
0.501189;
0.501078;
1.45287;
0.500638;
0.550301;
0.365752;
0.88477;
0.499545;
0.845902;
0.0161579;
0.499104;
1.44695;
-0.278967;
0.498552;
0.21262;
0.498331;
1.44594;
0.922796;
0.922352;
1.5996;
0.212491;
0.920805;
-0.278894;
1.27703;
0.496025;
-0.278845;
0.838617;
0.212335;
0.495472;
0.447649;
0.495142;
0.495031;
0.49492;
0.591982;
0.212167;
0.494368;
0.494257;
0.835293;
0.493926;
1.98587;
1.15221;
0.221179;
0.911734;
0.492064;
0.491953;
0.491843;
0.0156922;
0.654908;
0.491293;
0.491182;
0.909294;
0.908854;
0.490634;
0.490523;
0.208468;
0.490194;
0.015596;
0.489972;
0.489861;
0.7845;
-0.278504;
0.48931;
0.4892;
0.489089;
0.488978;
0.211494;
0.488756;
0.488645;
0.367104;
0.822936;
-0.278465;
0.375352;
0.901536;
0.486995;
0.211266;
0.486773;
0.900423;
0.0153256;
0.856963;
0.486;
0.48589;
0.485779;
0.485668;
1.17497;
0.484903;
0.211027;
0.484681;
1.40374;
0.0151898;
0.484131;
0.435497;
0.4838;
3.46984;
0.8918;
0.811238;
0.481936;
0.481825;
0.481714;
0.0150198;
-0.278059;
1.2046;
0.210683;
0.21066;
-0.278029;
-0.278027;
0.210589;
0.88781;
0.480172;
0.682006;
0.843632;
0.47951;
0.885812;
0.479178;
0.0148426;
0.478957;
0.478846;
0.478735;
0.478624;
0.478513;
0.478403;
0.478292;
0.478181;
0.0147499;
0.477959;
0.477849;
0.882473;
0.34081;
0.930708;
0.476859;
0.476748;
0.800169;
0.677797;
0.0146206;
0.661969;
0.475868;
1.37724;
0.3385;
0.475206;
0.20981;
1.52934;
0.0145143;
0.675547;
1.37259;
0.473887;
0.473776;
0.0144525;
0.473554;
0.473444;
0.424025;
-0.277723;
-0.277721;
0.0143961;
0.472781;
1.36793;
0.472339;
0.871389;
0.472009;
0.209353;
0.471787;
0.870278;
1.36427;
0.209262;
1.17347;
0.470581;
0.321228;
0.470139;
0.866962;
-0.277579;
0.209089;
0.469586;
0.469475;
0.469364;
0.208996;
0.208972;
0.469031;
0.468921;
2.7024;
0.479816;
0.467601;
0.781819;
0.467271;
0.46716;
0.221206;
0.897379;
0.859647;
1.34833;
1.01656;
0.465075;
0.464965;
0.464854;
0.464743;
0.464632;
1.49626;
0.464083;
-0.277186;
0.0137178;
0.46375;
0.20839;
0.809639;
0.853225;
1.08425;
0.1808;
0.462429;
0.0136033;
0.20822;
0.462097;
0.461986;
1.48786;
0.0135556;
0.208109;
-0.277087;
0.645034;
0.460889;
0.460778;
0.460668;
1.48368;
0.46012;
0.460009;
0.459898;
0.0134459;
0.459677;
0.459566;
0.459455;
0.459344;
0.459233;
0.459122;
1.32673;
0.458682;
0.458572;
-0.276995;
0.609784;
0.457911;
0.4578;
0.457689;
0.457578;
0.457468;
0.207485;
0.207461;
0.457135;
0.0132125;
0.456914;
0.456803;
0.0131817;
0.456581;
0.45647;
0.45636;
0.449409;
0.45581;
0.758163;
0.455479;
0.455368;
0.455257;
0.837026;
0.836582;
0.454705;
0.0129985;
0.454484;
0.454373;
0.454262;
0.454151;
1.9678;
0.453491;
0.453381;
0.45327;
0.453159;
-0.276831;
0.752622;
1.30774;
0.831472;
0.211506;
0.451944;
1.30507;
0.451503;
0.451392;
1.30341;
0.0127186;
0.450839;
0.206477;
0.0126878;
0.450507;
0.450396;
0.206383;
0.827024;
0.82658;
1.14436;
0.449292;
0.449181;
0.449071;
0.0125489;
0.448849;
-0.276683;
-0.276694;
0.0125076;
0.308359;
0.448185;
0.448075;
0.447964;
0.447853;
0.696464;
0.447414;
0.821249;
0.447083;
-0.276634;
0.446861;
-0.276629;
-0.276626;
0.446529;
0.0123284;
0.446307;
0.446196;
0.20552;
0.445865;
0.445754;
0.445643;
0.817687;
0.445312;
0.445201;
0.44509;
0.44498;
-0.27663;
0.0121841;
0.444647;
0.444536;
0.444426;
0.444315;
0.444204;
0.444093;
0.443982;
0.443871;
0.443761;
1.28614;
0.639108;
0.442658;
-0.276545;
0.215392;
0.442217;
0.205027;
0.441995;
0.441885;
-0.276564;
0.441663;
0.441552;
0.441441;
0.615971;
0.441;
0.440889;
0.440778;
0.0118499;
0.440556;
1.27072;
0.726899;
0.439896;
0.439785;
0.439674;
0.439563;
0.157092;
0.0117425;
0.439121;
1.26639;
0.438679;
0.438568;
1.747;
0.437799;
0.437688;
0.437577;
0.437466;
0.75497;
0.437025;
0.436914;
0.436803;
0.436692;
0.204168;
0.0115235;
0.43636;
0.436249;
0.436139;
0.436028;
1.01176;
0.43548;
0.435369;
0.0114429;
0.435147;
1.06542;
0.434596;
-0.276364;
2.13637;
1.25042;
0.793249;
0.792806;
0.432943;
0.432833;
0.432722;
0.281067;
0.43206;
0.431949;
0.710294;
0.431618;
0.431508;
0.20348;
0.431286;
1.07511;
0.430734;
0.430623;
0.430512;
1.24043;
0.430072;
0.429961;
0.42985;
0.42974;
0.429629;
0.785473;
0.429298;
0.429187;
0.429076;
0.428965;
0.428854;
0.783916;
0.970639;
0.428084;
0.427973;
0.427862;
0.427751;
-0.276108;
0.42753;
1.23143;
1.68227;
0.426319;
0.0107792;
-0.276029;
0.698552;
0.202678;
0.425655;
0.697665;
0.425323;
1.22477;
0.424881;
0.424771;
0.42466;
0.424549;
1.03366;
0.423999;
0.423889;
1.22045;
-0.275894;
0.423336;
0.423225;
0.423114;
0.423003;
0.422893;
0.422782;
0.422671;
0.0104805;
0.422449;
0.422339;
0.422228;
0.422117;
0.770363;
0.421787;
0.181729;
0.689461;
0.421234;
0.801889;
0.420793;
0.68791;
0.420461;
0.42035;
1.70899;
0.419579;
0.419468;
0.419357;
0.76481;
0.308133;
0.418696;
0.418585;
0.418474;
0.418363;
0.418252;
0.418142;
0.595087;
1.20245;
0.681486;
0.273586;
0.417039;
0.416928;
0.416817;
-0.275684;
-0.275681;
0.383838;
0.416044;
0.415933;
0.757922;
0.415602;
0.415491;
0.41538;
0.201077;
0.415159;
0.415048;
0.00986716;
-0.275605;
0.414716;
0.414605;
0.414494;
0.414383;
0.675051;
0.414052;
1.19078;
0.413611;
-0.275577;
0.00973664;
0.200716;
0.752581;
0.412946;
0.672168;
0.671726;
0.412395;
0.412285;
0.00964972;
0.412063;
-0.275582;
0.411841;
0.793885;
0.00956938;
0.411069;
0.410958;
1.18144;
0.410516;
0.0210359;
0.410075;
-0.275479;
0.493368;
0.409523;
-0.275437;
0.409301;
-0.275432;
0.409079;
0.408969;
-0.275424;
0.408747;
-0.275448;
0.408525;
0.408415;
0.742798;
-0.275461;
0.407972;
0.407862;
0.407751;
0.40764;
0.407529;
-0.275474;
0.407308;
0.407197;
0.740349;
0.406865;
0.406755;
0.406644;
0.406533;
0.406422;
0.406311;
0.689899;
1.41201;
0.405319;
0.656865;
0.177773;
0.655977;
0.404545;
0.404434;
0.404323;
0.404212;
0.404101;
0.403991;
1.16043;
0.403549;
0.403438;
0.403328;
0.403217;
0.732342;
0.402885;
0.402774;
0.402663;
0.402552;
0.198943;
0.402331;
0.73056;
0.119091;
0.401778;
0.198813;
0.995144;
1.15209;
0.400785;
0.400674;
0.00866714;
0.400452;
0.198613;
0.400231;
0.40012;
0.00861564;
0.00860529;
0.399787;
0.399677;
0.573463;
0.645101;
0.399124;
0.399013;
-0.275295;
0.643991;
0.985901;
0.39813;
1.14275;
0.00842901;
-0.275225;
0.528476;
0.640669;
0.396915;
0.396804;
0.396693;
1.07342;
0.569331;
0.637792;
0.395481;
0.39537;
0.39526;
0.395149;
0.00823267;
1.27433;
0.394486;
0.394376;
0.714557;
0.197696;
0.393934;
0.713668;
0.633579;
0.393381;
0.00808505;
0.39316;
0.393049;
0.392938;
0.246199;
0.392606;
-0.274992;
1.75179;
0.391833;
0.391722;
0.197305;
0.391501;
-0.274923;
0.00792282;
1.2825;
0.390727;
-0.274878;
0.390505;
-0.274877;
0.390284;
0.706326;
0.389952;
0.389841;
0.389731;
0.38962;
0.389509;
0.389398;
0.389287;
0.389176;
-0.274888;
0.388955;
0.388844;
0.196769;
0.388622;
0.00767516;
0.196698;
0.38829;
0.388179;
0.388068;
0.387958;
0.387847;
0.387736;
0.387625;
0.387514;
0.387404;
0.387293;
1.11006;
0.00752582;
0.619812;
0.698977;
0.386299;
0.386188;
0.386077;
0.385966;
0.385855;
0.196209;
0.617592;
0.617148;
0.196125;
0.556533;
0.38486;
0.384749;
0.384638;
0.384527;
0.384417;
0.384306;
0.384195;
0.384084;
0.693855;
0.383752;
0.854492;
0.3832;
0.38309;
0.382979;
0.382868;
0.382757;
0.382646;
0.382536;
0.382425;
0.568418;
0.382092;
0.381982;
0.610042;
0.38165;
0.654164;
0.0070504;
0.380768;
0.380657;
-0.274792;
0.380436;
0.380325;
2.6147;
0.379112;
0.379001;
0.0069079;
0.37878;
0.00688729;
0.378558;
0.378447;
0.378336;
0.00684598;
0.378115;
0.378004;
0.00681497;
0.377782;
0.377672;
0.377561;
0.37745;
0.377339;
-0.274719;
0.377118;
0.0067324;
0.376896;
0.194696;
0.376674;
1.07803;
0.376232;
0.376122;
0.545865;
0.00663317;
0.375679;
0.375568;
-0.274724;
0.375347;
0.876721;
0.00656892;
-0.274682;
0.374466;
0.503085;
0.373583;
0.373473;
1.06837;
0.19417;
0.194147;
0.372809;
0.372698;
0.194077;
0.372477;
0.13339;
0.372145;
-0.274591;
0.00634628;
0.371813;
0.476924;
0.371371;
-0.274566;
0.371149;
0.371039;
0.19379;
0.66739;
0.666946;
0.370376;
0.586756;
0.370044;
0.369934;
0.585869;
0.369602;
0.00613523;
0.369381;
0.193527;
0.369159;
-0.274557;
0.129964;
0.193427;
0.368606;
0.368495;
0.368384;
0.368273;
0.368163;
1.05236;
0.367721;
0.36761;
0.367499;
0.580984;
0.367168;
0.367057;
0.139211;
0.366725;
-0.274509;
0.366503;
0.366393;
0.366282;
0.366171;
-0.274511;
0.365949;
1.47501;
0.799625;
0.364184;
0.364073;
-0.274337;
-0.274335;
0.363741;
0.36363;
0.00565601;
0.363409;
0.363298;
0.363187;
0.363076;
0.362965;
0.362855;
0.362744;
0.362633;
0.362522;
0.570998;
0.36219;
0.36208;
0.361969;
0.192277;
0.544311;
0.00547961;
0.1922;
0.361305;
0.361194;
0.361083;
-0.274317;
0.192083;
0.360751;
0.36064;
0.360529;
0.566998;
1.02884;
0.359867;
0.00532388;
0.359645;
0.359534;
0.191836;
0.359313;
0.0052723;
0.359091;
1.98847;
0.358208;
0.358098;
0.357987;
0.357876;
0.191585;
0.357654;
1.0209;
0.357212;
0.357102;
0.356991;
0.00509266;
0.523336;
0.523083;
0.356327;
0.356216;
0.356106;
0.355995;
0.191253;
0.355773;
1.01526;
0.355332;
-0.274195;
0.35511;
0.354999;
0.191082;
0.835984;
-0.274165;
0.115348;
0.353783;
0.553463;
0.353451;
0.35334;
0.353229;
0.353119;
0.353008;
0.352897;
0.352786;
0.352675;
0.352564;
0.843336;
0.190629;
0.3519;
0.351789;
0.351679;
0.549241;
0.351347;
0.628;
0.351015;
0.350904;
0.350794;
1.15051;
0.350132;
0.350021;
0.83552;
0.349471;
0.34936;
0.624002;
0.349028;
0.623335;
0.190126;
0.348586;
0.543034;
0.348254;
0.190026;
0.789788;
0.990764;
0.34715;
0.347039;
0.539932;
0.346708;
0.539266;
-0.273955;
0.346265;
0.346154;
0.346043;
0.345933;
0.345822;
0.345711;
0.3456;
0.984797;
0.00413534;
0.18954;
0.344936;
0.344825;
0.18947;
-0.273959;
0.344493;
0.344382;
0.344271;
0.344161;
0.34405;
0.343939;
0.613097;
0.343607;
0.343496;
0.343386;
0.189182;
0.343164;
0.343053;
0.00393314;
0.342832;
0.342721;
0.00390211;
0.812712;
0.342058;
0.188955;
0.00384226;
-0.273939;
0.341615;
0.529048;
0.102761;
0.00377348;
0.340951;
0.34084;
0.527493;
0.340508;
0.606195;
0.340176;
0.792078;
0.339624;
0.339513;
0.339402;
0.339292;
0.790792;
0.338739;
0.338629;
0.18839;
0.963588;
0.338076;
0.277087;
0.521503;
0.337523;
0.337412;
0.599968;
0.337081;
0.33697;
0.00343839;
0.188098;
0.336637;
0.336527;
0.336416;
0.336305;
0.336194;
0.336083;
0.335973;
0.335862;
0.00333494;
0.33564;
0.461644;
0.335198;
0.953647;
0.334756;
0.952325;
0.593959;
0.334093;
0.333982;
0.513733;
0.333651;
0.33354;
0.187534;
0.537501;
0.332987;
0.332877;
0.332766;
0.332655;
0.590398;
0.00305769;
0.00304733;
0.61585;
0.33177;
0.331659;
0.331549;
0.331438;
0.331327;
0.331216;
0.941723;
0.330775;
0.330664;
0.330553;
0.330442;
0.330331;
0.330221;
0.33011;
0.329999;
0.329888;
0.329777;
0.329666;
0.329556;
0.504786;
0.329223;
0.329113;
0.583271;
0.32878;
-0.273565;
0.328559;
0.328448;
0.328337;
0.328226;
0.328115;
0.328004;
0.327894;
0.327783;
-0.273543;
0.327561;
0.500708;
0.32723;
0.327119;
0.327008;
0.326897;
0.740308;
0.326345;
0.326234;
0.186201;
0.326013;
0.325902;
0.325791;
0.32568;
0.325569;
0.325459;
0.325348;
-0.273528;
0.00241516;
0.784642;
0.324684;
0.324573;
0.324462;
0.324351;
0.438459;
0.32391;
0.323799;
0.572583;
0.323467;
0.323357;
0.323246;
0.571469;
0.780109;
0.322582;
0.750679;
0.32203;
0.32192;
0.321809;
0.321698;
0.56837;
0.321366;
0.321255;
0.321144;
0.185325;
0.911226;
0.320591;
0.32048;
0.00200988;
0.185194;
0.320148;
0.320037;
0.164975;
0.319705;
0.319595;
0.319484;
-0.273461;
0.185;
0.319151;
0.00189079;
0.31893;
0.318819;
0.00185971;
0.724406;
0.318156;
0.318046;
0.317935;
0.317824;
0.00177798;
0.317602;
0.560221;
0.317271;
0.31716;
0.0017202;
0.184574;
0.316828;
0.316717;
0.316606;
0.316495;
0.316384;
0.316273;
0.316163;
-0.273386;
0.315941;
0.00160641;
0.0015961;
0.00158572;
0.476265;
0.315276;
0.893986;
0.892995;
0.761847;
0.314172;
0.314061;
0.72464;
0.313509;
0.00142142;
0.313288;
-0.27328;
0.00139043;
1.12691;
0.312185;
0.312074;
0.311963;
0.311852;
0.311741;
0.548558;
0.183691;
0.311299;
0.311188;
0.311077;
0.310966;
0.310856;
0.880747;
0.183514;
0.00118169;
0.310192;
0.310081;
0.545254;
0.00113027;
0.309638;
0.309527;
0.309416;
0.309306;
0.309195;
0.309084;
0.308973;
-0.273192;
0.308752;
0.308641;
0.30853;
0.308419;
-0.273208;
0.308198;
0.308087;
-0.273209;
0.307865;
0.307754;
0.307644;
0.413699;
0.307202;
0.673599;
0.17523;
0.305987;
0.305876;
0.305765;
0.305654;
0.305544;
0.305433;
0.305322;
0.305211;
0.3051;
0.30499;
0.304879;
0.304768;
0.304657;
0.304546;
0.304436;
0.476255;
0.303993;
0.303882;
0.303771;
0.303661;
0.30355;
0.303439;
0.858535;
0.302997;
0.302886;
0.302775;
0.302664;
0.302553;
0.302442;
0.302332;
0.302221;
0.30211;
0.301999;
0.301888;
0.528952;
0.301556;
0.301445;
0.0003835;
0.301224;
0.1818;
0.301002;
-0.273069;
0.30078;
0.30067;
0.526527;
0.300338;
0.300227;
0.300116;
0.300005;
0.000250424;
0.181533;
0.299673;
-0.273078;
0.299451;
0.29934;
0.29923;
0.299119;
0.299008;
0.298897;
-0.273089;
0.298675;
0.522559;
0.298344;
0.165366;
0.297902;
0.297791;
0.29768;
0.297569;
0.297459;
0.297348;
0.297237;
0.297126;
0.297015;
0.296905;
0.180959;
6.73007;
0.293483;
-0.000251684;
0.293261;
0.293151;
0.29304;
0.292929;
0.292818;
0.292707;
0.292597;
0.292486;
0.292375;
0.292264;
0.292153;
0.713275;
0.291712;
0.291601;
0.508482;
0.291269;
2.06979;
0.290165;
0.290054;
25.5102;
0.278805;
-0.271578;
3.11929;
0.277149;
-0.271455;
0.178911;
0.276817;
0.276706;
0.276595;
0.276484;
0.178794;
0.276263;
0.276152;
0.276041;
0.27593;
0.27582;
-0.00145724;
-0.271429;
0.476636;
0.774696;
0.274934;
0.274823;
3.36086;
0.272836;
4.1046;
0.489109;
0.270518;
0.270407;
0.270297;
0.270186;
0.270075;
0.269964;
0.269854;
0.269743;
0.269632;
8.02551;
7.27138;
22.911;
7.05114;
1.5859;
27.818;
1.50766;
5.09571;
