0.792018;
1.04605;
2.37734;
-0.930966;
-0.597513;
2.73124;
0.276909;
2.8951;
2.6824;
1.55094;
0.348975;
1.86338;
0.349032;
1.35953;
0.423934;
-0.102091;
-1.09467;
-1.57712;
-2.28173;
-1.00098;
0.749365;
0.349259;
1.17999;
-1.22928;
14.0564;
0.744111;
1.47334;
1.13473;
0.424642;
-1.41731;
-1.90383;
1.23957;
0.696237;
3.08079;
2.45796;
6.90089;
-0.543928;
2.42945;
0.735438;
-0.903469;
0.735196;
-0.749334;
7.18651;
-0.89926;
1.55074;
1.46911;
2.0952;
0.73113;
0.351489;
0.730888;
3.13418;
-0.476649;
1.12308;
1.21793;
-0.0451287;
1.22567;
1.41222;
0.727845;
2.62159;
0.42574;
0.72709;
3.74353;
-0.235317;
1.06017;
-0.964344;
0.425818;
7.22675;
1.11629;
5.36834;
0.352299;
-1.47691;
-1.47322;
0.295509;
6.0162;
1.41711;
0.719451;
0.284051;
-0.088989;
3.97051;
0.361997;
2.78046;
0.715764;
1.48617;
0.353028;
0.426395;
-0.0875868;
0.715017;
-1.78142;
5.05159;
0.426494;
-0.0409565;
1.10396;
1.13559;
0.712176;
2.82664;
-0.871375;
1.15388;
1.10673;
0.710961;
1.53224;
11.7414;
-0.523744;
0.353748;
1.93376;
-0.865463;
1.53422;
-0.475934;
-0.864526;
1.84772;
-0.441115;
12.2995;
0.703236;
2.54891;
-0.859271;
1.19089;
0.552105;
-0.158449;
0.224793;
1.09899;
-0.0818984;
-1.73447;
3.06037;
2.69493;
0.697706;
5.58186;
-0.850667;
0.696089;
0.695968;
-0.0812771;
0.427288;
0.703983;
-0.0372891;
1.43993;
-0.486693;
4.52929;
0.427227;
0.427201;
2.64792;
-0.0708327;
0.42732;
1.44711;
1.89966;
0.690962;
1.47071;
6.1696;
-0.842061;
-0.0362136;
-0.841825;
0.688674;
1.07677;
12.1205;
17.5683;
0.428453;
-0.884359;
5.21168;
-0.827615;
7.16681;
-1.22475;
1.50265;
0.356286;
-0.825427;
0.67679;
0.67668;
0.676559;
2.17699;
0.428522;
-0.824702;
5.74615;
0.674745;
0.7556;
3.44094;
1.76792;
7.29934;
0.428762;
-0.851292;
-0.415977;
1.92958;
1.85686;
0.428774;
-0.388811;
1.16507;
1.38709;
4.72333;
-0.448798;
1.38005;
-0.927829;
-0.0793348;
1.05359;
0.356681;
0.262275;
2.15841;
1.46555;
-0.925425;
2.61637;
1.05108;
2.15314;
4.09281;
0.663852;
1.15137;
0.375789;
2.65051;
0.35704;
-0.0726245;
2.53861;
0.6618;
0.661685;
0.304042;
0.243867;
4.99309;
0.660313;
0.357332;
0.660078;
0.659961;
-0.0315024;
1.15381;
0.659463;
2.54665;
0.357319;
-0.805504;
-0.858525;
-0.805185;
0.428465;
0.658312;
0.658194;
-0.80495;
0.657963;
3.3417;
0.657396;
1.15892;
0.656928;
0.656813;
4.48581;
0.655295;
0.428369;
0.357554;
1.45551;
-0.0345955;
0.654586;
-0.369634;
2.11743;
0.600132;
1.8127;
1.45205;
2.54034;
-0.439101;
0.59809;
0.651698;
1.84022;
2.59908;
0.596747;
1.0404;
1.14239;
1.44345;
-0.795668;
1.33628;
0.357828;
0.648812;
1.84883;
3.67473;
1.84415;
0.652909;
-0.791781;
1.43567;
-0.358286;
1.82214;
0.358252;
0.321629;
0.644359;
6.66758;
1.13664;
0.642999;
0.3584;
1.27537;
-0.788368;
1.87534;
0.358585;
-0.786683;
1.27091;
0.428174;
2.11677;
-0.0329317;
-0.785594;
2.64674;
2.4804;
2.38196;
-0.411149;
-1.5847;
-0.788536;
-0.782405;
2.55103;
1.09928;
0.636036;
-1.54287;
0.428127;
2.28722;
1.50845;
-0.780198;
2.78339;
1.43716;
0.428119;
1.08667;
1.50541;
0.633001;
0.761221;
2.54161;
3.93213;
1.12181;
0.631035;
0.630917;
-0.776706;
0.630687;
2.13631;
0.6302;
0.630083;
1.40095;
0.359191;
1.40024;
0.524754;
0.359234;
1.11195;
1.76349;
0.359237;
3.71284;
5.03437;
-0.0348123;
0.359437;
-0.0349433;
2.0951;
0.359448;
2.02065;
0.62435;
5.89789;
0.623391;
-0.33206;
0.427755;
0.317043;
-0.071114;
0.621797;
0.42769;
0.621562;
0.621447;
-0.768137;
0.359631;
0.427555;
0.62098;
0.359608;
0.842074;
0.620358;
1.814;
2.49544;
0.99567;
1.37771;
1.00522;
0.618844;
1.10747;
0.618539;
0.618422;
1.10698;
-0.328387;
2.42397;
-0.0407921;
-0.0369113;
0.617242;
0.359614;
-0.76488;
1.2624;
1.37196;
0.427056;
0.61641;
-0.764395;
1.049;
-0.390722;
2.90425;
0.359621;
-0.763277;
2.28389;
-0.761736;
-0.0377991;
0.359706;
1.36431;
1.09429;
1.25288;
-0.761036;
-0.387139;
2.81244;
-0.738194;
-0.0748848;
0.897593;
3.13352;
-1.38217;
1.79076;
-0.758463;
-0.758406;
2.87154;
2.37375;
0.607929;
3.11588;
-0.75633;
-0.756273;
0.426736;
-0.144969;
1.19865;
1.78127;
0.605384;
0.605268;
2.36089;
1.34594;
1.03495;
0.301048;
1.34441;
2.50154;
-0.0406805;
0.603268;
3.42575;
-0.752923;
0.426362;
4.94033;
0.360085;
1.22751;
0.360074;
1.03084;
1.74593;
1.03613;
0.360103;
0.702886;
0.360133;
0.426171;
1.02874;
0.599382;
1.79585;
1.33186;
0.598038;
0.597923;
1.17817;
1.21799;
0.597198;
3.14185;
3.67404;
0.662943;
2.95564;
1.50929;
0.360484;
2.01895;
1.0187;
1.03585;
1.31782;
0.425952;
-0.743343;
-0.74328;
0.425869;
0.591001;
0.590882;
0.590765;
-0.743002;
0.590532;
0.425721;
0.287769;
-0.742594;
0.589889;
0.589774;
0.360462;
-0.103975;
2.68209;
1.57415;
1.30953;
3.3235;
0.587038;
0.360617;
4.86647;
1.45096;
1.38586;
0.360704;
1.00801;
0.360728;
8.72507;
0.952035;
1.0087;
1.2977;
1.06038;
4.18873;
1.05856;
0.580073;
0.948924;
2.25016;
-0.357563;
3.8857;
-0.732207;
1.0025;
0.425016;
0.945023;
0.361197;
0.576247;
0.361182;
2.05568;
1.37614;
1.28294;
0.55687;
-0.842663;
3.97304;
1.16427;
1.05077;
4.29494;
8.19562;
1.05354;
0.994142;
0.424303;
-0.0485941;
1.57651;
-0.282495;
0.568265;
-0.0546987;
1.26767;
0.292585;
-0.724963;
2.12113;
1.26388;
2.45373;
0.564733;
-0.722776;
3.21985;
0.563886;
-0.107155;
-0.721981;
0.423637;
0.880146;
1.04613;
1.04588;
0.561999;
0.36178;
0.561766;
4.66873;
-0.720042;
2.46691;
0.423313;
2.2087;
0.559596;
0.423221;
1.42115;
-0.71883;
0.361864;
0.762105;
-0.305508;
1.67314;
-0.717972;
0.361887;
0.55751;
0.557393;
0.361861;
-0.717709;
1.24547;
-0.0576051;
0.545541;
0.422598;
1.80049;
0.678163;
-0.148106;
0.361921;
0.554524;
0.422389;
-0.715886;
1.23964;
0.422298;
1.03176;
0.180495;
0.553098;
2.10107;
-0.714876;
0.974471;
1.05821;
0.421927;
0.421892;
1.38804;
0.421828;
-0.0903097;
1.59638;
0.550514;
5.63832;
0.549393;
0.42164;
0.549159;
-0.959824;
1.56855;
-0.71187;
-0.711813;
0.547919;
0.547802;
0.969036;
2.02723;
1.53146;
0.361995;
0.361986;
0.546483;
-0.0552111;
1.52962;
1.22253;
-0.265606;
1.22162;
-0.0617133;
0.544974;
0.361946;
0.200167;
1.21924;
0.36196;
0.361951;
-0.709481;
0.361935;
0.42059;
0.361917;
4.65626;
1.50517;
0.541764;
1.0034;
1.06535;
2.87622;
0.420218;
5.15197;
0.419902;
0.41987;
1.17581;
1.73767;
3.33654;
1.56212;
0.534565;
0.534448;
0.534331;
0.534216;
-0.32073;
0.419355;
0.533521;
4.20547;
-0.296049;
1.19477;
0.532024;
0.918957;
0.531502;
0.531385;
2.21169;
-1.80747;
-0.700345;
0.893984;
1.19017;
-0.0988498;
1.18922;
0.529284;
0.362539;
3.4316;
-0.699056;
0.891447;
2.86197;
1.52761;
-0.697939;
2.01788;
0.362687;
-0.697612;
1.18089;
0.220468;
0.524673;
1.72567;
1.00493;
3.7905;
0.522046;
1.48018;
1.17301;
1.8467;
0.362894;
0.362885;
3.27959;
0.417394;
-0.308206;
1.0465;
0.875385;
2.62687;
0.517988;
0.51787;
0.517752;
0.517635;
0.908667;
-0.692676;
0.416854;
0.654556;
-0.691227;
3.89956;
1.24536;
0.416478;
1.15638;
0.463806;
0.363233;
-1.36664;
-0.689712;
0.512527;
-0.106789;
0.21136;
-0.689348;
1.39021;
1.26991;
2.82526;
0.509417;
0.5093;
1.14756;
0.508951;
0.508834;
2.4008;
0.98639;
0.507765;
1.37097;
0.415384;
1.41708;
1.14181;
0.208542;
0.415206;
2.65596;
0.36339;
4.7197;
0.414976;
0.503774;
1.13618;
0.503424;
-0.076689;
5.64597;
0.93514;
1.88062;
0.97886;
1.92425;
0.937577;
0.442032;
1.12644;
2.76655;
1.2604;
0.8893;
0.495337;
0.49522;
0.495102;
3.10113;
0.494015;
1.47667;
2.08023;
0.413416;
1.34254;
0.971177;
0.413305;
1.11236;
-0.67811;
0.491737;
0.491619;
0.363873;
1.11093;
-0.677792;
0.969695;
1.10975;
1.10928;
0.968986;
0.0674206;
0.971174;
2.99342;
0.488242;
0.488125;
0.488008;
0.901802;
2.24307;
1.96917;
0.486409;
0.724077;
0.485918;
4.07794;
1.09701;
1.09653;
0.411999;
1.57562;
0.411912;
0.48359;
-0.591354;
1.83706;
0.482199;
1.09174;
0.481851;
0.481734;
1.8833;
1.08984;
0.480926;
0.258782;
0.48051;
0.480391;
0.480274;
1.94711;
0.36406;
-0.671618;
0.47949;
-0.67153;
0.364005;
1.67214;
0.478488;
2.30374;
2.59136;
-1.32202;
-0.0884799;
0.410677;
0.834497;
0.476308;
2.37535;
0.36408;
0.36407;
-0.125888;
0.410411;
0.364024;
0.474977;
1.3851;
0.410249;
0.474398;
1.07566;
2.76271;
0.203019;
0.473028;
0.409949;
0.191784;
-0.0906833;
1.90813;
0.361552;
0.757909;
4.29655;
-0.293276;
-0.665776;
0.757352;
2.01441;
-0.665301;
0.862561;
0.861847;
5.00696;
1.45909;
1.45836;
-0.0860713;
2.81046;
2.33738;
0.40824;
0.408209;
1.33665;
0.461471;
0.364571;
2.01759;
1.90505;
0.815049;
0.937852;
0.851355;
1.04273;
0.458021;
1.33176;
1.33132;
0.866845;
0.456991;
0.456874;
1.33026;
2.01212;
1.44009;
-0.287934;
0.905132;
0.935528;
0.933508;
-0.659013;
0.454273;
0.982051;
0.364789;
0.364768;
0.453421;
0.453303;
1.15847;
4.15158;
2.55444;
0.449665;
1.02487;
0.406068;
0.449196;
0.364927;
0.364918;
0.405949;
-0.0929669;
0.448495;
4.04568;
3.00127;
0.365137;
-0.094507;
0.444757;
0.444637;
-0.653875;
-0.104894;
0.444169;
1.39672;
0.365075;
2.98792;
0.404983;
2.58279;
0.921305;
1.8645;
0.919072;
2.26303;
0.439423;
0.365161;
2.17686;
0.918999;
-0.650922;
0.111185;
0.437683;
-0.0977793;
1.59114;
-1.27563;
1.40028;
0.789604;
0.404006;
0.916334;
0.403927;
0.996249;
0.435372;
0.435255;
0.842249;
0.365136;
0.860864;
0.860366;
0.914653;
1.76349;
1.70598;
0.433175;
0.365167;
0.403368;
2.58186;
0.432129;
0.403199;
-1.37063;
0.403094;
2.05634;
2.52553;
0.983888;
0.429354;
-0.254057;
-0.196172;
0.365295;
1.60324;
0.980159;
0.329079;
4.02754;
0.402274;
1.26263;
3.14136;
0.424877;
0.42476;
0.365408;
1.3929;
2.39618;
0.401745;
-0.643447;
0.401691;
1.76978;
0.421952;
0.421834;
4.88334;
2.21255;
0.401097;
-0.641606;
0.41873;
0.769731;
2.28316;
0.417453;
-0.106485;
-0.640824;
-0.463682;
0.400631;
0.416235;
0.416118;
1.35728;
0.415657;
0.82083;
-0.639894;
0.36572;
0.365705;
0.895749;
0.895516;
1.35404;
0.816428;
0.413912;
0.95146;
0.763956;
0.413326;
0.891822;
1.25958;
0.399839;
0.365654;
1.78957;
0.365672;
0.411818;
-0.108984;
0.946677;
0.411235;
0.411116;
0.410999;
0.891533;
0.26845;
0.944289;
0.410072;
0.409955;
0.223132;
4.2611;
-0.636424;
0.407692;
-0.636342;
-0.636296;
0.40734;
-0.6362;
0.407105;
0.406986;
0.937225;
-0.635962;
0.398693;
1.32985;
-0.186025;
0.935067;
-0.635538;
1.32775;
-0.635314;
0.883259;
1.33236;
0.398372;
0.404306;
0.404189;
0.884539;
1.3295;
0.365417;
0.403374;
1.2901;
0.251637;
-0.113254;
1.32802;
1.32384;
0.789531;
1.75975;
-0.311493;
0.397653;
0.397622;
0.748895;
0.400039;
0.39992;
0.984219;
0.397392;
0.39737;
0.36533;
0.397324;
0.398757;
0.39864;
1.31322;
0.36526;
1.73047;
0.397594;
0.579776;
0.365239;
0.365234;
2.25668;
0.396741;
0.395739;
0.39562;
0.395501;
2.11449;
0.396578;
0.396556;
0.396533;
1.73743;
1.2224;
0.796603;
-0.6302;
2.13361;
0.365064;
0.365049;
2.16343;
0.36504;
0.871732;
1.29645;
0.395917;
0.395886;
0.749754;
0.903584;
0.242025;
0.867144;
0.364897;
2.99501;
-1.22781;
-0.628034;
0.899272;
1.69928;
0.395289;
0.595558;
0.395141;
0.364778;
0.604062;
0.394976;
0.385853;
0.865332;
1.69091;
1.28188;
-0.626248;
0.364659;
1.7479;
0.394616;
0.662258;
0.364581;
0.862766;
1.24759;
0.394377;
0.394345;
0.364496;
-0.625206;
0.394261;
0.394238;
0.394207;
0.858459;
0.394125;
1.69597;
0.36438;
0.393993;
0.380867;
0.393939;
0.859788;
0.726332;
0.393827;
0.364261;
0.393765;
-0.624125;
1.26971;
-0.719604;
0.393467;
-0.141587;
0.393386;
0.0582273;
2.05432;
0.0484628;
0.393077;
0.393046;
0.363978;
4.65223;
1.25614;
0.363834;
6.71031;
2.69441;
0.36363;
-0.691017;
0.85938;
0.391513;
0.368624;
1.24431;
1.25388;
0.856982;
0.367569;
0.84262;
0.85577;
1.64866;
4.54611;
6.16187;
2.46656;
-0.615424;
0.688861;
0.678444;
1.46283;
0.38958;
1.68234;
7.26775;
0.832461;
-0.153876;
0.831504;
7.91595;
6.3299;
1.9277;
7.81522;
7.03801;
4.44281;
12.1339;
0.361592;
8.46393;
-0.158847;
0.197264;
1.13954;
2.39644;
5.6959;
1.16842;
11.661;
1.15564;
6.24791;
0.789532;
4.50332;
0.316606;
0.787453;
0.707015;
5.3385;
18.7497;
-0.178611;
2.62462;
2.54206;
10.5392;
6.29676;
0.948571;
6.87087;
0.239317;
7.28922;
0.677116;
3.47705;
0.759465;
1.08806;
6.23034;
6.58088;
1.51506;
0.997954;
5.98631;
1.10245;
0.608177;
4.19251;
4.29863;
1.09738;
0.529776;
4.44723;
5.48555;
5.61431;
10.6261;
5.3661;
-0.566291;
-0.902733;
0.364714;
0.731875;
6.6658;
0.35674;
4.71295;
6.17654;
1.81065;
1.06858;
7.14763;
4.35246;
9.42608;
4.61939;
0.132593;
0.711285;
2.5268;
1.00828;
2.81097;
4.55351;
13.5629;
3.13476;
3.37733;
0.696687;
1.039;
4.1455;
3.67847;
1.03508;
0.544395;
0.510956;
6.78783;
0.101611;
0.860362;
1.00925;
0.567585;
0.35461;
0.686432;
3.20636;
4.56414;
0.353565;
6.37142;
3.93994;
0.687755;
1.01736;
0.949266;
1.70352;
3.25511;
2.41048;
3.82545;
1.17573;
3.25365;
0.669894;
0.351342;
-0.112968;
5.06113;
0.208511;
0.517866;
-0.112353;
0.574629;
2.71718;
3.93606;
3.38908;
-0.595948;
5.65494;
12.8054;
3.36442;
12.6804;
3.0512;
5.74799;
-0.761261;
4.54003;
2.52171;
5.33128;
0.955244;
0.974614;
3.33799;
0.97302;
0.345973;
4.48322;
0.345666;
12.8869;
3.58295;
3.21175;
3.19126;
0.344099;
0.960786;
3.87679;
3.92734;
3.4742;
0.876323;
0.622533;
0.622277;
4.34437;
2.93207;
3.92096;
9.53229;
3.80114;
4.07101;
0.941636;
2.82349;
3.53615;
0.341635;
1.55668;
4.38179;
-0.0910557;
4.44677;
-0.744787;
5.07867;
3.08789;
0.151549;
3.75464;
1.06666;
4.21898;
0.923963;
7.37158;
2.44811;
2.47294;
4.23697;
3.63575;
3.27252;
6.34067;
6.5962;
3.53019;
5.56978;
4.2803;
4.02332;
0.572399;
0.301642;
5.21796;
3.41699;
8.6429;
0.564961;
1.30454;
0.806662;
3.32412;
4.66297;
0.33801;
4.79371;
0.337959;
0.33793;
5.17141;
7.00163;
0.337745;
4.25408;
0.551903;
6.70064;
4.56438;
0.875289;
0.337258;
4.95911;
4.9432;
10.5085;
3.41516;
4.61057;
4.50812;
3.50544;
4.21891;
5.19713;
3.13107;
4.76662;
13.635;
13.2987;
28.527;
11.6971;
9.17241;
13.1848;
5.457;
22.5891;
0.490634;
-0.417646;
4.89613;
20.9115;
7.12853;
4.38796;
0.784556;
4.62396;
0.303972;
3.34515;
15.4177;
5.44627;
5.394;
0.470507;
8.3188;
4.74521;
11.5183;
26.7964;
5.71999;
9.77849;
7.72968;
6.85134;
50.9462;
16.2869;
11.376;
0.314534;
5.67629;
41.5549;
17.8197;
4.03488;
7.84057;
6.24397;
6.39605;
20.5455;
