24.2345;
8.45857;
-0.874507;
-5.29605;
1.78498;
-0.156585;
-0.420194;
1.78455;
1.78443;
-2.98512;
1.78413;
1.58191;
-0.155085;
-2.34522;
1.44873;
3.38676;
-1.44484;
-3.09325;
-0.353196;
-0.154588;
-0.15461;
-1.22289;
3.36368;
2.48577;
-2.39341;
-2.96805;
-0.0270992;
-0.270269;
-0.203362;
-4.44739;
7.91639;
-1.25692;
-0.417791;
-1.25659;
-4.72513;
0.253478;
0.510969;
-1.30083;
1.57752;
-1.66043;
1.77961;
-3.17474;
-3.2056;
-3.47708;
-1.25061;
-0.650269;
-0.242359;
-1.40353;
6.35369;
0.51984;
1.15855;
-2.28718;
-1.24369;
-1.40053;
1.77746;
-3.54956;
-0.415965;
-0.151267;
-1.04884;
-0.15121;
15.799;
1.57423;
-3.74448;
0.874959;
-0.381459;
-1.13286;
-0.413917;
-0.201988;
3.0356;
-0.413917;
1.06659;
3.36943;
7.86976;
3.14523;
-1.38977;
-2.70353;
1.77393;
-0.390495;
3.41533;
5.84416;
-1.53069;
1.77274;
0.482726;
11.8046;
0.552007;
-1.51725;
1.7714;
-1.20521;
-0.541824;
-0.145269;
-3.43581;
-1.42087;
1.77057;
-2.20688;
-1.20296;
1.51955;
-2.14032;
-1.45358;
1.76984;
-0.199189;
-1.35229;
1.76947;
1.76934;
1.09159;
-2.51513;
5.59725;
1.76872;
1.56986;
1.44481;
3.94223;
1.76806;
-0.869561;
9.42034;
-0.197637;
-1.25282;
0.480029;
-1.43166;
-1.18318;
-0.196515;
-1.39395;
3.33078;
-0.196352;
0.0342984;
-0.79175;
-0.579159;
1.56978;
0.97806;
-0.87567;
-0.195143;
-0.338643;
-1.5143;
3.3528;
3.7204;
-2.10634;
5.18183;
6.17881;
1.76279;
5.23994;
1.76234;
13.3027;
-1.15632;
12.8148;
1.76108;
1.76096;
0.436819;
3.3243;
4.20093;
1.75992;
-1.18176;
-3.47203;
-1.14484;
1.75938;
-0.675826;
-1.1442;
-3.25069;
-0.189896;
-0.132957;
-0.00657085;
1.42968;
-0.240517;
15.5149;
2.78086;
8.96405;
-1.32008;
-2.58716;
-0.187323;
5.75801;
1.75593;
1.57037;
10.9029;
9.6935;
0.461275;
1.51159;
0.578238;
4.83494;
12.3309;
15.3343;
1.51149;
4.76555;
0.871053;
-0.227762;
0.591536;
0.628064;
-2.62771;
9.71523;
0.630109;
1.43819;
-0.366677;
11.5216;
1.6679;
0.634524;
-1.09997;
12.2977;
3.31026;
8.21459;
11.5231;
-0.564492;
4.09448;
10.4969;
-0.303529;
14.6622;
14.2706;
-1.14238;
13.8656;
-1.14168;
10.9093;
-0.110274;
-1.06395;
2.22383;
3.88243;
1.5097;
1.74279;
13.0377;
9.82656;
-1.0562;
3.08025;
9.33171;
-0.139789;
11.0336;
-0.333689;
11.2813;
3.59958;
-0.284921;
-0.104954;
-0.165557;
6.07219;
-0.283081;
-0.0736641;
-1.04193;
11.008;
3.03644;
11.7769;
12.8553;
-1.03658;
19.2739;
4.5047;
14.4985;
1.81987;
16.3422;
10.4898;
14.1086;
5.58224;
12.0663;
4.54035;
1.4527;
10.9862;
1.7292;
11.2131;
0.701139;
0.701131;
16.5736;
2.19053;
9.43838;
2.20267;
1.72673;
6.46357;
10.071;
1.5805;
9.40996;
15.2303;
-0.146489;
6.54705;
3.12398;
12.1293;
1.51731;
13.7138;
10.9348;
3.63561;
1.51996;
1.50746;
-0.9857;
-0.287573;
-0.42179;
1.10654;
-0.28641;
5.37486;
2.37615;
16.9666;
-0.146849;
2.88656;
-0.0800189;
3.27911;
11.8475;
-3.19603;
1.50629;
4.00846;
1.71594;
7.8659;
6.63123;
1.71504;
3.75347;
-0.970975;
1.49327;
1.714;
1.71387;
12.7602;
1.71266;
4.00534;
6.51049;
9.122;
-0.00245486;
6.09581;
1.71088;
-0.962019;
13.1487;
1.7099;
1.70978;
-0.0728997;
6.37029;
-0.0720638;
5.97277;
12.2209;
11.6829;
0.630326;
3.05936;
3.87002;
1.5055;
1.50423;
-0.129866;
-0.269952;
14.5277;
-0.128705;
2.39514;
-1.69367;
4.8135;
1.70397;
0.738677;
-0.258074;
-1.47034;
1.16898;
2.30711;
1.70262;
18.5575;
-0.0649177;
11.2781;
12.9831;
1.6997;
9.29918;
13.7412;
-0.226322;
-0.906556;
8.49908;
3.29136;
9.62227;
-2.03917;
7.6148;
7.27006;
10.6134;
14.7634;
1.51399;
2.3207;
-0.189843;
1.69314;
3.25434;
1.58205;
3.84432;
3.83726;
7.9514;
1.51818;
-0.172383;
4.80416;
1.50209;
1.46959;
1.69049;
1.51846;
3.02951;
-1.07521;
0.668027;
15.3539;
10.312;
11.4412;
1.31282;
15.1457;
13.3631;
1.50224;
4.58083;
3.08081;
1.48539;
7.35412;
-0.919699;
0.766803;
15.1262;
15.2943;
9.95778;
10.6097;
4.0095;
3.10245;
-0.922374;
11.7367;
15.9569;
1.67801;
12.163;
-1.25707;
7.72836;
3.89608;
3.94438;
12.1831;
13.2561;
6.96231;
2.43705;
1.67305;
1.50365;
6.38238;
3.23387;
11.2732;
11.2294;
3.23222;
1.67086;
6.40565;
7.21824;
-0.139457;
7.25199;
1.50322;
1.5031;
-0.737741;
12.6589;
12.5461;
11.7721;
4.66415;
2.14823;
9.37138;
1.50325;
1.666;
14.0005;
-0.801309;
-0.175739;
1.50324;
-0.885877;
0.791529;
13.4088;
9.4851;
-0.0262865;
8.01345;
10.3318;
10.8926;
4.07413;
0.639623;
9.60769;
8.75278;
-0.970485;
1.6598;
9.95579;
0.778603;
5.37203;
2.45088;
0.799359;
1.58613;
8.66351;
38.3362;
4.72475;
15.2622;
1.56186;
8.65218;
2.37214;
13.5233;
10.9654;
4.49011;
-0.0743641;
12.6701;
20.3212;
-1.36408;
-0.0723452;
-0.072354;
1.50346;
-0.0722925;
1.50323;
14.7592;
-0.240908;
15.7417;
10.4368;
1.64425;
-0.0843345;
1.50351;
12.779;
15.3715;
-0.12693;
1.64165;
11.7274;
4.15665;
13.6988;
1.59296;
3.10063;
13.3593;
2.32735;
1.63785;
11.005;
14.8504;
6.32374;
8.79744;
-0.0685825;
9.29272;
3.37492;
1.50311;
0.00186136;
1.63426;
14.4427;
1.63348;
3.18898;
10.905;
7.81633;
1.56008;
5.43499;
2.45415;
9.43396;
1.63068;
3.18531;
8.7723;
13.8778;
10.2218;
11.0035;
1.6282;
3.22037;
1.64587;
1.62752;
9.17839;
10.9901;
15.5193;
-0.766178;
1.62559;
9.48767;
1.58713;
-0.630558;
12.5525;
1.50004;
11.801;
1.49392;
1.49977;
-0.0511706;
13.0091;
3.17421;
11.7561;
11.1752;
1.75009;
1.49938;
13.3436;
9.3766;
1.52429;
9.45174;
10.9996;
4.97047;
3.16852;
13.0712;
1.61551;
13.7378;
1.61452;
-0.743827;
10.9024;
1.61387;
11.7252;
1.6133;
13.9922;
-0.0808118;
10.8413;
1.58586;
-0.73848;
10.2739;
3.16162;
15.3302;
8.70122;
11.4941;
1.60844;
4.54473;
7.74685;
1.49727;
9.31143;
11.5814;
11.69;
9.22732;
3.87172;
11.7602;
4.05472;
9.22055;
0.992792;
10.6543;
19.0826;
1.60148;
14.1861;
6.10161;
3.14913;
1.59987;
13.9123;
9.41317;
0.29729;
4.06591;
10.6286;
1.55475;
1.59711;
11.6432;
-0.0572702;
13.1797;
10.7697;
13.0622;
7.73115;
9.40265;
8.66246;
10.1819;
1.26095;
12.1548;
13.0322;
14.5495;
6.43764;
9.29175;
0.308935;
-0.0238032;
9.52578;
15.0445;
5.45745;
6.13533;
4.0353;
3.13064;
10.1117;
13.0747;
8.51377;
13.2736;
-0.623302;
4.51211;
15.8324;
10.5901;
4.48616;
-1.14809;
13.4515;
10.6313;
5.55744;
3.47533;
12.5418;
-0.670149;
14.2963;
4.42858;
11.5839;
14.1459;
0.898275;
11.3226;
11.5883;
10.5965;
12.3566;
11.4416;
10.6036;
3.11189;
10.6186;
2.3484;
1.57052;
4.46222;
11.203;
15.4608;
4.62826;
13.6231;
0.904744;
10.5719;
7.83544;
8.39249;
4.06143;
0.906661;
15.3224;
8.74642;
10.1261;
14.5365;
14.4704;
10.5297;
0.0477473;
-0.0065897;
10.3699;
10.5197;
1.56008;
1.48281;
6.63329;
10.5345;
10.5056;
9.93807;
10.8983;
-0.00138364;
-0.000427156;
13.3462;
8.95633;
0.000329636;
5.99865;
10.4692;
6.90007;
4.05401;
3.41655;
13.3284;
10.4157;
9.07703;
4.0372;
10.4422;
13.4375;
11.2867;
4.53741;
5.44866;
15.7371;
13.114;
7.5175;
12.4001;
0.0548583;
10.403;
9.87269;
0.00918439;
11.4107;
1.54291;
10.3879;
9.86033;
11.1198;
8.40403;
1.47457;
0.326194;
3.06617;
1.47392;
1.5391;
9.00346;
1.56243;
12.415;
10.3892;
10.3449;
11.3261;
10.5135;
3.05974;
15.2577;
11.3471;
2.9502;
1.53328;
9.84967;
14.3065;
5.32804;
-0.586244;
4.36664;
10.2995;
3.05211;
7.87713;
10.2904;
11.6615;
14.3149;
8.33996;
1.52691;
2.9427;
3.04637;
13.5287;
3.04474;
4.35123;
1.55606;
10.2529;
10.465;
3.0417;
9.30793;
11.231;
5.33309;
10.1871;
10.2252;
10.2299;
10.1134;
1.51954;
10.3285;
11.3145;
12.1995;
12.1085;
12.1699;
5.32085;
1.46284;
0.0275731;
9.22012;
10.1856;
5.95798;
4.32113;
5.44873;
11.1579;
10.1588;
11.6246;
11.4144;
4.39393;
10.1341;
11.9574;
9.24628;
5.82488;
1.50774;
11.5829;
13.1583;
10.1146;
10.0638;
11.5889;
8.71575;
10.0984;
13.5837;
1.50264;
11.1176;
4.29065;
10.0941;
10.0295;
7.30376;
0.0680111;
10.0871;
10.0619;
10.3263;
9.56626;
5.28196;
11.0479;
2.99954;
11.2953;
12.0287;
12.9796;
5.77111;
11.9509;
8.66495;
4.40545;
10.0055;
1.58353;
2.9909;
11.0957;
9.9641;
11.437;
9.98271;
2.98617;
0.126147;
1.48771;
1.44855;
10.0312;
1.44814;
1.48669;
9.96751;
9.73303;
1.48534;
1.03236;
12.8452;
14.899;
8.54149;
1.44585;
9.93801;
-0.496055;
9.9332;
12.7897;
11.7375;
9.91823;
9.91422;
12.7649;
10.9081;
10.9416;
8.65627;
2.96664;
3.97625;
12.7945;
11.2791;
9.83809;
10.8816;
8.6325;
8.43505;
10.9669;
13.7566;
11.8141;
10.9771;
9.91444;
9.82929;
9.82443;
2.951;
4.1989;
9.91999;
8.03704;
5.77429;
8.48615;
9.80153;
4.20024;
9.89289;
9.78977;
7.12337;
9.48904;
9.77818;
10.8914;
5.64222;
1.60602;
2.865;
2.93754;
12.2063;
4.24246;
2.59226;
12.5263;
9.74269;
10.794;
4.16838;
9.73225;
1.18987;
10.5095;
9.70249;
1.19139;
1.42828;
4.16049;
9.71079;
8.50657;
1.42709;
9.73736;
7.06486;
9.69398;
5.60034;
7.95271;
9.78132;
1.425;
9.67743;
11.8292;
9.88567;
1.44471;
7.88206;
9.65457;
12.1097;
7.02949;
1.19841;
9.63894;
9.60994;
9.63062;
1.43996;
10.6451;
8.35559;
0.0676787;
10.2624;
1.4376;
11.61;
2.52903;
11.1087;
1.08709;
7.95693;
3.91266;
5.54438;
9.58352;
9.57969;
10.9319;
6.9812;
10.8121;
12.6532;
9.55541;
9.26652;
1.42858;
6.96299;
9.17826;
5.51726;
9.53309;
8.19189;
9.79733;
2.92013;
10.8642;
4.08522;
10.5308;
1.4089;
0.367037;
9.49969;
1.49751;
1.40788;
1.42123;
7.94943;
10.5082;
13.319;
8.23684;
1.4181;
6.49661;
10.4864;
9.44092;
10.5075;
9.44929;
5.46826;
9.44198;
9.55661;
2.85916;
8.20086;
9.42597;
11.7044;
6.65945;
12.4702;
9.40354;
9.44661;
1.40752;
9.37722;
3.8737;
9.38629;
9.38138;
5.4321;
10.4045;
9.42414;
9.18924;
9.35814;
1.4018;
9.35019;
10.9695;
9.34223;
8.03647;
10.3136;
9.32861;
9.32436;
2.83316;
9.48235;
11.3563;
6.80479;
7.68373;
9.29796;
4.00336;
11.3863;
6.79023;
1.38852;
10.338;
9.27314;
7.66001;
11.2562;
9.25757;
1.38771;
9.25228;
9.24862;
11.9042;
9.23724;
10.434;
9.22494;
10.5229;
2.80822;
9.21287;
9.2086;
8.99162;
9.19947;
1.38;
9.19276;
5.33132;
3.96253;
4.13951;
5.32655;
3.95919;
9.17438;
9.15924;
9.21844;
9.15901;
9.15405;
7.88028;
8.90679;
9.13743;
9.39406;
11.1673;
9.21128;
11.7352;
9.16976;
9.10152;
3.92852;
9.09406;
10.1086;
10.0627;
6.65127;
9.05315;
10.0973;
10.341;
7.89712;
10.0713;
9.04487;
1.35774;
5.25059;
5.24856;
1.3628;
1.35641;
9.02962;
10.0535;
9.99646;
9.01312;
9.27782;
10.3404;
8.99491;
9.89262;
7.83664;
6.23557;
8.97617;
8.96703;
8.9628;
