55.2563;
-0.405971;
2.42422;
-0.118295;
0.337249;
1.63438;
-0.253967;
1.17021;
0.692282;
0.115029;
0.273693;
-0.224079;
0.335677;
-0.467337;
-0.251471;
1.12567;
-0.206823;
3.26804;
3.53892;
-0.699973;
0.749008;
0.802785;
0.0451351;
-0.397594;
0.403801;
-0.696946;
-0.131111;
-0.192005;
0.512726;
0.616956;
-0.291672;
-0.600904;
0.330134;
1.2805;
0.641268;
0.641199;
0.177698;
0.233902;
0.0914779;
0.296314;
0.0685438;
-0.646691;
-0.100086;
0.146058;
4.26541;
-0.0028676;
1.64972;
-0.32524;
3.19471;
2.06295;
1.46474;
0.183666;
-0.153339;
0.325204;
3.01394;
0.232401;
-0.151274;
2.06943;
0.392395;
0.32782;
0.672771;
0.398634;
0.250761;
-0.115149;
-0.0786032;
-0.282455;
0.152187;
-0.230861;
-0.146334;
0.545856;
0.705259;
0.0172046;
0.67623;
0.0262204;
-0.398956;
-0.999362;
0.0505444;
0.319444;
-0.142706;
0.396366;
0.280395;
0.396122;
-0.142606;
1.69205;
4.37214;
1.23629;
0.396089;
0.482339;
0.0814952;
-0.223611;
0.280645;
1.33719;
0.669721;
0.304155;
0.319735;
-0.131956;
-0.131953;
0.395032;
0.313401;
-0.0614921;
-0.221229;
0.766374;
-0.0271923;
0.394385;
-0.13108;
0.394172;
1.59314;
3.32547;
-0.218678;
-0.101032;
1.36415;
0.449334;
0.310303;
0.55403;
0.393891;
0.14038;
-0.370856;
0.121952;
-0.217486;
0.309616;
1.20209;
0.0609133;
0.882827;
1.6269;
1.36357;
0.306921;
1.10912;
0.0977979;
0.659784;
0.0653145;
2.40413;
0.387338;
-0.211778;
4.93661;
1.89698;
0.685601;
1.06514;
-0.208851;
0.418719;
0.560291;
0.687097;
0.464417;
2.74499;
1.69765;
0.0512639;
0.52232;
3.38024;
0.293399;
-0.222595;
0.3712;
0.0855276;
-1.28551;
0.555906;
0.510975;
0.662705;
0.115412;
0.075127;
0.907638;
-0.197919;
1.53859;
0.392678;
0.392558;
3.51287;
0.0826484;
0.392617;
2.3134;
-0.194857;
0.392646;
0.0367632;
0.778771;
0.0238614;
-0.194254;
0.392262;
0.173268;
0.522119;
1.4436;
0.282373;
0.173498;
-0.242;
0.995032;
-0.185151;
1.3975;
0.274523;
-0.287397;
8.29164;
-0.491812;
1.12725;
4.66145;
4.19302;
0.392685;
1.96147;
0.655344;
0.120815;
0.346447;
0.268084;
0.26487;
0.349623;
1.56952;
2.26571;
-0.336132;
1.79167;
1.42836;
3.66023;
2.60509;
14.0916;
-0.165511;
-0.0390271;
3.80202;
6.39884;
0.262347;
-0.0323728;
1.75;
4.31426;
2.68058;
2.98565;
4.03522;
0.397265;
0.736465;
2.99953;
-0.372355;
0.116767;
0.555477;
0.593825;
0.554812;
5.53095;
2.08515;
2.2465;
4.4887;
4.69086;
8.82132;
0.00167446;
0.590544;
5.93244;
0.113967;
1.63866;
1.29696;
0.568635;
1.32454;
0.625156;
5.52367;
2.99614;
0.280639;
1.40979;
0.438946;
0.344462;
0.721088;
2.44379;
0.987171;
0.21632;
1.56676;
2.77921;
0.686625;
8.08007;
-0.174685;
0.540924;
2.19981;
0.467616;
9.52561;
0.396963;
1.06697;
3.09604;
0.0350136;
4.88882;
0.423699;
0.564468;
2.93246;
1.03966;
2.8054;
5.56456;
1.66185;
-0.239499;
0.218372;
0.116675;
-0.113233;
2.34726;
0.275177;
-0.112717;
1.97857;
0.163123;
5.11838;
4.7086;
0.373987;
4.50245;
4.60237;
2.34722;
-0.105548;
0.393311;
0.198011;
0.880491;
2.46083;
1.82912;
3.78026;
7.80084;
0.392162;
-0.198781;
0.392003;
5.3131;
2.87328;
3.49087;
0.227705;
4.53542;
1.05452;
3.5;
3.11326;
0.708084;
0.390234;
3.64936;
2.29093;
0.389699;
2.56811;
1.8959;
0.499835;
5.64296;
3.12687;
0.0358565;
9.18696;
0.181841;
4.47165;
1.42405;
3.20994;
2.24386;
2.86697;
0.179282;
1.0551;
0.421385;
1.40243;
0.124313;
0.664969;
5.14611;
0.384571;
2.30473;
0.384335;
6.08288;
5.10839;
0.494486;
2.54913;
4.07852;
4.19522;
1.17529;
-0.0700045;
4.85867;
0.110462;
4.3052;
0.45325;
0.171124;
0.34252;
3.65495;
3.71846;
1.90938;
2.68793;
0.289365;
0.116923;
0.197675;
0.129255;
0.755366;
6.34304;
2.13235;
4.02093;
8.1655;
0.124535;
3.78737;
6.98544;
0.375468;
0.128633;
0.128599;
5.3272;
0.374565;
0.374454;
4.8775;
0.374051;
0.344879;
0.880696;
2.43694;
8.65724;
3.18892;
6.97514;
1.18376;
2.20392;
1.42424;
3.42896;
3.59998;
2.12283;
2.08193;
4.65733;
2.87775;
0.366573;
0.366472;
0.940146;
2.49085;
1.90347;
0.320562;
3.71939;
0.467696;
1.01955;
1.11557;
0.898873;
4.57733;
11.3558;
3.687;
2.44635;
4.43054;
0.0345618;
0.482081;
0.358469;
4.40656;
0.643112;
6.19428;
0.355737;
0.327712;
0.355443;
1.3767;
0.264329;
2.13429;
5.41007;
5.83093;
2.29862;
0.261169;
1.16725;
0.351283;
4.94325;
3.67645;
6.0692;
6.25171;
4.76948;
4.17618;
0.173421;
0.580078;
2.20997;
0.0305368;
5.38866;
3.53318;
7.49049;
1.84607;
9.6518;
-0.0248458;
2.21078;
0.334128;
8.71432;
0.331736;
6.52234;
0.771593;
1.08419;
4.36659;
3.56433;
5.61387;
5.16112;
4.12346;
2.15663;
11.7972;
1.08;
0.508598;
5.48197;
2.60789;
9.10796;
0.921673;
0.309002;
3.60661;
3.49977;
0.782582;
0.408567;
0.142276;
2.03753;
0.30452;
4.18237;
2.44839;
4.04977;
3.80696;
0.58983;
3.45467;
6.41975;
0.314943;
3.12927;
3.08525;
0.292237;
1.31032;
0.630242;
0.537748;
5.27862;
0.288818;
2.0488;
5.22008;
7.39648;
1.31229;
0.282815;
5.73983;
2.67344;
0.318789;
0.141804;
0.931408;
5.06999;
4.88565;
2.44333;
3.40901;
0.270817;
-0.00285938;
4.33036;
5.5481;
6.63844;
0.264324;
0.243039;
14.8072;
9.04685;
10.531;
0.359698;
16.7255;
0.350447;
6.08432;
11.7241;
2.49672;
1.02728;
0.681005;
1.72871;
1.02319;
1.24501;
0.616002;
0.335877;
2.26759;
0.334423;
0.334349;
4.86073;
2.40107;
0.329802;
0.635285;
0.986416;
0.327889;
6.61367;
0.362633;
2.77307;
0.547735;
0.322018;
0.221248;
0.289;
0.321547;
0.321312;
0.64737;
2.68765;
0.219668;
0.319175;
0.0911075;
0.219306;
0.318797;
0.318621;
0.315852;
2.16105;
0.0898735;
0.315262;
2.57832;
0.314522;
0.179439;
1.60315;
0.313672;
0.313672;
0.31355;
0.313371;
0.537746;
0.215548;
0.087552;
1.90484;
0.888507;
0.311159;
0.31104;
0.310848;
0.310729;
0.736825;
3.07311;
0.307635;
0.307484;
0.307332;
0.290464;
0.307197;
0.895824;
0.572628;
0.306069;
0.629047;
0.305379;
0.119577;
0.305266;
0.305184;
0.278633;
0.304964;
0.304839;
0.303326;
0.954658;
1.80939;
0.0818043;
0.210152;
0.56764;
0.301654;
1.56852;
0.275684;
0.398829;
0.300043;
0.420753;
0.299828;
0.299631;
0.299332;
0.299095;
0.298084;
0.298749;
0.298646;
3.20289;
0.295379;
0.295189;
0.295019;
2.90451;
0.559831;
0.29235;
2.08205;
0.208859;
2.47784;
0.289115;
0.20865;
0.384097;
0.288403;
0.266769;
0.288019;
1.52217;
0.547771;
1.98429;
0.204343;
0.0715814;
0.284975;
0.208245;
0.284788;
0.284526;
0.263413;
0.284188;
0.283902;
0.283706;
0.28348;
0.283253;
0.283086;
0.282834;
0.282696;
0.282483;
0.282317;
0.596107;
0.762779;
0.281132;
0.281031;
0.280869;
1.79463;
0.207616;
0.279489;
0.73475;
6.35058;
4.57465;
1.63893;
5.44087;
10.0525;
2.6109;
0.275775;
0.205581;
1.51484;
1.45966;
0.012731;
9.48662;
1.95755;
2.57937;
0.203725;
2.06722;
3.85844;
2.48727;
0.0730927;
2.04421;
4.99201;
2.11989;
2.32888;
1.64638;
2.16672;
2.55946;
1.8474;
2.06314;
9.48448;
1.50783;
0.367654;
1.32367;
2.15301;
1.52202;
1.42143;
1.60614;
1.14959;
1.40978;
1.0797;
1.72431;
1.76077;
1.25282;
1.15919;
1.25984;
1.57628;
1.67649;
2.55518;
1.71901;
1.22162;
1.33831;
0.198205;
1.46499;
1.42659;
1.48251;
2.49122;
1.46056;
1.44744;
1.80666;
1.43243;
1.87088;
0.174183;
0.174091;
0.17399;
1.68706;
1.4035;
2.08184;
1.6901;
1.67206;
0.168526;
1.49112;
2.06146;
4.48459;
0.242841;
1.31674;
4.57629;
1.74419;
2.36418;
3.54045;
0.156402;
3.6901;
6.01293;
3.09054;
1.13491;
4.96174;
2.70644;
4.00366;
0.142194;
0.151674;
0.141915;
0.872583;
0.251713;
0.916249;
0.313266;
0.579554;
