20.5292;
6.68338;
-0.291651;
10.8873;
2.11604;
-1.23135;
-0.25623;
-0.0728803;
5.73801;
3.04856;
0.476852;
-0.104794;
1.14709;
0.500447;
2.88649;
3.19498;
5.0891;
-0.108184;
0.765058;
-0.110787;
5.59966;
8.33631;
-0.558621;
-0.10414;
1.24675;
0.379806;
0.187413;
0.187313;
1.17698;
-0.623171;
1.14387;
9.04646;
2.23965;
1.14322;
-0.820623;
-0.0587741;
-0.744842;
2.01697;
-0.659686;
26.4337;
1.14129;
1.50988;
-1.08622;
1.14082;
-0.320178;
-0.235016;
-0.537102;
0.192599;
0.192524;
1.25603;
1.40261;
3.94945;
-0.810921;
2.34543;
1.13888;
-0.0906198;
-0.0905935;
3.33767;
0.409494;
6.37738;
1.76737;
1.63842;
-0.314778;
18.2458;
2.16225;
-1.23801;
7.08937;
-0.3673;
0.344942;
1.13606;
0.421929;
-0.0829473;
2.67944;
-0.27528;
0.469279;
0.0482454;
1.98617;
-0.515287;
0.813644;
0.617826;
0.198152;
1.13442;
-0.62348;
0.19787;
-0.307661;
7.93982;
2.46496;
3.33696;
4.32701;
1.1329;
1.64545;
-0.073729;
9.91105;
-0.497611;
1.08376;
0.713968;
2.23603;
-0.0727537;
-0.0727273;
19.8844;
0.595906;
-0.489075;
1.61403;
-0.983427;
5.99074;
12.1153;
0.202259;
1.40233;
2.82498;
1.78514;
1.1292;
13.742;
9.86358;
17.1468;
6.41618;
5.6716;
0.206517;
1.6597;
-0.284199;
1.12681;
1.11219;
21.7592;
11.3307;
12.6604;
-0.0473481;
3.80172;
0.443766;
4.99066;
2.02542;
1.4051;
-0.0395658;
0.209862;
-0.273618;
16.0349;
1.1229;
0.0532472;
-0.0363655;
-0.0540999;
3.7905;
-0.313536;
-0.429373;
1.66596;
-0.0408423;
-0.270714;
-0.0407839;
3.69415;
8.58251;
0.617451;
15.4525;
1.75702;
2.62464;
0.960256;
3.13643;
11.5564;
13.5959;
-0.0551318;
0.212716;
1.56054;
-0.00510684;
0.21263;
-0.0324778;
2.02581;
-0.260097;
0.112396;
0.837255;
0.0330139;
3.4163;
0.910136;
-0.259014;
1.99749;
12.5871;
-0.0175021;
0.212921;
0.00676847;
21.4485;
3.63403;
0.043562;
1.37037;
1.11432;
-0.251457;
11.1728;
4.63847;
1.647;
-0.249519;
-0.249513;
26.41;
16.7528;
0.645196;
-0.49515;
2.67701;
10.6284;
-0.844523;
3.94111;
9.1104;
0.552879;
-0.237867;
-0.188346;
9.15234;
0.143401;
12.6769;
-0.235087;
3.93183;
1.10848;
0.144617;
2.66753;
1.108;
9.94972;
-0.232628;
-0.667262;
17.1813;
-0.00344744;
7.03968;
0.569156;
14.0982;
2.11085;
4.96948;
2.53303;
0.221145;
1.42883;
1.10485;
1.10471;
5.10688;
3.22143;
10.6614;
4.80279;
13.641;
1.40283;
12.5107;
0.571692;
11.2612;
-0.217237;
5.05125;
1.95697;
0.859623;
4.82098;
12.1216;
11.9575;
0.862033;
0.178657;
1.62361;
2.13559;
1.09983;
0.224424;
26.3753;
-0.421529;
0.0734165;
0.644656;
1.09827;
27.8353;
-0.0267862;
1.09726;
0.748836;
1.6039;
2.60441;
1.09652;
4.62765;
26.354;
3.06155;
20.5162;
12.8034;
2.97772;
1.36531;
21.4864;
0.232311;
16.4626;
0.211341;
7.22225;
1.09129;
4.83936;
1.0908;
2.80856;
0.213016;
1.09031;
10.3451;
25.0724;
1.60888;
2.04032;
2.35275;
3.9586;
19.1121;
9.54698;
1.02897;
1.0868;
14.5628;
2.77964;
15.2456;
1.40565;
1.70028;
0.756314;
0.238692;
1.92441;
21.55;
2.11529;
1.40498;
15.79;
1.0825;
14.3366;
18.9703;
1.09122;
1.08081;
0.0578265;
16.7748;
5.13357;
27.5176;
-0.590839;
2.92674;
18.1015;
4.50326;
22.2529;
0.0668354;
8.48685;
3.18195;
16.4987;
1.07495;
6.48409;
7.31486;
11.9289;
1.07348;
1.36261;
14.2139;
10.8268;
11.137;
16.0906;
45.3409;
22.8974;
0.256403;
10.8759;
6.62515;
16.2363;
0.726492;
18.4483;
3.33461;
19.179;
1.36301;
0.260021;
1.40795;
1.73109;
22.2215;
1.06226;
43.4925;
1.72539;
11.1643;
0.206814;
0.929938;
1.05938;
15.6203;
2.7403;
-0.111565;
4.0976;
26.173;
20.5116;
6.40722;
1.07922;
28.7658;
3.18479;
-0.0986602;
1.05335;
4.14989;
1.49249;
14.3428;
11.9433;
25.0305;
2.14936;
13.1043;
0.272493;
13.064;
3.95311;
21.4458;
2.27392;
13.6819;
0.123521;
10.5418;
26.1231;
13.5477;
12.0473;
6.38341;
5.50353;
11.2658;
8.86961;
19.8181;
19.7579;
4.55625;
13.5774;
0.978509;
0.137596;
11.2463;
21.9908;
0.140216;
1.35654;
15.3515;
1.27099;
23.7321;
3.9297;
9.22969;
6.42329;
16.9006;
13.9793;
1.03059;
0.285263;
1.52001;
13.4124;
13.8169;
17.25;
19.8303;
1.02605;
18.719;
8.13725;
1.02421;
10.0829;
1.0234;
9.54205;
0.425496;
13.4978;
11.6099;
1.02091;
10.3719;
1.02024;
0.328115;
8.02527;
8.43037;
1.41387;
48.2176;
6.2871;
12.5966;
11.4202;
6.59301;
9.52286;
12.4916;
17.933;
18.4128;
1.00943;
1.34491;
38.88;
13.675;
9.85409;
9.41129;
15.1044;
20.438;
9.15025;
2.01449;
3.61488;
5.29661;
0.188002;
2.36778;
16.205;
14.7445;
11.2819;
24.0686;
0.995903;
20.1919;
17.6126;
15.7802;
14.1778;
18.3155;
15.3589;
0.988565;
2.83288;
0.988151;
24.3081;
27.38;
11.3952;
25.2042;
12.9874;
1.38164;
1.9837;
9.10984;
11.9948;
11.0272;
19.8948;
0.97709;
5.77182;
8.91624;
25.6216;
18.7316;
11.3484;
1.37662;
17.4148;
14.2182;
10.3926;
21.574;
14.3599;
22.2585;
15.1;
12.578;
15.0384;
11.5849;
5.75786;
30.5278;
10.5471;
15.4592;
12.3782;
18.003;
8.35264;
1.90385;
9.94892;
1.95824;
0.0181302;
18.2856;
7.89147;
16.2211;
10.5955;
12.0375;
22.3959;
19.4651;
14.9731;
31.7106;
11.6506;
19.5493;
0.935534;
6.57361;
15.8313;
12.1833;
0.932412;
11.5557;
9.57418;
19.8803;
4.04138;
15.2358;
8.03587;
10.5039;
39.2791;
4.92092;
15.0584;
16.3404;
50.1157;
8.94671;
34.2662;
21.6972;
0.907784;
0.90765;
9.73316;
9.44016;
9.31236;
1.89856;
11.1694;
11.1548;
4.1165;
25.4874;
6.78938;
0.89851;
5.50923;
15.9412;
2.27632;
12.8737;
4.91242;
6.71433;
26.7221;
0.890062;
0.889927;
1.87758;
16.1726;
18.0885;
14.9226;
21.3256;
0.882519;
1.86767;
28.4762;
22.6511;
14.7524;
4.46954;
31.8398;
20.7652;
0.892303;
19.7766;
29.0438;
16.9732;
18.8084;
8.15421;
35.4835;
7.30811;
11.3921;
16.5121;
17.914;
8.2016;
0.849142;
7.74143;
40.0024;
0.843559;
9.06836;
10.0624;
23.0691;
11.9394;
8.45064;
7.81909;
7.14502;
0.0918764;
1.67947;
10.3655;
15.8122;
7.23664;
19.1352;
25.5908;
18.1155;
15.9987;
21.4592;
25.3022;
18.5464;
20.048;
15.3971;
0.807003;
6.1453;
8.96138;
30.1662;
13.0882;
6.2583;
40.4896;
25.2346;
24.2679;
23.3927;
10.3436;
7.91434;
15.447;
40.3129;
31.9799;
0.768768;
14.6793;
