0.637243;
-0.136815;
0.711589;
0.71156;
0.711549;
2.85729;
1.95402;
3.34279;
-0.0400526;
-0.136886;
0.377741;
0.910486;
2.50582;
-0.0397121;
0.943007;
0.499409;
-0.11424;
0.933423;
-0.0393875;
1.75896;
0.0749128;
0.940899;
0.867474;
0.604591;
-0.136755;
0.84396;
-0.0389395;
-0.532394;
7.60506;
0.711982;
-0.0376795;
3.23778;
0.863988;
9.23875;
-0.18033;
0.0809698;
-0.212245;
2.27325;
12.1514;
-0.598034;
1.33756;
0.712686;
0.0847424;
0.927892;
5.59441;
-0.455545;
2.73253;
-0.106691;
2.61834;
1.51152;
-0.204612;
0.923302;
-0.0325247;
5.84917;
-0.133841;
3.21478;
-0.288118;
-0.0317505;
2.28483;
1.04277;
1.76718;
0.853583;
0.640738;
0.712818;
1.4645;
0.645843;
3.17739;
-0.0303227;
0.712784;
17.6077;
1.48714;
4.44055;
0.64055;
-0.167117;
2.02378;
0.85789;
0.846845;
0.586587;
0.909187;
13.7452;
-0.103112;
0.906622;
2.10539;
1.67919;
-0.278641;
0.331309;
0.847345;
1.16959;
-0.0250381;
1.98318;
-0.128955;
3.41023;
-0.0938689;
-0.516554;
11.1766;
-0.0238106;
1.62762;
0.473066;
0.898971;
-0.0922628;
-0.023502;
0.57899;
0.712999;
11.7294;
6.83873;
2.08266;
15.5714;
2.85272;
0.865985;
4.91634;
0.887033;
0.605691;
0.469243;
-0.0171832;
-0.309469;
0.429396;
1.46158;
5.64282;
-0.0158789;
0.882916;
9.81287;
0.829243;
-0.145181;
0.869086;
0.518253;
-0.501057;
1.33991;
-0.0145856;
-0.144421;
6.66582;
-0.0138677;
0.529473;
0.574587;
1.7471;
0.876026;
1.45235;
6.28481;
1.69758;
1.60398;
3.17966;
3.08236;
0.572618;
1.46854;
0.728281;
3.51211;
3.36014;
1.47422;
0.277663;
0.52208;
11.1763;
0.587346;
5.85144;
0.866536;
1.12497;
0.587779;
1.68298;
-0.00763871;
15.2761;
1.44578;
0.609093;
6.8266;
19.6645;
1.13271;
5.80579;
6.81386;
22.4855;
2.21762;
-0.390531;
0.785626;
0.824696;
2.86034;
2.47308;
0.157186;
2.09318;
13.7182;
6.92232;
1.56586;
0.603691;
8.38607;
-0.0977923;
0.57751;
23.3883;
11.4566;
1.2234;
8.67735;
11.3565;
1.40866;
3.79717;
1.29883;
0.13869;
0.534112;
38.4708;
1.99165;
4.41411;
-0.331778;
2.13865;
0.637873;
0.604875;
0.0181546;
6.33186;
-0.0786767;
1.19667;
0.808546;
0.706065;
8.21474;
4.90581;
0.705591;
0.76144;
1.80119;
9.4147;
1.67294;
0.0216927;
-0.0736809;
-0.32974;
2.97357;
1.61278;
1.16114;
17.7338;
0.560577;
0.45212;
2.0071;
24.3901;
17.3767;
0.028123;
-0.304183;
19.8712;
0.809424;
-0.057609;
13.4571;
0.673959;
-0.380986;
0.77945;
0.833454;
12.0951;
9.7024;
7.49242;
0.804768;
13.5989;
11.2439;
5.84698;
-0.0147487;
0.616614;
2.36153;
0.114876;
3.88079;
32.4443;
14.8137;
0.643204;
0.646787;
25.9574;
0.794348;
3.5119;
11.5105;
1.5141;
-0.301176;
16.6125;
26.1391;
1.25209;
13.1875;
19.3027;
4.3593;
14.7079;
10.8242;
2.25475;
0.784896;
10.363;
20.2331;
-0.00120572;
2.21072;
0.782717;
0.670236;
0.618788;
4.11672;
4.29564;
11.7484;
13.2227;
2.27591;
21.4154;
2.11696;
0.840008;
0.0578164;
0.776956;
0.644358;
1.95573;
1.31693;
1.34192;
0.677013;
4.65787;
15.4359;
0.0130986;
1.15134;
4.16237;
17.199;
5.0319;
0.806097;
21.1886;
14.1696;
0.686475;
2.56436;
0.064038;
0.0639936;
22.6636;
18.9135;
11.1769;
2.57229;
20.1702;
10.7854;
13.8208;
17.4558;
23.2958;
13.2196;
28.2266;
7.85007;
29.5225;
15.2502;
10.5144;
1.602;
31.9523;
2.62776;
10.0287;
0.672803;
0.683249;
0.0858594;
17.6265;
23.7192;
17.417;
14.0323;
4.06801;
18.0621;
15.258;
11.9759;
22.8381;
2.34863;
0.0941726;
10.8649;
0.351976;
20.2933;
10.4085;
23.8289;
0.947358;
16.7311;
11.862;
11.722;
2.40137;
2.61418;
0.820572;
14.8343;
26.9383;
0.929294;
3.61249;
12.7648;
0.104471;
0.176342;
0.723442;
2.75618;
12.403;
0.1333;
0.105173;
0.735669;
10.7469;
15.2556;
19.6273;
1.47422;
23.8492;
1.07487;
6.07229;
42.8102;
16.5003;
9.59083;
1.56857;
17.5052;
7.32639;
30.3101;
23.8264;
8.16893;
8.73348;
3.14311;
27.8941;
0.773075;
5.37801;
0.124229;
3.86006;
27.3055;
16.5419;
0.182336;
21.2183;
1.45907;
12.6517;
35.2293;
1.76015;
13.5132;
24.4234;
19.466;
11.4479;
3.44917;
9.76493;
0.709235;
1.01036;
1.00656;
2.77247;
14.816;
2.52474;
5.06023;
9.89929;
12.0462;
37.4068;
6.77589;
16.0755;
15.0091;
3.31312;
9.04137;
29.5245;
1.07038;
2.66433;
8.0972;
2.71719;
12.5585;
1.58043;
1.1782;
30.1936;
24.1056;
9.68079;
12.6099;
2.48328;
24.1531;
13.2485;
9.31429;
19.1152;
22.4351;
15.5899;
37.3789;
1.68028;
44.5118;
20.9734;
0.675987;
35.5162;
15.5101;
12.4386;
9.26658;
27.2154;
8.59419;
36.5116;
20.7602;
17.2994;
0.661418;
10.9792;
10.3923;
13.2749;
3.29087;
9.99256;
0.657543;
40.7374;
13.5437;
6.16534;
0.808624;
0.836409;
2.90863;
48.5823;
16.216;
18.4324;
0.644756;
1.66647;
18.5207;
0.836735;
18.2033;
12.4059;
28.013;
8.30806;
23.1803;
10.6417;
0.80874;
14.3432;
1.14855;
25.0459;
0.630026;
15.5347;
35.883;
3.72686;
11.8329;
10.9841;
30.6114;
18.485;
11.9907;
10.2619;
52.952;
15.8598;
2.85195;
48.8081;
12.9181;
8.71739;
18.742;
10.0308;
14.9461;
8.99061;
24.7288;
13.6862;
1.15863;
42.7171;
12.7206;
0.89906;
9.84465;
13.3421;
9.71609;
52.9906;
26.8268;
13.7425;
7.71375;
30.1609;
28.1005;
42.0759;
17.3985;
14.3435;
9.80254;
27.7313;
25.6925;
24.1251;
18.0587;
20.1266;
72.7665;
