29.9576;
7.4399;
0.691085;
0.483277;
13.3155;
3.62619;
2.68742;
-0.329002;
0.138478;
22.7634;
0.0926491;
0.481532;
0.625238;
0.138968;
1.3532;
-0.41491;
0.0923919;
4.03672;
0.0920806;
0.481181;
20.0681;
-0.414188;
3.55072;
-0.334749;
0.480269;
0.0938762;
4.64494;
1.01548;
6.97143;
4.07711;
0.917224;
-0.981751;
2.40622;
-0.333341;
-0.41342;
1.15209;
4.05734;
13.0709;
0.478776;
1.01201;
-0.556164;
5.62702;
0.612837;
0.140679;
0.478377;
-0.108212;
-0.331149;
0.0876695;
4.06096;
-0.718994;
0.140842;
3.179;
24.5863;
6.84582;
0.0851916;
-0.652298;
3.78767;
0.643345;
1.92877;
0.645907;
3.17097;
0.24664;
0.466946;
0.433949;
27.0379;
22.0898;
0.968976;
6.55692;
0.637082;
0.90232;
0.50235;
-0.735072;
3.87743;
0.636725;
2.67119;
0.963841;
0.610515;
7.87707;
1.62569;
1.33146;
0.959665;
-0.264235;
0.0797721;
0.61942;
0.111312;
0.958647;
0.610295;
-0.439666;
1.73778;
0.0794017;
0.472082;
3.8306;
1.74083;
3.62151;
0.953441;
0.111929;
-0.313495;
2.402;
0.144066;
-0.629991;
0.0954324;
0.633345;
0.471006;
-0.14221;
0.47096;
1.28969;
11.4356;
0.123122;
3.5159;
8.9344;
30.2912;
3.00216;
1.59135;
0.488786;
9.78446;
0.521408;
2.98339;
0.927486;
0.927383;
14.9781;
0.924274;
-0.478458;
1.95003;
0.923078;
0.922975;
0.144848;
0.255047;
2.24925;
4.85183;
0.0966864;
0.46489;
-0.607146;
11.6462;
10.7062;
0.463653;
6.47959;
-0.611758;
0.144959;
-0.602704;
4.13899;
10.3159;
0.879219;
11.7709;
4.03301;
-0.301796;
12.6454;
0.530382;
0.461;
0.460967;
2.07876;
0.460871;
6.3908;
0.118141;
0.159325;
0.570814;
0.897635;
9.14061;
15.5849;
-0.300715;
9.88344;
2.39999;
1.53783;
-0.299881;
10.8704;
0.0679042;
1.34527;
0.119547;
0.301672;
10.3604;
16.4593;
3.3264;
21.8178;
-0.43294;
2.3531;
0.87046;
1.32658;
-0.294227;
3.07358;
0.12177;
1.94158;
0.868874;
0.868771;
8.29049;
0.600833;
2.87001;
0.113384;
10.6421;
7.69603;
6.26093;
2.98473;
9.13121;
6.07544;
9.96;
7.95966;
11.3025;
0.84797;
9.50846;
10.5021;
4.44574;
0.84298;
0.639148;
0.53064;
8.88249;
9.99474;
2.98185;
19.7031;
0.833136;
4.25133;
18.0231;
0.444194;
5.17984;
0.738967;
3.42647;
11.7235;
0.0631331;
9.6396;
0.792612;
0.473787;
2.79044;
0.819303;
8.88619;
1.95481;
11.7532;
17.807;
0.105434;
3.05671;
3.44244;
0.508117;
0.439066;
0.439022;
4.82312;
13.2858;
0.782291;
10.0818;
6.39109;
5.12034;
0.874541;
7.56628;
1.87704;
0.147623;
0.435157;
11.4603;
6.60631;
10.7043;
2.434;
11.2472;
1.21238;
13.0625;
13.7801;
13.4066;
-0.258832;
8.32385;
2.85571;
0.772564;
-0.257988;
12.5145;
9.32939;
0.439938;
4.86913;
0.292288;
11.4192;
15.8515;
6.51758;
8.50986;
1.1773;
11.4441;
0.465452;
7.16067;
4.64487;
5.5882;
0.658884;
12.6232;
1.42905;
2.55491;
-0.235969;
10.4824;
0.112672;
8.79908;
14.1146;
11.3113;
0.416962;
12.2716;
6.33945;
7.57927;
2.3084;
1.30181;
0.728471;
8.78169;
7.95074;
0.725354;
14.7745;
1.13374;
8.64573;
6.25236;
10.2552;
0.716691;
0.521012;
1.36202;
0.715942;
1.71904;
8.15852;
10.3378;
1.71115;
12.5484;
1.78138;
3.49527;
10.6753;
6.97879;
13.9514;
2.86782;
10.3902;
2.60803;
0.936914;
9.59419;
4.76933;
0.0656331;
6.4327;
22.2889;
15.0638;
0.724564;
2.15678;
15.6724;
10.2127;
5.7151;
2.8598;
0.677133;
2.7263;
0.676475;
0.676383;
-0.215013;
8.69185;
0.674824;
7.45277;
7.49936;
0.282202;
10.1677;
0.396651;
0.925994;
2.80692;
1.07751;
7.05623;
0.20385;
0.281431;
11.4332;
0.662793;
7.2734;
6.99877;
5.67833;
13.4749;
11.8369;
7.49784;
2.37621;
0.126207;
5.18076;
4.02303;
5.28818;
-0.274467;
8.31861;
6.88369;
10.5487;
7.34782;
3.34271;
0.330652;
5.84247;
6.23945;
0.878533;
0.386629;
9.13732;
16.3073;
-0.0209807;
9.79857;
13.6801;
0.623801;
0.383408;
12.5968;
12.8354;
0.0818309;
0.0818227;
0.392688;
1.86213;
7.74468;
1.30923;
12.792;
6.31995;
0.163321;
0.608965;
5.9793;
4.9185;
15.1231;
2.31801;
3.1647;
0.280965;
4.51795;
5.39215;
6.64521;
7.72019;
8.25047;
8.46734;
2.5062;
0.591504;
9.21774;
0.373193;
10.2828;
8.82615;
9.83771;
7.47968;
5.08707;
6.64134;
13.3727;
3.03302;
2.1109;
3.01058;
6.98497;
3.97826;
1.49562;
-0.162353;
-0.162327;
4.42083;
3.11217;
7.50845;
0.614691;
2.10522;
9.95393;
10.5626;
6.48533;
3.35013;
2.93478;
5.93409;
1.90972;
6.5322;
17.5598;
8.51825;
9.04339;
7.4796;
3.80586;
5.97162;
9.05708;
4.84057;
-0.147465;
6.26743;
3.03073;
5.91973;
-0.163592;
5.7436;
12.7255;
7.51207;
5.10654;
9.41666;
1.31277;
7.70906;
12.5158;
0.303888;
6.6958;
8.74542;
5.04266;
1.88642;
0.134433;
8.61954;
5.47697;
-0.136562;
0.280735;
5.64767;
10.3729;
4.56662;
21.0324;
11.0515;
10.3792;
6.75117;
13.1069;
7.68639;
8.5749;
3.62617;
5.22963;
11.3621;
5.66723;
8.61524;
7.04484;
8.88173;
4.77594;
8.21323;
8.51799;
0.168874;
1.88636;
4.39994;
-0.119359;
9.78771;
16.9862;
10.6999;
5.4065;
0.464951;
5.38705;
7.78187;
6.20398;
13.1881;
5.44075;
4.88893;
5.55797;
6.57512;
0.452408;
4.05633;
5.64723;
16.4613;
0.446488;
3.22403;
-0.107525;
6.03283;
3.97991;
4.5981;
7.99867;
0.776777;
3.21388;
5.41705;
5.10238;
0.436862;
3.70488;
0.435913;
9.34748;
8.36477;
6.59315;
0.254415;
24.544;
11.6614;
4.92076;
5.35974;
11.4064;
0.416787;
1.02353;
3.21767;
3.86742;
12.5266;
3.38426;
15.1633;
6.24775;
1.0211;
13.8231;
10.9856;
3.33474;
10.4625;
5.81459;
6.83887;
6.53009;
0.390126;
7.91347;
7.79083;
6.35461;
7.72179;
1.76736;
12.282;
6.58845;
4.93235;
11.1246;
10.2465;
5.63444;
10.8662;
9.44611;
5.60653;
5.51465;
11.8392;
19.3078;
6.00372;
3.18521;
3.39191;
5.28752;
6.49242;
8.85889;
10.2946;
4.1141;
19.4449;
11.9721;
6.4576;
14.4789;
6.7157;
0.318569;
8.26105;
2.34423;
7.5931;
22.6251;
7.94157;
5.5262;
13.7333;
9.16426;
3.54346;
4.88815;
4.00481;
8.26652;
4.4244;
1.11703;
1.91205;
1.67422;
2.62692;
14.8439;
5.8755;
1.41065;
1.43767;
6.16657;
1.14667;
