-33.6674;
-0.891897;
-0.139716;
-9.55027;
0.205235;
-2.22473;
-0.0271686;
-1.45928;
0.165419;
-0.526094;
-22.8343;
-0.440992;
-0.543854;
-0.139395;
0.205084;
-9.50908;
-0.854579;
-4.63559;
-2.46208;
-1.90764;
0.204922;
-0.394987;
-11.843;
0.204887;
-1.59192;
-0.138907;
-0.482551;
-1.37565;
-1.19905;
0.446319;
-0.13879;
-3.4997;
-0.395845;
-0.943253;
-2.70259;
-1.43828;
-1.19576;
0.204857;
-1.62321;
0.371068;
-1.44424;
-0.476703;
-1.62153;
0.204786;
-0.54467;
-0.719052;
-0.030327;
-3.61022;
-3.6238;
-4.92468;
-0.13836;
-0.138343;
-0.261232;
0.508044;
-1.42915;
-0.0514445;
-0.294224;
0.220492;
-0.0517409;
-6.04249;
0.204358;
-7.84497;
0.204161;
-1.61216;
-0.0974173;
0.405801;
-1.42293;
-0.398481;
-14.6063;
0.445557;
-0.545941;
-1.41916;
-0.399188;
-5.68859;
-1.07525;
-0.399601;
-3.59786;
-1.46386;
0.444978;
-1.17357;
-2.51234;
-1.17351;
-0.867933;
-1.1719;
0.203414;
0.444655;
-1.90625;
-0.100009;
-2.71068;
-0.54654;
-8.86364;
-3.66106;
-4.55997;
0.49424;
-0.451071;
0.443245;
-8.0373;
0.20239;
0.442996;
-0.401659;
-2.58373;
-0.13719;
-0.984463;
-36.7673;
-16.621;
-0.485971;
-7.44982;
-2.47023;
-0.659673;
-1.11015;
0.294063;
-1.37029;
-4.81528;
0.199366;
-1.38592;
-0.0426927;
-7.62036;
-0.661412;
-1.85227;
-3.93253;
-2.72759;
-0.136798;
-1.73383;
-4.20272;
-1.73556;
-28.6649;
0.745653;
-1.3735;
-5.7667;
-1.72902;
-0.553102;
-1.3704;
0.292023;
-0.114441;
-1.38507;
-4.37543;
-5.03657;
-0.115953;
-0.136594;
0.430821;
-0.116129;
0.291204;
-6.46456;
-0.55421;
-0.410416;
-2.15267;
-2.15607;
-0.282766;
-0.117675;
0.388479;
0.73868;
-0.136337;
-0.477627;
0.738479;
0.428667;
-1.35852;
-2.51918;
-1.35757;
-0.383667;
-0.0163666;
-2.59401;
-6.82821;
-1.66027;
-0.672483;
-0.136108;
-0.0542175;
-2.88586;
-1.13573;
0.193259;
-4.56786;
-1.35078;
0.425855;
-1.1693;
-0.513863;
-0.121247;
-9.70004;
-1.34733;
-0.751647;
0.424434;
-0.413587;
-14.8392;
-0.135766;
0.422237;
0.191209;
-3.85881;
-1.46615;
0.287549;
0.190495;
-5.21885;
-1.33827;
-15.0104;
-0.135448;
-2.19214;
-4.87572;
-0.681227;
-4.66785;
-0.75806;
0.188675;
-1.91539;
-1.36945;
-1.40835;
-1.32971;
-1.3296;
0.662411;
-8.05693;
0.187832;
-0.0651214;
-1.32622;
-0.759738;
-1.23968;
-1.32551;
0.578994;
-16.2785;
-1.80476;
0.18625;
-4.85057;
-1.80154;
-0.419334;
-1.73887;
0.185592;
-1.31764;
-1.75679;
-1.57221;
-19.2613;
-0.927755;
0.183871;
-0.420734;
-12.065;
-0.0733461;
-0.135052;
-0.26092;
0.838931;
-1.30773;
-2.19553;
-0.767231;
-0.206875;
-1.08273;
0.28079;
-1.30596;
-1.30584;
-0.0969239;
-0.138918;
-1.08175;
-0.139083;
-2.40196;
-0.923685;
-0.921929;
-0.139515;
-4.74806;
-0.282316;
-4.92649;
0.560103;
-1.67137;
-0.141334;
0.402042;
-5.98647;
-0.680174;
-0.100732;
-1.29689;
-1.29678;
-1.29667;
0.400546;
-1.51779;
0.179725;
0.0818288;
-0.424066;
0.279213;
0.143438;
-0.9966;
0.178969;
-11.1121;
-0.553368;
-4.24696;
-0.105181;
-0.134025;
-0.133999;
-0.231714;
-5.89465;
-1.28648;
-3.207;
-1.07666;
-3.67324;
0.175555;
-1.06689;
-0.0852807;
-0.88259;
0.175152;
0.0701855;
-15.5214;
0.351321;
-3.68197;
0.537842;
0.386994;
0.386911;
-0.428027;
-1.27876;
0.961499;
0.0331569;
-2.95811;
0.172263;
-0.133757;
-0.51119;
0.172228;
-0.153928;
-0.443464;
-0.15437;
0.384764;
-1.27218;
0.058335;
-0.511526;
-5.97225;
-1.08385;
-1.05676;
-1.05657;
0.17075;
0.170744;
0.170739;
-0.705558;
-9.44675;
-1.20734;
-1.644;
0.380264;
0.169372;
-0.15813;
-3.06583;
-1.26378;
-1.82835;
-11.5674;
-3.63601;
-1.51754;
0.902666;
0.37506;
0.374952;
-1.51694;
0.166595;
-0.110185;
-2.65902;
-1.63703;
0.267402;
0.26739;
-5.18792;
-0.760184;
-2.27243;
-1.25404;
-1.53299;
-1.22136;
0.164158;
-0.712235;
-1.35568;
-0.207699;
-0.907876;
-0.250934;
-2.1607;
-0.103984;
-0.104116;
-0.902588;
-1.67029;
-1.24914;
-3.1418;
0.263513;
0.263484;
-0.129401;
-1.24656;
0.0403123;
-0.209596;
-1.24568;
-4.29453;
-0.170553;
-4.15642;
0.342015;
0.634971;
-3.01519;
-1.74228;
0.360055;
-1.20047;
-3.79926;
-1.50715;
-1.24022;
-2.33056;
0.357511;
-4.94207;
-3.43052;
-6.18099;
-0.343209;
0.353511;
-0.436705;
-0.612942;
-0.552827;
-0.759845;
-0.436975;
-1.59359;
-0.132135;
-0.13211;
0.154147;
-1.24802;
-0.17912;
-0.179158;
-1.03421;
-0.878067;
0.153388;
-0.573667;
-2.28186;
-0.131933;
-1.73203;
-3.86006;
0.152412;
-1.50778;
-0.131811;
-0.759193;
-0.14268;
-2.15292;
-1.77475;
0.151107;
-2.34043;
-1.03126;
0.171854;
-0.267504;
0.00805055;
-12.0983;
0.340247;
-0.95853;
-0.439841;
0.552157;
-1.0285;
-3.29886;
-1.02806;
-0.906736;
0.147663;
0.695284;
-0.149881;
-0.523304;
-1.21667;
-3.27998;
-0.189293;
0.145937;
-0.131369;
0.33401;
-0.00196006;
-1.72088;
-1.91567;
-4.03984;
0.249133;
-0.584956;
-0.39857;
-1.2126;
-0.44141;
-0.129828;
-0.441458;
-0.191166;
-0.852555;
0.144341;
-0.640669;
-0.528589;
-2.12954;
-5.01434;
-1.5673;
-0.805721;
-1.02294;
-1.81987;
0.448847;
0.325653;
-1.10819;
-0.134294;
-0.726761;
0.245887;
-0.90769;
-3.19065;
-1.24947;
0.32294;
0.140177;
-0.627374;
-0.0762182;
-1.1414;
-2.36864;
0.319737;
-3.78825;
0.318199;
0.242817;
-0.444135;
-2.03872;
-0.139954;
-1.68623;
-2.26782;
0.241765;
-0.201701;
-0.130389;
-0.600238;
-0.0195719;
-6.05606;
0.135248;
-0.444948;
-1.4538;
-3.51138;
-5.53987;
-0.24228;
-6.70995;
0.305762;
-1.28876;
-0.766113;
-0.913517;
0.548647;
-2.73131;
-0.384461;
-2.40565;
-1.24777;
-1.70097;
0.299954;
-9.2314;
-6.00606;
-0.155202;
-4.74249;
0.292091;
0.53068;
0.397771;
-0.156964;
-3.52801;
-0.157616;
0.289755;
-3.34844;
-1.41904;
-0.369234;
0.287048;
0.122057;
-1.7745;
-1.01356;
-1.77426;
-0.818679;
-1.6306;
0.256774;
-0.57671;
0.28348;
-1.80556;
-1.01268;
0.282246;
-0.746351;
-1.87787;
-0.129567;
-1.99618;
-2.38371;
-9.02225;
-1.6749;
-0.398251;
0.27357;
-0.451171;
-0.168481;
-0.534144;
-1.56978;
-0.776602;
0.272372;
-0.822347;
0.272101;
-1.46276;
0.270919;
-1.68548;
-2.00076;
0.113329;
-1.01055;
0.269141;
-0.0806609;
-0.171532;
-0.925251;
0.112458;
-1.8065;
-0.172759;
-0.232026;
0.218666;
0.239715;
0.11125;
-0.750219;
0.490541;
0.264819;
0.264578;
-0.535159;
0.217792;
-7.05529;
0.261531;
0.26135;
-0.128688;
-1.92368;
0.216178;
-0.702212;
-3.36925;
-0.323729;
-1.51363;
-2.02406;
-0.931463;
-0.919819;
-0.240247;
0.571453;
0.104306;
0.0907648;
0.250999;
-1.62796;
-0.454397;
0.224188;
-0.183844;
0.210614;
-0.786012;
-0.242913;
-3.52448;
-0.732546;
-0.243599;
-3.18736;
0.100423;
-0.0168307;
-1.54927;
-0.573348;
-0.112434;
-0.757033;
-2.6323;
0.452109;
-0.4559;
-16.94;
-2.64887;
-2.12411;
-1.6678;
-0.457056;
-1.71757;
-1.14301;
-0.125759;
-0.457153;
0.205682;
-1.1423;
0.0929397;
-0.196614;
-0.760727;
-3.01581;
-0.457477;
0.226611;
0.0913805;
-0.198418;
-5.52733;
-0.0274404;
-1.35284;
0.222368;
-0.624688;
-0.343443;
-1.04185;
-0.260293;
0.219688;
0.0877437;
0.219239;
-1.66201;
0.218602;
0.0872342;
0.218294;
-1.13504;
-1.72173;
-3.40584;
0.65811;
0.215397;
-0.263261;
0.085392;
0.085362;
0.0853063;
0.0852982;
0.214655;
-1.0045;
0.19463;
-0.206258;
-0.206426;
-1.00424;
-0.20667;
-1.60703;
-0.947187;
-1.13607;
0.0834233;
0.211131;
-1.16819;
-0.800979;
-1.05156;
-3.69139;
0.404457;
0.20774;
-0.358564;
-0.211343;
-6.72629;
0.0792331;
-1.16779;
0.396246;
0.202103;
0.0785555;
-2.19952;
0.200767;
-0.00590158;
-1.05156;
-1.004;
0.389254;
-1.00388;
-0.126504;
-1.12271;
0.19696;
-2.00296;
0.186374;
-0.217902;
0.18614;
0.186055;
-0.643824;
0.194409;
-1.00373;
-0.956311;
0.185385;
-0.843204;
0.185172;
-0.956956;
0.184931;
0.19181;
-2.26644;
-0.545073;
-0.811519;
-0.901226;
-0.643863;
-0.461678;
-2.1801;
0.187401;
-0.22287;
0.186829;
0.186479;
-4.92818;
-0.281408;
-0.844938;
0.243674;
0.183912;
-0.108559;
-1.98094;
-1.37118;
-0.963493;
-0.227137;
-0.17391;
-2.1493;
-4.87354;
-0.54677;
-4.42178;
-1.11086;
-1.44472;
0.230419;
-0.57803;
-0.918473;
-0.84824;
0.0623924;
-0.46322;
-0.259804;
-0.290533;
0.0619437;
-1.00474;
0.0617803;
-1.1085;
0.168759;
0.168558;
0.173953;
-0.848785;
-0.234845;
-0.681836;
-0.261803;
-0.797411;
-0.547744;
-1.81937;
-1.00474;
-0.263398;
-1.02168;
-3.61824;
-0.238384;
0.0582621;
-1.10502;
-0.774458;
-0.239152;
-1.6402;
-2.37428;
0.16963;
-0.267289;
-1.45888;
0.169142;
-0.957102;
0.480741;
-0.125663;
0.168393;
0.215377;
-0.125663;
0.0675418;
-0.202192;
-0.243492;
-1.00514;
-0.254044;
-0.783139;
0.053647;
-1.16586;
0.0534469;
0.053387;
-0.831654;
-1.35321;
-2.44739;
-3.82208;
0.164284;
0.146867;
-0.304405;
-0.854042;
-1.72252;
-0.891336;
0.162476;
-0.986518;
-1.09573;
-2.08994;
-0.251247;
0.161649;
-0.307784;
-0.138345;
-1.63372;
-1.00581;
-1.00582;
-0.25277;
-1.51491;
-0.956716;
0.199366;
0.046062;
-0.215111;
0.159353;
-0.23445;
0.295228;
-4.52869;
-0.665445;
-0.706878;
-1.20349;
0.156685;
-0.705826;
0.0422479;
-0.844685;
-0.722204;
0.12781;
0.0416165;
-1.919;
0.155442;
-0.260626;
0.0409289;
-0.46738;
-0.66851;
-0.261509;
0.154681;
0.279022;
-0.81359;
0.123344;
-0.318737;
0.0391787;
0.122541;
0.153512;
-2.8156;
-0.552687;
0.152472;
0.0377073;
-1.08543;
-0.730768;
-0.277196;
-0.733228;
-0.599167;
-0.322277;
0.116812;
0.150934;
0.150811;
-0.789995;
0.0358152;
0.26561;
-0.323612;
-0.553286;
-1.97698;
0.149521;
-1.16566;
-0.853751;
-0.248954;
0.148872;
-0.325714;
-0.595398;
0.148075;
0.147924;
-2.73703;
-0.124585;
0.107507;
-0.739198;
0.14649;
0.106169;
-1.00801;
0.146058;
-0.27408;
-0.329699;
0.145755;
-0.747393;
0.0300963;
0.0300272;
0.145325;
-0.87665;
-1.008;
-0.831927;
-1.16529;
-0.276597;
-1.83734;
-0.277452;
0.143494;
0.143384;
-0.173003;
-0.33389;
0.142719;
-0.866527;
0.14248;
0.237726;
-0.0857088;
-1.94523;
-1.07353;
-0.99214;
-1.59961;
-0.0706857;
0.13872;
-1.34681;
-1.00968;
0.138121;
-0.471056;
-2.80209;
-2.56124;
0.0206393;
-0.774968;
-0.227205;
0.375834;
-0.124404;
-1.01419;
-0.124382;
-0.289399;
-1.61764;
-0.995072;
-2.79347;
-0.3459;
-0.472105;
-1.01091;
-1.86611;
0.14644;
0.0756828;
-0.581925;
-1.01064;
0.015929;
-0.962051;
-0.117994;
-0.124252;
0.130685;
-0.349771;
0.199845;
0.130203;
0.0138777;
-1.06415;
-0.945667;
-0.558524;
0.196788;
-0.473006;
-0.351523;
0.0684707;
0.068113;
-0.297595;
-0.80258;
-3.50138;
-0.7874;
-1.52026;
-0.29974;
-0.124079;
-1.02861;
-0.792534;
0.126636;
-0.300855;
-2.19417;
0.34558;
0.12545;
0.132563;
-1.05942;
-0.605592;
0.00838267;
-0.994169;
-0.357928;
0.124232;
-0.559884;
-0.358439;
-2.75188;
-0.35938;
0.123167;
-0.359777;
0.26838;
-0.877178;
-0.306385;
0.122393;
-1.53689;
0.172224;
-1.39863;
0.121315;
-0.807001;
-0.813748;
-1.01342;
-0.560645;
-0.522154;
-0.31047;
0.178224;
0.324643;
-1.89173;
0.118618;
-0.161945;
0.118213;
-0.883231;
-0.69474;
0.156006;
-1.46197;
-2.13037;
-0.896086;
-0.698712;
0.113808;
-0.754163;
-0.316934;
-2.11488;
-0.00307453;
0.114113;
-2.38406;
0.112628;
0.112466;
-1.44755;
-1.01673;
0.111211;
-2.91021;
0.296934;
-1.04736;
-1.16999;
-4.70644;
-2.46724;
-0.325305;
-0.00932705;
-0.196529;
-0.326057;
-0.379582;
-1.01841;
-0.250445;
-1.4684;
-0.384959;
-1.02989;
-0.842059;
-0.37059;
-3.66293;
-1.55038;
0.0137842;
-1.34025;
-0.767987;
-1.06211;
0.102459;
-0.385754;
-0.477947;
-0.0154247;
-0.386059;
-0.0156828;
0.271812;
0.101605;
0.27032;
-1.02064;
0.00760796;
-0.0168262;
-1.06442;
-0.0172125;
0.267057;
0.00575013;
0.0999464;
0.0998236;
-0.0181402;
-0.123381;
-0.292094;
0.0990502;
0.0817043;
-1.45006;
-0.39141;
-0.020003;
-0.338968;
-1.40753;
-2.63974;
-0.0210288;
-0.392916;
-1.56802;
0.0912879;
-0.123228;
-0.02185;
-0.393912;
0.0763432;
-2.49568;
0.0868098;
0.0948685;
-0.889585;
-0.47955;
-0.0239731;
-0.891061;
0.0940043;
-1.09586;
-0.024745;
-0.0314892;
0.0930474;
-0.0100691;
-0.928;
-0.566242;
-0.0112238;
0.0780275;
-1.10724;
-0.380117;
0.0673952;
0.0910872;
-0.412025;
0.0905727;
-0.337702;
-0.945207;
0.0894694;
-0.402533;
-1.02518;
-1.10727;
0.0885364;
-0.403637;
0.0882362;
-2.11955;
-0.352387;
-0.844881;
-1.52024;
0.0867685;
-0.353927;
-1.02613;
-0.39836;
-0.0325112;
-0.0251005;
-0.937286;
-1.48549;
0.218375;
-1.97309;
0.0527472;
0.215672;
0.0835001;
-0.0309094;
-1.02789;
-1.1211;
-0.038247;
-0.0329737;
-0.0366083;
0.0821909;
-0.411907;
-0.408997;
-2.51269;
0.0809237;
0.2059;
-0.481936;
-0.106437;
0.0450187;
-1.02591;
-2.1326;
0.0790702;
0.0789034;
-0.0402163;
0.0786407;
0.0784814;
-0.416393;
-1.03033;
-0.484374;
0.0776737;
0.0775862;
-0.043743;
0.0773241;
-1.44469;
-0.418567;
-0.045786;
-0.992873;
0.0759529;
-1.48513;
-0.0479369;
-0.0483343;
-1.48553;
0.0748808;
0.0747781;
-0.0446837;
0.0746106;
0.0744652;
-1.38351;
-0.371148;
-1.96061;
-0.0531689;
-0.0464258;
-1.10445;
0.0726971;
-0.569721;
-0.0471881;
-1.12359;
-0.0475565;
-0.43264;
-0.0565813;
-0.122255;
-1.052;
0.0106246;
-0.409865;
-0.0591774;
-0.9379;
-0.122197;
-0.427367;
-0.0607522;
-0.902661;
-0.483826;
-1.69909;
-0.0512575;
0.00322004;
0.0680872;
-0.42968;
0.0677738;
0.00100398;
-0.48418;
-0.0655355;
-0.0658811;
0.0670343;
-0.0528749;
-2.07548;
-1.97228;
-1.03347;
0.0655271;
-0.570846;
-0.432951;
-1.03598;
-0.0547853;
-0.529495;
-0.0716846;
-0.384539;
-0.0559526;
0.0636924;
0.0635393;
-0.435183;
-1.03681;
0.0630052;
-0.420292;
-1.04393;
-0.970207;
-0.363663;
0.146668;
-1.03703;
-0.0589648;
-0.387493;
0.143759;
0.060162;
0.0600113;
-0.0805604;
-0.133771;
-0.439894;
-0.00169476;
0.138556;
0.0584516;
0.0582388;
-1.57707;
0.0577839;
-0.0621346;
-1.12668;
-0.391708;
0.0570687;
-1.12779;
-0.121639;
0.00107657;
0.0561103;
-0.0886149;
-1.04093;
-0.852356;
-0.394186;
-0.485873;
-0.378394;
0.0546573;
0.0544813;
0.0542857;
-1.13201;
-1.00985;
0.0538018;
-0.0662099;
0.0535734;
-0.396523;
-0.447236;
0.0613154;
0.0525097;
-1.54522;
-1.50033;
-0.910072;
0.0510867;
0.0508806;
-1.07382;
-0.400145;
-0.0697191;
-0.400471;
-1.13836;
-2.81777;
0.0483343;
0.0481364;
0.0479737;
-1.14163;
0.0475358;
0.0473868;
-1.0457;
-0.106554;
-0.45454;
-4.77474;
-1.04638;
0.0459366;
-0.109125;
-0.573576;
-0.074464;
0.0303505;
0.0447601;
-1.04723;
-0.0680598;
0.044229;
-0.0694745;
-0.113361;
0.043583;
-2.68147;
-0.409025;
-2.24037;
0.0424249;
0.0422355;
-1.04867;
-1.58884;
0.0416575;
-1.04895;
0.0413249;
0.0411589;
-0.411453;
0.0838683;
-1.153;
0.040175;
-0.121253;
-0.422113;
-0.120861;
-0.0312125;
-0.413945;
-0.0813519;
0.0387751;
-1.0505;
0.0384138;
-1.15629;
-0.465279;
0.0746514;
-1.51027;
-1.15808;
-0.091565;
-1.16472;
-0.620249;
-0.41804;
-1.05213;
-0.0849421;
-2.33733;
-0.419506;
0.0342853;
-2.1555;
-0.086757;
-0.101684;
-0.575265;
0.0330391;
-1.0329;
-0.998684;
-1.05383;
-0.105123;
-0.0883069;
-0.0883201;
0.0320419;
-0.215405;
-0.997942;
0.0313804;
-0.473714;
-0.575599;
0.0308408;
0.0306741;
-1.25927;
-1.16886;
-0.425543;
-0.918868;
-1.24979;
-1.05593;
-1.05603;
0.0284707;
-1.05621;
-0.489527;
0.0281673;
0.0279866;
-3.06104;
-1.26839;
-1.17459;
-1.60056;
0.0259538;
-3.29999;
-0.562623;
-1.05805;
-0.481248;
0.0246884;
-2.15405;
-0.921228;
-1.05868;
0.0306556;
-0.133833;
0.0228046;
-0.156936;
-0.0983901;
-0.0984742;
-0.484248;
-0.43487;
-0.490508;
-1.05972;
-1.28314;
0.0210395;
-1.06526;
-0.0676867;
-0.526787;
-0.487102;
-0.164069;
0.0192373;
-1.20114;
-0.49083;
0.0187032;
-1.0345;
-0.942295;
-1.15307;
0.0174238;
-1.20821;
-0.0750741;
0.0163571;
0.0161867;
0.0160366;
-0.105187;
0.0157675;
0.0155991;
-0.492005;
0.0152449;
-0.492391;
-0.492575;
-1.19365;
-1.23675;
-0.493798;
-1.1954;
-0.107729;
0.0134676;
-1.12374;
-0.494956;
-0.00249577;
0.0124756;
-0.0837172;
-0.179143;
-0.663715;
-1.19917;
-1.06636;
-1.52934;
-0.517827;
-0.182724;
-0.173975;
-0.174877;
-0.925821;
-0.0895562;
0.00900034;
-0.987024;
-0.987003;
-0.112997;
0.00855229;
-0.577001;
-0.492057;
0.00803704;
-2.02771;
-0.183774;
-0.115133;
-0.190428;
-0.190846;
0.00613494;
-0.50308;
-0.0243013;
-0.586408;
0.00512455;
0.00496819;
-1.20888;
0.00451661;
-2.11606;
-0.193034;
0.0035996;
-0.191999;
0.00315753;
0.00296659;
0.0027918;
0.00259182;
-2.16372;
-1.0724;
0.00144229;
-1.11869;
-0.270736;
-0.460951;
-1.2121;
-0.000469468;
-0.000603414;
-0.109606;
-0.00119564;
-0.206508;
-0.119157;
-0.207048;
-0.227304;
-0.0494082;
-1.0755;
-1.61591;
-0.119045;
-1.07015;
-0.119027;
-1.56105;
-0.515125;
-0.515339;
-0.00500804;
-0.214378;
-0.118983;
-1.07719;
-0.00565471;
-2.09628;
-1.07789;
-0.00695344;
-0.00713468;
-0.00729612;
-0.219097;
-0.00766197;
-1.30793;
-0.53069;
-0.433775;
-0.00948444;
-0.00962378;
-1.21719;
-1.2174;
-0.0103666;
-0.0105257;
-0.133188;
-0.0106927;
-0.47407;
-0.226514;
-0.494191;
-0.0112379;
-1.08061;
-0.011546;
-0.52354;
-0.131446;
-0.475814;
-0.0124207;
-0.0126232;
-0.983985;
-1.0816;
-0.0132489;
-0.0134292;
-0.302991;
-2.07972;
-0.014333;
-0.0145453;
-0.356731;
-2.73964;
-0.118567;
-1.08318;
-0.0157644;
-1.44579;
-0.0167559;
-0.118531;
-0.0169607;
-0.017113;
-0.0173276;
-1.16329;
-1.34259;
-0.0185037;
-32.4758;
-0.0346089;
-0.157408;
-0.147327;
-4.42042;
-2.21236;
-1.96736;
-2.82586;
-0.967618;
-0.335938;
-5.32416;
-0.82253;
-6.49707;
-7.65604;
-7.33412;
-0.120308;
-8.34618;
-0.220695;
-0.12058;
-2.57174;
-8.78736;
-1.08915;
-0.947133;
-2.1703;
-1.18778;
-1.28592;
-0.121542;
-1.12585;
-0.415371;
-0.571842;
-0.427183;
-0.536971;
-1.9418;
-2.86266;
-3.69639;
-0.499204;
-1.23962;
-0.254824;
-0.683246;
-0.720008;
-0.675273;
-1.53456;
-2.41758;
-0.78072;
-3.15384;
-2.87273;
-2.63785;
-0.981083;
-1.58059;
-0.123368;
-0.732326;
-0.602913;
-0.60753;
-0.577295;
-1.5185;
-0.123593;
-2.37488;
-0.783641;
-1.51381;
-0.124051;
-1.18762;
-0.600156;
-0.582037;
-0.813806;
-1.48484;
-0.584252;
-0.58506;
-0.585576;
-1.94648;
-1.56595;
-0.739004;
-1.23783;
-0.616394;
-1.48771;
-0.65673;
-1.52552;
-0.591823;
-0.805337;
-0.970739;
-1.3339;
-3.64667;
-0.925414;
-1.52889;
-0.126765;
-0.126737;
-0.598191;
-0.598643;
-0.599266;
-1.35803;
-4.10753;
-0.127578;
-0.824476;
-0.12771;
-0.628595;
-2.29531;
-0.97526;
-0.933974;
-0.934729;
-0.608035;
-0.608616;
-0.898613;
-0.609635;
-1.51571;
-0.753196;
-0.613245;
-0.614858;
-2.0531;
-1.54328;
-0.624778;
-2.15847;
-2.19988;
-2.72228;
-2.60158;
-0.820087;
-1.95093;
-4.23094;
-1.8406;
-2.029;
-0.632075;
-0.632213;
-3.97453;
-0.876959;
-1.64596;
-3.02668;
-0.635513;
-0.881022;
-0.653476;
-1.8571;
-1.52368;
-0.631126;
-2.41539;
-0.913298;
-0.137176;
-1.58052;
-0.652551;
-0.652678;
-1.53059;
-0.670803;
-1.17163;
-2.56225;
-1.59086;
-3.58749;
-0.934655;
-0.140329;
-3.57499;
-0.989428;
-1.54719;
-0.736322;
-0.141719;
-0.696369;
-1.54609;
-0.919519;
-1.77148;
-0.707084;
-2.09064;
-3.20945;
-1.56118;
-3.24601;
-1.02266;
-4.08566;
-0.66038;
-1.67356;
-1.84417;
-1.89599;
-1.65673;
-0.741464;
-1.66198;
-0.149316;
-0.42455;
-1.64197;
-1.02195;
-1.59081;
-0.757758;
-1.77639;
-0.670968;
-0.763501;
-0.765969;
-0.768504;
-3.13325;
-1.59748;
-1.79543;
-1.10555;
-1.0731;
-0.789067;
-0.792113;
-1.08504;
-0.156593;
-1.18675;
-1.08032;
-0.802564;
-0.676266;
-1.38462;
-0.809666;
-0.808349;
-1.69858;
-2.74713;
-1.71297;
-0.179809;
-0.161117;
-2.2768;
-0.831305;
-1.44631;
-1.11615;
-0.77092;
-0.839622;
-1.75156;
-0.845085;
-1.10327;
-1.19818;
-0.854715;
-0.858115;
-1.11884;
-0.682654;
-2.07217;
-0.869619;
-1.40272;
-0.190735;
-0.876616;
-0.16877;
-0.68421;
-0.879066;
-0.684534;
-0.521625;
-1.75514;
-0.88614;
-1.19619;
-2.56205;
-2.75205;
-0.901409;
-0.903918;
-0.938014;
-0.966088;
-0.687932;
-0.942551;
-2.75287;
-0.917948;
-0.689027;
-2.58461;
-2.0918;
-1.25178;
-1.74848;
-2.02028;
-2.11984;
-0.947501;
-0.179263;
-1.27377;
-0.953616;
-0.957187;
-0.959592;
-0.963196;
-1.05626;
-2.15466;
-0.973918;
-0.976845;
-0.980148;
-2.81386;
-0.985877;
-0.989208;
-2.33107;
-1.29935;
-2.67807;
-1.00568;
-1.0087;
-0.935752;
-1.91611;
-1.91976;
-1.82153;
-1.04473;
-1.0088;
-2.74685;
-1.05095;
-1.03304;
-1.03609;
-1.03828;
-1.63288;
-1.42641;
-3.15848;
-1.05483;
-1.05747;
-1.36115;
-1.42309;
-1.39163;
-1.0714;
-1.07431;
-2.5883;
-1.93764;
-1.31845;
-1.08947;
