0.193005;
1.41431;
1.22767;
-1.00045;
1.22753;
-1.02885;
-2.37985;
0.734156;
0.76002;
1.28991;
9.16298;
0.633225;
0.835569;
-1.05832;
10.8081;
0.0844358;
0.084442;
0.0924975;
2.72219;
1.2223;
-0.640746;
0.630848;
1.22195;
-0.120862;
-0.120788;
0.630523;
-0.986574;
-0.149706;
1.22144;
2.0149;
-0.311901;
1.22071;
0.629618;
8.52232;
0.294002;
1.21919;
3.20606;
-0.978667;
-0.978586;
1.21783;
-0.978483;
0.626912;
-1.00419;
0.626788;
1.5033;
1.56735;
-0.883474;
-0.950143;
-2.0416;
-0.307093;
4.5134;
4.31362;
-1.98604;
-1.85297;
8.63377;
0.909756;
0.145801;
1.21248;
-0.172292;
12.563;
9.9814;
2.41467;
-0.425835;
3.27384;
1.61703;
17.8197;
0.61835;
0.441652;
1.20717;
1.20709;
-1.01007;
-0.956091;
0.0897955;
1.12194;
7.33346;
1.54776;
4.56374;
3.47921;
1.32102;
10.3155;
-0.415719;
-0.966261;
30.869;
1.19706;
11.2699;
-0.932359;
-1.90231;
3.49947;
0.2803;
-0.931208;
0.0941486;
0.626541;
9.61694;
4.37268;
-0.580817;
-0.941587;
-0.297664;
3.91998;
0.604887;
0.168054;
0.0956246;
0.0956061;
0.604656;
8.52811;
-1.87954;
8.90419;
-0.253299;
-0.918746;
7.58715;
0.17071;
-0.0988445;
9.96191;
2.93483;
0.189996;
1.11377;
0.201725;
0.258641;
2.95587;
0.202098;
1.1127;
-0.874559;
11.186;
2.91184;
14.5909;
1.4262;
2.47296;
-0.960414;
1.17856;
2.33398;
-0.903564;
-0.849226;
0.205498;
0.0990014;
-1.84123;
2.26804;
15.944;
-0.859142;
0.0995712;
-0.360087;
5.85826;
1.17316;
2.44469;
13.2974;
5.35561;
1.42136;
-0.106096;
10.6795;
0.589257;
0.180375;
-0.887314;
33.5296;
-0.310765;
9.27014;
-0.873078;
-0.26287;
1.64174;
2.83553;
0.582228;
0.303833;
-0.516763;
13.9943;
-0.916711;
1.43567;
0.105003;
2.58491;
0.967974;
0.187634;
0.27747;
1.15184;
1.15175;
1.80304;
-1.81149;
2.42828;
-0.728001;
13.7854;
-0.555245;
1.13534;
1.40473;
0.106973;
13.7588;
0.575247;
1.1453;
1.14522;
9.9843;
2.39217;
5.09867;
1.50339;
0.77073;
0.212771;
-0.802736;
-0.245419;
0.522517;
-1.73313;
-0.0775328;
-1.14067;
11.3624;
0.223549;
8.52517;
-0.84648;
13.0114;
-0.845062;
0.108898;
4.73753;
1.1268;
1.96471;
1.6422;
4.14829;
0.377961;
1.13516;
-0.884742;
0.718936;
11.0106;
-0.529691;
2.20914;
1.13218;
2.37919;
-0.225498;
-0.837815;
10.6466;
0.770053;
1.13028;
1.78781;
0.196077;
4.53244;
16.6242;
1.93111;
7.96556;
8.42923;
1.12448;
-0.86807;
1.72079;
3.95089;
22.2849;
1.12015;
10.6054;
7.31486;
2.13412;
9.90507;
7.9469;
1.11466;
1.10889;
1.11441;
0.113091;
13.2249;
12.4541;
0.594433;
8.72903;
-0.064729;
0.461536;
-0.584482;
-0.584189;
-0.751856;
1.44727;
0.230329;
5.22904;
10.5962;
1.10678;
8.12199;
0.201138;
0.114405;
10.3115;
12.9221;
-0.11561;
1.1016;
0.201181;
-0.792425;
-0.0593806;
1.06378;
1.37681;
-0.0308591;
1.10021;
9.39292;
1.0993;
0.96805;
-0.0791843;
14.5427;
3.06844;
-0.799192;
6.68254;
-1.61617;
-0.734166;
-0.797807;
17.757;
1.47843;
0.234544;
13.1615;
0.116378;
0.545078;
9.67502;
1.08919;
8.68471;
0.20262;
0.116811;
3.08757;
1.0867;
0.116873;
1.32512;
0.116858;
-1.59398;
9.4105;
1.08418;
0.913609;
-0.193774;
5.18796;
2.92294;
-1.00025;
2.04476;
1.83749;
0.202612;
1.50198;
2.26187;
0.202458;
-1.51242;
1.35822;
6.84605;
1.07879;
8.31986;
-0.760813;
-0.0493707;
10.5574;
0.118094;
9.64099;
0.698687;
-0.186787;
0.255554;
-0.754968;
0.537017;
1.25822;
13.2742;
7.09;
-0.247254;
0.605142;
1.25615;
2.64851;
4.09166;
0.235441;
6.51579;
0.118701;
9.67562;
1.06779;
8.79132;
7.81094;
5.72968;
1.16573;
-0.300715;
6.60979;
2.48463;
0.605981;
1.77096;
1.24606;
1.34093;
10.0591;
3.17626;
9.73171;
2.1859;
11.8336;
-0.572244;
1.05378;
9.86562;
5.21132;
10.8977;
0.526702;
4.78116;
0.206807;
1.03332;
6.01709;
2.39767;
0.249783;
-0.289425;
1.37011;
5.86955;
10.2898;
-0.556675;
2.71973;
6.25436;
0.365193;
0.237809;
1.33667;
0.620627;
7.59496;
1.04018;
0.122782;
7.54545;
8.57138;
1.03791;
6.84716;
8.02935;
1.04286;
0.468259;
-1.47748;
-1.52745;
8.95217;
0.207289;
11.2061;
1.03285;
1.22104;
9.93191;
0.522749;
1.03124;
1.03115;
14.4051;
8.74642;
0.353916;
1.27198;
9.88976;
8.24636;
0.516733;
0.51669;
8.87017;
0.362642;
11.5285;
0.515871;
2.23465;
1.02316;
12.7451;
2.20987;
16.3332;
-0.63188;
11.7242;
-0.717861;
12.7645;
-0.29289;
-0.267093;
2.13323;
-0.145305;
9.1373;
0.127243;
11.8298;
1.78482;
-0.426442;
2.39218;
0.374544;
1.19915;
7.02313;
8.23671;
1.0195;
0.260497;
6.30131;
10.59;
4.83191;
11.1188;
4.31067;
-1.40798;
1.01463;
0.207031;
-0.259614;
2.02671;
11.4044;
8.13163;
2.10119;
0.792635;
7.36273;
0.207408;
6.65344;
1.184;
0.207022;
11.6957;
8.69258;
1.18127;
0.206911;
6.65873;
1.18012;
9.23387;
11.3948;
10.4791;
11.5188;
13.6538;
0.131314;
0.984513;
4.10339;
-0.126986;
-0.248629;
11.0936;
7.67459;
0.665595;
5.90773;
2.25956;
2.15453;
4.06812;
2.1366;
8.97172;
6.96899;
3.6131;
-0.582162;
8.29404;
-0.122432;
2.14553;
0.975011;
7.8692;
0.973763;
0.662123;
-0.459898;
2.59286;
6.6636;
1.88315;
4.4067;
10.4091;
12.5648;
7.7926;
12.1401;
8.16348;
7.79984;
8.773;
5.33476;
12.7458;
9.22997;
2.1966;
5.01661;
8.72171;
3.81956;
10.0317;
2.95817;
5.30364;
5.98191;
9.29179;
0.951358;
1.77273;
2.97351;
5.85078;
5.48384;
0.201738;
0.948145;
8.97293;
1.25552;
5.09118;
-0.105169;
0.467263;
7.93212;
7.16951;
7.46278;
2.42376;
6.15968;
10.4481;
10.2781;
5.29114;
2.07324;
10.8546;
1.90439;
5.33458;
4.56564;
12.4952;
8.56334;
0.930102;
6.28868;
0.140686;
7.41821;
7.055;
6.94904;
1.10594;
0.926275;
1.14399;
4.8347;
9.80117;
0.533423;
1.9292;
6.82673;
0.922261;
8.30466;
5.82576;
0.480773;
8.4285;
2.94228;
2.13074;
-1.25865;
12.1682;
8.16192;
10.3258;
9.15187;
7.94519;
6.96141;
5.94725;
3.86465;
5.17994;
1.90757;
2.81696;
-0.509787;
6.46736;
-0.508954;
-0.62678;
4.44379;
7.66533;
6.62996;
1.29066;
2.10268;
2.39557;
1.17046;
6.87099;
9.41962;
5.54056;
9.02482;
3.63957;
5.48553;
0.898085;
5.52253;
7.02084;
11.2471;
0.0247154;
8.33829;
0.894036;
8.61807;
2.69308;
1.97501;
0.190343;
3.56302;
4.25948;
9.70412;
0.925685;
5.98253;
7.94317;
-1.21126;
7.24933;
6.3601;
6.78903;
5.27075;
7.11;
6.28227;
7.10648;
0.18801;
1.84736;
6.56457;
0.187494;
1.84419;
6.98708;
6.59909;
6.18012;
7.29957;
7.16582;
0.185865;
0.875126;
6.75037;
0.87426;
5.68961;
1.1192;
6.01561;
5.36168;
9.0484;
0.212811;
8.51763;
5.97884;
6.2943;
-0.599282;
7.02696;
4.87662;
5.95936;
4.35272;
4.34081;
7.02576;
5.61154;
7.91523;
8.75759;
1.02349;
6.47745;
0.1535;
6.52436;
6.92887;
6.62278;
2.5727;
8.04218;
6.8228;
0.154327;
6.44906;
6.05942;
0.176638;
8.52373;
0.939494;
5.79375;
4.09683;
4.09395;
6.52321;
5.34663;
6.34054;
-0.586808;
0.547564;
3.93536;
0.203191;
0.15592;
4.94354;
8.2487;
-0.453708;
0.172293;
0.599133;
6.30047;
6.2445;
0.996568;
4.7261;
-0.540423;
2.51603;
5.94692;
6.55929;
0.561561;
6.78605;
7.36521;
9.91391;
6.4369;
1.01966;
4.88056;
6.76184;
5.37744;
5.03112;
2.79533;
1.98288;
8.99971;
5.85656;
5.35645;
3.96928;
-0.0522737;
3.29178;
0.825386;
0.825295;
1.71381;
3.28745;
0.972256;
1.05885;
7.22727;
6.49539;
0.162405;
6.32406;
-1.13166;
5.31381;
6.66102;
0.819702;
1.54917;
7.58379;
6.30005;
7.51703;
7.987;
6.63012;
5.81089;
3.89999;
5.25875;
6.0672;
6.95344;
4.96616;
6.62911;
6.05962;
8.92297;
6.51059;
6.84169;
0.805239;
5.20567;
1.88375;
5.75935;
6.208;
5.188;
5.39916;
5.8082;
2.38243;
6.01748;
7.08223;
3.74703;
5.15075;
5.88335;
5.91488;
6.84038;
6.48865;
6.13481;
1.7399;
2.35387;
5.32466;
5.53745;
7.56776;
5.58749;
1.62317;
4.56943;
6.8272;
2.42945;
-1.09601;
6.41714;
4.88164;
5.05546;
5.88184;
5.81737;
6.68035;
7.57806;
3.71855;
0.967613;
5.58577;
7.27873;
6.60168;
4.83843;
5.18266;
5.81565;
7.06342;
0.772332;
4.9866;
6.94488;
0.137017;
4.46732;
5.46477;
2.33757;
6.69033;
4.94936;
5.146;
6.25706;
5.87849;
7.01439;
1.67434;
1.56303;
4.28469;
7.05234;
4.90586;
7.34586;
6.1936;
5.39617;
0.130866;
4.88323;
4.25336;
3.59933;
6.8752;
5.14413;
5.13624;
6.78346;
6.11417;
0.866915;
-0.0301982;
2.21657;
2.40177;
0.750115;
4.82923;
4.82514;
2.96322;
1.64436;
6.17158;
0.817866;
3.5769;
5.60187;
6.52329;
4.79047;
1.75347;
4.37496;
4.77804;
4.16566;
4.76962;
-0.0280942;
4.76426;
3.24018;
1.74202;
-0.934319;
6.55208;
2.64802;
0.737072;
4.7398;
5.22802;
1.55339;
4.72657;
5.43591;
5.48048;
4.71115;
4.50394;
0.731605;
4.70228;
0.835758;
5.47913;
4.66331;
4.85979;
3.60586;
5.60337;
5.17279;
4.66578;
4.36796;
6.48779;
5.1499;
0.722958;
6.35943;
5.44116;
3.98728;
1.92124;
7.15046;
6.64888;
-0.0233939;
4.60549;
5.83332;
2.82012;
5.36128;
5.35172;
0.810014;
4.57973;
4.15272;
4.75627;
4.56306;
0.403709;
5.11837;
6.04061;
3.36873;
5.06863;
4.48861;
5.79371;
2.16677;
1.56245;
4.51852;
5.07551;
-0.342606;
4.79189;
4.99042;
6.57155;
0.864726;
4.66537;
4.48309;
4.00788;
4.97101;
5.4785;
5.92265;
4.45594;
3.29378;
4.4475;
0.0994261;
4.44198;
0.0989369;
4.68526;
5.17777;
3.87632;
3.2419;
4.41824;
4.41407;
5.63253;
3.76433;
6.40402;
6.40005;
5.10593;
2.6813;
2.67895;
5.66541;
-0.51086;
4.87499;
4.35955;
4.35536;
4.35118;
4.18864;
5.59726;
1.95938;
4.33398;
6.3876;
5.03425;
4.31721;
3.69575;
0.0892987;
5.80365;
6.00364;
4.29072;
5.4859;
4.28071;
4.7653;
5.8918;
4.74904;
4.26036;
0.738581;
4.25438;
4.25018;
0.736282;
4.24422;
4.23993;
4.23573;
1.90334;
0.66208;
4.22796;
4.22378;
1.30671;
4.21712;
4.21293;
4.2087;
4.20114;
0.657713;
4.90273;
1.30545;
4.19048;
6.76241;
4.88464;
4.17247;
4.65415;
4.16342;
4.15914;
4.15488;
3.74554;
4.14512;
1.85543;
5.33898;
4.13181;
3.0092;
4.81855;
4.11803;
0.706488;
5.08437;
4.10652;
0.643326;
5.04795;
4.09615;
4.62864;
0.641049;
3.49294;
1.82388;
4.07819;
4.07405;
4.26128;
4.06462;
4.59553;
4.5584;
1.80753;
4.04794;
4.04396;
4.03986;
4.03583;
4.91574;
4.02635;
4.02217;
4.01815;
0.7433;
4.71273;
5.37268;
4.50336;
0.432581;
1.22098;
2.89956;
3.98796;
3.98373;
3.97947;
4.65763;
