1.89462;
2.56382;
-0.222927;
-2.93406;
-2.82368;
-0.21534;
0.0706312;
-2.82279;
0.157965;
-0.222749;
2.11609;
-0.21566;
-2.02935;
-0.666273;
1.35273;
-0.222473;
2.39526;
0.0688632;
-5.88465;
-25.2029;
1.10688;
1.27204;
-1.48795;
-8.69598;
-18.6929;
1.05001;
2.44828;
-0.221084;
-0.677221;
-1.4331;
-16.5531;
-2.79393;
-0.0950693;
1.18194;
4.43876;
-2.17943;
-0.815548;
1.26733;
-5.29387;
-0.221714;
-3.04115;
-2.78374;
-0.232064;
-0.728557;
2.27772;
2.20315;
-0.219785;
1.32163;
-2.78057;
-3.76542;
-1.63379;
-2.78453;
-0.0981263;
-1.40279;
-0.165238;
1.16907;
-4.46284;
2.37889;
-0.098941;
-2.77272;
-51.8412;
-9.2038;
-2.8119;
-6.03922;
-18.3454;
0.670582;
-18.2301;
0.150145;
-2.07638;
-6.25417;
1.14698;
-1.49673;
-8.51499;
-8.12708;
1.03636;
1.25299;
-2.73187;
1.25292;
-12.3956;
-2.72778;
-1.88117;
0.561671;
0.720383;
1.03092;
-10.6102;
3.7075;
-0.0772625;
-5.54367;
-7.6939;
-6.27141;
-11.6299;
-14.2306;
-0.214818;
-3.20716;
-2.70539;
1.30537;
2.01839;
-0.113551;
-2.24008;
-3.6498;
-2.69843;
-0.114657;
0.397006;
1.83736;
1.01955;
2.33922;
4.17792;
1.29956;
2.31887;
1.08198;
-2.03503;
-0.641807;
1.23997;
-0.11648;
1.23986;
-2.71247;
-0.116618;
2.15927;
-3.19433;
1.12788;
-2.81254;
-0.212908;
-2.68725;
-1.6177;
1.23886;
-2.13543;
0.640917;
-3.32544;
1.12536;
-0.212328;
-5.68609;
-1.5229;
2.33006;
1.29327;
-5.95349;
-2.67927;
1.23601;
2.32841;
1.12276;
0.817875;
0.884086;
-18.0496;
-0.760248;
-2.67212;
-22.5978;
-0.237904;
-0.198701;
-12.536;
-2.66622;
-2.69338;
-0.122024;
-0.122056;
-1.52455;
-8.43461;
1.93167;
-2.01008;
-0.123409;
2.31348;
2.24085;
3.52601;
-5.79744;
-0.428079;
1.22519;
1.22514;
2.14096;
-15.0973;
2.30461;
-2.66078;
3.62837;
1.0672;
-17.6074;
-2.64084;
-0.241779;
2.25789;
0.0818649;
0.0817149;
-0.127987;
-0.241867;
-0.279979;
-2.92199;
-1.58305;
0.985895;
-2.92105;
-0.208067;
2.19657;
-0.569205;
0.0799571;
-0.128936;
1.21875;
1.21872;
-2.6342;
-0.498588;
1.2661;
0.903809;
-2.66658;
-4.55228;
2.19149;
-0.207273;
-2.76117;
0.699177;
-0.803359;
2.1898;
-7.36397;
2.18601;
-16.7662;
-0.217189;
2.27478;
-0.476708;
-0.00842712;
-2.60997;
-1.47865;
-2.60791;
-2.60778;
-0.13563;
-1.18573;
-0.499853;
-2.741;
-0.253151;
2.38552;
1.20516;
-2.60431;
-5.76766;
-0.631298;
-3.19143;
1.20276;
3.5702;
1.05082;
-1.55996;
0.972106;
0.95998;
1.20177;
-1.9642;
-2.30941;
0.970573;
-3.9808;
1.06863;
-2.59251;
-2.98143;
3.5594;
0.0602337;
-2.24435;
1.23736;
0.95427;
-0.561186;
-0.241948;
-1.55387;
0.952934;
-0.140427;
3.16076;
2.27323;
2.25067;
2.26854;
0.951079;
2.24942;
-5.85311;
-13.2941;
-1.54955;
0.906606;
-1.50464;
-0.143364;
-0.560416;
1.04104;
1.9433;
1.18985;
-0.256366;
-2.9104;
1.86794;
-0.1445;
-0.458201;
-1.54565;
-0.256624;
-0.743218;
2.23112;
0.0482776;
1.72657;
2.22914;
3.51849;
-0.146313;
-1.09654;
-0.199894;
1.80933;
2.13889;
1.0351;
0.655866;
-0.560899;
-1.47086;
3.37043;
3.50839;
0.0441393;
1.18132;
2.22094;
1.93638;
1.041;
-1.53814;
-5.23897;
-0.14941;
1.30828;
1.85714;
1.17673;
-0.198201;
1.20847;
1.20821;
2.93573;
-0.513701;
-2.69283;
-0.0350901;
-6.78522;
3.48624;
2.20636;
-0.197664;
1.17376;
1.62154;
-0.561854;
-0.197379;
2.20403;
4.44273;
1.17227;
1.17219;
-3.96414;
-2.68634;
-2.5953;
1.02696;
2.08528;
-2.5396;
2.10742;
1.16945;
-2.68446;
-0.196566;
0.0339329;
1.16901;
3.47019;
1.19794;
1.0231;
-0.196275;
0.974813;
-2.59191;
1.0229;
-2.53574;
1.19622;
1.02215;
-2.53504;
-0.260313;
-2.53455;
2.0306;
1.34183;
2.19009;
1.1658;
-1.92579;
2.20005;
1.19279;
1.02039;
-3.3537;
2.02531;
-0.260669;
-1.5255;
2.19519;
1.16279;
-0.156385;
-0.156455;
1.16251;
-0.471939;
0.763153;
-5.87833;
2.0195;
2.1881;
1.01662;
5.23489;
1.15775;
-0.158936;
-2.58116;
2.17256;
3.4351;
2.17161;
4.45194;
1.71396;
-2.51812;
-0.192888;
-0.192856;
1.17966;
0.472997;
-1.49905;
-0.160426;
-2.51594;
-1.1104;
-2.51457;
-1.96188;
0.891116;
-2.57513;
-0.734567;
0.194463;
-0.191732;
1.87239;
2.15674;
-2.50961;
-0.855234;
-2.5083;
-2.50817;
1.1479;
3.2525;
-2.57113;
4.41357;
-0.874279;
3.08783;
-4.46629;
-0.666265;
1.50963;
0.695015;
0.575079;
0.658192;
0.985401;
1.14099;
2.13899;
2.15714;
-2.56359;
-2.144;
2.13559;
1.94511;
-4.28415;
-0.577511;
-5.73616;
-2.64667;
2.1286;
-1.5127;
-0.6135;
-0.240382;
1.97287;
0.646424;
-1.51188;
0.00541783;
-0.798975;
2.12282;
1.13285;
2.18251;
1.14962;
1.27961;
-1.84669;
1.93189;
0.580951;
-2.70212;
3.19247;
-2.48061;
-2.63813;
0.304151;
1.40667;
2.10942;
-0.486218;
0.964139;
0.885249;
-14.847;
-1.72286;
1.81218;
-0.26251;
1.1222;
3.23912;
-0.185522;
2.09939;
2.09904;
1.1212;
4.74705;
-1.50695;
0.984848;
2.01692;
0.722838;
-3.40326;
1.13061;
-2.86501;
-2.54153;
-1.4215;
-2.46532;
1.11577;
-4.84724;
1.11472;
2.10151;
2.08407;
-2.46271;
2;
1.11337;
-1.88977;
-2.4539;
-0.492743;
2.07472;
0.944256;
-2.53563;
-33.3569;
1.92149;
2.0664;
1.10531;
0.676563;
0.863194;
0.330804;
1.10404;
-0.0165685;
2.61767;
-1.50128;
1.10284;
2.0608;
1.11013;
2.35542;
-1.50106;
0.631953;
-4.64709;
-6.00012;
-0.179815;
-10.4671;
-2.44229;
0.925548;
-2.96752;
3.25229;
-1.49935;
1.10213;
-14.6904;
0.964445;
0.0947707;
-2.51898;
0.758989;
-0.0252063;
0.199492;
1.09112;
-0.370653;
3.05674;
1.09016;
-2.04118;
-1.8155;
0.434756;
-0.268512;
1.95671;
2.02693;
0.980189;
2.01439;
1.29309;
-0.188715;
-1.73338;
-1.05495;
-1.87362;
-0.615056;
2.01848;
-2.27508;
-5.64745;
1.07902;
-0.705217;
-3.31439;
0.265189;
1.93982;
-2.82931;
0.950145;
-1.49406;
0.894081;
2.07717;
-1.49383;
-0.0385599;
0.776016;
1.07315;
-2.95624;
0.536523;
-0.193484;
-5.12635;
0.947654;
-5.23841;
1.07082;
1.07068;
1.92803;
2.63176;
-0.0415633;
-1.37129;
0.886152;
1.06864;
-2.40849;
0.732583;
-3.37154;
-1.50371;
1.06665;
-0.627697;
1.68933;
1.06557;
1.919;
0.612797;
4.07992;
1.9823;
0.519845;
-0.171492;
-0.79381;
0.467851;
0.610907;
-4.32123;
-1.49239;
-1.50549;
4.05744;
-0.95223;
0.415263;
2.88049;
1.90337;
1.96658;
-4.95734;
3.12749;
-0.199458;
1.96433;
-6.63864;
-2.39347;
-1.37463;
0.866076;
1.96098;
-5.09154;
4.0335;
1.0529;
-2.39131;
2.93664;
-0.271302;
0.932907;
0.863205;
-4.4892;
0.929643;
-1.9871;
0.929093;
-0.167629;
1.70999;
-0.167417;
-1.50654;
-0.271772;
2.47464;
1.94248;
-1.48824;
-2.38085;
0.852749;
1.55999;
1.03283;
-2.49952;
0.703922;
-2.37809;
-0.204546;
0.924847;
-7.53034;
0.922944;
-0.545372;
1.92743;
1.18763;
0.468114;
-0.272452;
3.73387;
-1.66257;
0.83922;
0.726847;
-2.36909;
1.61948;
-0.0675224;
-2.4708;
1.91839;
2.98041;
-6.07134;
-3.00715;
1.02808;
1.90902;
1.9086;
-2.3623;
1.01218;
0.718049;
-0.272978;
1.02684;
3.03927;
-9.19567;
0.913084;
2.84409;
0.912639;
1.0243;
-0.273058;
2.95704;
-1.847;
-0.580668;
2.96998;
0.319775;
1.0204;
1.89337;
2.77243;
-2.26199;
-0.0366677;
0.393142;
-2.01589;
1.76524;
-2.93845;
0.905852;
-4.423;
1.82639;
0.122815;
-7.36979;
1.05501;
-0.146403;
0.807813;
-0.215517;
1.87373;
-5.075;
2.98529;
1.00856;
1.86989;
1.00818;
0.986651;
1.00782;
-0.995966;
-7.40797;
1.74446;
0.688746;
3.84192;
1.00515;
0.897913;
1.86283;
-0.217675;
-1.00578;
1.86061;
0.798007;
-1.35128;
0.979262;
-1.38574;
-2.33588;
-2.33576;
-0.586423;
-2.24157;
0.793062;
1.80117;
0.999227;
-0.723288;
2.74341;
2.94877;
2.94765;
-0.155382;
1.84531;
1.56008;
2.28349;
-2.32851;
0.968835;
-0.221225;
-4.12451;
1.79015;
0.38568;
2.36981;
-1.51974;
1.83595;
-1.8366;
-3.90637;
-2.4616;
1.47927;
0.377347;
-2.64286;
1.65207;
2.91757;
-2.51377;
0.985928;
-0.152976;
-1.55648;
-1.55356;
1.82269;
3.68498;
-0.697878;
1.81995;
0.862183;
3.74699;
-1.08952;
-0.225684;
-2.5097;
2.64043;
1.81315;
0.979608;
1.81246;
0.765326;
-8.6445;
0.978342;
1.76341;
-0.167727;
-1.12401;
1.26046;
-2.18625;
1.69393;
-0.276468;
1.80311;
0.942934;
0.631821;
-0.228033;
-1.48165;
0.080823;
0.970877;
-2.48679;
-0.513695;
0.969881;
-0.149574;
2.32782;
0.968879;
-1.07989;
3.668;
0.933842;
1.78805;
-1.07446;
0.440833;
-0.114967;
0.931018;
0.746109;
0.868268;
1.73923;
0.744819;
-1.04376;
-0.816601;
1.4318;
1.77722;
1.67916;
-2.29254;
-1.56852;
0.924747;
0.960184;
-0.118537;
3.66341;
1.77233;
3.18598;
0.95817;
0.958017;
-1.48021;
2.60171;
1.05685;
1.76554;
0.611994;
1.12;
0.397801;
0.953906;
2.59843;
-1.48079;
-1.48087;
2.57444;
-1.48073;
-0.277918;
1.44917;
-0.185057;
-1.4808;
0.950776;
-1.57611;
-2.04418;
-1.53146;
-2.56355;
1.74951;
-0.236562;
-2.27949;
0.722204;
-1.9367;
-1.57929;
3.56362;
1.74389;
0.853427;
3.5981;
-2.40833;
1.74163;
0.717691;
1.70207;
1.70158;
1.73933;
0.942511;
0.901394;
0.715695;
0.602033;
1.53639;
0.850791;
1.73566;
0.850415;
0.940358;
1.69655;
0.849886;
1.73309;
-1.48124;
0.84935;
0.229575;
1.33404;
-2.79325;
0.594926;
0.847348;
-0.278723;
0.847023;
0.707137;
0.706819;
-0.846857;
-1.48134;
0.396213;
1.72189;
-1.00238;
-1.53748;
1.68332;
1.63532;
1.7176;
-1.95266;
0.930735;
0.200518;
-1.48167;
1.71328;
-1.48177;
-0.242194;
2.74465;
-0.140783;
0.545592;
1.71041;
0.545337;
1.67468;
-2.70885;
0.926928;
-2.47015;
2.70821;
1.70626;
1.70571;
1.67096;
-0.277079;
0.924821;
0.924668;
2.69344;
1.70229;
0.249485;
1.70072;
1.70015;
-0.277117;
-0.139425;
1.69886;
2.69572;
0.688338;
2.68273;
2.71977;
1.69472;
-0.138998;
-3.24874;
3.4967;
-0.838595;
1.69056;
-0.279328;
-2.4281;
1.68722;
-8.77046;
-0.246438;
0.830992;
0.564728;
3.46285;
-0.133069;
0.67595;
1.3039;
1.58241;
-0.877676;
0.598842;
-1.48304;
0.908959;
1.67186;
0.826601;
-1.41695;
0.534761;
2.63817;
1.63764;
0.906452;
-3.88912;
0.904828;
0.666516;
-3.09569;
-1.4846;
0.508174;
2.66049;
-0.135399;
0.820454;
1.38231;
-6.18298;
0.659417;
-5.50185;
1.65042;
1.63519;
1.63433;
1.64813;
-1.81302;
0.541278;
-0.15936;
-4.67842;
0.816568;
3.40024;
1.64373;
0.894318;
1.64289;
1.64234;
-2.02149;
2.3519;
-2.22872;
-1.48494;
0.649803;
1.63811;
-0.162052;
-0.280815;
0.180584;
2.62867;
0.933182;
2.14152;
0.64514;
3.39184;
0.831432;
0.5403;
-0.165098;
1.62796;
0.70818;
-4.83506;
-0.281346;
-0.934132;
0.162342;
0.40801;
0.630097;
0.53152;
0.819993;
1.27407;
-0.652295;
1.61786;
-1.31177;
-0.653737;
1.60548;
1.07623;
0.526678;
-0.258236;
1.57885;
-0.281775;
1.60098;
0.625413;
1.5999;
1.5762;
1.61751;
0.870748;
0.685764;
0.521918;
1.59339;
0.39869;
0.21624;
1.00426;
0.866829;
0.51293;
-0.128602;
1.58724;
0.865792;
-0.260529;
-0.662607;
0.127297;
1.58408;
-2.54835;
0.862825;
1.58055;
1.58008;
0.121131;
-1.48738;
2.27315;
-1.48764;
-0.180086;
1.57529;
-1.48779;
-0.12743;
2.24139;
-1.56559;
0.788414;
1.48856;
-3.81365;
0.605623;
1.78791;
0.791872;
0.786343;
-0.639613;
-0.933826;
0.853935;
0.601415;
-1.48856;
0.853228;
-2.26842;
-0.30871;
0.597198;
0.784415;
-0.240919;
0.84959;
0.59594;
-2.19029;
0.781201;
-0.12549;
2.18746;
1.55102;
1.55051;
-0.839032;
1.54914;
2.19973;
0.591536;
1.54703;
-0.692092;
1.54536;
-0.124659;
1.54457;
0.0615472;
0.588312;
1.54203;
-1.49067;
1.54087;
0.776213;
1.53973;
-1.32207;
1.78473;
0.771453;
0.459059;
0.770528;
1.53364;
0.773425;
1.77429;
-1.80568;
1.53001;
0.772098;
-2.81796;
-0.284132;
-0.531946;
0.764468;
0.461156;
-0.386213;
1.2544;
2.89805;
1.5032;
1.47579;
1.51663;
0.766965;
-0.893415;
-1.49311;
0.757602;
1.5133;
1.51281;
-0.708976;
-0.709198;
2.38244;
-1.7486;
0.0166637;
0.564992;
-1.61886;
1.50306;
1.50251;
2.42539;
2.42411;
0.561413;
1.70608;
1.49839;
0.470914;
1.48434;
2.36433;
0.0295445;
0.487526;
0.818797;
2.38751;
0.555828;
0.0129501;
0.757175;
0.539214;
0.741159;
0.5532;
2.09906;
0.815076;
1.48577;
1.48524;
-0.877917;
-3.28495;
1.48077;
0.753309;
1.38321;
1.47867;
1.47812;
-0.733345;
0.00904182;
-0.715777;
-0.903186;
0.80851;
1.46227;
0.281215;
2.11804;
0.72821;
1.12219;
1.45662;
1.46562;
2.0605;
0.309368;
1.39066;
-0.285992;
-1.49726;
0.802536;
1.46082;
-1.49734;
2.3605;
-0.934763;
-0.317296;
1.45605;
0.743913;
0.53229;
-2.34413;
2.35002;
1.45209;
-3.34025;
1.44805;
1.44749;
1.44702;
2.99942;
1.44554;
-5.57974;
-2.14297;
0.791774;
1.43209;
-1.49958;
1.43783;
0.708488;
0.520646;
0.789974;
-1.59767;
1.43495;
-1.4524;
0.734898;
0.734677;
1.42482;
1.43041;
-0.113507;
0.703646;
1.42901;
-1.50089;
0.433557;
-0.287196;
-0.287186;
1.42592;
-0.113144;
1.4021;
2.02161;
1.41683;
2.30223;
2.30322;
-2.31339;
-0.0556507;
-0.112374;
1.41787;
-0.745578;
1.41611;
0.728517;
0.69425;
0.426469;
-0.264826;
0.505277;
1.38923;
0.372804;
0.776796;
-3.01531;
1.40385;
1.40726;
1.40663;
-5.93292;
2.9126;
2.23139;
2.2298;
1.82901;
1.39875;
2.2519;
-2.46329;
0.377302;
1.39456;
1.69184;
1.39272;
1.89959;
0.491677;
1.39025;
1.38968;
0.490622;
1.98079;
-2.12249;
-0.109613;
0.765174;
0.765028;
0.488761;
1.38331;
-2.6234;
1.38375;
1.3832;
1.38272;
1.38219;
-2.12021;
1.38129;
0.714992;
-0.299179;
1.3966;
1.26548;
1.3753;
-0.10846;
1.37436;
0.668914;
-0.811854;
-0.0295082;
-0.108118;
-1.94692;
1.37054;
1.95229;
0.710392;
1.36809;
0.66434;
0.755273;
1.61453;
-1.50809;
-1.50814;
1.35235;
-0.925039;
1.35642;
1.35589;
-0.128289;
-1.07507;
1.35272;
0.747902;
0.349594;
-2.09382;
-1.55412;
2.79892;
1.34688;
1.34635;
-0.139271;
0.649976;
0.700664;
2.14721;
1.34227;
1.34167;
0.742304;
0.367814;
1.3385;
1.33794;
2.17353;
1.33642;
1.33584;
0.384619;
-1.51248;
-0.296199;
1.33362;
0.696437;
-0.29636;
0.737908;
1.27252;
-1.80399;
-1.51296;
1.32984;
2.76095;
1.32804;
1.32743;
-2.10016;
1.32654;
1.32599;
-0.163301;
1.32764;
1.32332;
0.733147;
0.40148;
0.446565;
-2.46344;
-1.51481;
-0.153275;
-2.09669;
1.32098;
1.32019;
1.31508;
0.729025;
0.630484;
1.31367;
1.31305;
2.13563;
-2.90192;
1.30739;
1.85065;
1.30542;
0.724252;
-1.51684;
-2.28457;
-1.80533;
1.30273;
1.30215;
1.79091;
2.11717;
2.11587;
0.721097;
1.29843;
1.17431;
1.29703;
2.01738;
1.29521;
-2.28245;
1.29399;
1.84677;
0.616625;
-1.04968;
0.716898;
-0.225879;
0.715613;
-2.28048;
1.28677;
0.677902;
1.28773;
1.76271;
1.28321;
1.28942;
1.99295;
-2.27903;
2.68631;
-1.20805;
1.27692;
0.418277;
0.417916;
2.07879;
-0.263187;
0.708717;
2.07628;
0.415875;
1.27222;
2.70145;
-3.82461;
-1.52238;
1.26852;
-1.66203;
0.670177;
1.26588;
1.26528;
1.26468;
-0.266164;
2.06098;
1.26275;
-1.52344;
2.05766;
-1.52363;
0.407579;
-2.27425;
0.701148;
0.66704;
2.6436;
1.25645;
1.79411;
-0.918969;
-1.09946;
-0.292239;
-1.52554;
1.24854;
1.24791;
2.60458;
0.587508;
1.2455;
0.693963;
-1.56788;
0.693335;
1.24345;
-0.259879;
1.24186;
1.2413;
0.691798;
0.395098;
1.25052;
-1.52685;
0.690653;
0.393614;
1.23766;
1.23705;
0.689574;
0.581366;
1.23557;
0.910256;
1.23365;
0.579431;
1.23256;
-1.52824;
0.578413;
1.0975;
-1.0415;
1.22926;
0.270092;
1.22799;
1.22739;
1.22678;
1.22617;
0.683946;
0.654184;
1.22475;
0.384581;
0.653472;
1.22294;
1.2224;
1.22178;
1.99569;
0.571407;
-2.33131;
1.21915;
1.21852;
1.21798;
1.99007;
0.262347;
1.21597;
0.650311;
0.678349;
1.68413;
0.566898;
2.60727;
0.375992;
1.97883;
-1.53223;
0.564086;
-1.18724;
-3.04269;
1.20554;
1.205;
0.5614;
0.672671;
1.20344;
1.20289;
1.96666;
1.20135;
0.644728;
1.20019;
-1.66539;
1.1988;
-1.53409;
1.19764;
0.556907;
1.19658;
1.95708;
2.50184;
-1.53486;
-1.73003;
-1.15039;
0.50105;
-1.66804;
2.47078;
0.549933;
0.638717;
0.662768;
1.18425;
1.9421;
-1.80118;
1.18116;
0.546681;
0.546269;
-1.53765;
0.355597;
0.237659;
-0.339376;
-0.293662;
1.17584;
0.634741;
1.17464;
0.926927;
1.17235;
1.62323;
1.62132;
0.232138;
1.16894;
1.16834;
-0.381106;
0.347637;
1.16554;
2.49416;
-3.77217;
0.535297;
0.968331;
0.62878;
1.17627;
-0.123862;
2.40831;
1.15508;
1.15444;
1.89227;
0.625955;
0.388518;
1.15141;
1.15078;
0.527819;
-0.373453;
1.14831;
-0.319631;
1.14738;
0.643287;
-1.54391;
1.14586;
0.334409;
0.673315;
1.1433;
0.62175;
1.8743;
-4.09502;
0.330469;
2.37193;
-0.388315;
0.713041;
1.13513;
1.13453;
0.636642;
1.13364;
1.09091;
1.13212;
0.983881;
1.06343;
1.08789;
1.12876;
-1.54726;
0.633344;
0.633185;
1.12685;
0.51281;
0.204273;
2.34212;
1.59759;
0.86411;
1.11973;
-1.54911;
1.83794;
1.11763;
1.83588;
1.11624;
0.197919;
-0.919789;
0.505478;
1.11322;
0.504772;
1.11204;
1.70932;
2.41506;
1.10847;
0.187891;
-4.47681;
-1.55183;
1.10422;
-3.08521;
-1.55234;
1.10178;
0.306509;
1.81028;
-1.55306;
0.305197;
1.45899;
-1.55359;
1.09652;
-1.55381;
0.616806;
1.09506;
1.0945;
1.09383;
-0.32575;
1.09291;
1.11378;
1.09152;
-1.55481;
1.09026;
1.08965;
1.08908;
1.11007;
1.44144;
2.30637;
1.10676;
1.11735;
0.294904;
-1.05261;
0.314682;
0.608489;
1.07884;
-1.55736;
0.707229;
1.07571;
-0.48784;
1.07351;
1.07291;
0.288418;
-1.55892;
-0.470867;
0.784073;
-0.56073;
1.06604;
1.06541;
1.06478;
1.06413;
-1.56091;
0.600165;
1.06249;
0.599669;
-1.56139;
-0.329209;
1.08397;
1.05971;
0.598226;
1.05875;
0.597762;
0.58805;
1.0573;
0.278798;
1.43344;
-2.67914;
1.05173;
-1.71605;
0.59365;
1.04981;
1.04924;
1.04867;
1.07212;
2.18534;
1.04592;
1.04525;
-2.00981;
1.04425;
1.04364;
-1.56566;
-0.967759;
1.04114;
-0.316937;
-1.32578;
0.587774;
1.03836;
0.579966;
0.586948;
1.0368;
0.876916;
1.03526;
1.03465;
-1.56763;
-0.518723;
-1.56789;
-1.56805;
-6.17047;
-1.56896;
1.69837;
1.02665;
1.02603;
1.02542;
0.580691;
-2.46034;
1.02269;
0.579302;
-1.57042;
0.57304;
1.72105;
1.04518;
1.68438;
1.01731;
0.216311;
0.25402;
0.570611;
1.01451;
0.575169;
1.01356;
0.569648;
1.01234;
1.01168;
1.01106;
0.568604;
1.00975;
1.00911;
-1.3093;
0.571769;
0.248568;
-0.901393;
1.00343;
2.0953;
1.00146;
0.568563;
0.56839;
1.00013;
1.6562;
0.998571;
0.243288;
-1.2757;
0.996124;
1.02294;
0.994507;
0.993921;
0.993354;
0.432453;
0.992106;
-2.08633;
0.120393;
0.559675;
0.147078;
0.986733;
0.986078;
1.63503;
0.427548;
0.55999;
0.983594;
0.982945;
0.982294;
-0.538459;
0.98012;
0.424497;
-0.537207;
0.230785;
0.976617;
0.975963;
0.97532;
0.421679;
0.973991;
0.973358;
0.554329;
0.228001;
0.971794;
0.97114;
-0.525857;
0.55231;
0.417981;
0.417585;
0.417203;
1.60669;
0.965704;
0.965066;
-1.65931;
0.963471;
-0.767776;
0.961249;
0.960618;
0.187147;
-1.02469;
0.957786;
0.957161;
0.546519;
0.217818;
2.05276;
0.95354;
0.952891;
0.95227;
1.60713;
0.543086;
-1.75082;
0.949214;
-1.24518;
0.947598;
0.946934;
1.27302;
0.403542;
0.776514;
0.974368;
0.942056;
0.538504;
0.941094;
0.940478;
0.939835;
0.939179;
0.207382;
0.937845;
1.99428;
0.398178;
1.1994;
0.534636;
0.908649;
0.932476;
0.931855;
-0.57289;
1.55192;
0.929154;
0.928491;
0.927832;
-1.5935;
-0.655067;
0.392023;
0.924657;
-1.85209;
0.921591;
0.920984;
0.920366;
0.527539;
0.52737;
0.531036;
-0.665288;
0.917218;
0.194273;
0.915992;
0.91539;
0.914769;
-1.85116;
0.913129;
0.528314;
0.528004;
-5.2772;
-1.05994;
0.906604;
0.906004;
-1.27727;
0.904424;
1.9546;
0.518726;
-2.20494;
0.901309;
0.572806;
0.899613;
0.376093;
0.898321;
1.50331;
0.182119;
0.896061;
0.515244;
0.521129;
1.8762;
-0.620383;
0.892108;
0.891546;
0.890895;
0.796667;
-1.60236;
0.888576;
1.86273;
-2.12901;
0.884295;
0.174099;
1.85282;
0.881847;
0.881192;
0.507699;
0.880192;
-1.60457;
0.363738;
0.878322;
0.877725;
0.877114;
0.876462;
0.875795;
0.875218;
0.874666;
0.874038;
0.910111;
0.511993;
0.87182;
0.908111;
0.870244;
0.86968;
0.86907;
0.868466;
0.510145;
1.82088;
1.81838;
0.499712;
0.864511;
0.863876;
0.498931;
1.0852;
0.86172;
0.497832;
1.80766;
1.44605;
0.351296;
1.80206;
0.856783;
0.856106;
-0.744602;
0.854241;
0.853651;
0.853004;
0.852377;
0.188051;
0.849787;
-1.61159;
0.848493;
0.847852;
0.847203;
-0.299497;
-1.61248;
0.845291;
0.150196;
0.843978;
1.60696;
-1.32456;
-1.61396;
0.839557;
0.838957;
0.838338;
0.497951;
0.485575;
0.338313;
0.836049;
1.40966;
0.834526;
0.143711;
1.415;
0.831945;
0.831282;
0.83065;
1.40147;
0.829198;
0.828552;
0.827939;
0.827351;
0.826714;
0.33198;
0.47966;
0.825148;
0.137891;
0.823814;
0.478492;
0.822825;
0.808078;
0.82123;
0.477191;
0.820255;
0.819623;
0.819045;
0.818377;
0.817795;
0.817233;
0.816584;
0.474808;
1.78497;
0.81398;
0.854269;
0.812312;
0.811691;
0.852196;
-1.62167;
0.850659;
0.808414;
1.36757;
0.806759;
0.806166;
0.805539;
1.69392;
0.803557;
0.802891;
0.802262;
-1.29829;
-0.816123;
0.799104;
0.798519;
0.121986;
0.797218;
0.796544;
1.34983;
-1.62562;
0.794406;
0.79377;
-1.59228;
0.791822;
0.79122;
0.790602;
0.461682;
0.310498;
0.788947;
0.788273;
0.787645;
0.308998;
0.459852;
0.459683;
0.1146;
-0.762989;
0.782793;
-0.762843;
0.780813;
0.780143;
0.823222;
0.778515;
0.777883;
0.743011;
0.776073;
0.472937;
1.31819;
0.472274;
-1.63143;
0.77249;
0.771831;
1.31276;
0.770173;
0.769533;
0.768898;
0.812851;
-0.147964;
0.7662;
0.765548;
0.173329;
0.762799;
1.29927;
0.447209;
1.29727;
0.759805;
0.759139;
0.758463;
0.757845;
0.802642;
0.756216;
0.755586;
0.655118;
-1.34402;
-1.6373;
1.58602;
0.750223;
-2.94826;
0.90381;
0.746773;
0.746116;
-1.17168;
-1.6394;
0.743539;
-1.63976;
-1.63995;
0.0885364;
0.740906;
0.921512;
0.738951;
0.738382;
0.737758;
-0.361621;
-0.820675;
1.25869;
0.278383;
0.733528;
0.277656;
1.25425;
0.731242;
0.730573;
0.729949;
0.729317;
0.728663;
0.727998;
0.72736;
0.726743;
0.726075;
0.273198;
-0.742721;
0.72279;
1.23901;
0.769293;
0.720169;
0.719517;
-0.921959;
0.71748;
0.716825;
0.716184;
0.715539;
0.714877;
0.714224;
0.447622;
1.24277;
0.711774;
0.0706582;
0.710437;
0.709785;
0.758244;
-0.378571;
0.707642;
1.21612;
-0.0550128;
0.70573;
-0.321018;
0.702263;
-1.65084;
0.700971;
0.700286;
0.441926;
0.826441;
0.697866;
0.697221;
0.256444;
0.695902;
0.695245;
0.0611528;
0.439686;
0.693243;
0.692558;
0.691884;
0.691197;
0.690517;
0.740563;
0.688933;
0.688283;
0.68762;
0.686951;
0.686323;
-1.70985;
0.408912;
-1.91722;
-0.966455;
0.682794;
1.44581;
0.680813;
0.0529475;
0.40627;
0.679101;
0.405769;
0.678095;
0.245471;
0.404939;
0.0508456;
0.675797;
0.675168;
1.21407;
0.673345;
-1.65893;
0.724176;
0.67103;
0.670376;
0.429796;
0.721496;
0.668136;
0.667454;
0.399939;
0.666442;
0.665771;
0.665091;
1.41016;
0.426985;
0.662372;
0.426426;
0.661046;
0.0416407;
0.65975;
0.659099;
0.658423;
0.657781;
0.6571;
0.656425;
0.655745;
0.655065;
0.707832;
-1.66467;
-0.0512375;
0.39279;
0.652055;
-1.00875;
1.12995;
0.649076;
-1.23963;
0.76261;
0.645963;
0.645328;
0.644639;
-1.01825;
0.642575;
0.314767;
0.640602;
0.639917;
0.693796;
0.638232;
0.637571;
0.636914;
0.636243;
0.635597;
0.634928;
0.634252;
0.383403;
0.633256;
0.436912;
1.34442;
0.218234;
0.684788;
1.09757;
1.3364;
0.626265;
0.0217133;
-1.62303;
-1.73337;
0.40995;
-0.505786;
-1.04948;
0.618603;
0.617919;
0.617242;
0.374952;
1.31356;
-0.0488272;
0.614577;
0.613907;
0.613237;
0.612573;
1.30501;
0.719736;
0.609349;
0.608677;
1.06633;
0.204954;
0.606275;
0.662642;
0.604589;
-0.586506;
0.602316;
0.601631;
0.201642;
0.600292;
0.599638;
0.598969;
1.27757;
0.596973;
0.596328;
0.595643;
0.594972;
-0.555677;
0.592599;
0.650109;
0.362222;
0.590649;
0.589967;
0.589289;
0.652131;
0.587227;
-2.77289;
0.584515;
0.583835;
-1.68581;
0.582504;
0.58182;
0.581169;
0.580481;
1.3316;
0.578166;
0.577504;
0.188071;
0.390849;
0.575465;
0.574781;
0.574112;
0.573428;
0.57276;
0.572084;
0.571434;
0.570779;
0.184249;
0.35151;
-1.69005;
0.56848;
0.627766;
0.566819;
0.566184;
0.565514;
-1.12134;
-1.04672;
0.562422;
0.561758;
0.347308;
0.560794;
0.625996;
0.558835;
0.99095;
0.176644;
0.556649;
0.382611;
0.175544;
-1.13407;
0.553361;
-2.14972;
0.552108;
0.551419;
-1.04995;
0.549097;
0.548485;
1.03259;
0.546573;
0.545892;
-0.0237521;
0.544538;
1.1684;
0.377078;
0.541864;
-1.1516;
0.336605;
0.539538;
0.538903;
0.538256;
0.37505;
0.536918;
0.536249;
0.535578;
0.534894;
0.534261;
0.163156;
-0.0306917;
1.20818;
0.530666;
-0.0323305;
0.529308;
0.528642;
0.527985;
0.527319;
0.526648;
0.370234;
-2.65486;
-1.70324;
0.156598;
0.368424;
0.520723;
-1.1789;
0.518709;
-1.1815;
0.32515;
0.516419;
0.366115;
0.515044;
0.514361;
0.513707;
0.513023;
1.10518;
0.364165;
0.322011;
0.510089;
0.509407;
0.508718;
0.508038;
0.507393;
0.506757;
0.506091;
0.505429;
0.504748;
0.361338;
0.908466;
0.502459;
0.501825;
0.501164;
0.500496;
0.499838;
0.499188;
0.49852;
-0.0505923;
0.497236;
0.496614;
-1.20987;
0.314029;
0.357295;
0.714572;
0.492257;
0.491593;
0.490914;
0.49027;
0.489617;
0.555802;
0.487915;
1.05486;
0.485961;
0.485268;
0.484578;
0.483919;
1.0469;
0.133809;
0.481417;
0.480735;
0.306664;
0.479703;
0.479045;
0.54622;
0.477363;
0.30496;
0.544411;
0.475398;
0.474719;
0.474029;
0.473346;
0.472657;
0.471991;
-0.608073;
0.538026;
0.468332;
1.01556;
0.466317;
0.465628;
0.464939;
0.464267;
0.463579;
0.462899;
0.462227;
0.461547;
0.460863;
-1.72208;
0.459509;
0.458852;
0.458173;
0.457508;
0.838671;
0.45594;
0.455274;
0.454623;
0.453973;
-1.26558;
0.451917;
0.451243;
0.450571;
0.449912;
0.449249;
0.519079;
0.447642;
0.446958;
0.972626;
0.515674;
0.443906;
0.443235;
0.442575;
0.441915;
-0.0349948;
0.440937;
0.440245;
0.439573;
-1.20904;
0.437535;
0.284857;
0.436509;
0.435825;
0.435142;
-0.208119;
-0.0864006;
0.433088;
0.944842;
0.431062;
0.430399;
0.429704;
0.429021;
-3.45812;
0.427032;
0.426356;
0.42568;
0.930052;
0.423671;
0.422986;
0.10018;
0.421625;
-0.093556;
0.420291;
0.419606;
0.990818;
0.417248;
0.416559;
0.415868;
0.415177;
-1.7362;
0.413849;
0.413157;
0.412481;
0.411822;
-2.12807;
0.410462;
-1.32281;
0.408438;
-0.222968;
0.407077;
0.406393;
0.891361;
0.404401;
0.403721;
0.40304;
0.402352;
0.401691;
0.401034;
-1.74071;
-1.74095;
0.398973;
0.398313;
0.265121;
0.397319;
0.396639;
0.396;
0.26396;
0.395044;
0.744413;
0.468242;
-1.34558;
0.391068;
0.390452;
0.261145;
-1.34926;
0.388096;
-0.388696;
0.733416;
0.731853;
0.0794041;
0.0790436;
-1.74576;
0.382989;
0.382317;
0.381636;
0.380964;
0.380336;
0.379667;
-1.36299;
0.37767;
0.377037;
-0.467617;
0.375665;
0.374972;
-0.119413;
0.373624;
0.372938;
0.372263;
0.371582;
0.37091;
0.370254;
-0.122103;
0.368953;
0.36826;
0.367599;
0.36694;
0.812174;
0.364984;
0.364326;
-1.75194;
0.362951;
0.36228;
0.361608;
0.360965;
0.360281;
0.0651661;
0.358909;
0.358235;
0.357573;
0.356896;
0.244209;
0.3559;
0.355224;
0.354535;
0.353895;
0.353206;
-1.39769;
0.351166;
0.35051;
0.779194;
0.854677;
0.346755;
0.34607;
0.345383;
-1.03293;
0.294199;
