27.4551;
1.53946;
2.68814;
2.76759;
0.821907;
1.78906;
-0.0182137;
2.14311;
3.1075;
6.11973;
-0.0177134;
0.502277;
0.316795;
0.316774;
0.316761;
1.30964;
2.14637;
0.820178;
-0.0972305;
1.23805;
3.3712;
2.56769;
0.980809;
0.317905;
1.56913;
13.786;
4.48013;
2.1361;
2.29982;
2.14639;
0.320282;
1.02161;
2.12721;
1.46067;
3.28362;
-0.234579;
1.25827;
-0.0149187;
1.02049;
-0.132016;
0.320521;
11.155;
1.2782;
0.327031;
-0.0140898;
3.42602;
1.11376;
1.11366;
7.92675;
10.3105;
0.323061;
1.80154;
2.11484;
-0.217609;
3.23395;
1.10959;
-0.0124104;
0.323122;
0.323084;
0.919431;
-0.0122938;
-0.216238;
-0.216141;
1.00147;
6.15561;
2.10891;
5.19671;
4.86684;
6.63625;
1.56222;
4.89803;
-0.00911017;
-0.202174;
2.48354;
0.821453;
2.85485;
2.00575;
2.37975;
1.22172;
1.27139;
3.19948;
1.09869;
1.09858;
2.00307;
-0.197787;
-0.00851923;
2.08919;
2.56028;
1.00544;
-0.196797;
4.18246;
1.09627;
0.121065;
2.25919;
2.3615;
1.09489;
2.36105;
-0.192589;
2.94039;
2.1165;
1.09854;
-0.00686113;
0.989918;
2.36482;
4.13486;
-0.00634288;
1.09125;
1.23839;
1.26591;
-0.00625608;
0.522355;
8.84337;
-0.184248;
0.998759;
1.08777;
1.80417;
0.825458;
0.82536;
1.24787;
2.72857;
9.96306;
1.08289;
1.75957;
0.897243;
2.55691;
0.330362;
3.77328;
4.44873;
2.5158;
2.0383;
3.29759;
2.43601;
0.331385;
-0.170125;
1.95616;
0.331262;
1.89259;
7.64645;
2.74846;
0.331915;
2.18118;
0.331967;
1.07303;
0.976216;
0.890813;
0.331994;
4.01196;
0.332066;
0.314207;
0.00127017;
0.332065;
1.07075;
3.77919;
1.06974;
5.46007;
5.41134;
1.87139;
0.355856;
1.06619;
1.06606;
1.09102;
1.22846;
0.332651;
2.23543;
1.21611;
0.86202;
1.06447;
0.332621;
2.99834;
2.01485;
1.22514;
1.19003;
3.20875;
3.30643;
2.26482;
1.21189;
2.03388;
0.332953;
0.978785;
4.62216;
1.10546;
0.00529903;
1.92414;
2.44222;
0.333151;
0.397625;
1.69396;
2.29677;
1.05615;
2.91649;
0.333344;
0.359677;
1.05477;
2.33859;
0.333237;
-0.150314;
7.61173;
0.00728776;
5.71619;
1.20192;
0.959237;
3.63943;
2.43324;
1.04785;
4.99774;
0.969473;
0.930084;
0.824338;
2.09646;
0.747191;
-0.140986;
0.0102812;
2.88244;
1.15538;
3.04936;
1.04281;
18.9614;
1.03698;
4.1992;
1.08104;
3.6308;
2.1877;
7.60615;
1.03193;
2.58432;
1.94931;
0.0160353;
0.336321;
1.1844;
1.03051;
-0.128608;
1.03025;
1.94626;
1.02988;
0.821769;
4.46589;
9.39862;
3.24623;
2.98678;
-0.124325;
1.84381;
0.336767;
0.853265;
1.1542;
1.02301;
0.0185507;
2.29521;
0.0186881;
-0.123546;
0.538018;
1.88613;
0.336565;
0.336535;
1.98785;
2.60311;
1.33532;
-0.121688;
0.0196388;
0.0196508;
1.36288;
0.0197393;
0.336438;
2.22098;
0.336411;
4.05467;
0.43266;
2.58927;
0.336855;
7.99056;
-0.117903;
1.17475;
0.0871158;
1.93587;
1.81771;
2.03187;
11.8836;
1.00716;
4.09429;
1.00618;
6.71748;
1.89061;
2.30582;
2.10984;
2.63596;
2.77222;
-0.110392;
1.00123;
1.27429;
1.00068;
-0.110098;
1.9778;
0.92426;
0.924118;
2.69257;
1.77619;
-0.108946;
0.0271077;
3.11684;
1.12969;
0.922169;
0.808523;
1.7865;
1.9021;
-0.107977;
3.61765;
1.34765;
0.0281927;
1.10607;
1.24235;
1.77989;
0.0286753;
0.993096;
1.91697;
5.42348;
0.990215;
0.990084;
0.10135;
1.12252;
0.989469;
1.12213;
11.7517;
2.9159;
2.1188;
0.984129;
2.36905;
1.14658;
4.34579;
1.84543;
0.981386;
3.29097;
0.980373;
8.51298;
5.23148;
3.41677;
0.340232;
0.97411;
1.63393;
2.15686;
0.543623;
1.73814;
0.110923;
0.972195;
0.0359792;
6.07596;
0.794866;
1.72982;
0.0372531;
1.10286;
-0.0942524;
1.72834;
0.967581;
0.340198;
3.32967;
1.45264;
2.42895;
0.965356;
1.93986;
0.964708;
1.24013;
2.98734;
1.05923;
2.22707;
1.15479;
-0.0914956;
1.84987;
1.82794;
0.960975;
2.46796;
1.11608;
0.960159;
0.039752;
0.340346;
-0.0910012;
1.02932;
1.49705;
0.958107;
1.79522;
0.340331;
0.957227;
0.3403;
0.818363;
3.71331;
1.70376;
-0.0896295;
-0.0896067;
3.26559;
0.892491;
0.954068;
0.118418;
0.34023;
3.73882;
0.34025;
-0.0882443;
0.951559;
0.95142;
2.8143;
3.25382;
1.83742;
-0.087329;
1.0842;
0.948978;
0.340155;
0.948702;
0.888181;
1.68906;
2.19899;
5.46808;
5.87681;
0.340375;
1.07908;
1.7688;
0.340344;
0.0446557;
0.943048;
0.044649;
3.49661;
2.11052;
0.340367;
1.76433;
0.941083;
4.15669;
0.340572;
1.76061;
0.622269;
0.896749;
1.75869;
0.93829;
2.10319;
4.88186;
2.81968;
0.340752;
0.935444;
-0.0824129;
-0.0823779;
-0.082403;
4.24701;
0.877724;
1.04444;
0.340647;
-0.0818627;
2.47148;
0.340625;
0.883051;
0.932084;
0.126594;
1.74486;
0.931411;
3.11646;
0.127234;
2.17936;
4.40337;
0.0484905;
0.928414;
2.04323;
0.927829;
-0.0802221;
0.927552;
0.0486584;
1.63743;
0.926636;
0.926501;
2.42706;
1.73173;
-0.0794571;
0.92475;
0.924623;
2.44793;
0.796016;
0.923702;
0.885578;
1.76174;
1.05885;
0.922659;
2.54925;
2.64836;
1.8759;
0.0507338;
0.0507394;
0.919808;
0.919669;
0.763502;
1.71993;
2.20411;
5.47703;
0.413432;
1.71365;
0.340818;
6.24591;
0.0527675;
1.63738;
1.04985;
0.795422;
0.787783;
4.16567;
1.99262;
-0.0745999;
0.341072;
0.909626;
1.7002;
1.69967;
2.0056;
2.1075;
1.85121;
0.90722;
0.340926;
-0.07384;
0.567022;
0.340902;
-0.0736888;
0.906159;
1.76468;
0.41623;
2.07958;
1.60177;
6.64731;
1.6855;
0.0561603;
1.59549;
0.0562097;
1.90712;
1.20756;
0.900147;
1.76653;
0.899492;
0.0569088;
0.495493;
0.898821;
0.898683;
0.340909;
0.340878;
2.73901;
0.897565;
-0.0712069;
1.4261;
0.340936;
2.64502;
0.340976;
0.0578325;
2.56677;
1.14706;
1.60388;
0.746286;
0.0583345;
2.72936;
0.0586609;
0.892446;
5.55212;
0.341326;
0.341296;
0.498615;
-0.0689224;
-0.0689091;
0.743404;
0.889393;
1.65956;
0.341091;
1.56964;
1.56913;
0.34105;
0.341025;
0.340994;
0.860722;
2.14933;
1.41579;
0.340912;
4.9209;
3.32988;
0.341075;
0.341044;
1.19468;
0.340987;
1.55581;
0.882434;
3.07465;
0.856232;
-0.0670813;
0.881088;
0.880957;
4.42822;
0.879371;
0.879236;
1.70541;
4.78031;
0.877133;
2.03789;
5.39434;
1.03478;
-0.0653386;
1.98656;
1.95083;
2.57968;
0.341146;
0.872573;
-0.0649774;
0.872295;
0.341026;
2.44479;
0.871114;
1.53332;
0.340955;
2.9191;
2.4938;
0.755807;
1.61862;
1.68764;
4.02742;
0.726251;
0.866871;
2.48081;
0.0661363;
-0.0633702;
1.00239;
6.10074;
1.51531;
1.6554;
-0.062074;
0.861327;
0.861188;
3.30379;
0.997201;
-0.0616561;
0.859652;
0.859513;
0.0679443;
0.859237;
1.2796;
0.340861;
8.58597;
2.45021;
0.847729;
-0.0602953;
-0.0602915;
-0.0602891;
1.00937;
0.853862;
-0.0602381;
0.340973;
1.64044;
2.69988;
0.852122;
1.49472;
0.817577;
1.92821;
2.43731;
0.0702929;
0.850549;
3.86937;
0.340885;
-0.0593313;
1.57787;
0.832461;
-0.0592501;
0.832112;
1.00301;
0.0708216;
0.847696;
11.7517;
1.56502;
1.47539;
0.827855;
1.00455;
0.841531;
0.433942;
0.841124;
0.0728926;
0.0728982;
1.71561;
0.977303;
6.46098;
0.837451;
0.992612;
0.837048;
0.995559;
2.39366;
0.341089;
2.41866;
0.83543;
1.54985;
0.341082;
1.45994;
0.822146;
2.22539;
1.72559;
-0.0558301;
0.0750412;
1.69641;
0.832412;
0.832273;
2.89075;
1.92335;
1.70547;
2.47947;
3.25431;
0.341303;
0.964798;
0.0767753;
1.5331;
0.341182;
0.826662;
1.61377;
0.826117;
0.798594;
1.61232;
0.825357;
-0.0542449;
0.983114;
0.0770876;
0.824679;
0.545628;
3.16972;
1.87102;
2.7547;
0.822125;
2.34942;
0.976526;
0.545631;
1.43188;
1.52038;
0.820526;
-0.0533888;
1.51926;
0.0781831;
3.11685;
1.90105;
1.92766;
0.817747;
2.86654;
0.340922;
0.816057;
0.0793067;
1.42112;
0.815506;
1.42029;
-0.0522315;
1.41945;
0.814677;
0.0795334;
0.990647;
0.950651;
0.813742;
0.813602;
0.079717;
2.00993;
2.32122;
0.340553;
2.45084;
2.42309;
3.21639;
4.89609;
0.808183;
1.44872;
1.4936;
0.807362;
0.807223;
1.37068;
0.340454;
2.30231;
1.49026;
-0.0505947;
0.941903;
0.805308;
0.705604;
1.39902;
0.80462;
0.940692;
-0.0504529;
0.804074;
0.704454;
7.5132;
0.340345;
0.800317;
0.800178;
3.6492;
1.47488;
3.62632;
0.0842911;
0.951515;
0.796842;
0.9511;
1.47088;
1.32348;
0.792879;
0.340335;
0.340305;
0.795249;
0.162438;
0.34023;
1.89164;
0.0849235;
2.9819;
0.792142;
2.34627;
3.28917;
0.0861815;
0.790184;
0.926125;
1.9148;
2.25001;
0.0866063;
0.924549;
-0.0475296;
1.99704;
0.944438;
0.340375;
1.36229;
1.75971;
2.48207;
3.00178;
0.340477;
-0.0464964;
0.783768;
1.83921;
0.766627;
1.44312;
0.782545;
0.782407;
0.658994;
1.35251;
1.44091;
0.78145;
0.781312;
0.340206;
0.0883821;
0.780897;
0.685564;
2.20594;
2.86832;
0.34015;
0.0890711;
0.778442;
0.683458;
0.778035;
2.21617;
1.80654;
0.340029;
1.52571;
0.653751;
0.339982;
0.0897156;
0.775718;
0.77558;
0.775442;
0.775303;
-0.0455991;
2.2075;
0.0898336;
1.82218;
3.95773;
1.47861;
0.0906579;
1.32903;
2.05617;
0.905468;
0.769894;
1.85907;
0.647705;
0.7688;
0.0913375;
0.543933;
0.768254;
0.768115;
0.921542;
0.521551;
0.767291;
0.767152;
1.68099;
0.339562;
0.766339;
-0.0442391;
0.753264;
0.644773;
0.339482;
0.76542;
0.339431;
0.765143;
0.752338;
0.0919823;
0.764591;
0.764453;
1.71414;
2.1739;
0.763494;
2.12559;
0.924496;
0.964293;
1.40051;
0.766252;
1.3994;
3.40291;
-0.0433874;
0.759812;
3.34111;
1.39345;
0.911951;
0.339114;
1.30317;
1.59124;
0.339025;
2.22122;
0.756061;
0.927154;
0.0942266;
2.10931;
0.75471;
0.754572;
2.14528;
0.754025;
0.3389;
1.90339;
0.759712;
3.88453;
0.338925;
-0.0419879;
1.82363;
1.87944;
0.749824;
-0.0417715;
-0.0417763;
1.3752;
0.749137;
1.33844;
0.630079;
1.37301;
0.748066;
0.747928;
-0.0415895;
0.847681;
0.0961521;
1.45108;
1.36966;
2.12104;
-0.0414055;
0.745862;
1.03397;
1.27805;
0.745053;
0.744914;
-0.0412714;
0.74464;
2.58583;
0.338404;
0.895516;
1.75559;
0.338392;
1.66887;
0.169924;
1.32214;
2.49421;
0.892207;
0.739715;
1.5666;
1.3536;
0.738514;
0.606893;
-0.0402418;
0.338304;
2.07347;
0.736885;
0.64784;
0.73647;
0.338133;
0.73021;
0.098796;
2.73477;
0.0990176;
4.72063;
0.0997122;
1.29428;
0.338233;
0.0999235;
0.338184;
0.73184;
0.0999548;
0.731556;
2.11518;
1.83629;
-0.0390229;
0.100272;
0.171651;
0.729735;
-0.0389882;
0.729457;
0.741321;
3.25115;
0.728069;
0.723997;
0.727648;
0.860578;
0.727221;
0.723337;
0.726797;
0.726656;
0.337779;
0.10099;
2.45297;
1.619;
0.172017;
0.337715;
2.44091;
2.05167;
0.722862;
0.102;
0.102016;
2.75379;
0.721606;
-0.0380068;
1.31869;
-0.0379837;
0.33754;
1.57139;
2.66134;
0.719231;
0.719088;
0.718947;
1.22491;
2.43243;
0.631655;
0.337382;
0.103266;
0.717256;
0.717114;
2.03288;
0.1034;
0.103415;
1.21987;
0.715995;
0.715853;
3.79709;
-0.0371087;
1.21514;
0.713606;
1.30307;
1.21374;
0.864079;
-0.037055;
1.3011;
0.712191;
0.104347;
0.336958;
0.711766;
0.711623;
0.10439;
4.11006;
1.10273;
0.538339;
1.12694;
-0.0364253;
1.40271;
0.336723;
0.105696;
0.724075;
-0.0363198;
0.706294;
0.706152;
0.706011;
1.19921;
0.336494;
0.105833;
0.705302;
0.70516;
1.7632;
0.704455;
1.99521;
2.06282;
0.336253;
1.1939;
2.55927;
-0.0359496;
0.702078;
1.28015;
0.89809;
0.33609;
0.336061;
0.700946;
0.616513;
0.335972;
1.27705;
0.700098;
1.23983;
2.02684;
2.03383;
1.60553;
0.335873;
0.697145;
3.0459;
0.108193;
0.695457;
4.59368;
1.17468;
0.69323;
0.693088;
2.43457;
0.691696;
1.95724;
1.83696;
0.821377;
0.335666;
1.11832;
1.22757;
0.335632;
0.688894;
2.43824;
0.687908;
0.687766;
0.687624;
1.1627;
2.07785;
-0.0339887;
0.535523;
1.1602;
0.68594;
0.685798;
0.685657;
0.603379;
0.8334;
0.684966;
3.23422;
0.683162;
0.68302;
0.831045;
0.682596;
-0.033449;
0.830408;
0.3353;
0.681885;
0.681743;
0.111522;
0.681459;
0.599673;
0.681033;
0.335095;
0.111635;
1.19778;
0.680187;
1.14793;
0.679763;
0.598094;
0.597854;
0.534273;
0.828132;
1.32993;
1.07332;
0.334867;
0.677395;
1.14238;
1.91381;
0.676546;
-0.0330226;
0.676263;
0.67612;
-0.0330259;
1.22825;
0.675554;
1.13873;
0.174536;
1.13761;
0.334425;
1.81004;
-0.032847;
0.682524;
0.673157;
0.673016;
1.22236;
0.591666;
1.13256;
0.672027;
-0.0327643;
0.113388;
1.1938;
0.671182;
1.33902;
0.334033;
1.5583;
0.333985;
0.669911;
0.669769;
-0.0326224;
0.669485;
0.113826;
0.88025;
1.21422;
1.91937;
0.667789;
0.667646;
1.12302;
0.667224;
-0.0324463;
1.71832;
0.666377;
0.666235;
0.676641;
1.30713;
4.23018;
0.663569;
0.11521;
0.663285;
0.959022;
0.66272;
-0.0320019;
1.11295;
0.689691;
1.50395;
0.661453;
0.661311;
0.806649;
0.660887;
0.660745;
1.99966;
0.80766;
0.659614;
1.31613;
1.1946;
0.332956;
0.658484;
3.16782;
0.657079;
0.669726;
0.116702;
0.656512;
1.02033;
0.803325;
0.332724;
1.49054;
0.802427;
0.117071;
1.18591;
1.96897;
1.11631;
1.91204;
0.652288;
-0.0309375;
-0.0309603;
1.12782;
0.332394;
0.651292;
1.17917;
1.83612;
2.4627;
0.649599;
1.27931;
-0.0306872;
0.648752;
1.8294;
0.332249;
1.173;
0.118682;
1.39712;
0.118795;
0.647053;
1.17075;
0.646629;
1.50483;
0.645921;
1.1685;
0.645497;
0.645355;
-0.0304863;
0.676449;
0.331825;
2.74186;
2.64067;
1.15979;
1.80709;
1.64264;
0.672856;
0.639848;
1.15643;
0.639431;
0.754836;
0.638863;
1.06585;
1.28192;
0.638019;
0.637877;
1.86039;
-0.029545;
0.636747;
0.654251;
0.636322;
0.331264;
0.779081;
0.635756;
0.121401;
0.653278;
0.12145;
0.63505;
1.14688;
0.634623;
0.634482;
0.63434;
0.634197;
0.121585;
1.4461;
0.633491;
0.633349;
0.330881;
0.633065;
-0.0294157;
2.6031;
0.330748;
0.330719;
0.665595;
1.05014;
0.630534;
0.630391;
0.630248;
1.13733;
0.629821;
1.13648;
0.771512;
0.77462;
1.04621;
1.26412;
-0.028909;
0.746578;
0.627568;
2.31621;
0.626715;
0.123043;
0.62643;
1.04114;
0.890291;
0.625577;
0.330086;
1.03917;
1.1272;
0.62473;
1.75789;
0.624164;
2.45338;
1.30598;
0.763921;
0.329914;
1.99608;
1.03104;
0.620915;
2.25754;
0.619926;
0.619784;
1.89092;
0.124706;
0.744771;
0.618648;
-0.0281367;
0.124806;
0.618222;
1.39335;
2.71917;
0.616399;
0.616257;
0.616115;
0.329386;
0.760429;
0.615547;
0.125451;
1.44695;
1.3385;
0.614283;
0.125714;
3.89073;
1.10139;
0.32919;
1.01198;
1.7184;
0.126509;
1.09886;
0.754852;
2.09842;
2.04412;
0.127124;
0.608482;
1.32735;
0.328845;
0.328817;
1.0041;
1.09209;
0.607066;
1.00269;
0.606643;
0.328662;
1.85469;
-0.0269201;
0.605511;
1.50584;
0.530631;
0.127902;
1.20904;
1.08506;
0.753301;
2.84364;
0.601698;
0.601556;
0.991752;
2.57;
1.21397;
0.599428;
1.37451;
1.0752;
0.175335;
0.598293;
0.129539;
1.3092;
0.984165;
0.597308;
1.07184;
0.129785;
0.596743;
2.32311;
0.595339;
0.595197;
0.595055;
0.594913;
1.20495;
1.7284;
1.06513;
0.130478;
0.593367;
0.130499;
-0.0257676;
1.67728;
-0.0257359;
-0.0257366;
1.19995;
1.23844;
0.590953;
1.39068;
0.131283;
1.05724;
0.589546;
0.475754;
1.05585;
0.726767;
0.588554;
1.19373;
0.587993;
2.1628;
0.131866;
1.70593;
0.962012;
0.728583;
0.585884;
0.585741;
0.727973;
0.630003;
0.585036;
-0.0250729;
1.63933;
-0.0250328;
-0.0250358;
0.32658;
2.54219;
1.69337;
-0.0248255;
0.582203;
0.582061;
0.58192;
0.581777;
1.43589;
1.4704;
0.508805;
0.58023;
0.721975;
1.03733;
0.579527;
2.71261;
2.38672;
0.943235;
0.576702;
0.576561;
1.03059;
0.576137;
0.325875;
0.134157;
0.575709;
-0.0242065;
0.134186;
0.575284;
0.134227;
1.65942;
0.574152;
1.666;
0.573446;
1.987;
0.477406;
0.134898;
0.572034;
2.43973;
1.01963;
0.570624;
-0.0237028;
2.60127;
0.135734;
0.56878;
-0.0236055;
1.01484;
0.568215;
0.135822;
0.567931;
0.567789;
0.324983;
0.567507;
1.30783;
1.58635;
0.995414;
0.467711;
0.565823;
0.920778;
-0.0233757;
1.60296;
0.494351;
0.564259;
0.564117;
0.136622;
1.79398;
0.563122;
-0.0232308;
0.562838;
0.562696;
0.562554;
0.136912;
0.136928;
0.562128;
0.702127;
0.561701;
0.561558;
0.561415;
0.137095;
0.13711;
1.5686;
0.137232;
0.560423;
0.983296;
0.559859;
0.137336;
0.908645;
0.137422;
1.00471;
0.32386;
0.558584;
1.68494;
0.137753;
-0.0230764;
1.32455;
-0.0230078;
0.556884;
0.556742;
0.556599;
3.37815;
0.554902;
-0.0227753;
0.554617;
1.71074;
0.553909;
0.553767;
0.323315;
0.984992;
0.553204;
0.553061;
1.56932;
1.39732;
-0.0224788;
2.45259;
0.890098;
0.549964;
1.53535;
0.549397;
0.549255;
0.549111;
0.139654;
0.548827;
-0.0222768;
0.548541;
0.886457;
1.69312;
0.139911;
1.52817;
0.546983;
0.546841;
0.971499;
0.546414;
0.882227;
0.545987;
0.545846;
0.140229;
0.322458;
0.322428;
0.322399;
1.52141;
0.544713;
0.544571;
0.447623;
0.544147;
0.544004;
1.80564;
1.29184;
0.322088;
0.542444;
0.542302;
0.874057;
1.5117;
2.06853;
0.959379;
0.540318;
0.540175;
4.28086;
0.537641;
0.537499;
0.321678;
0.537216;
0.537075;
0.536931;
0.53679;
0.142168;
-0.0213506;
0.321479;
1.49487;
0.535799;
0.535657;
0.535514;
1.50516;
1.25688;
-0.0210964;
0.846702;
1.25361;
1.25197;
1.64926;
-0.0208368;
0.53156;
-0.0208356;
0.32102;
0.531133;
0.53099;
0.530848;
0.530706;
-0.0208386;
2.39739;
-0.0206143;
0.570274;
0.935489;
0.934926;
-0.0205393;
0.845697;
0.933514;
0.527309;
0.527166;
0.527024;
0.526882;
0.526739;
0.320447;
1.4658;
0.583342;
0.525745;
0.32031;
0.65645;
0.525176;
0.32027;
0.524889;
0.524747;
0.641751;
0.92701;
1.56933;
0.523466;
1.56715;
0.320045;
0.144969;
0.144982;
0.565046;
0.52205;
0.521908;
0.564574;
0.521483;
0.835415;
0.520916;
0.520775;
0.520632;
1.74566;
0.319721;
0.519638;
1.24553;
0.51907;
-0.0202482;
-0.0202512;
0.827346;
0.518358;
-0.0202527;
0.518074;
1.84324;
0.319462;
0.319432;
-0.0201929;
0.900383;
-0.0201547;
1.09825;
1.83394;
0.514815;
-0.0199807;
0.51453;
1.42988;
0.51396;
0.146746;
0.513673;
1.30459;
0.512964;
0.815783;
1.26609;
1.32333;
0.511115;
0.900592;
0.900034;
0.318754;
0.571032;
0.509977;
1.41634;
0.443577;
-0.0196754;
0.508987;
0.508845;
0.554474;
0.508415;
0.508273;
-0.0196888;
1.5176;
0.507279;
0.507136;
0.506993;
0.318421;
0.506709;
1.04882;
0.552433;
0.505861;
0.505719;
0.505576;
0.801115;
1.40253;
0.43922;
0.504439;
0.318159;
0.504154;
0.504012;
0.503869;
0.148848;
-0.0195013;
0.503442;
0.885582;
0.148976;
0.884745;
0.502588;
0.502446;
0.617351;
0.502019;
0.501877;
0.501733;
0.501591;
0.62994;
1.70031;
0.500311;
1.3879;
0.317606;
0.547219;
0.434145;
0.877236;
1.38372;
0.498322;
0.49818;
0.498037;
1.38122;
1.37996;
1.0278;
0.150382;
0.496334;
0.496191;
0.49605;
0.150456;
1.8046;
0.317109;
0.543557;
0.494629;
0.150731;
0.150747;
0.494202;
1.00144;
0.493632;
-0.0191576;
-0.0191535;
0.150923;
0.865565;
0.775983;
0.151049;
-0.0191122;
-0.0191151;
0.492072;
0.625551;
1.14957;
0.316489;
0.861684;
0.151322;
0.490655;
0.771474;
0.1514;
0.151416;
0.48995;
0.623235;
0.48952;
0.489378;
0.992629;
0.488809;
0.488669;
0.488526;
0.856409;
0.488099;
0.487957;
3.0283;
-0.0188208;
0.486104;
1.57122;
0.485256;
1.34366;
1.48543;
1.32266;
0.482847;
0.755965;
0.48242;
0.755118;
0.170697;
0.481711;
0.389059;
0.315489;
0.481145;
1.33158;
0.480576;
0.480434;
0.480291;
1.58003;
0.47944;
0.7492;
0.479016;
1.37269;
0.478307;
0.478165;
1.56284;
0.477166;
0.477024;
0.476882;
1.66367;
0.47589;
0.475747;
0.52844;
0.47532;
0.475177;
0.475035;
2.2202;
0.473481;
0.473339;
0.826702;
0.999225;
0.472346;
0.155382;
0.472062;
0.155395;
0.471778;
0.471635;
0.471493;
-0.0178728;
0.54028;
0.314331;
0.732277;
0.470496;
0.470354;
0.470212;
-0.0179006;
0.820306;
0.469644;
0.469502;
0.523339;
1.84853;
0.726918;
0.467799;
0.815866;
0.467371;
0.79923;
0.466799;
0.466657;
0.805059;
1.0751;
0.465658;
0.465515;
0.156697;
0.313686;
0.465089;
0.810566;
0.844755;
0.464098;
0.808624;
1.77883;
0.157314;
0.715625;
0.462112;
0.46197;
0.461828;
1.27481;
0.461258;
-0.0174439;
0.460973;
0.58493;
0.460544;
0.157693;
0.313134;
0.460118;
0.313079;
0.157755;
0.459691;
1.39113;
0.790516;
1.17671;
0.457708;
0.457566;
0.457423;
0.457284;
0.312766;
0.312738;
0.456857;
-0.0173158;
0.456574;
0.793909;
0.456146;
0.70292;
0.455717;
-0.0173021;
0.364329;
0.455147;
0.455004;
0.944843;
0.158807;
-0.0172766;
0.362947;
0.929271;
0.453297;
0.158976;
1.15909;
0.786116;
1.82645;
0.782787;
0.691917;
0.450179;
-0.0170272;
1.62737;
0.449181;
0.779445;
0.448753;
0.448611;
0.448468;
0.448326;
0.617682;
0.160293;
0.447613;
0.447471;
0.447327;
0.447186;
0.447043;
0.446901;
-0.0169984;
0.446617;
0.446474;
0.555653;
0.446047;
0.445904;
0.773041;
-0.0169709;
0.681734;
0.445054;
0.444912;
0.311242;
0.444628;
-0.0169518;
0.444344;
-0.016957;
0.444058;
0.311079;
0.443775;
0.160819;
1.20745;
0.442918;
0.310917;
0.442633;
0.442491;
0.442349;
0.1611;
0.675226;
0.441783;
1.31878;
0.440788;
0.440645;
-0.0168677;
0.440359;
0.671555;
0.43993;
0.515355;
0.67014;
0.439219;
0.439077;
0.161717;
0.438791;
0.438648;
0.438504;
0.438362;
0.43822;
0.758006;
0.437792;
0.43765;
0.437508;
-0.0168481;
0.899495;
0.570169;
0.436369;
0.162224;
0.436084;
1.19916;
0.310082;
1.46087;
0.434524;
-0.0166736;
0.750497;
0.433952;
0.43381;
0.433668;
1.76207;
0.432674;
0.987759;
0.43196;
0.431818;
1.53363;
0.559276;
0.490398;
0.651766;
0.429967;
0.309554;
0.429683;
0.163686;
0.429398;
0.536748;
0.163773;
0.163799;
0.428684;
0.428542;
0.482965;
0.428118;
0.427975;
1.17533;
0.49007;
0.427123;
0.42698;
0.426838;
0.426697;
0.489341;
0.426269;
0.426127;
0.425985;
0.425843;
0.4257;
-0.0164244;
0.425415;
0.425273;
0.308826;
1.27336;
1.01899;
0.423853;
0.164608;
0.164623;
-0.0163437;
0.542852;
1.19992;
0.164855;
0.422291;
0.308418;
0.422006;
0.421864;
0.42172;
1.10212;
0.165134;
0.420864;
0.724056;
0.420436;
0.420294;
0.420153;
0.42001;
0.419869;
0.419726;
0.419584;
0.419442;
0.4193;
1.33709;
0.719882;
0.418305;
0.498034;
0.417877;
0.165674;
0.417592;
0.417448;
0.417305;
0.165754;
0.417021;
0.307731;
0.416736;
0.971263;
0.416022;
1.14021;
0.415453;
0.415311;
0.415168;
0.307461;
0.712635;
1.13644;
0.479207;
0.413885;
0.30726;
0.30723;
0.413459;
-0.0162103;
1.43936;
0.412463;
0.41232;
0.412178;
0.412035;
-0.0161732;
0.41175;
0.411608;
0.98367;
0.30689;
0.306862;
-0.0161524;
0.306822;
0.410468;
0.410325;
0.410183;
0.703164;
0.409757;
0.409614;
-0.01615;
1.12096;
0.866509;
0.608222;
1.11721;
1.3051;
0.407058;
0.406915;
0.406773;
0.40663;
0.406487;
0.406343;
0.406202;
1.41194;
0.40535;
0.16787;
0.405066;
0.404922;
0.16793;
0.404638;
0.404494;
0.404352;
1.00799;
0.403781;
0.403638;
0.403496;
0.403354;
0.344313;
1.19358;
0.168388;
2.03601;
0.593246;
-0.0157787;
0.400367;
0.400225;
0.400085;
0.305505;
0.399799;
1.04028;
0.310214;
0.466859;
0.398521;
-0.0156971;
1.07867;
0.397522;
-0.0156665;
0.397238;
0.397096;
0.169521;
0.396812;
0.465114;
0.396385;
0.396241;
0.991209;
1.27212;
1.07913;
-0.0156355;
0.394528;
0.394386;
0.58023;
0.393958;
0.393816;
0.393674;
-0.0156599;
0.393389;
0.170161;
0.393104;
0.392961;
0.392818;
0.392676;
0.392533;
0.5079;
0.57598;
0.575416;
0.170449;
0.391393;
0.391252;
0.391108;
0.390964;
0.390821;
0.390679;
-0.0156663;
0.390394;
-0.0156724;
-0.0156757;
1.06405;
0.304031;
0.304012;
0.830118;
0.303918;
0.388541;
0.823818;
0.659716;
0.387546;
0.303795;
0.303777;
-0.0155884;
0.386975;
-0.0155948;
0.38669;
0.456853;
0.386263;
0.386121;
0.38598;
0.655816;
0.385551;
0.385407;
0.540331;
0.171613;
0.384696;
0.384553;
0.653027;
-0.0155782;
0.383983;
0.325836;
0.383555;
0.383413;
1.57905;
0.29391;
0.381991;
0.381848;
0.303028;
0.381564;
0.381421;
0.381278;
0.564739;
0.380706;
0.380563;
0.302838;
0.958404;
0.917877;
0.379424;
0.37928;
1.14642;
0.378421;
-0.015506;
0.378135;
-0.0155116;
0.37785;
0.172937;
0.172952;
0.377423;
0.172983;
0.377139;
0.376996;
1.02552;
0.637408;
0.376139;
0.448318;
0.375711;
0.375569;
0.375427;
0.375283;
0.375141;
0.374998;
0.374857;
0.374715;
0.374572;
1.04955;
0.173549;
0.63211;
-0.0155096;
-0.0155059;
0.373147;
0.301906;
0.372862;
0.630158;
1.02294;
0.536364;
0.371576;
0.371433;
0.173983;
1.00875;
0.301651;
0.53385;
1.00622;
0.174289;
0.369717;
-0.0155179;
0.623727;
1.03346;
0.368578;
-0.0154844;
0.301365;
0.621218;
0.367865;
0.301316;
0.30129;
0.619823;
0.367152;
0.174785;
0.366867;
0.852219;
0.366152;
-0.0154752;
0.755884;
1.28297;
0.438958;
0.364015;
-0.0153968;
0.36373;
0.363587;
0.754765;
0.362875;
0.300731;
0.518527;
0.796584;
0.175855;
0.361733;
0.361591;
0.361449;
0.361305;
0.361163;
0.36102;
0.360878;
0.978152;
0.733439;
0.359736;
0.359595;
0.359452;
0.35931;
0.359167;
0.359023;
0.35888;
0.358738;
0.47955;
0.358312;
0.872846;
0.35774;
0.357598;
0.357456;
0.60002;
0.967275;
0.786564;
0.356171;
0.964377;
0.355604;
0.177;
0.355319;
0.59584;
0.177077;
0.595002;
0.502949;
0.35418;
0.354037;
0.353893;
0.593049;
0.177314;
0.353321;
0.299476;
0.299448;
0.352892;
0.35275;
0.177441;
0.177456;
0.299336;
0.352178;
0.352037;
0.589421;
0.35161;
0.351466;
-0.015362;
-0.0153649;
0.351038;
1.14806;
0.586343;
0.350037;
-0.015365;
0.493918;
0.298991;
0.349323;
0.349181;
0.349038;
-0.0153716;
0.298858;
0.582993;
0.348324;
0.348181;
0.348039;
0.951415;
0.347326;
0.347185;
0.347042;
1.06029;
0.487355;
0.346041;
0.345898;
0.298542;
1.05681;
0.34504;
0.766306;
0.344472;
0.344329;
0.344185;
-0.0153455;
0.343899;
0.179031;
0.343615;
0.179076;
0.343329;
0.343185;
0.343043;
0.48079;
0.728989;
0.342188;
0.342044;
0.56987;
0.341616;
0.341472;
0.341331;
0.297989;
0.477232;
0.340759;
0.436332;
0.340329;
0.340185;
0.340043;
0.297851;
0.339758;
0.339615;
-0.0153467;
-0.0153502;
0.339187;
0.339045;
0.297713;
0.338758;
-0.0153541;
0.338471;
0.338328;
0.338185;
0.338043;
0.337901;
0.18;
0.47067;
0.33733;
0.337187;
0.560368;
0.180168;
0.336614;
0.336471;
1.6661;
0.465556;
0.55562;
0.334333;
0.900882;
-0.0152993;
0.333621;
0.413769;
0.333194;
0.333052;
-0.0152961;
0.332766;
0.461265;
0.332341;
0.332197;
0.332053;
0.181012;
0.18104;
0.331625;
-0.0153065;
0.33134;
0.275036;
0.330911;
-0.0153197;
0.181203;
0.330481;
0.456956;
0.181289;
0.296571;
0.296543;
0.455613;
0.329342;
0.296452;
0.713696;
0.296377;
0.328486;
0.328345;
0.328201;
0.328058;
0.327914;
0.452116;
0.296259;
0.828995;
0.326914;
0.326771;
0.296207;
0.326486;
1.10398;
0.325629;
-0.015319;
0.44323;
0.182094;
0.324914;
0.873498;
0.324342;
0.182244;
-0.0153276;
0.323913;
0.323771;
-0.0153309;
0.323485;
-0.0153308;
0.323199;
0.323056;
0.322913;
0.442687;
0.531885;
1.66198;
0.321196;
0.321053;
0.320909;
1.08257;
0.320051;
0.859358;
0.319478;
0.319336;
-0.0153263;
0.319052;
0.318909;
0.624828;
0.523493;
0.317909;
0.317767;
0.317625;
0.317483;
0.317341;
0.979794;
0.705827;
0.260307;
0.518748;
0.988649;
0.517066;
0.719302;
0.314195;
0.515386;
1.00892;
0.703811;
0.429769;
0.429454;
0.511757;
0.5112;
1.0399;
0.39512;
0.508961;
0.816326;
1.87365;
0.505053;
0.253025;
0.503938;
0.307914;
0.424354;
1.2191;
0.306626;
0.500581;
0.500022;
0.77552;
0.305341;
0.498066;
1.49259;
0.304053;
1.43643;
0.493315;
0.49276;
0.916488;
0.246464;
0.490526;
0.489964;
1.47177;
0.972218;
1.68832;
0.298198;
0.969299;
1.16603;
0.296772;
0.851961;
0.851596;
1.18711;
2.32232;
1.18262;
2.28067;
1.7117;
1.70103;
0.953294;
-0.0149175;
2.1163;
2.79329;
1.62381;
0.922324;
1.59159;
2.53738;
0.292516;
0.950922;
1.48086;
1.38003;
1.61403;
0.913523;
2.99458;
3.7463;
1.28679;
2.29332;
1.64005;
0.919572;
0.42133;
1.64177;
1.47734;
1.88527;
1.78823;
1.83826;
2.08317;
2.57064;
1.58705;
1.81637;
0.291215;
0.347676;
1.5918;
0.291084;
1.84753;
1.64095;
0.662356;
2.96294;
0.290836;
1.65325;
0.815479;
1.65434;
3.33225;
1.5923;
1.83083;
1.13948;
1.76853;
2.17397;
1.91863;
1.36555;
2.56794;
1.65845;
1.6587;
3.56484;
2.1313;
0.289697;
2.11156;
0.289555;
0.641841;
1.45422;
2.99527;
1.66;
1.83137;
0.909636;
1.16598;
1.66023;
0.907725;
2.1126;
0.288644;
0.216956;
2.11482;
1.65986;
1.6599;
1.65997;
0.603582;
0.90105;
1.96735;
1.65893;
2.06225;
1.95604;
1.36951;
0.287374;
1.94735;
1.65687;
1.6199;
0.617994;
0.287128;
0.314596;
1.65643;
0.460394;
1.57471;
1.80094;
2.05665;
0.789671;
1.65457;
1.88038;
1.65302;
2.04384;
0.606596;
0.878159;
0.285899;
1.65149;
0.876261;
2.03458;
1.64991;
2.04776;
0.495142;
1.85816;
1.64674;
1.64622;
1.11805;
0.595207;
0.865802;
0.594182;
1.63541;
1.84027;
1.64294;
0.287728;
0.589415;
0.192159;
1.64111;
0.587677;
1.77191;
1.63918;
1.58554;
2.0322;
0.283467;
0.283439;
1.67059;
1.85083;
0.277956;
0.8485;
2.02902;
1.63238;
1.35548;
3.03989;
2.53016;
0.489597;
2.06538;
1.6261;
0.715117;
1.62495;
2.08659;
1.18015;
2.50662;
0.368075;
1.6203;
2.98413;
1.61766;
1.61634;
0.256536;
1.61504;
1.614;
0.552111;
2.26059;
1.80317;
1.44591;
2.40899;
1.99458;
1.60509;
0.279665;
1.60377;
1.60243;
1.99742;
1.54;
0.537043;
2.62718;
1.59571;
1.5945;
1.03942;
1.59179;
1.5903;
2.00133;
1.80026;
2.33776;
1.58214;
1.32286;
1.30333;
1.57863;
1.57735;
0.778513;
2.16104;
0.775428;
0.0875;
1.57202;
2.01953;
1.51387;
0.275963;
1.87073;
1.58192;
2.00918;
1.27837;
1.91399;
1.75184;
1.60506;
5.77642;
2.36545;
1.54548;
1.35645;
1.54206;
3.25598;
2.8754;
3.59544;
3.01112;
1.2843;
0.963855;
1.52295;
1.52126;
1.5197;
2.63281;
1.51573;
1.2198;
0.657288;
1.21693;
1.30184;
1.50849;
1.58932;
0.181095;
1.86708;
3.06946;
1.49794;
1.85824;
1.49451;
3.71591;
1.48799;
