0.476529;
-0.431505;
0.325143;
2.47877;
3.52338;
0.324813;
-0.161331;
1.20468;
0.606186;
0.0076952;
1.43331;
1.27965;
1.43298;
3.29184;
7.8789;
4.55402;
0.847022;
1.40875;
2.328;
1.20101;
-0.0636285;
0.545098;
0.208352;
1.20006;
3.38446;
-0.417765;
0.980926;
2.05484;
1.33944;
0.995366;
-0.0298942;
-0.0298651;
0.121364;
15.8195;
-0.0275726;
2.39522;
3.05191;
-0.136771;
1.03798;
12.1054;
-0.394323;
1.18799;
0.2363;
1.1876;
0.663135;
0.988286;
0.137129;
3.96978;
3.22206;
0.313808;
0.136551;
3.29553;
3.49144;
-0.387975;
1.03188;
1.51495;
0.136251;
-0.0240894;
-0.0240802;
1.62904;
0.484944;
2.19663;
1.09244;
-0.383976;
3.94909;
-0.121084;
1.07893;
1.02818;
0.626091;
-0.0228757;
2.57431;
1.17869;
1.44521;
-0.379967;
8.41304;
0.134728;
1.39735;
0.559654;
1.48137;
1.17551;
0.134377;
-0.375444;
1.24551;
-0.0215734;
-0.37513;
2.25897;
1.16032;
3.35069;
0.555987;
4.06423;
2.06286;
0.327176;
0.640984;
0.974461;
0.992754;
1.73986;
6.12901;
-0.366124;
1.98108;
3.67658;
1.18793;
0.483581;
0.132272;
10.4598;
0.475188;
2.73337;
0.16531;
5.55479;
-0.354543;
2.12639;
1.22763;
0.302768;
-0.353932;
1.01181;
2.18829;
-0.0166699;
1.47646;
1.89598;
0.58316;
-0.351446;
1.1579;
-0.351341;
2.43894;
-0.350482;
1.78148;
1.89462;
1.15635;
-0.349392;
0.963931;
-0.0156202;
5.00689;
1.26055;
1.00636;
2.14082;
1.00596;
1.94394;
0.960878;
2.17174;
-0.0144091;
0.830606;
0.593127;
1.97899;
0.793657;
-0.0141602;
1.40189;
-0.0209836;
4.72045;
0.128094;
0.128066;
0.957382;
0.128001;
-0.3397;
0.12794;
-0.0134363;
2.16157;
0.297268;
1.14657;
1.35884;
1.76453;
2.16186;
1.51034;
1.14464;
1.14451;
-0.11594;
0.997482;
0.861315;
0.140018;
1.78032;
0.0611354;
-0.335378;
5.77861;
5.27367;
0.126426;
0.63036;
-0.100692;
2.46348;
2.90263;
0.819684;
0.293739;
-0.329792;
1.19961;
-0.329537;
3.35753;
8.89873;
-0.010285;
1.96245;
0.125109;
-0.0736383;
1.19433;
0.79419;
0.124952;
1.34109;
1.72435;
2.27629;
3.33398;
0.859663;
0.409678;
-0.00917964;
3.21077;
0.124289;
10.2216;
-0.317142;
1.12456;
0.123757;
0.858632;
-0.00822945;
1.12393;
2.45626;
1.12298;
-0.315716;
5.64617;
1.68514;
0.122966;
0.793958;
1.12008;
0.9352;
2.10544;
1.82836;
-0.00757798;
0.122815;
2.82585;
-0.311854;
1.9184;
0.793225;
2.97659;
2.1361;
0.970575;
0.122133;
-0.30686;
1.11311;
3.12506;
-0.00652366;
4.13919;
-0.00646059;
0.286165;
1.90011;
0.121816;
0.121804;
2.88744;
-0.657648;
2.93593;
3.49662;
-0.301752;
6.18698;
-0.00537523;
2.07655;
0.120937;
0.120906;
-0.29975;
0.120883;
0.79833;
0.120838;
0.266651;
-0.00529943;
1.43373;
1.10224;
-0.00522937;
2.702;
0.146886;
-0.297023;
1.11278;
2.20551;
1.09991;
4.28874;
0.120251;
1.09774;
2.44996;
2.8535;
1.09589;
1.09576;
-0.120525;
2.42249;
1.79092;
1.09407;
0.119893;
1.1517;
1.09355;
1.48863;
1.26143;
2.05207;
0.912825;
1.0625;
2.32631;
1.70784;
1.09078;
3.38816;
1.55544;
0.119636;
-0.00362802;
4.92391;
-0.286316;
2.49253;
2.03851;
1.87299;
-0.284547;
6.0931;
-0.282715;
-0.2827;
0.149634;
-0.0539864;
2.6787;
0.78605;
1.07988;
-0.281083;
-0.28103;
1.96612;
0.785664;
-0.0402399;
-0.00265225;
1.07864;
0.118596;
-0.00266691;
3.47789;
0.118355;
-0.278905;
1.95994;
1.0761;
0.235653;
1.27773;
3.01534;
0.687688;
1.68735;
-0.277718;
1.54606;
1.9344;
-0.00246216;
-0.00245872;
2.46457;
1.15217;
1.95155;
0.933584;
1.07151;
4.55782;
1.68154;
1.94746;
1.94705;
1.89141;
0.470263;
0.532965;
0.781423;
1.65211;
0.607688;
-0.273345;
0.929216;
0.780843;
-0.273112;
0.117406;
1.36882;
3.29423;
0.606371;
15.0263;
1.05915;
2.46487;
-0.00119691;
1.11358;
1.98429;
2.16165;
2.75262;
5.02298;
0.116376;
0.917217;
1.05278;
1.97361;
0.12632;
2.91109;
0.876453;
1.05073;
0.875984;
2.39008;
0.2096;
2.26907;
0.986852;
-0.000132613;
3.09418;
1.04733;
1.96278;
-0.261086;
1.04686;
1.05378;
2.03458;
0.553197;
1.64846;
0.115632;
0.870832;
3.02341;
1.78617;
1.95582;
0.733896;
-0.258906;
2.92059;
0.115341;
0.595129;
2.04663;
2.68459;
-0.257511;
1.88896;
2.91287;
0.000250947;
1.84694;
1.23902;
1.09303;
1.039;
3.51442;
1.03798;
1.03785;
0.114919;
1.04391;
1.03732;
1.03718;
4.16345;
0.000398574;
3.88445;
0.000676688;
1.03327;
1.03313;
1.85858;
2.09014;
1.03226;
2.88881;
1.31662;
1.03077;
0.895969;
1.73015;
0.000823923;
0.114533;
-0.252437;
0.114506;
1.86603;
1.86558;
1.83574;
1.02809;
1.18547;
0.000789183;
0.209963;
1.22609;
0.000723615;
2.6173;
3.77567;
1.0245;
1.02437;
0.760429;
2.11386;
1.02351;
0.849299;
1.91464;
1.76079;
0.113894;
2.84529;
-0.112437;
0.00113213;
0.113848;
1.21934;
1.90924;
1.07259;
-0.2482;
1.01982;
1.84655;
0.113742;
2.2303;
0.00102255;
7.21162;
-0.245587;
1.01467;
0.880344;
1.01429;
2.74566;
2.47428;
0.113279;
-0.244452;
1.01221;
1.83135;
1.929;
0.00156744;
1.40469;
1.01064;
0.752805;
1.20796;
1.06186;
0.113082;
-0.0109171;
0.00154796;
2.05928;
0.643536;
0.572698;
0.930034;
2.57835;
2.0899;
1.00476;
1.00462;
1.00789;
1.00423;
0.657464;
1.00373;
-0.241136;
1.19114;
2.85286;
1.00132;
0.112328;
1.00105;
1.00091;
1.00078;
1.50193;
1.86794;
-0.134509;
0.999176;
0.112254;
0.998922;
0.799394;
1.60476;
-0.238438;
0.997018;
0.112168;
0.11216;
0.00193212;
0.00192561;
0.998815;
-0.238148;
-0.238102;
2.30294;
0.111926;
0.11188;
0.995182;
6.64011;
0.991408;
0.993226;
1.25136;
0.990579;
0.990446;
0.990327;
0.991985;
0.111439;
0.989821;
1.84315;
2.56367;
1.84391;
2.68848;
0.987147;
0.111142;
1.16826;
1.06625;
-0.233827;
1.6298;
1.69558;
-0.23288;
0.983877;
0.110632;
0.00208622;
3.16397;
1.77056;
1.83105;
-0.23173;
0.110416;
1.2872;
0.981571;
0.00200903;
0.110288;
2.17402;
0.979408;
1.16265;
0.978937;
3.66663;
-0.230422;
3.50949;
1.76055;
0.00197353;
2.1587;
0.976237;
0.976105;
2.89113;
0.975049;
-0.229302;
-0.000767496;
2.01059;
0.10969;
0.973936;
0.730733;
-0.228884;
0.109638;
0.97331;
0.730216;
0.109612;
0.972789;
-0.228773;
1.7513;
1.01219;
-0.228495;
0.109526;
3.24227;
1.76408;
0.970033;
0.969914;
0.000351626;
1.37478;
1.11172;
0.968082;
1.50113;
0.795464;
0.967378;
1.96972;
1.72721;
0.00136386;
-0.226285;
0.108771;
0.966166;
2.54078;
0.00124919;
1.01313;
0.108606;
0.542406;
0.830553;
1.73421;
3.55773;
0.0010996;
1.94622;
4.01409;
0.108078;
0.960762;
0.00121975;
0.00119889;
0.960365;
0.960233;
1.69617;
0.959177;
0.959045;
1.48602;
1.95086;
0.958176;
0.107741;
0.957916;
1.14921;
1.78222;
0.957292;
0.767927;
2.07114;
0.000872646;
0.107527;
0.955008;
1.19096;
0.954292;
-0.222058;
0.379508;
1.713;
-0.221806;
1.71223;
1.77286;
0.000705873;
1.93819;
0.952147;
-0.22156;
0.951882;
1.47354;
0.000454028;
0.000430228;
0.951113;
0.950995;
0.950862;
3.70591;
1.46882;
4.02945;
0.94727;
0.947138;
0.865287;
-0.219647;
-0.219633;
4.8212;
0.943196;
0.943064;
0.990039;
1.55836;
0.000109821;
8.22636e-05;
0.106703;
0.941891;
2.61625;
1.72214;
0.940902;
1.74833;
0.106495;
0.987297;
1.19289;
-0.000184773;
0.939552;
0.93942;
1.31029;
2.38503;
0.937959;
1.6814;
0.106321;
0.937449;
-0.000424164;
0.10628;
0.937053;
-0.217007;
0.936789;
1.6639;
-0.000566998;
1.67812;
1.6776;
0.935678;
-0.216672;
-0.000708062;
2.40212;
1.13165;
0.934026;
3.93623;
3.06536;
2.35275;
-0.214712;
0.105932;
0.929622;
-0.214671;
1.53536;
0.105854;
-0.000974127;
0.928723;
-0.00102497;
0.378448;
2.29364;
2.78685;
0.513563;
0.257293;
0.926146;
0.105658;
0.925882;
-0.213723;
4.21642;
2.24205;
-0.00123769;
0.922706;
-0.00128539;
-0.00131973;
-0.212656;
1.87502;
1.87425;
1.48661;
1.70794;
-0.21205;
1.70715;
0.105418;
0.105405;
0.653455;
0.919493;
0.919361;
-0.211794;
0.105284;
2.16349;
0.748599;
0.105268;
-0.211429;
0.783007;
0.912802;
0.917068;
-0.211324;
0.916808;
3.5111;
-0.210886;
1.6365;
0.915231;
0.745583;
0.914847;
0.77998;
1.10167;
1.63405;
0.104903;
1.40265;
1.85622;
0.104809;
0.912777;
0.912645;
-0.00244951;
-0.210044;
-0.21003;
-0.210017;
1.6903;
0.911747;
-0.00264545;
0.4786;
0.910991;
0.910859;
1.62698;
-0.209645;
-0.0027955;
0.910209;
1.63741;
1.31476;
-0.00284491;
-0.00286507;
2.54069;
1.68251;
0.104318;
-0.00297496;
-0.208841;
-0.208828;
1.68098;
1.69754;
1.29058;
-0.208354;
-0.20834;
1.91664;
2.50456;
0.104174;
0.904332;
0.904199;
1.09004;
0.903815;
0.734302;
0.903432;
0.683941;
2.64759;
-0.00360095;
0.902309;
0.902177;
1.67019;
2.41712;
0.946707;
4.09769;
-0.00382909;
0.763537;
-0.00391177;
0.103902;
0.0138118;
0.578847;
0.898005;
1.60122;
1.40267;
4.9598;
0.895765;
0.895641;
1.52151;
-0.205792;
6.21807;
0.89175;
-0.204938;
1.67669;
1.07619;
0.890857;
0.936115;
0.890477;
2.46077;
0.627601;
3.91004;
2.376;
1.58099;
1.66842;
0.887177;
0.103387;
1.63902;
0.912932;
-0.203447;
1.07059;
0.103343;
1.57668;
1.06987;
4.68563;
0.883237;
0.883105;
0.882973;
1.06707;
0.103131;
-0.00488562;
1.84018;
0.103167;
0.881142;
-0.00507288;
1.62658;
0.10311;
0.712346;
0.880248;
0.103051;
1.34781;
0.10301;
0.879467;
-0.00533373;
-0.201843;
4.51546;
0.877172;
-0.201084;
1.55916;
-0.00531376;
0.904844;
0.876144;
1.55735;
1.61597;
0.92042;
1.6149;
1.6423;
0.874569;
0.874437;
4.51432;
-0.199993;
1.89375;
2.30791;
0.87083;
0.70305;
-0.199554;
0.102502;
0.915011;
2.81849;
0.868846;
0.102326;
2.56286;
0.867509;
-0.00610745;
-0.00613078;
0.0195143;
0.561888;
1.04908;
0.856055;
1.75685;
0.865454;
0.697767;
-0.198142;
0.727654;
0.101989;
1.14278;
0.201524;
0.863576;
0.0200072;
-0.00657509;
-0.197676;
-0.00664992;
0.862791;
1.94935;
2.36803;
-0.197138;
1.58559;
0.860682;
0.86055;
0.860418;
1.33543;
-0.196907;
-0.00696336;
0.101702;
0.859523;
0.859391;
0.101661;
1.55984;
0.858614;
3.86565;
1.53487;
0.854865;
0.898955;
-0.0072819;
0.854346;
1.00659;
1.57074;
0.853457;
0.101387;
1.51153;
-0.00748099;
1.56895;
1.56843;
0.852315;
0.852183;
2.34531;
3.17878;
1.31835;
0.850344;
0.850212;
1.56333;
0.449784;
0.411566;
-0.00774197;
-0.194086;
1.41629;
0.200744;
2.2525;
0.804842;
1.49878;
0.679768;
0.679551;
0.846145;
2.16721;
-0.192961;
0.84515;
0.845018;
0.995908;
0.349731;
0.705999;
0.100887;
0.887498;
0.843378;
-0.00815571;
0.843114;
1.28281;
2.1478;
0.842116;
0.841984;
1.54643;
0.841589;
0.841457;
0.841325;
0.100704;
0.884767;
0.840804;
1.02118;
-0.00851176;
1.27789;
0.441242;
-0.191954;
0.440899;
0.839251;
3.04947;
0.838375;
-0.00880773;
0.838111;
1.01827;
-0.191595;
0.837596;
1.72146;
0.1004;
2.09817;
-0.191164;
-0.00900086;
-0.191132;
-0.191119;
1.97088;
-0.0091364;
0.668017;
0.834432;
2.42094;
0.833824;
-0.190645;
0.83356;
0.833428;
1.00299;
-0.00942667;
1.82399;
-0.190199;
0.100032;
1.14446;
0.0236792;
-0.00957487;
0.830407;
-0.189892;
0.830143;
-0.189865;
-0.189852;
-0.189839;
1.25877;
0.0998652;
0.829101;
0.828969;
0.828838;
-0.189688;
0.828573;
0.813897;
0.828178;
0.998405;
0.688509;
1.51692;
0.687975;
0.826913;
0.826781;
-0.18932;
1.27386;
2.75037;
-0.0103184;
0.824636;
1.2714;
1.96245;
1.00228;
0.634678;
3.84249;
0.821771;
0.821639;
1.34576;
0.424993;
1.50351;
0.099313;
0.0992994;
0.820358;
1.29115;
1.44379;
1.45032;
2.57533;
0.0992106;
0.544776;
0.817379;
0.0991445;
2.13899;
2.20795;
-0.01106;
-0.0110804;
1.49263;
0.0990828;
0.815203;
0.815072;
0.814939;
1.4344;
2.21113;
2.23108;
0.85615;
0.0989372;
0.831925;
0.812886;
2.20559;
1.33281;
-0.185925;
3.59096;
0.852424;
0.987629;
0.851922;
0.809187;
0.809056;
0.0988393;
0.643913;
2.57463;
0.098764;
0.807148;
-0.0120519;
-0.0120697;
-0.184876;
-0.184863;
0.806498;
1.41751;
0.806103;
-0.0122629;
0.805839;
1.4724;
0.805467;
0.805337;
-0.184672;
0.491696;
0.804466;
0.804335;
0.804203;
1.46903;
-0.184377;
-0.184363;
-0.18435;
0.0983604;
1.77428;
0.784517;
0.802047;
-0.183976;
-0.183963;
1.64478;
0.801162;
0.80103;
1.01585;
0.635836;
0.799363;
1.01132;
0.79821;
0.798078;
1.01829;
0.915071;
0.79705;
1.30183;
2.09348;
1.36794;
0.871396;
-0.182565;
0.79502;
1.04585;
2.84814;
0.970309;
0.793277;
0.793145;
0.793014;
0.196973;
1.21105;
1.6033;
1.49824;
0.0980303;
0.791086;
1.97634;
0.79045;
-0.0138107;
0.790185;
0.966542;
0.789807;
0.77056;
0.789436;
0.789305;
0.789174;
0.623276;
-0.181305;
0.788648;
1.02834;
1.38073;
4.20034;
0.766566;
2.14657;
2.14544;
-0.0142294;
0.784997;
0.784866;
0.784734;
2.37354;
0.783493;
0.783361;
-0.014446;
0.196138;
-0.179899;
0.641292;
0.0973847;
0.782317;
0.0973575;
-0.0146806;
2.39484;
0.780792;
1.18881;
0.614808;
0.0971903;
-0.0148902;
-0.179297;
0.946781;
1.57601;
0.0971828;
0.613196;
1.36162;
0.778247;
-0.178989;
3.03056;
1.9893;
-0.178234;
1.32373;
0.774584;
-0.178139;
0.774336;
0.24199;
1.40718;
0.773693;
0.773563;
0.773431;
-0.177957;
1.31983;
0.813845;
1.40426;
1.31786;
1.3478;
0.0968856;
0.771222;
0.0968585;
2.10175;
0.770564;
0.770433;
0.770301;
0.306632;
2.09829;
2.68803;
0.768405;
1.22352;
-0.0161316;
0.767547;
1.39382;
1.34891;
2.00123;
0.76617;
-0.17646;
0.765909;
0.765777;
0.765645;
0.765513;
2.76205;
1.14205;
0.764134;
-0.0164878;
0.76387;
0.582515;
0.763476;
0.763344;
0.763213;
0.597924;
2.07733;
0.76243;
-0.0168085;
0.0962281;
-0.0168651;
0.761904;
1.32808;
1.15334;
0.372412;
0.0960745;
0.0960609;
0.760626;
1.37969;
-0.0170946;
0.760117;
1.15044;
0.759598;
1.80094;
0.017658;
3.00179;
0.756701;
0.756569;
2.05817;
1.31658;
0.755785;
0.755656;
-0.174516;
1.39579;
0.0958554;
-0.174426;
0.754738;
1.91994;
0.753844;
1.36578;
0.753458;
1.31115;
1.36447;
2.04733;
2.02017;
3.19725;
0.750269;
1.9499;
0.591632;
1.44592;
1.30197;
0.72409;
0.859033;
2.17288;
1.29873;
1.3785;
-0.0182739;
-0.172553;
1.35046;
-0.0183535;
0.745853;
0.0954868;
0.0954733;
0.745457;
0.785362;
1.29459;
1.50423;
0.469473;
0.743921;
1.34543;
0.499266;
1.12365;
0.193596;
0.74238;
0.742249;
2.01524;
1.36791;
-0.0188758;
0.741225;
0.741093;
0.740961;
-0.171582;
0.740698;
0.740566;
1.60634;
0.0952451;
0.0952316;
0.73915;
0.739018;
0.911316;
-0.0192795;
-0.171218;
0.73836;
0.738228;
2.12979;
-0.0194068;
0.772109;
0.492801;
-0.170789;
0.736199;
1.81948;
1.32863;
0.735319;
0.735187;
0.735055;
0.570421;
1.7077;
0.734016;
1.27215;
-0.170337;
0.09488;
1.12885;
-0.170169;
0.732588;
0.596062;
0.0948025;
0.731821;
0.731689;
0.237736;
1.3199;
-0.0201164;
0.704186;
0.730649;
0.730517;
0.0946642;
0.730254;
1.07972;
0.729748;
0.729616;
0.729484;
1.31592;
1.83966;
0.727848;
1.09059;
-0.169172;
0.727191;
0.727059;
0.726927;
0.726796;
4.40151;
-0.0206858;
-0.168723;
-0.16871;
0.823212;
1.25149;
1.25097;
0.723032;
0.7229;
1.24993;
0.277684;
1.21242;
-0.168219;
1.2281;
-0.168122;
0.0943302;
1.95142;
1.24526;
0.72017;
-0.021291;
1.29657;
0.71966;
-0.167867;
1.24319;
1.94642;
0.334707;
0.718495;
0.547858;
-0.0214911;
-0.167604;
0.717844;
0.717712;
0.0941102;
-0.0216153;
0.547001;
-0.167518;
0.0940715;
0.716791;
0.716659;
0.571725;
0.886973;
-0.0218308;
2.53667;
1.28627;
0.0940134;
0.714451;
0.80255;
1.53576;
0.713157;
0.713025;
3.14279;
0.711987;
-0.166677;
-0.0222512;
0.711592;
1.22736;
0.0938726;
1.1474;
0.710686;
1.27763;
0.710313;
1.05783;
0.0938272;
0.709658;
-0.166304;
1.91732;
0.679732;
0.814214;
0.70836;
0.708228;
2.92675;
0.707057;
0.706925;
1.42488;
-0.0228885;
1.26896;
-0.0229554;
1.87653;
-0.0230133;
1.22591;
-0.16549;
1.26557;
0.526067;
1.26425;
1.26373;
1.89957;
-0.165247;
2.50864;
0.702263;
1.26061;
0.70187;
0.0935499;
0.701606;
1.25928;
-0.164946;
1.43051;
0.700573;
1.25719;
0.70018;
-0.0236266;
0.699916;
0.878847;
-0.164582;
0.0934309;
0.868192;
-0.164518;
0.093406;
0.698357;
0.667702;
0.697969;
1.4096;
1.77279;
0.696175;
0.0932894;
3.62213;
0.0932634;
0.0932499;
1.24355;
0.69347;
0.693338;
0.693206;
1.24226;
1.80998;
0.692201;
1.58398;
0.691418;
-0.163067;
0.691155;
0.0931035;
0.09309;
0.69076;
0.690628;
2.89447;
3.45078;
1.23086;
-0.162285;
1.85096;
0.686637;
0.686505;
0.686374;
1.84863;
1.22768;
0.0930575;
-0.162079;
1.22662;
0.0930146;
0.684928;
-0.0251801;
1.96497;
0.684143;
0.684012;
-0.0253043;
0.836819;
0.09298;
-0.161822;
0.683092;
0.68296;
0.682828;
1.73991;
1.16767;
-0.0255584;
-0.0255901;
0.681662;
1.21895;
2.28173;
2.41793;
0.679725;
0.679594;
0.679462;
1.16182;
1.12252;
0.678685;
-0.161053;
0.0927624;
0.67829;
0.678159;
0.678027;
-0.160985;
0.677764;
0.677632;
0.6775;
2.87134;
0.843094;
0.675562;
0.67543;
-0.0262691;
0.675167;
1.15302;
0.295834;
0.674511;
0.0926218;
0.674247;
1.8123;
1.80446;
1.20076;
1.80682;
-0.0266588;
0.671766;
0.671635;
1.14579;
1.03318;
1.8017;
0.337329;
0.669668;
0.669537;
0.636048;
-0.159653;
0.705199;
0.668755;
0.668624;
0.668492;
-0.0271107;
-0.0271308;
0.668096;
1.19149;
2.37913;
1.13642;
1.0962;
0.975617;
-0.0273762;
0.0925132;
-0.15915;
1.35231;
0.664835;
-0.15899;
1.03656;
0.663786;
2.17329;
1.12806;
-0.158652;
0.284893;
0.0924623;
1.50373;
0.626952;
0.660937;
0.626521;
0.500134;
-0.0279842;
0.660149;
0.660017;
0.659886;
0.659754;
0.237264;
0.0923253;
0.659101;
0.808376;
-0.0282291;
0.62385;
1.17171;
-0.0283127;
1.11744;
0.657525;
0.657393;
0.657261;
1.05014;
0.485229;
0.656343;
2.29393;
2.86078;
-0.0287091;
0.0923257;
0.654011;
0.653879;
1.75115;
0.653354;
0.23861;
1.16067;
1.76199;
0.65179;
1.04013;
-0.0290778;
-0.156913;
1.57486;
0.650486;
0.650354;
1.63863;
0.614304;
1.15414;
-0.156617;
0.649042;
0.648911;
0.648779;
0.648648;
-0.156583;
0.648384;
1.73465;
-0.156496;
-0.029564;
0.0921588;
1.5961;
0.646975;
2.24837;
0.646058;
0.645926;
0.645794;
0.645663;
-0.156118;
0.714284;
0.861887;
1.51326;
1.14243;
2.25562;
0.948207;
0.466824;
0.64098;
0.640849;
0.0920747;
1.08157;
0.0920636;
-0.0302454;
0.640059;
-0.0302869;
0.0920097;
1.13461;
0.639402;
-0.0303821;
1.07856;
0.638876;
0.638744;
0.638612;
0.638481;
1.65119;
1.13043;
0.0919324;
0.637169;
0.637037;
1.35638;
0.636005;
-0.154666;
0.635742;
0.0918989;
1.44474;
0.634832;
-0.154487;
2.77874;
2.19847;
0.0920003;
1.12001;
1.00399;
1.14547;
1.11792;
-0.0312654;
0.630901;
0.630769;
2.10715;
-0.153556;
0.628961;
0.628829;
0.091928;
-0.031493;
1.67512;
1.11142;
1.05487;
1.05433;
1.10985;
1.10932;
0.626728;
0.626596;
0.626464;
2.11742;
0.62555;
0.625419;
-0.153044;
0.625155;
0.625024;
0.624892;
0.3375;
0.624367;
4.94206;
0.62202;
1.61468;
0.621365;
0.621233;
0.621101;
-0.152382;
-0.0323475;
-0.152373;
0.620574;
0.620443;
1.65654;
1.64916;
0.46392;
0.619131;
0.619;
0.0918613;
-0.0326123;
0.618605;
1.09234;
0.618211;
-0.152054;
0.617948;
0.648933;
0.609269;
1.08973;
0.616909;
0.616777;
2.13935;
1.23584;
0.615336;
0.615204;
1.63501;
-0.151569;
0.180755;
-0.0331294;
1.2323;
0.61363;
1.08244;
0.822498;
1.4893;
0.61194;
1.02185;
1.22722;
0.611154;
0.0917613;
1.01996;
-0.0335241;
0.610496;
0.610365;
1.51517;
0.609723;
0.609592;
0.60946;
-0.150835;
1.01647;
1.51888;
1.07152;
0.607773;
0.607641;
-0.15053;
0.979434;
0.606858;
0.636604;
0.606464;
0.606333;
0.606201;
0.606069;
0.091487;
0.605806;
0.605674;
0.0914469;
-0.0341809;
0.605279;
0.234859;
3.14963;
1.00493;
1.70929;
0.602824;
1.60118;
0.602168;
0.602037;
0.601905;
1.38733;
0.600988;
-0.0345919;
0.600724;
0.600593;
0.600461;
0.600329;
0.600198;
-0.0347179;
2.14108;
-0.149409;
0.953215;
0.598627;
0.598496;
0.951819;
0.597971;
0.0913207;
0.597707;
0.597575;
0.228124;
0.597181;
-0.149147;
-0.149134;
-0.14912;
0.596655;
0.596523;
0.554958;
1.6901;
1.04648;
-0.1489;
0.595083;
-0.148873;
-0.035362;
-0.148846;
1.43737;
-0.148728;
0.593769;
0.593637;
0.593506;
0.984042;
0.593112;
0.715121;
0.592327;
0.592196;
0.592064;
0.0911255;
1.03917;
0.980289;
-0.148391;
0.591145;
0.979215;
0.59075;
0.935343;
1.90655;
2.01264;
0.0910745;
0.588149;
0.588017;
-0.147875;
0.587754;
-0.147848;
1.82774;
2.09153;
0.0909978;
0.227695;
0.184898;
0.584888;
0.584757;
0.584625;
0.584493;
0.584362;
-0.147315;
0.541221;
0.583836;
0.21616;
-0.147233;
-0.14722;
0.0908441;
0.583047;
0.582915;
0.582783;
0.962094;
0.582389;
0.582257;
0.582126;
-0.147085;
0.581862;
-0.147059;
1.53453;
1.01804;
0.58095;
0.580819;
0.580687;
0.580555;
0.580424;
0.580292;
-0.146852;
0.956731;
0.579766;
0.0905608;
0.579503;
0.579372;
0.57924;
0.579108;
1.01359;
1.52587;
0.578328;
0.429043;
-0.146559;
0.090435;
1.52273;
0.577278;
0.577146;
0.577014;
0.210107;
0.57662;
0.952379;
0.575834;
1.39166;
1.00602;
0.574916;
0.574784;
0.574653;
0.574521;
0.574389;
0.574258;
-0.146083;
2.87044;
0.572825;
1.3671;
0.572039;
-0.0380666;
0.0903659;
1.02363;
0.09037;
0.571119;
0.174337;
-0.0382286;
0.0903473;
0.525537;
0.570068;
0.569937;
0.569805;
0.569673;
0.569542;
0.56941;
0.569278;
0.569147;
0.934216;
0.202984;
1.49517;
1.38478;
-0.038613;
1.36807;
0.566918;
0.566787;
0.566655;
0.566524;
0.566392;
0.56626;
-0.145029;
0.565997;
0.0901422;
0.565733;
0.565602;
0.986674;
0.199859;
0.564946;
0.199513;
1.48336;
0.564164;
-0.0390822;
0.563901;
1.48099;
0.922689;
-0.0391943;
0.698599;
-0.144559;
0.980667;
-0.14451;
0.920006;
-0.0393676;
0.561668;
0.773823;
0.561143;
0.561012;
-0.0394888;
0.0899559;
1.47153;
1.47035;
0.513655;
0.869415;
0.0899614;
0.559044;
0.392514;
0.76323;
0.193787;
0.941078;
0.712969;
0.40923;
0.0899229;
0.556815;
-0.0399859;
0.556551;
0.55642;
0.0898559;
0.0898425;
1.2651;
1.45539;
0.522799;
0.0899242;
0.554192;
-0.0402933;
0.575846;
0.553666;
0.902581;
0.553272;
0.506159;
0.0898466;
0.900971;
0.900435;
0.283708;
0.573378;
1.66204;
0.550782;
-0.142991;
0.313141;
-0.142918;
-0.142905;
0.774803;
0.549357;
0.0897122;
0.954034;
0.548831;
0.5487;
0.548568;
0.548436;
0.0896474;
1.27791;
-0.142591;
0.742419;
0.0896528;
-0.14252;
0.949591;
-0.0411744;
0.546469;
0.546337;
0.566868;
0.545943;
0.545812;
0.886517;
0.401694;
0.946191;
0.544893;
0.544761;
1.42353;
0.544236;
0.544104;
1.32232;
0.543186;
0.543054;
0.542923;
0.542791;
0.542659;
-0.142006;
-0.141993;
0.879541;
0.542002;
0.93964;
0.541608;
0.541476;
0.541344;
0.938311;
0.937781;
0.540689;
0.540557;
0.540426;
0.540294;
0.089218;
0.540031;
0.539899;
0.935387;
0.0891795;
-0.141659;
0.934325;
0.538979;
-0.0422321;
0.625611;
0.538323;
-0.0423137;
0.870952;
0.0891034;
0.537665;
1.07243;
0.930075;
1.40027;
1.79605;
0.0890804;
1.39637;
0.535185;
-0.0426438;
0.534921;
0.925309;
0.534527;
0.924512;
0.534133;
1.09643;
0.533086;
0.532955;
0.532823;
0.83697;
0.532168;
0.532036;
0.531905;
0.531773;
0.531641;
0.940711;
0.046364;
0.530724;
0.530593;
-0.140503;
0.53033;
0.530198;
-0.0432665;
0.381142;
-0.0433178;
-0.0433382;
0.853268;
0.529154;
0.710229;
0.528629;
0.851398;
0.0888441;
0.528104;
-0.140203;
0.386885;
0.527578;
0.849252;
0.527184;
0.527052;
0.526921;
1.59809;
-0.139954;
0.525872;
0.52574;
1.31322;
-0.0438698;
-0.0438908;
-0.139806;
0.904874;
0.524428;
0.524296;
-0.0440022;
0.0886253;
0.738406;
0.523246;
1.81583;
-0.139467;
0.471193;
0.521936;
0.837725;
0.521543;
0.521411;
-0.0443496;
0.521148;
0.521016;
0.520885;
0.89691;
0.520491;
0.697654;
0.894528;
0.519316;
1.03388;
0.518799;
0.831302;
-0.138925;
0.830498;
0.518011;
0.0884838;
0.686185;
0.088488;
0.517224;
0.665579;
0.516568;
0.0884519;
0.516305;
-0.0449615;
0.516042;
0.51591;
0.886835;
-0.13859;
0.786429;
0.0883913;
-0.0451347;
0.907188;
0.514335;
0.088333;
0.514072;
0.0883063;
0.513809;
0.513678;
0.513546;
-0.13834;
0.513283;
0.346418;
1.1747;
0.512365;
0.0882012;
0.088188;
0.51197;
0.511839;
0.817084;
-0.0456024;
-0.0456225;
1.31323;
0.510657;
0.0881405;
0.814402;
0.620503;
-0.0458351;
0.509345;
0.509213;
0.509082;
-0.0459171;
0.508818;
0.0880686;
0.872287;
-0.0460086;
0.766573;
-0.137601;
-0.0461209;
0.507114;
0.506982;
0.868859;
0.506588;
0.506456;
1.74395;
0.50554;
0.505408;
0.505277;
0.505145;
-0.0464058;
-0.0464261;
0.50475;
1.39718;
0.504095;
-0.137169;
0.862791;
-0.0465891;
0.503438;
1.93023;
0.502129;
0.797247;
0.880598;
0.501212;
0.334301;
0.500818;
0.794567;
0.855939;
0.500161;
0.50003;
0.792958;
0.499636;
0.651263;
0.499111;
0.49898;
0.498848;
0.498716;
0.498585;
1.28382;
0.362022;
0.788668;
0.497536;
0.787863;
0.0877972;
0.49701;
0.496879;
0.0877573;
0.496616;
0.0877305;
0.496352;
1.16195;
0.495698;
0.495566;
0.495434;
0.495303;
-0.136023;
0.49504;
-0.0476769;
0.494776;
0.494645;
0.781958;
0.494251;
0.506289;
0.493857;
0.493725;
0.493593;
0.493462;
0.0875361;
0.493199;
0.779006;
-0.0479732;
0.492673;
0.492542;
0.49241;
0.492279;
0.492147;
0.839042;
0.491753;
0.491621;
0.831755;
0.490967;
0.836669;
0.323635;
0.49031;
0.355384;
-0.0483508;
1.25748;
0.489392;
0.48926;
0.489128;
1.25508;
0.488604;
-0.0485334;
0.499515;
1.25229;
0.76801;
-0.135079;
0.48729;
0.766936;
0.486896;
0.486765;
0.486633;
0.486501;
0.0872199;
1.2467;
0.485845;
0.485714;
0.485582;
0.48545;
0.351273;
0.485056;
0.0871426;
0.484793;
0.484661;
0.48453;
1.64408;
0.130753;
0.483221;
-0.134581;
0.482958;
0.482826;
0.618999;
-0.0493289;
0.48217;
0.0870708;
0.481906;
0.481772;
0.481638;
-0.134421;
0.481369;
-0.134395;
0.481101;
0.480967;
0.480833;
0.480699;
0.480565;
-0.134334;
0.480297;
0.346914;
0.752185;
1.22672;
0.479236;
0.479103;
0.478972;
0.478842;
0.478711;
0.62659;
0.478061;
-0.0497708;
0.4778;
1.40968;
0.0865907;
1.21796;
-0.133727;
0.707681;
0.47559;
0.47546;
0.805535;
0.475069;
0.474939;
0.474808;
1.2116;
0.822834;
-0.0500664;
-0.133316;
0.914682;
0.472862;
0.472731;
0.472601;
0.799733;
0.736372;
0.735833;
0.47169;
0.797887;
0.471299;
0.471169;
0.471039;
0.733674;
0.79604;
0.814559;
0.469998;
0.469868;
0.469737;
0.469607;
0.0861138;
0.469346;
0.469215;
1.1945;
0.468695;
0.0860223;
0.468434;
0.468304;
1.19171;
0.0859681;
0.467653;
0.467523;
0.467392;
0.467262;
0.788913;
0.466871;
0.466741;
0.0858291;
0.46648;
0.46635;
0.466219;
0.993674;
0.465439;
0.465309;
0.721797;
0.464918;
-0.0508646;
-0.131965;
-0.131948;
0.464397;
1.17977;
-0.131846;
-0.131829;
1.08651;
0.462966;
0.462836;
-0.0510565;
0.462575;
1.1742;
1.05537;
0.461535;
-0.0511528;
0.713705;
0.461014;
0.460884;
-0.0512158;
0.65703;
0.460233;
-0.0512696;
0.459972;
0.710736;
-0.13119;
0.459451;
0.459321;
0.459191;
0.45906;
0.0852337;
0.458799;
0.458669;
-0.131074;
1.05112;
0.457888;
0.593603;
0.108757;
-0.130781;
1.1567;
1.04504;
1.2416;
0.455293;
0.46146;
0.454903;
0.454772;
0.454642;
0.454512;
1.46118;
0.698064;
0.453471;
0.453341;
0.76069;
-0.0518368;
0.45282;
0.452689;
0.452559;
0.452428;
-0.130054;
0.694822;
-0.129995;
0.451777;
0.451646;
1.1408;
-0.129875;
0.450996;
0.0846312;
0.450735;
0.635585;
0.450215;
1.33354;
0.449305;
0.555207;
0.751719;
-0.0522135;
0.448394;
0.0844665;
0.686458;
0.0844394;
0.447743;
0.447612;
0.447482;
0.748814;
0.447091;
0.446961;
-0.0523835;
0.4467;
0.683217;
1.35951;
-0.0524694;
0.4454;
0.44527;
0.445139;
0.445009;
0.444879;
0.743538;
0.444488;
0.444358;
0.0841109;
0.444097;
0.443967;
1.06928;
0.675934;
0.442797;
0.442666;
0.442536;
0.442405;
0.442275;
1.11215;
0.441755;
0.441624;
0.441494;
0.736677;
0.671885;
-0.0528953;
0.440713;
0.440582;
1.59771;
0.083803;
0.439293;
0.0837658;
0.535955;
0.438646;
0.438516;
0.310715;
1.07998;
0.437606;
0.437476;
0.437345;
0.437215;
0.0836139;
-0.127656;
0.727446;
0.43657;
0.0835326;
-0.0532202;
0.436182;
-0.0532415;
0.435925;
-0.053264;
0.435667;
0.852897;
0.43515;
0.435023;
0.658971;
-0.053344;
0.434502;
1.82758;
0.433347;
-0.0534022;
0.433086;
1.08412;
0.0831772;
0.432444;
-0.126803;
0.65333;
0.431926;
0.431796;
0.431666;
0.431535;
0.431408;
0.431278;
0.278372;
0.650636;
0.430627;
1.29452;
0.678291;
0.647156;
-0.0536621;
0.646347;
1.07074;
0.709669;
0.0828277;
0.427803;
0.427672;
-0.0537431;
0.427414;
0.427284;
0.0827096;
0.642585;
-0.0538128;
0.70648;
0.426376;
-0.125708;
-0.125691;
-0.125674;
0.425855;
0.425725;
0.425594;
0.425464;
0.425333;
0.425206;
0.70329;
0.424816;
-0.125487;
0.424555;
0.424425;
0.424295;
0.0823492;
0.424034;
0.423903;
0.700631;
0.423516;
0.423389;
-0.0541537;
0.713475;
0.422748;
0.0821724;
-0.0541996;
0.422357;
0.422226;
0.422096;
0.696912;
0.696376;
-0.124966;
0.421318;
0.421188;
0.421058;
0.420927;
0.077992;
0.420537;
0.420407;
0.420277;
-0.124786;
-0.124769;
0.419886;
0.419756;
1.04346;
0.419241;
-0.124619;
0.41898;
0.690461;
0.418593;
0.624798;
0.702821;
-0.124376;
0.417695;
0.417565;
0.417435;
0.417304;
0.417174;
0.686698;
0.416787;
0.416656;
0.685622;
-0.124129;
0.416138;
-0.124095;
1.32808;
0.415242;
0.0812974;
0.414981;
0.414853;
-0.0548181;
0.0727043;
0.414336;
0.414206;
0.414075;
0.413945;
0.67998;
1.02494;
0.081015;
0.413043;
0.412913;
0.69102;
-0.123457;
0.412263;
-0.123413;
-0.123387;
0.411879;
0.41175;
0.552588;
1.54487;
0.410331;
0.410201;
0.410071;
0.40994;
0.606787;
0.606251;
-0.122906;
0.409163;
0.409032;
0.408904;
0.408774;
0.794411;
0.603554;
0.407996;
0.667622;
-0.122638;
-0.122622;
-0.122605;
-0.0553913;
1.26425;
0.406445;
0.406315;
0.406184;
0.406057;
0.405927;
0.4058;
0.0803198;
0.405539;
0.080281;
0.405282;
0.405155;
0.405025;
0.404894;
0.404764;
0.281184;
0.404374;
0.404244;
0.404113;
0.403983;
0.0800519;
0.594129;
0.0800141;
0.0799956;
0.403201;
0.40307;
0.40294;
0.402813;
1.08033;
0.401904;
0.401773;
-0.0558672;
0.401512;
-0.12167;
-0.121653;
0.401121;
0.400991;
0.588196;
0.652564;
0.400348;
-0.0559901;
0.228824;
0.399832;
0.982677;
0.399315;
0.399188;
0.839935;
-0.0560876;
0.398411;
0.398281;
0.398151;
0.39802;
0.39789;
0.39776;
0.397629;
0.397499;
0.397368;
0.397238;
0.397108;
0.396977;
0.079264;
-0.12092;
0.869184;
0.0791598;
-0.120753;
0.395823;
0.395692;
0.395562;
0.395432;
0.395301;
-0.120652;
0.395041;
0.39491;
0.39478;
0.394649;
0.394519;
-0.0564803;
0.394262;
0.394135;
0.965299;
1.09535;
0.327059;
0.392592;
0.392465;
0.392334;
0.889298;
0.391563;
0.817257;
0.390917;
0.390787;
0.390657;
0.390526;
0.390396;
0.829356;
0.881804;
0.389233;
-0.0567949;
-0.119542;
0.388842;
0.949146;
0.388325;
0.388195;
0.388064;
0.387934;
0.946387;
0.387423;
0.0494868;
0.387036;
0.386909;
-0.0569728;
0.386648;
0.386518;
-0.0570169;
-0.0570315;
-0.119078;
0.385996;
0.385866;
0.616027;
0.38509;
0.384959;
0.384829;
-0.057162;
-0.0571766;
0.0780205;
0.384311;
-0.118773;
0.0779566;
0.383921;
0.38379;
0.38366;
0.38353;
0.383399;
0.383269;
0.383139;
0.383008;
0.382878;
0.429941;
0.862204;
-0.118357;
0.381454;
0.0777349;
0.381193;
0.925828;
0.380676;
-0.118195;
-0.0575282;
0.380287;
0.380156;
0.0775949;
0.379896;
0.379769;
0.0775295;
0.379508;
0.379378;
0.0774745;
0.379117;
-0.0576771;
-0.0576916;
0.258447;
0.0773914;
0.917522;
0.377953;
0.377823;
0.377692;
0.377562;
0.604454;
-0.0578264;
0.377041;
0.376911;
0.376781;
0.37665;
0.37652;
0.37639;
0.376259;
0.376129;
0.910396;
0.375612;
0.375482;
0.41392;
-0.117338;
-0.11732;
0.963983;
0.374065;
0.373935;
-0.0580887;
0.271193;
0.373154;
-0.117021;
0.372894;
0.372763;
-0.0582002;
0.594243;
0.502889;
0.371986;
0.371855;
0.371725;
0.371595;
0.371464;
0.371334;
0.371204;
0.371073;
0.370943;
0.590746;
0.370553;
0.370423;
0.0765367;
0.370162;
0.405898;
0.369645;
1.0778;
0.887485;
0.368095;
0.367965;
-0.0585697;
0.584304;
0.367447;
0.51846;
0.367056;
0.366925;
0.366795;
0.0319554;
0.366411;
0.366281;
0.0762722;
0.701709;
0.365634;
0.205412;
1.1163;
0.727004;
0.3637;
0.510664;
0.912526;
0.794952;
0.0280912;
1.31217;
0.360865;
0.360734;
-0.0590096;
0.360477;
0.360347;
1.06191;
0.359184;
0.359054;
0.358923;
0.565783;
0.500189;
0.358276;
0.358146;
0.487124;
0.357758;
0.357628;
0.357498;
0.357367;
0.357237;
0.357109;
0.356979;
0.356849;
-0.0593218;
0.570417;
0.356204;
0.34718;
0.355558;
-0.0594037;
0.355298;
0.558258;
-0.0594543;
0.35478;
0.0753516;
0.354519;
0.354389;
0.556374;
0.353998;
0.353868;
0.353738;
0.353607;
0.55476;
0.35322;
0.35309;
0.35296;
0.518563;
-0.0596925;
0.35218;
0.486714;
0.35179;
0.35166;
0.35153;
0.370893;
0.351013;
-0.113317;
0.350752;
0.350622;
0.0749333;
0.350364;
0.350234;
0.350107;
0.349976;
0.349846;
0.349716;
0.349585;
0.349455;
0.0747584;
0.349194;
0.349064;
0.348937;
0.348807;
0.348676;
0.544542;
0.348292;
0.348162;
0.348031;
0.347901;
0.347771;
0.34764;
0.34751;
0.34738;
0.34725;
0.347119;
0.0744297;
0.346859;
0.346728;
0.346598;
0.0743554;
0.297116;
0.345695;
0.345567;
0.359575;
0.34505;
0.34492;
0.34479;
0.344659;
0.344529;
0.344402;
0.344271;
0.543423;
0.343758;
0.343628;
0.343497;
0.541741;
0.342981;
0.342851;
0.678652;
0.807342;
0.468484;
0.125676;
0.3413;
0.166412;
0.340913;
0.463288;
1.27155;
0.0737124;
0.339374;
0.339243;
0.524933;
0.459268;
0.338596;
0.795929;
0.338084;
0.337954;
0.522247;
0.456583;
0.337307;
0.455773;
0.336916;
0.073457;
0.336656;
0.336525;
0.336395;
0.336265;
0.336134;
0.336004;
0.518215;
0.335617;
0.33549;
0.33536;
-0.0610921;
0.335099;
0.334969;
0.334839;
0.334708;
0.334578;
0.334448;
0.334317;
0.334187;
0.334057;
0.333926;
0.333796;
-0.110548;
0.333535;
0.333405;
0.333275;
0.333144;
0.333014;
0.332884;
0.332753;
0.332626;
0.332496;
0.51095;
-0.110321;
0.331979;
-0.0614521;
-0.110271;
-0.061481;
0.331458;
0.331327;
0.773772;
0.330809;
0.330678;
0.330548;
0.330418;
0.330287;
-0.110055;
0.330027;
-0.0616571;
0.440392;
0.329507;
0.329376;
0.329246;
0.329119;
0.328989;
0.328859;
0.328728;
0.328598;
0.328468;
0.328338;
0.328211;
0.32808;
0.327953;
-0.109714;
0.327696;
0.321613;
0.327176;
0.327046;
0.326916;
0.326789;
0.326662;
0.433661;
-0.0619938;
-0.109449;
0.326011;
0.32588;
0.325754;
0.496965;
0.325367;
0.430968;
0.32498;
-0.109234;
0.324722;
0.324593;
0.145269;
0.324076;
0.493472;
0.323689;
0.323559;
0.323429;
0.323298;
0.323168;
0.323038;
0.49132;
0.0715755;
0.490513;
0.322263;
0.322132;
0.322002;
0.321872;
0.321742;
0.321611;
0.744139;
0.321095;
0.320967;
0.320837;
0.320707;
0.320576;
0.320447;
0.320316;
0.902242;
0.319544;
0.484035;
-0.0626044;
0.319027;
0.482951;
0.31864;
0.318509;
0.318382;
0.441374;
0.415898;
0.317732;
0.317604;
0.317477;
0.31735;
0.0710032;
0.31709;
0.31696;
0.316831;
0.413209;
0.316442;
0.316311;
0.316181;
0.316051;
0.315924;
0.315797;
0.315667;
0.31554;
0.315409;
0.315279;
0.475082;
0.314888;
0.314758;
0.314627;
0.676315;
0.407551;
0.31372;
0.673394;
-0.107351;
-0.0631353;
0.312817;
0.46993;
0.469388;
0.146013;
0.311913;
0.633007;
0.311266;
0.311136;
0.801154;
0.309724;
0.0702001;
0.309463;
0.309333;
0.309203;
-0.0634192;
0.308942;
0.308812;
0.466744;
0.308292;
0.308166;
0.284138;
0.307646;
-0.106425;
0.307385;
0.760303;
-0.106312;
0.306607;
0.306477;
0.0698287;
0.306217;
0.306086;
0.305956;
-0.106194;
0.305696;
0.305567;
0.305437;
0.305307;
0.459152;
0.38844;
0.30453;
0.0696123;
0.304269;
0.304142;
0.304012;
0.303882;
0.0695109;
0.303621;
0.303491;
0.303361;
0.303231;
0.3031;
0.384663;
0.30271;
0.30258;
0.383583;
0.447964;
0.301935;
0.301805;
0.301675;
0.547364;
0.301031;
0.3009;
-0.105444;
0.30064;
0.30051;
0.300379;
0.300249;
0.378736;
0.378196;
0.299598;
0.442267;
0.299211;
0.299081;
0.0689088;
0.298824;
0.243985;
0.298048;
0.297917;
0.297787;
0.297657;
0.297526;
0.297396;
0.0687298;
0.669896;
0.296755;
0.416484;
0.296374;
0.296244;
0.296113;
0.370127;
0.295723;
0.295593;
0.295463;
0.295332;
0.295202;
0.295072;
0.294942;
0.294811;
0.294684;
0.294554;
0.366893;
0.366357;
0.293916;
0.0682009;
0.293656;
0.293525;
0.293398;
0.293267;
0.293141;
-0.0649101;
-0.104212;
0.29275;
0.292619;
0.427617;
0.292231;
0.292102;
-0.0650115;
-0.104061;
0.425989;
0.652555;
0.291063;
0.424364;
0.290679;
0.290548;
0.290418;
0.290288;
0.290158;
0.290027;
0.289897;
0.289767;
0.289637;
0.289506;
0.289376;
0.289246;
0.289116;
0.355579;
0.28873;
0.288599;
0.288472;
0.288342;
0.6427;
0.287822;
0.0673654;
-0.065451;
0.287431;
0.0673097;
0.287171;
0.287044;
0.351274;
0.286657;
0.286527;
0.2864;
0.286269;
0.286142;
0.286011;
0.285882;
0.285751;
0.067059;
0.285491;
0.285361;
0.28523;
0.285103;
-0.065704;
0.746479;
0.284071;
0.283941;
0.283811;
0.28368;
0.28355;
0.628121;
0.283031;
0.41067;
0.282514;
0.282384;
0.282254;
0.282127;
0.405645;
0.281737;
0.281607;
0.339963;
0.28122;
0.281089;
-0.102407;
0.280835;
0.0473771;
0.367141;
0.279931;
0.279801;
0.279671;
0.616312;
0.279154;
0.279023;
0.278893;
-0.0662413;
0.278633;
0.278502;
0.278376;
0.278245;
-0.101971;
0.277985;
0.277855;
0.277724;
0.277597;
-0.101879;
0.277337;
0.277207;
0.27708;
0.276949;
0.276823;
0.276692;
0.276565;
0.32947;
0.276176;
-0.101652;
0.275922;
0.275794;
0.275664;
0.330519;
0.275144;
0.275017;
0.274887;
0.601735;
0.27437;
0.274243;
0.274112;
0.273982;
0.273852;
0.273725;
0.273595;
0.273467;
0.597408;
0.272951;
0.27282;
0.27269;
0.27256;
0.27243;
0.2723;
0.272169;
0.220693;
0.271653;
0.271522;
0.271392;
0.271265;
0.271135;
0.318167;
0.270749;
0.270618;
0.270488;
0.270358;
0.0650095;
0.270098;
0.269967;
0.269837;
0.269707;
0.269577;
0.269446;
0.314658;
0.269056;
0.268925;
0.268795;
0.268665;
0.268535;
0.268404;
0.268274;
0.268144;
0.0647047;
0.267887;
0.375797;
0.267496;
-0.0673607;
0.267236;
0.267105;
0.578075;
0.266585;
0.0645207;
0.266326;
0.266196;
0.266069;
0.371997;
0.265679;
0.265549;
0.265419;
0.265291;
-0.0675797;
0.265031;
-0.0676091;
0.26477;
0.570982;
0.304141;
0.263995;
0.263865;
0.263735;
0.263604;
0.0641352;
0.263344;
0.0640982;
0.263083;
0.262953;
0.262823;
0.565065;
0.262306;
0.262175;
0.262045;
0.261915;
0.261785;
0.261655;
0.261525;
0.261395;
0.261264;
0.261134;
0.154408;
0.260744;
0.260616;
0.260485;
0.260355;
0.260225;
0.260095;
0.259964;
0.259834;
0.259704;
0.555593;
0.554411;
0.463465;
0.258275;
0.086846;
0.290924;
0.257631;
0.257504;
0.257374;
0.257247;
0.257116;
0.25699;
0.0632558;
0.777057;
0.28635;
-0.0986888;
0.2553;
0.255169;
-0.0986398;
0.254912;
0.254782;
0.254652;
0.254524;
0.254394;
0.254264;
0.254133;
0.254003;
0.253873;
0.253746;
0.537471;
0.253231;
0.253101;
0.252971;
0.252841;
0.252711;
-0.0688266;
0.25245;
0.25232;
0.25219;
0.25206;
0.251929;
0.400075;
0.251282;
0.251152;
0.251023;
0.250893;
0.250762;
0.275838;
-0.0690646;
0.250241;
-0.097942;
0.0623544;
0.274217;
0.24959;
0.24946;
0.273137;
0.062254;
0.248935;
-0.0692425;
0.522456;
0.248263;
0.248128;
0.295588;
0.29451;
0.246916;
-0.0975417;
0.246648;
0.331573;
0.246243;
0.514873;
0.245703;
0.245568;
0.512876;
-0.0696012;
0.244892;
-0.0973457;
0.244621;
0.244486;
0.244351;
0.244216;
0.24408;
0.326419;
0.243677;
0.243542;
0.243406;
0.243271;
0.243136;
0.243002;
0.242867;
0.242732;
0.242596;
0.259386;
0.242193;
0.578454;
0.241384;
0.241249;
0.241113;
0.240978;
0.240843;
0.240708;
0.240572;
-0.0700992;
0.240302;
0.240166;
0.240031;
0.496492;
0.23949;
0.239358;
0.252913;
0.238952;
0.0608587;
0.238686;
0.23855;
0.238415;
0.23828;
0.314752;
0.237875;
0.31394;
0.23747;
0.237337;
0.0606249;
0.237067;
0.236932;
0.236796;
0.486912;
0.236259;
0.236123;
0.235988;
0.235853;
0.391201;
0.0603382;
0.235046;
0.23491;
0.234775;
0.234643;
0.234508;
0.234373;
0.234237;
0.522359;
0.233565;
-0.0708306;
0.233301;
0.233165;
0.23303;
0.329436;
-0.0709338;
0.232228;
0.232093;
0.231958;
0.231822;
0.30173;
0.231417;
0.231281;
0.231146;
0.231011;
-0.0710935;
0.230743;
0.230607;
0.230472;
0.230337;
0.230202;
0.23007;
0.229934;
-0.0712116;
0.229664;
0.297387;
0.229261;
0.229126;
0.228991;
-0.0957897;
0.231925;
0.231393;
0.228189;
0.228054;
0.183945;
0.227242;
0.227107;
0.0589857;
0.226837;
0.226701;
0.0589182;
-0.0715747;
0.226296;
0.226164;
0.226029;
0.225894;
0.225761;
0.0430683;
0.493072;
0.224547;
0.224412;
0.224277;
0.224142;
0.22401;
0.22231;
0.223609;
-0.0952303;
0.284908;
0.223072;
0.222937;
-0.0719451;
-0.0951506;
0.222531;
0.222399;
0.222264;
0.222128;
0.221993;
-0.0720472;
0.221723;
0.221587;
0.221452;
0.217231;
0.221046;
0.220914;
0.220779;
-0.0949566;
0.220509;
0.220373;
0.220238;
0.220103;
-0.0948886;
0.219836;
0.219701;
0.219569;
0.219433;
0.219298;
0.219163;
0.219028;
0.218892;
0.218757;
0.218622;
0.218486;
0.218351;
0.218216;
0.218081;
0.217946;
0.217811;
0.217675;
0.21754;
0.217408;
0.217272;
0.217137;
0.217002;
0.208408;
0.216597;
0.216462;
0.216327;
0.0572185;
0.270253;
0.215786;
0.215651;
0.215516;
0.215381;
-0.0944614;
0.285827;
-0.0943527;
0.214032;
0.213896;
0.213761;
0.213626;
0.213491;
-0.0734619;
0.21295;
0.212818;
0.212683;
0.212548;
0.212413;
0.212277;
0.212144;
0.212009;
-0.0941372;
0.211739;
0.211603;
0.211471;
0.211336;
0.211202;
0.211067;
-0.073251;
0.210799;
0.210664;
0.210529;
0.210394;
0.195306;
0.209991;
0.209856;
0.209721;
0.0561533;
0.209451;
-0.0734248;
0.20918;
0.209045;
0.20891;
0.208776;
0.0247777;
0.191563;
0.254256;
0.207833;
0.253449;
0.189693;
0.207157;
0.207022;
0.206886;
0.206753;
0.206621;
0.206489;
0.206354;
0.206219;
0.206083;
0.205948;
0.205814;
0.249413;
0.205412;
0.205276;
0.205141;
0.205009;
0.204874;
0.184354;
0.204468;
0.204336;
0.204201;
0.204066;
0.203933;
0.310293;
0.203527;
0.203392;
0.203257;
0.203122;
0.202987;
0.202852;
0.202716;
0.180077;
0.202312;
0.202177;
0.202041;
0.201906;
0.201771;
0.201636;
0.2015;
0.201368;
0.201233;
0.201098;
0.200963;
0.200827;
0.200692;
0.200557;
0.200422;
0.200287;
0.200151;
0.200016;
0.199881;
0.199746;
0.199611;
0.199475;
0.19934;
0.199205;
0.199073;
0.198938;
0.198803;
0.198667;
0.198532;
0.198397;
-0.0746218;
0.19813;
0.197995;
0.38701;
0.197184;
0.197049;
0.196914;
0.196779;
0.196644;
0.196508;
-0.0926651;
0.196238;
0.402665;
0.166168;
0.195292;
0.195157;
0.195022;
0.19489;
0.194755;
0.19462;
0.227082;
0.347137;
0.193139;
